11.195330742999994
10.894705681999989
12.390269445999984
11.537401536999997
11.416661289999986
11.547169268999989
10.933600026999988
11.698282888999989
10.094144712863985
7.547602932699995
10.869348030000001
8.181569312999976
4.355590791299977
5.5831713881999745
8.07940703430382
11.553083903999987
12.663375583999992
11.71216798899999
12.911057731999986
13.239224204999987
13.645595505999996
14.216045826999988
10.577277858999985
8.575099002101256
6.429001022303817
11.37214203499999
11.091121685999987
12.257757322999991
10.284134437999986
9.038037145999994
11.199292188999985
11.95161037099999
12.620702093999991
10.784260297999985
9.831720838931988
12.442200379999985
12.382106432999985
13.210916860999989
12.473915110999986
13.164388416999985
9.639855406135984
11.102963715999987
12.580301618999984
12.67961348399999
12.626954505999988
12.722125434999986
14.421015201999992
13.26958641499999
12.748930977999985
11.847358190999993
13.199975377999987
9.587284381067992
10.447064492999987
13.91016100799999
13.65515534499999
13.26345254499999
9.812329704203986
9.412232905727983
11.818922558999994
13.535732320999983
14.222132163999992
13.36767327699999
14.536427120999987
12.62640279099999
12.725825985999986
11.939333295999983
9.535056428493597
12.951306803999985
10.642259589999988
11.021266515999985
10.904463292999989
11.976641271999988
13.337573968999992
11.77770584399999
9.092490629594872
11.141565808519983
9.556338832061588
8.375257780519982
11.03901585999999
12.254632561999987
12.521912919839998
10.704659372999979
11.387861591999988
10.567667638999987
11.181880207999987
8.524516207898706
5.599610603303799
6.525745873999956
10.782253747717096
10.49467392099999
10.724841395999993
10.477027341999987
10.471536580999986
11.743750673999994
11.02529529899999
8.840781364405109
7.377452569594866
6.490437170405103
8.709484646594868
7.530866863999983
6.289049630696112
8.579045043931972
8.606976466405111
10.401801432999989
12.874815000999991
8.922499323999979
9.16826605992926
9.04387516020254
11.002829332999994
10.065769217999994
10.17120865014141
8.666147633405114
7.62749964599998
7.915216654999989
11.056871383999992
10.204568981929265
10.496532908999985
10.29466064099999
8.748178086898712
7.780027711506396
11.63080713499999
10.577510438999989
8.998207145696147
8.946241934202547
5.949270585599985
7.188554833999981
7.274486587499996
6.500604853799996
8.738239918493589
5.0263330794999845
4.902330073499986
9.571169239863988
3.4276309615999816
2.6246141051999925
2.0874989364999963
2.6787344329999914
3.2430556182999806
7.05668795169614
6.577813703898699
10.68537031999998
6.613983781399994
7.618882681303818
10.555134108999987
3.9321764220999946
4.600764666699996
5.806325698899995
7.004963323999997
6.048608789099999
7.633134405493577
4.373811032099992
1.300380217300811
2.082344979899988
3.858559471099984
4.4040531264999885
6.8896977599999945
5.166172212199986
4.653460391199983
4.2826169509999845
3.3228926757999866
1.8002645766999856
4.1862058257999895
1.6065926894999925
2.245317829899997
2.601136289999989
3.2635969527999884
2.318585336299972
1.9569082671999887
0.8094993101067954
1.304183401199986
0.9608607111931966
1.9606134032999858
3.15617169949997
6.708863252303802
8.31586403199998
6.389951261898695
5.03798699039999
3.468835855099989
1.4676866501000005
1.971957267799999
1.2918069839000015
0.9633168633353534
2.5256120376999913
3.541002500899995
4.765380291699988
6.593758796696144
8.381549595594867
2.618675659199994
3.373635996999972
6.5938124343999895
8.491275701898708
1.4119625915999965
5.0302452437999845
2.6478755065999873
2.272262182599988
1.4185125884999947
1.2633748092999983
1.4120971160999989
1.8554459060999944
2.9403653731999877
3.504232128899997
3.4731822356999964
5.438998295599993
5.0214944915999915
4.480242465199971
7.855905332898701
7.91180071110127
1.8294257247999959
5.3535001251012435
6.3603545760999864
7.526034370399988
6.813757690405102
8.253762625067973
5.648282740799993
4.924774841299997
6.565463186599994
1.6352704238999958
1.4246602111999886
1.453589073199994
3.1668782134999893
6.374260530101267
4.39049988099999
3.784576632699987
4.562853965799989
4.534120794699993
6.600228918499996
3.2854713271999847
8.452384405493584
3.331907540899981
1.917077233899987
1.098154633806792
4.6105984435999785
5.760202970899993
3.613661839299988
4.146588915999987
4.469284577899996
4.307448698400001
6.514497376999983
7.012006462101265
5.263967959599991
1.787574529999996
3.3933900268999864
8.289727374303817
5.962690356405092
5.16602932279998
2.299137222299986
3.056078495799966
4.55687062839998
7.099251309202536
3.5055702437999874
1.772568095399992
3.7400713881999885
5.718024211101259
9.151360671999992
3.644748675499986
7.335304951506386
8.861442085203983
9.712722140646385
9.996457951272
9.457097668506396
8.989505796863986
10.71348950799999
10.338093463070692
5.477246041898698
9.377357675141424
12.275241800999995
8.166475611898708
8.182712663303832
9.743957751353586
1.8260492782999866
1.0854660495005433
3.973099061599982
10.826330831999988
7.599049919101263
6.0763972672025375
6.9636608626961385
1.6196900237999836
2.679712599199992
2.836113026399994
2.1482599318999873
1.2070739738353498
2.4827667708999828
9.446437080271988
10.993760056999992
10.671556416347185
11.14619555799999
9.180088061499987
9.889932083101282
9.576055602999986
10.143092266863997
7.553999455303824
7.961128294405097
11.643745673999993
11.350460943999988
11.044938628999988
9.454524436999986
10.17711503300639
12.616207520993589
12.236481218999993
11.434055855999986
10.227735216991837
8.684899171405107
10.104924420141414
9.605157260067987
9.203240571601265
10.545619387486386
10.32013087899999
10.23951792248639
11.33574190683999
11.65274173399999
10.196337600787825
10.229927137999988
7.014115133699988
7.74727505340511
9.056465908797431
12.412648739999991
13.547014430353592
12.247908098999991
9.081349609271987
8.551126322898703
8.738942353797437
11.843766936999991
13.156636873999997
11.924506547999986
12.697737084999982
11.461860972999991
8.245791534405111
10.422832597282856
10.552157244999988
10.086383785999988
10.09310395373439
11.565260708652788
13.738851336999995
10.49829266199999
8.976556521594867
7.938560737599991
9.88025927420399
12.324261677999989
8.671593881135976
9.519386296103976
12.97108950199999
11.685353399999988
10.978636683999989
12.71831793099999
11.679069317999993
10.575659107999991
11.124297374999992
12.201760275
12.776911944999986
13.042133872999988
11.651869263999993
10.31546436499999
7.949637226898706
7.700853601101258
8.187601809696135
5.305401312303806
9.744219845594873
11.097259392999984
11.211781099999987
12.386389896999985
12.68915018799999
12.914949080999985
12.14346426399999
9.384602992135981
12.621378090999988
13.428014460999991
12.167686985839989
11.801808451999985
13.945325347999992
13.015346618999992
12.440262061999992
12.988116314999987
12.76552734499999
12.397780967999985
12.78514766199999
13.38904202899999
10.478937054282856
9.298326915006383
8.856439187594864
5.3811062606961295
5.462850642405076
9.646525550863984
11.950746589999989
12.426152662999987
8.325040599101255
10.496232131999985
8.28450253299998
9.15920015406797
12.07870618899999
12.661787337999991
8.111550633135977
11.926072667999987
12.132340677999988
13.817627668999995
11.837160759999993
12.565305523999989
12.287302942999991
12.070250004999991
13.03632725083999
13.06596929599999
8.241189221202552
9.763858702067989
9.536216720727985
10.89038072099999
11.014014602999989
11.03207623399999
12.375106128999994
11.640303986999989
12.135298586999994
11.898452162347189
11.364136825999987
12.42596414499999
12.16085359599999
12.293881751999992
12.400144668999987
12.712823192999986
12.055436512999993
12.384163077000004
11.156703905
11.143539802999996
11.416922339999992
8.227895022594865
10.173315103067994
11.583637031999986
12.499919404999988
11.160588871999984
12.122226035999994
13.558661524999996
13.310538756999991
13.142118564999992
12.22076776299999
12.260739766999993
10.971486732000002
10.588742121999983
13.131279859999998
13.83659582399999
13.773563277999989
13.76714494499999
12.464852700999986
14.608346438999991
14.198857537999984
11.70845329699999
10.923709777999996
10.996493390999987
10.213103785787823
6.411432377594865
8.042079080202539
11.363100934999984
10.900862365999984
12.46205449199999
11.98443745099999
11.359149427999986
11.218472075999992
9.89688283828287
7.391801840202545
8.61587477110397
11.431145176999982
12.155875254652788
8.461598060594875
7.124806672699991
7.692790643303819
8.875241717659978
9.795358317717092
10.526742998999987
10.455811616646388
9.139739430202546
9.345356806931983
10.624263958999984
10.78911260399999
10.499735502999991
5.725987831099991
2.442409522999991
8.932955630506385
10.62258986499999
6.400381176797423
4.638872343399988
1.5956052978999993
1.6952130233999962
2.877688076799989
6.196107347101254
9.384487043863984
10.852785024999989
9.542503463795988
9.080802703898714
9.357159620795978
4.094022805799989
3.3906334502999886
5.011735270699981
4.800110131799982
5.467922151202538
4.647212687699981
2.2291779647999816
2.570936119099997
3.2888393447999724
4.267184001199989
4.620964839199985
3.206353002899973
3.4314077056999763
5.9850883040999925
10.021138571141424
1.3442025222999956
2.4045313994999966
2.0788780852999995
1.631017875699996
3.933196354696115
1.354255088221205
2.6447328917999777
5.026933076506373
1.3592847410135915
2.16896796569998
3.484726835599988
6.185541674799991
5.66120979159485
8.162870724506387
10.118039591999976
6.0425134887974075
2.607452386499993
1.8333345855999967
1.6160398833999963
0.8070425388203957
3.4095374389999744
6.798645843493576
4.834794825699979
1.327506771899996
1.3108645888999937
3.7607437957999745
10.196464569070706
1.8121916121999975
2.8361963256999876
3.0480034514999867
4.216864108299992
5.096707751499992
7.064056353797421
6.982277111797427
6.273478744499991
6.333006352202543
7.311687457303823
7.240406648303817
9.004197489898708
7.922618122898692
8.201779457101257
8.619414033659975
6.789483828699984
4.840870490999971
1.6558355864999887
2.9603695479999916
2.0033088256999974
3.0199028045999956
6.190446229599989
8.065833021493585
6.849084506202544
9.296938500999985
1.1788396560999985
1.0791862756787807
3.1523989699999806
1.4754361815999917
1.2553667190999973
2.2867157836999867
3.9742231170999993
5.098314706399986
5.368599224899984
2.8499138625999842
2.8370289168999823
4.450986753799987
6.081962325999988
7.2300505263999915
6.311072262599988
7.992803099101261
4.734667784099994
3.543887562599995
2.2881078734999947
3.325772395299993
3.922577743499996
3.6408106368999924
2.8953826964999854
2.9811159606999937
3.725133384699987
3.1354856444999912
2.5098391570999956
4.966595768699986
9.385360523999983
6.252624755899985
4.090131072999971
2.8470523177999914
2.0952052199999973
3.7891940429999886
1.5765325374010815
3.3088541350999843
0.8099430817733105
1.1851698632141332
2.249061312899986
3.1532574630999797
7.074244100999977
3.835658775299981
1.4298043563999945
1.173933417120395
1.3850844085999934
1.0419887517929234
3.5853890792999894
1.5733299056999948
1.7615459655999997
3.2779617690999956
2.755718484499983
9.995357028141429
6.304111215199987
5.791952969405101
3.0016606154999894
5.525234207202536
10.376732735999989
7.004140887499991
3.5316254973999808
4.587991070594851
7.936520552101264
2.8813384520999934
2.5267512832999843
4.578749497999979
3.074713108799982
1.2417074859999961
6.102190516696137
10.525653808999984
10.681661152999984
4.383026705899976
5.713621769696139
5.247194480899985
5.020736030599987
3.324152548199986
3.0237009948999938
2.720837704499994
2.5445383025999915
4.0834085265999995
1.358654948399996
1.953828955099986
4.666930509899988
4.167925323499988
4.636088160699991
5.618793859899986
7.187708026101266
6.707511723299992
7.718361318999991
8.424577506999986
5.843574838299994
8.441289694202542
11.049383324999987
2.6446765273999944
1.4065016211646268
5.349146212799988
7.741136277797429
10.599505619999984
8.243824432405107
8.827270150863981
7.927096301303821
9.904834930271997
10.471452301000001
9.527996408067986
7.613391085799993
9.925112873858541
8.54471577150639
8.299028080696152
5.4956176146999836
5.370171014399988
4.1860834716999715
5.831536958303817
5.049713008101241
10.881411525
11.42398338899999
10.478437401999983
7.328667616303817
9.387069256727987
10.231414820929261
12.207410241999996
11.29778822799999
10.579523597999989
11.679616430839989
12.22771079899999
11.455359491999987
12.295637281999992
11.938383214999988
12.034980160999988
8.95872637940511
9.414676597727981
10.688623156999999
10.704899253999994
9.711641894659993
12.241734305999994
13.208576960999993
7.008138056898703
7.71950270689597
11.396559678999989
11.992704966999984
12.25912214999999
12.537895373999998
11.933385615999997
13.467211768999997
13.508644256999991
12.928899518999987
11.653482761999989
12.08973976899999
13.318816178999993
12.310465339999983
12.794916485999984
12.598355205999988
10.797437951999992
9.67912118992926
7.828010563696146
8.761452172931978
12.112143360999983
12.624690777999986
8.61434838272797
7.297034257493577
11.76042229899998
13.690049917999987
12.859570159999986
10.89219810499999
14.233900379999994
13.459166703999992
12.407370138999992
11.259733521999982
10.14928406514143
9.3820689347171
8.68928372040511
10.993341741999988
10.341074067999982
6.797126988202546
9.346669625931982
10.021612356717107
10.852530890999983
8.82817084199998
8.303181402594863
8.885576202405101
11.364972565999988
8.591762055999979
8.611294981405104
9.550173976101277
9.665325468271975
9.173329815795984
8.913110215797435
8.349049752797434
9.63336829686399
11.227717816
11.536069224999986
10.416153516999985
12.842378048999988
12.597069568999986
10.004544992070706
9.271299519203984
10.595054738999991
12.469482932999991
12.008891614999994
12.537037760999988
11.648698668999995
11.742389086999985
12.560894063999983
15.316663347999995
14.205224618999992
15.292668107999988
14.484446702999989
15.252574402999988
14.45550692099999
13.231723165999995
13.878303600999988
13.688267019999989
14.236760410999986
15.028468529999992
14.575012295999993
13.91026236399999
12.927525275999987
12.999250222999986
14.190155224999986
13.561280253999993
12.103786739999986
12.007534524999988
10.991711776999988
14.091274671999997
14.645586298999993
12.670077486999979
8.945128051797422
12.145975676999987
14.17080621199999
12.691180523999991
13.248177001999986
13.719343134999988
13.214468090999985
13.356793171999989
11.733971958999982
9.554738217135984
10.844764745999978
7.756055404696148
12.104558690999982
13.550177681999976
10.61312965228286
10.998246174999972
11.368446131999992
11.361854024999982
11.973465963999995
11.100521728999988
12.151285598999987
11.776082494999988
12.40082251999999
11.573892592999993
11.520954528999999
11.845568579
12.920043621999993
13.983708062999986
13.996068278999992
12.990533243999986
12.196662020999982
10.37947325299999
12.300040098999995
11.774543099999983
14.43282144199999
13.982770751999993
11.402592714999992
11.372710550999988
11.863663180999987
11.786159907999986
10.852710358999989
12.110084018999986
10.679203246999997
11.81140002599999
11.786034665999981
13.660976236999987
12.633665458999989
10.176116591999989
9.21993240510128
9.816113244727989
9.427023106282862
5.778660118099986
8.203169700594863
7.781177670303819
8.11947560579741
9.06869115749359
10.249678725999985
7.985877293405103
9.743994352795982
10.157430779999988
8.292667790202543
9.856868368659988
8.063348669405105
7.945708703594852
8.625863870202547
7.095542785594867
7.240174121101273
6.186001524405098
5.405567858899988
8.366520057687973
5.319338352999987
3.1773520171999876
4.352674021899987
4.525038159199994
4.608313963299996
7.811051431299998
6.979100398299994
8.735294012506388
7.804602603101268
6.952580335999987
4.04397288669998
4.391660382099988
4.15238296809999
4.09156973269999
5.547534390299997
8.222671600303823
9.193370120202545
4.240275436399981
7.488620222506375
6.58197965699999
1.9048427642999861
3.631997363299974
4.312588119493564
4.499967895493567
6.080784515405104
7.2842576614051096
6.970663243101265
2.026664424099996
1.80117023009998
6.3579541518986895
8.137618716405116
7.853134057594875
5.313656846599981
2.63457966159999
1.9369524123999937
1.7447921142999963
3.138814599599981
6.911520977797408
10.064963818282857
9.440731153931988
1.7584451766999845
2.25491471709999
3.4042103393999774
4.304422439599986
3.171772410599986
5.322393894999967
4.338644988999974
3.401502235399983
2.2950338347999852
5.27134771419998
3.148818666099994
2.506716143799988
2.218910571299988
2.9471070250999905
3.9726709670999747
4.521943714899984
4.604965893599995
2.017361531100001
2.345844863899999
1.6021865157999966
2.9066889571999868
2.341422489899997
4.5980956588999735
7.737797360202546
4.4857041671999776
8.266806457493578
7.293691024797423
7.541780477899993
8.199070510898707
6.86611212919999
4.985561894199995
3.9726565780999925
8.155045844999991
2.7590231185999903
1.9049975112999937
2.6983838988999933
4.164579130599997
6.189110221899998
3.7235598632999967
5.542929353299986
3.570087167399979
2.9984289290999917
0.8833826247135973
1.401997752399995
2.183467028799994
1.7360394469999916
2.9026123259999888
2.771056848099991
4.247576176499986
6.064105715899986
4.462943142699995
3.6594174788999916
6.060686918599989
5.099152938799992
4.6854735503999985
3.7540245316000065
2.599459712200002
3.1227324950999913
7.725842362999992
3.1033197661999834
7.855493267797424
4.599813333099992
2.7000922347999907
3.0973420989999947
4.396117643699989
5.055684126299982
3.3475776977999856
2.680312033099982
3.665370350599983
4.8236496047999875
6.495190995799995
8.500046105999989
8.354658451797428
6.303340841699985
3.9326250014999795
8.542080699202545
10.104223835863992
8.5756644714051
3.3409825179999864
4.284371362299984
7.59242769620254
8.277718655405105
10.439566804646384
6.781155607594862
3.7766258391999785
3.0771505568999733
4.263557559199988
7.657517025797424
8.853994360405105
9.46126240540511
10.09179790635359
9.768054789787822
9.244591973898707
8.068543571506376
8.55773527369615
6.418761747699987
1.0107458575141366
0.9866171450727984
5.850810436999978
4.56317866819999
1.6889586425999932
6.445257615699986
10.59925069899999
10.483561345999988
9.267901649339986
10.883601288999992
9.552898623696159
9.867590270999994
7.557278628493582
8.587828063999996
7.710698438999988
6.672193701202545
5.156334150699989
2.253924903899988
4.87952831419998
6.297401426699993
7.92915699769614
6.440636636399983
9.786605805999988
11.414803744999988
4.123077221699971
1.9500662246999836
5.314388590999991
6.309735621599988
10.120085269141429
2.911775527999991
4.09253759459999
8.10524400179743
10.733219503999983
8.36778990630382
4.399405923499976
6.743640087898688
7.200088069199985
10.342117450999984
10.503966718999987
10.571799442999986
10.746010415999994
7.864445338405095
9.910919778282862
7.460811576797415
9.236117507931974
7.017314944506374
10.319573170353586
7.230680676303826
3.986598591599975
6.057738856493575
8.97024726272798
6.971754792797408
10.38959966892926
6.12548948969614
4.864223080399985
6.125098886099987
6.487998860202542
5.639895471199987
9.320056520067986
8.658790766898708
2.8094361587999694
5.279039645398691
5.072365127594858
8.406676696797422
6.075865570101263
7.225005393999986
10.00276357414143
11.047910790999987
9.358540771339985
10.643677605999994
10.454598494999992
9.845036697271993
10.755073812999992
11.843573089999992
12.153390920999993
11.540486039999989
12.004417017000007
11.81247552899999
7.236489303594868
8.089952574202542
11.389844059999989
12.52115927999999
12.363055935999993
11.022169103999993
12.837334195999993
13.453922249999993
12.514758997999987
7.732737020898693
7.50152671199998
10.04916426093197
10.19049222699999
12.070228248999992
11.269239158999994
11.629927527006386
9.63993604586398
5.189103665199977
11.099387479999981
12.21067886999999
12.700329813999991
12.378584824999994
12.684676731999986
13.805762156999991
13.969730015999989
12.597007233999998
13.185461162999989
13.569428341999991
12.799912787999991
12.868482044999993
11.001300286999994
9.746597203067992
8.595251979101262
12.598695557999989
11.561138619999985
3.8616902022999793
7.264804458583968
11.257063776999983
12.060822407999982
13.444856438999993
11.33437794599999
14.617564283999993
13.225625609999987
14.282106560999983
12.069864249999984
13.355955662999985
13.41515899799999
13.166783936999991
12.255573098999992
12.091534836999987
13.323291773999994
13.115137729999988
12.671923513999989
12.168736429999981
10.468655762999987
11.12336846799999
11.139151754999988
10.517588135999986
12.093376029999986
12.001132535999988
9.31121507413598
7.808366171303821
11.815527306999988
12.739396686999992
12.366225873999989
12.36204523899999
12.592181160999989
13.340751967999992
12.992040380999985
4.680384425399981
3.9786986068999743
9.013364388999983
10.208888410929267
11.243300434999988
11.679158086999987
11.816057526999987
12.502280726999988
13.723918416999993
12.745827231999986
12.762089457999986
13.45373019099999
14.121583166999995
12.134968334999984
10.626291971999974
10.154816334646373
8.124116401696142
8.144992668202542
6.961909660303824
9.374937974646384
11.992185704000002
11.429112807999989
12.225235271999987
12.453296433999993
13.22410369299999
14.095447486999996
13.852098931999992
13.80700863299999
13.973542107999991
13.369988709999987
14.453136092999989
13.571566648999989
13.401557511999993
13.56531424899999
12.268991909999984
11.816077410999986
11.698163550999988
10.99213310199999
11.556543682999989
13.75614981799999
13.92324360499999
12.30465954599999
12.481529098999992
12.692623551999988
13.693521618999991
12.621366468999987
12.439055727999989
13.356637508999995
12.383675907999988
12.406110482999987
13.365707786999991
12.556064364999985
13.73327840699999
12.77747386899999
12.843554699999997
12.569358744999992
11.630850257999985
11.607541562999987
11.937154998999985
11.286555909999985
11.351994855999981
12.542613018999988
13.036569797999988
12.12645797699999
11.793760984999986
6.611996472196143
10.527090203999974
6.013784452797416
8.355208923303824
6.011739781199984
6.239114459202524
8.614649723797422
6.3987374907974255
6.703465127594862
6.772658097799994
8.474015936303823
6.763079598999982
5.216578619399983
5.0604902175999795
5.767761430399982
6.0126454329999826
8.896575898795978
8.138896919303823
7.330658593797426
9.526444467202555
10.410904186999993
11.156907854999988
8.551408215303823
2.207539115899988
4.160619604499977
5.367813267493576
5.771639158599986
5.23765882419998
4.607648374899993
4.23279823149999
5.234067088303816
5.576502670299987
6.251141676303823
2.9889549132999984
3.6222175948999884
1.731573641999984
2.2844983153999783
4.368173174999989
2.6051203628999846
6.749777931199989
3.6659891662999984
3.542737550399977
8.221712289405106
9.88063330693199
2.5121096419999867
5.496732754493578
4.515753669699984
4.204783268699982
4.299109800699973
2.785373387099999
0.7960002579700005
2.45133398129999
3.4856154723999695
3.793141735797406
5.2642110640999835
2.701325486800001
2.5333174758999983
2.9608257384999965
4.315103094499989
5.2860391555948505
5.7249986587999855
4.35277764589998
6.397765631099988
7.521863575699996
6.839666740399992
4.901814416499986
6.467928709399992
8.185016706797422
9.658061975067984
1.1673618224999993
3.3315075469999784
1.6371803420999955
2.48222187649998
3.945733398399987
0.9089192848207985
2.1136132033999893
3.309213651999987
4.095978045699995
5.5301424529999865
5.066069255099987
6.993860768101253
6.896847668499991
4.744801159699985
6.394776856999977
6.662299537699993
6.477734687797418
7.669574023399993
5.946253012099994
8.826742440797428
9.424029147203994
7.401493057299989
7.446168466202548
4.194421319599994
0.9524334629999989
1.2428175399858483
3.884157261699978
3.8864126601999915
6.95232639009999
2.9937236770999927
3.1004890822999855
6.666964056405104
6.011905305499986
3.63242391199999
6.451560008202527
4.57650825199999
1.2137617583999967
0.6217740217200013
2.0408661956999725
3.3922494048999887
2.047430229199997
1.645456364399998
3.2322404678
4.984935023499993
7.437591619898701
6.906721237202543
5.467066633599992
1.9378140563999957
6.064717828399998
8.584937614405105
6.249659214799994
3.7209766967999927
6.646016622899985
8.031332664506388
5.969032969696134
2.135248988299998
3.595582192999983
2.3099312560999907
3.000895725999981
5.019435449199985
7.416422120696148
6.519447444199984
4.638839933799975
9.14504700479598
9.211997213795986
5.712046620199986
0.8105594277282827
2.1131968612999965
1.3539754622999975
2.093770713799994
3.3874956557999867
4.772126431299992
3.8398138564999966
5.96267383119999
6.201605560299984
6.607455883799991
4.989917504899994
5.8188103118999965
6.929100845299992
3.947266398599981
0.8864803566931954
5.025666281101241
4.676569700599976
5.89096379089998
5.7295931519000005
5.065079783599972
3.117840818799984
3.7714154251012313
7.960842007405101
9.574817697067987
10.23461967299456
8.143863229405103
7.979136421202553
10.96141420899999
5.256612258898693
8.312666657999987
7.303805152898698
1.181112824813594
2.3230344008999895
1.295214547699996
2.367521084599992
1.4040671489005407
1.2193370835991844
1.768615495299986
4.016978665199993
3.706969554099993
6.588524877898709
9.85563358306799
6.588114643899994
4.003997604399988
4.86244474029998
5.513803208898696
7.98527765050638
7.730999888594848
6.979629556303811
3.091332315099983
4.115015852399983
11.832537974999982
11.72498568564639
12.358825261999996
7.996707037405103
11.528526943999994
11.46822094899999
11.728285273999989
11.190841720999991
10.941046325999983
9.127611123696155
8.153354321303828
9.545007333405112
10.573653850999996
10.234588743999991
9.543680866999999
12.006765897999992
10.940060813999972
8.145740754696138
9.051845388797428
8.079606861898705
8.098993081696133
8.542703831506389
10.988121122999994
11.172181363999998
11.804897759999994
10.360239507999994
11.262366858999991
11.043664579999993
9.705433581499992
10.293054223999993
7.630224438506376
6.690881278999988
11.638188886999982
12.437826191999987
10.968098494999989
11.00748513899999
8.807814291405101
9.404829865999986
11.181585528999987
10.549732522999985
12.28903768299999
10.26759633899359
10.66440529899999
9.356481397999977
4.446945085099975
6.519164141799997
1.0418228230339943
1.703646020499972
6.163812319898693
7.418080464202539
8.866506863405109
11.392288729999986
13.321400736999992
12.96813828399999
12.518054825999991
12.726455465999983
13.521232567999991
12.637278429999995
9.239034547405113
11.745887046999991
12.59849141399999
12.62533697999999
13.20126557499999
12.94781456299999
14.434027056999991
13.302135506999992
11.293422843999993
11.75267112899999
11.316572288999987
11.81260010099999
13.28933833899999
12.706774184999988
12.341722825999993
13.032949691999983
11.888803739999984
9.226432133506385
10.121677954070703
7.639709002696146
10.495615496833592
9.70330163886399
13.186161826999989
13.498805146999995
12.717174112999988
12.879829891999991
13.191675028999997
13.150144620999992
13.210907781999994
9.134048388696153
9.3796994430707
11.361232497999987
6.957383267199993
7.028677232399996
9.609703057898713
12.333476970999996
11.694243549
11.804646163999982
12.921132364999988
11.531392560999993
10.59323260699999
10.232671961999989
9.000703295898708
8.596282711797427
7.350187638898705
8.516372795101265
9.742541363646382
9.863872518931991
9.72432051833999
12.398673421999993
13.124833329999985
13.819525783999996
12.80148116099999
13.314365970999992
12.286330999999988
12.223424906999988
11.980202916999984
13.524018996999994
13.14930923199999
12.327082555999988
13.787736167999991
15.38971143499999
13.781456743999996
9.126674418583987
6.235851826499994
10.17381242513599
9.395703593265589
11.143008275999986
11.16538058499999
11.176540521
12.274462194999987
13.30422354299999
12.570736046999993
12.97419735599999
12.428158298999989
13.290531034999992
13.38022802151359
13.03222033499999
12.592029275999991
12.434396671999991
10.707412853999983
9.973537123070708
10.872993976999982
11.913921991999985
10.054559411717108
7.826502735898709
8.972146548339985
11.754168135
11.946646578999983
12.130848455999988
9.383411544863986
11.64992660099999
11.373652794999968
8.908154574583977
9.9899051957171
9.717923364212147
12.748204662999989
12.798787911999987
12.364611408999986
12.97897431299999
12.925738968999987
12.677664875999984
12.58415709199999
12.38234307999999
9.362853712339982
7.0110537215948385
7.347349258405093
11.275058666999984
11.399160219999988
9.855875595070705
10.931416988999988
11.832368253999991
11.397029453999995
11.20997643699999
8.42624679868797
10.236240356282867
10.208755736999992
7.555395266699997
5.311236433399989
6.768812931799987
6.688592524699988
2.7321454238999943
5.0804698592999875
10.328130730999987
10.791789686999984
10.228702007013595
9.67386123972798
11.74401987899999
11.084711655999987
10.00859125985855
10.64156381999999
10.400336992999982
7.807115469405095
9.921751649339985
8.635502584797425
8.006767382797424
6.103722033696143
9.48025904527199
8.176931716898705
5.436636268599992
3.3025099669999927
6.99468433230379
9.721634753282862
9.79883867192927
8.343717182898706
7.381260066202545
4.7278841750999865
5.969046910101249
9.306310519271982
9.763452658070705
6.848944866898698
2.8198301803999866
1.7929210677999936
3.953688166799989
6.111240342696139
5.9513915114935765
4.034578634599995
6.450414479101256
4.237355081199985
2.396392781099995
2.696330461099995
4.385064105199982
4.1880480864999905
3.1740790420999905
2.1652734664999835
3.747096285999973
5.510543588303814
8.88450597079743
10.176868745282867
7.3085837707974255
1.856414401199993
1.701016694599999
2.1581938094999895
6.2456502288987
5.206574256899983
7.22118668669999
7.950708930999985
6.9718528336
6.753457195999995
8.043342974898701
8.72713444369614
8.903446990999985
4.181289074699992
3.9319267760999983
1.9418437179999948
1.5126164702999914
2.8722579802999726
2.112060403399994
3.5593642638999983
2.131902799999995
1.599763417100001
2.5665327880999955
5.3113754775948525
4.950265373199984
9.521186352659969
9.889457656931988
0.8470113276339964
1.1060660467996015
1.6893854354999933
1.9360129256999934
1.7244046889999916
2.3042047500999887
2.9282852645999924
3.848763687099994
6.379517604101261
7.08777245179999
7.671126710499997
7.325633221405104
7.877667967202551
1.5902344146999865
1.518072863799996
1.5180277129999944
3.3825125000000025
6.38023813779999
5.926457458506382
8.2603576018987
1.4820399611999928
1.7057487427000035
1.7469492827999922
0.8383480236099997
0.49089907454935666
1.3073564971999974
2.1867873504999884
4.716171195999991
5.345684199499982
6.064170318599988
6.571903416399992
6.368413047799994
7.4383878997999915
5.783680569499989
6.8931098357974285
4.040900024399989
6.572590528898707
4.061424089099994
5.825806976299989
4.439834202599992
6.610021023599993
4.687166622899987
5.177104478499988
5.661646722399994
5.363963470499994
4.142278919999974
5.358546464499978
6.062439358499986
5.327118432599993
5.721098568699996
8.62326752930383
6.599579725594864
2.0641538924999927
2.2005419875999954
2.561231368999993
2.2452404906999934
4.598899052399986
3.06344697879999
3.341276927199993
4.586219810499988
4.4021556045999795
3.5617013701999873
2.4808697478999946
2.0731942428999983
2.4360261779999908
3.5361593062999908
6.436898258999991
3.377753579699991
2.383248756399989
3.603000106799989
2.056474813799999
1.5000191146999988
4.057964590499987
5.871653655999984
3.5775313765999854
8.306111460898704
9.643680622931988
11.974889416999993
6.410700076299981
7.127662048299991
8.994968824863982
8.955719151303827
5.977922053493575
9.145837094101264
9.314824084506393
7.398959307898705
8.063029441797424
3.643915328999996
2.806438496399971
4.172131324799982
8.589343279999987
8.47622368159486
8.226658116100001
8.049533361797419
8.16183916020254
8.734228057898706
9.946850770717106
8.761002511594869
11.038167232999987
2.080453411899978
5.155330033899982
7.383225866696142
8.700501818797424
10.089521720931991
10.63660201299999
10.232632206787827
10.406514040999989
2.977250205999984
6.7701341628986995
9.652111491271992
11.602739625999991
9.422958131271985
9.869060664271988
9.171222381594868
9.374198811303831
9.974601847863994
7.974964778101268
9.296678660594873
4.6344455504999855
5.784856693999988
7.329239234899989
4.500376267999983
8.749338363594868
10.82932342199999
12.124301533999994
6.674286851499982
7.985314918493586
10.317533768999992
10.582165938999989
10.724866938839984
10.13500322579599
9.995733030999993
10.981291321999995
10.434477410999984
7.2797646697974265
3.6064136825999875
5.7383582152999875
6.739968444799989
7.307012182599994
11.121638151999994
12.308365804999994
10.651982151999992
12.446295820999994
9.973623763999989
6.1071298552999815
6.497761964405101
6.993934698499996
7.606078150898705
8.652220033303834
10.211884558067991
10.744141437999989
10.919137737999996
12.224712273999991
11.705978072999994
10.911904009999994
10.929004002159989
8.917613943339981
11.148931976513586
11.660911204999987
11.525228830999993
9.502765283141423
7.623434110999992
10.06085533293199
11.586160161999992
10.678476443519994
11.812979784999992
13.305344847159995
12.454867830999989
13.277267065519993
11.833676496839988
12.611507940999996
12.694586217999984
12.09478645899999
11.838466627999985
10.723750680999977
12.667434635652791
11.800160618999993
9.767175883353588
9.586652462858542
8.35812274320255
10.908450129999991
10.221737063717104
9.865803552141427
10.717990819999992
10.84206331799999
10.470820997999985
10.850209911999997
11.77761748999999
12.353706789999995
11.992842097
11.391957435999991
11.812790713999993
11.772727550999988
11.739006423999987
11.703453681999989
11.865100234999987
12.41490416699999
12.07984245899999
12.160669721999989
11.924323963999994
11.677843958999988
12.095429137999982
13.625634461999992
13.793747881999991
12.57435722399999
13.80198755999999
13.816913419999993
14.41055169383359
13.43733783999999
13.891412766999986
14.082246648999993
8.938628514227977
6.421199693303804
9.749362104803838
12.138598389993591
10.931128914993591
10.446850789982708
12.300946006486395
11.823468731999991
10.139776228212149
7.4380459534051075
8.755375114265581
6.1694487732025385
9.139631327797424
8.02290226750639
10.862700257646381
12.356856532519988
12.746014196999992
12.847600936999989
11.46114067700639
11.005364281999992
12.475367441999989
12.885253948999992
8.437100697303832
8.848446244797433
8.640416206405112
13.009428385999993
10.215197685141414
11.50055390799999
12.410833458999985
12.203491100999983
11.607212060999988
11.71991255499999
12.95580883799999
12.015272632999986
13.011028882999986
12.22216112999999
10.054181651203994
9.412352180339989
9.623118130339995
10.885453817999984
13.044143642999998
12.897919858999993
13.038657615999988
12.12678347799999
12.779266886999986
12.242012295999986
12.059213353999986
12.059895789999981
12.494563410999989
11.036900853999988
9.704707865931992
10.407067627999991
11.247412328000001
13.88309067199999
12.050085875999986
11.613700712999995
11.127867124999993
11.364042765999981
9.122893511999987
10.220833521999987
12.21477909199999
10.626450133999988
10.475395188999991
12.11116911499999
10.39992825499999
9.397803329339986
11.754009522999992
12.121739499999988
12.497951937999995
4.829017739899976
6.354474081405103
8.468149081415971
8.440271888696149
9.274785523999983
10.235821472141424
10.122449282864949
10.704244175999998
7.805797715799993
4.417730972299986
5.835969444303818
5.197835969493575
6.754619432099987
6.049010101299995
7.343697344999991
7.5857176849000005
11.931676554999989
10.27251076551999
7.55731939389871
7.323950546303822
10.890189403999988
6.934023005699997
7.334004788199988
4.128090969799992
4.749747756999994
4.149217805499992
6.74120223389999
11.963416853000002
9.906350089999993
2.387715988199998
1.3866683440999958
2.4534336608999996
4.829051533499979
3.049043765299984
5.498074333199977
4.666768717999977
11.06561424564639
7.616177264405105
7.5715121460063735
8.44594379269615
8.726362393202557
7.555321700999999
7.939066381797417
10.714769181999985
8.429757180797424
3.842868221999993
5.0852036223999795
8.775436920202546
9.34613079068799
10.061595086787825
1.8274332412999927
0.5069293493300002
2.0580739196999973
3.849539245599977
5.624683872999977
2.0846794494999763
2.807376264999979
1.1985754806999958
1.087312044714136
3.071032092299996
4.8269372115999944
2.1384789306999923
2.7753235930999884
2.4931506331999875
4.124199720799983
8.027796063202548
7.64173033599998
0.9141234139415997
0.6656539488800006
1.9017121062999867
0.9271494881727923
0.5043927430199997
1.8174015960999947
2.613474427799988
5.956887979101259
5.910727050799985
4.694776692199976
5.032014497399977
5.640058117696136
3.234566084299984
0.6517528382303802
0.8468194684999999
1.333743108601087
2.3334627379999775
3.148587576299979
5.072694285599978
4.0024064986999885
3.0021018035999822
1.7184097701999939
0.836304987999998
0.6952393071199996
2.8676305434999807
5.684902288799996
7.271374850506371
7.784564163202548
8.912665386999986
7.6073867248999925
6.973448556499992
3.328395205699999
3.6422242370999913
4.230534945699999
5.674657777399983
1.7513456984999987
3.2487513152999905
8.249654939303829
0.5806689657199988
1.1930052566999885
1.504872575400003
1.026418844214139
1.4128162765999985
2.818604769899995
4.053668344099995
1.437192616299992
3.8596581222999764
5.886813218699991
4.823987187199993
2.4743523986999945
6.203791827405102
2.4056828200999916
2.2248652511999807
1.6372838225999906
2.8369723952999704
2.4702449660999815
2.9557939300999854
3.147884657299992
1.594601002499994
2.873848438999998
4.461850939899994
2.7425967682000003
2.709419517499996
1.376817497299988
3.747855456499981
2.260308435099992
1.3870676162999933
1.4968397963999942
1.9702562011999947
0.4680483959199982
3.5077250777999778
1.8090758697999916
2.607208345000003
3.713228665199995
3.4779883788999904
3.4837604903999817
5.254046194499983
7.815916661101264
9.352475634863987
6.9913897399999865
5.465487350506377
7.073849105797424
1.8690782210999872
2.528479132099974
3.4884935103999895
4.11283584589999
6.02004762569999
9.632094927999983
5.822795262099983
7.357845564299988
9.296947962999987
5.782751740999992
1.3195433532999965
4.649505538899974
5.113934089699998
7.025873330699993
6.633342288202541
7.42531988530383
7.178245223999994
5.37293145899999
7.067240612799995
4.875807041899991
2.8549554915999904
5.498109837299993
5.967995138499985
9.226032372999985
10.064455618203988
7.607636280797418
8.457895065303827
8.804201390101277
10.503316727999989
8.490711767594876
8.961954783594871
9.737003684999994
7.655325193797422
9.419631269863986
10.031645152212144
8.922099021931983
3.3835379714999823
2.3666511596999764
6.299872631797421
10.65885999299999
7.821973661797413
10.071749891787825
12.176248380999992
11.157661034999986
2.215539543199988
3.7143791427999795
4.832564218099981
5.91392076569613
11.84632486099999
7.595298471101256
7.3559942855948535
7.9652604004051
6.896842719999971
4.904608560199972
2.003167498799969
4.859069544999979
3.878103413399981
2.402846386699968
8.503811982696138
4.456380381799983
3.864563433799981
6.0770391372999875
4.023251057399982
4.729931225599988
3.79665457919999
4.376193327299991
0.9451145310271954
3.2101977614999786
0.968869303313595
3.8815179091999807
3.019260514799983
8.093897581506384
11.436035958999994
8.041099432405108
7.078476617405101
7.033460862696143
6.9260827423038265
10.579234845000002
9.298764007594883
10.608354430999995
9.921229638787826
8.508669132999978
10.176993932997274
9.922622824070713
10.172477031999994
11.017805756999985
9.257596458271989
8.977780944797424
7.987946963493589
8.538330682409573
9.100133727999998
10.97834376799996
6.556185974099984
7.464157609594858
10.169279289141429
9.029891560405114
10.896031911999994
12.174320691999993
12.154204326999988
12.075066408999996
12.771729464999993
11.49814206699999
11.505647657839992
11.71971190899999
11.342309785166389
12.473396629159991
9.850543458734377
11.712925319999995
12.16851117399999
11.717573993999993
11.280042104999982
7.223111228898697
7.644802355999985
11.244823319999984
12.53546063099999
9.735275715717103
7.736283863797431
9.086984903000001
12.861878171999994
10.982535024999995
12.20735576799999
13.603931688999992
12.244985207
9.905666719067996
11.485924875999972
12.370999285999988
11.195030680999993
10.874212471353596
11.590474905519992
11.067277520839992
10.532902833999993
12.313231690833595
13.45034624483999
8.755727612303827
9.174608297629582
12.324414223999996
11.842545672999991
11.965531450999986
11.28513219483999
9.799685754271989
9.111188482696145
11.554342294
12.351490799999997
12.217657035999988
8.550902151506385
8.210045506203977
10.230125343212135
11.886965023999988
11.95982740899999
10.727698423999987
10.903318441999993
10.636945939999984
11.323394503999987
11.452510158999985
8.67920052340511
9.32014726879599
10.246889762931987
10.301283708141423
11.991449613999988
12.15036630199999
11.693767100999988
10.29170962399999
9.911786686795988
9.35036404886399
10.431196679999985
10.054307753
9.235726873863978
10.783094488999991
8.233715776101269
8.393835600303833
6.401889044199996
6.983901007099994
8.687713226303833
12.488932526999987
9.453130102493589
10.496398540999992
11.431725083999991
10.782406910999986
7.683310150101262
7.597155107101261
8.144533299303827
11.368656214646391
9.511981414803836
9.576875068795992
10.534887684999992
12.117004123999989
11.202641366999984
11.463175213999994
9.32791423799999
10.025627490141423
12.774913692999988
8.976674320999992
10.56374110599999
9.619418957659986
9.58078110199999
8.316786854594879
9.774538195797444
12.17254888299999
12.64947559499999
11.345777109999986
12.222880398999989
13.818755582993589
12.999755631999987
12.523588638159984
11.794416915999983
12.28693301099999
11.021592499999992
11.515565160999989
12.08145881499999
10.719306640999985
11.423952209347185
10.435796755999986
5.625534437599984
6.6794269211012525
9.236151983594874
10.748363027999988
8.426046046405094
7.356061556999982
8.150280924999977
6.737856474303805
6.481065290797413
8.393139688101263
9.675987058999981
10.905857967999987
10.275677210999993
10.179365949999987
10.782068406999983
9.33772690893198
9.546457472202551
7.856647607405106
7.3166634308
9.218807908594876
10.685486176999985
12.705082404999994
11.96426235699999
11.882901008646392
10.006739965858548
8.152578253202538
2.3010158187999807
3.575667260699985
7.224799131797426
7.7535460708986985
9.820470075999994
11.33610741299999
7.382429090898701
7.07544470669614
8.278457583594873
10.72670454899999
2.709930557299977
2.0704293990999867
6.473412844797427
9.813102096717103
8.684400712594861
9.205119085687983
5.177491085799985
8.308067883303831
5.452265667699988
5.117013867199979
4.622102207899983
7.571894096405096
11.051349688999991
5.07539526059998
1.3269737441999956
3.7442560149999817
1.422390800499993
3.5071330611999985
2.0251916793999962
2.6462726058999952
1.5471765700999958
1.185156275899996
1.395474780299998
2.211390344199989
1.3981071624999863
1.131810880999998
1.8003643722999974
1.8849974318999974
1.5698200377999967
0.915378128340512
1.8386263564999934
4.163227027899992
3.526573190299996
2.026332195999986
1.1986654423795935
1.0688317151999973
1.5316187774999983
1.5473923202999993
2.178260826099987
6.595867071493586
6.962554458594861
5.780060612499983
4.649346652199982
4.6158611999999835
3.245836840799982
5.09786012879999
5.102838259899997
4.25471397089998
1.6218448638999967
1.8415688735999831
3.2513573714999855
4.129372042799975
5.556452183499989
6.935011375405102
4.7903600844999845
2.0038525222999928
2.4362751525999973
5.069304952999998
3.131192106599997
2.935407316599999
1.5060951613999976
1.5487555922999932
4.534867619299991
3.9821896895999958
4.17419149629998
6.974268206797423
6.132307026699985
4.483300416599989
5.77089768979999
6.287388964799991
8.88712306520255
7.163485140999994
6.472368489099993
4.485025088499996
1.1146544872994562
3.2363381087999987
5.279329789699987
5.263916331499991
2.307607104499997
1.8769284087999982
5.428252624499988
1.1038884812271985
3.077050608799967
3.0537604445999817
1.7404310485999972
1.4961944228999975
1.0291607665999927
3.689398844899973
5.611789741499985
4.785265817303813
4.281779394499988
3.0799709990999964
8.019631805405108
5.094350520299994
5.954347511299993
7.631513052405104
8.446177908303834
2.4540743957999935
9.076066682405106
5.693493588299989
3.6984291182999947
7.810356301898698
7.873593388405104
8.212415229797427
6.607668174696147
6.321283296202543
4.30484089359998
4.856166159099986
1.656642846699994
4.10847827149999
8.51584774169615
6.717519134493584
6.793434327696146
3.790406756599979
5.0905954696999824
1.394801170299995
1.9198305144999872
3.818528091399984
4.900007365399987
5.3084096419999875
5.94119755249999
1.85065985719999
1.8546423293999852
2.1376919280999784
3.6214994674999774
3.2925410323999866
8.813502806101262
3.862567239399985
6.516318467696142
5.959582282999981
5.603471911599988
5.592295024099983
5.275519923399982
5.37043024289998
8.64561712340511
6.7652619293038185
7.600162081898701
6.7231216873038235
8.418292968797424
9.970014265282861
4.130908047499974
8.066422857696143
10.062082238858547
8.470916392493587
8.251720925898715
5.318743106099992
3.4665095946999815
4.358915798999992
7.388990234399995
9.447953114303832
10.228270919858547
6.673654136699982
3.309174674999982
4.773883590699981
2.8522149155000083
6.67718943479742
7.62084190369614
1.4674950591999933
3.5811199202999826
8.751038442999985
11.138594665999985
11.102486197999983
8.604433277931971
8.874401748696146
8.643844410696145
10.000741041717106
8.397807797202544
10.488136947999987
11.44172252534719
9.692091596999985
12.361114147999992
10.258493492067986
9.286297276203983
2.014152743499984
5.0898363646999885
7.038077090499993
3.3265496367999865
6.432377279696141
4.308872210699974
6.0327244857999975
8.358829956101262
8.94963997665998
6.483172059594855
8.022109225506371
10.783735914999987
9.46997203979743
7.224510565202543
9.797983396902396
11.795591213646388
10.726857736166389
3.270587724299986
1.7437338363999795
5.049120632899985
10.324619364999986
9.060877123999978
6.719871104399996
8.603007664499993
11.634079657006394
9.300772422863982
8.048720410202543
8.545415768399998
9.67264597313599
6.163628713999982
3.7798774764999816
7.948163293499989
8.964892752101266
8.283733837898696
2.5521542586999852
1.0604259116135946
1.6721816451999896
4.754062521399981
2.51131966709998
6.377405796797412
7.604172000101268
9.668492053141424
8.953819944797425
9.097732644696155
10.744982269347195
10.658251066999993
8.962695381202542
10.735531465513589
8.569087091094863
4.56472277219999
6.007260470599981
8.596682495101271
9.869983511282868
3.8764680953999675
2.737789677399966
4.0970447875999785
5.764630941797423
8.078532443200004
9.96156760872799
8.622397273303832
9.547802477993589
11.720082645006388
12.030071126999994
10.305652099717108
10.589233185991832
13.747615781999997
12.73518125199999
13.07070975199999
13.279747283833595
11.998127285646394
10.638809386999993
11.801790996999985
10.72960283199999
12.095313343999987
13.448674300999995
7.850102447493575
7.198465238999978
8.267889442405108
10.79080926099999
10.603708521999984
11.113362749999988
12.420840664999993
12.01402556299999
12.758860993999988
13.287998958999992
12.569307793999997
13.574777096999993
13.214510856999993
12.956892278999995
12.929036265999986
12.919612029999989
12.272182457999993
13.39197814799999
12.409081133999988
9.91602134093199
9.294813552898706
9.040925146506394
12.000463788999992
10.364633485282866
11.805892411999995
10.94683305699999
9.726986866863985
11.964677293166394
12.657996544999989
13.583657543999994
13.134456502999994
12.56384604599999
12.992318146999992
12.445696433999995
11.682999195999985
12.10332896899999
10.423082438999979
11.273429294999984
12.869250832999992
12.685717934999992
13.400553499999992
12.190708639999986
13.059274030999985
12.787296042999984
13.031974180999994
13.280687909999989
13.306379760999988
12.256070382999983
12.016290757999991
12.174256910999988
12.555458326999986
10.440216649999988
11.185578977999988
11.08354265299999
11.85256208199999
11.85413727999999
10.784027231999984
12.585003744999991
12.818457749999999
11.29864654399999
10.866177988999995
12.097975454999993
13.698386185999992
11.61177727799999
10.438885872999986
11.057804203999993
12.413676341519992
11.620038447999988
11.624446120999995
12.254787065513593
11.300912213519993
10.928465319999988
10.403164006347186
10.93969621099999
9.352922331196156
11.443174310159982
10.130909338271989
9.635048251203989
11.608953425833583
11.90025250699999
11.198191993999993
9.550568080067986
11.242364797479986
10.136626820282867
7.22473794859486
7.255575831594863
6.839444328303821
8.962708445696148
9.514915626659986
8.468280747999982
9.621671539203994
10.204800571994559
11.652619016999985
11.979216828479984
11.832513755479985
11.483908982999987
7.513873899797422
7.71795057979743
6.329545582599993
8.043736733999998
9.665733987271992
6.8081606948987
9.095598522931978
7.4541126282025365
5.790281843599984
3.4553023437999792
5.408949063099985
4.8830533980999915
6.160327825898699
5.392165541099982
5.827724786399987
6.167806063799987
7.0614788361012595
6.806938188202543
8.941799436999986
4.458168150299978
6.941938592493569
3.242084594699982
5.905720956405073
6.6166293853999845
8.23179291530383
8.48329696499999
8.82329535220255
9.482269525067986
10.381466994999988
3.9216849517999908
3.0819079452999882
3.469465811199985
5.850657420299987
5.157827435299982
5.285996632399983
4.836076284799985
1.0771456244339976
1.6674649322999957
3.5632287354
3.574998643500001
3.085102064499995
1.6365609878999932
1.6650433074999877
3.3407178542999696
4.943369418299985
6.8826220336961335
7.7403433135948605
7.977470872506382
9.771947119070704
8.88484318999999
9.147779391339986
10.150234030141423
9.693809034795983
8.330087852506377
7.092095361303824
6.270789186101259
11.506830675999996
9.55440078430383
9.328507318101272
8.02008958740511
6.582794422899989
8.883399078405109
8.807392459101266
5.811996945199989
6.955486314405099
6.556808790599991
5.910943420399989
5.382209939594861
5.915242095899982
4.8767797913
6.285346282999978
7.49676013950639
8.67543305510127
8.329255909696151
4.9317645583999905
2.6266229690999934
4.854361767599987
5.111620655799993
1.8562665511999952
4.388575227399978
7.157357643101263
5.725801507599987
3.4365278716999885
2.107600453199996
2.451449432399981
1.3337705199999916
1.0982810487795924
1.7533445769999916
2.261118954499996
2.061045639
1.8766000732
1.6412065703999985
1.5467066024999978
0.7956327339199993
0.6958582155200004
0.8798894840207977
2.7639645186999813
2.1762964507999976
7.651364012099995
3.6073163712000027
4.275617150899999
1.1782999785999995
0.9082613952600002
1.0221362922795982
1.014920783514141
2.6064395004000027
3.925676460299993
5.18912989809999
4.97930836179999
2.026626296999993
1.846766494799992
4.076003640699992
4.275930575599988
2.2430797072999877
2.1213668471999876
3.0131404525999854
2.1183367629999776
4.022949208099977
5.228750889599987
8.109374752797427
3.276545011899982
2.2588831939999983
1.8731120269999948
1.783757536299993
1.4501589766999816
0.9664655683659917
1.0790769348070692
2.3856974730999867
1.299439686599979
6.267105177303822
4.028676269499985
4.659269485499975
8.402584706101266
3.0752010314999803
2.4347878539999814
1.6884781174000005
3.890978991699986
10.123215956070712
8.73796088259486
7.0702326584051045
6.781712910506383
6.9649169509999975
6.764392382799993
9.187315007000002
5.7464914245948595
7.4345351226961425
8.224461906405105
8.365995863303825
7.536242199696143
5.029917492699989
2.024765264899984
0.8360595049931966
0.9818900931271966
1.0957118672991841
1.260171778006792
2.532945460499974
2.139940656999984
3.375061164899976
4.096355726599972
9.192204971303827
6.033545426899984
1.270817301899993
1.4967704177999916
2.126582194499991
2.1242064132999863
4.750329266405097
5.445263244594856
4.52948405149356
3.169350004599986
4.196545693999968
9.35177551420255
1.3216084609999954
3.315977857999977
1.3516471052141168
2.4607918776999704
8.14906083679742
7.665901199303832
8.100788684101277
8.57441313020255
9.058169035311991
9.229970436101267
7.466128811600007
8.671194557202556
11.26221127299999
10.925527093999989
9.316164407203978
9.7223319350707
9.086956999135982
10.985735856999984
10.529561030999995
11.789493264999997
8.766304267898713
7.9649941605063805
9.92379354099999
9.274661344898718
9.647036354101276
9.534895532202556
9.473821720931976
8.587483932506384
6.858774986303822
7.527705554202547
6.230041065999989
8.29504779820254
6.216053459199988
2.2673994414999727
6.87317186579743
9.222012972999991
10.277704226787822
10.193881580010876
11.977533732999994
11.747193516999985
9.507868116863985
9.639469821141427
10.529060533070698
7.004267153898697
7.991849848898704
7.6800453384050975
7.334209095797428
5.738924266099981
7.2882369628987025
7.918517188999986
7.987793542506386
10.742561580999986
7.5671533278987
4.601598493999973
4.25517453309998
3.585395214799981
8.133629528797423
7.052292530797419
5.946505396999988
10.096382464727997
10.760786461999999
5.698949220303808
7.463248680101259
5.130532884199973
5.216554646299975
6.817656756599986
7.205510568202543
2.8634400268999887
5.518744259599973
5.114963581797413
6.700705627399989
9.66032704920399
10.010475527999999
12.06156979799999
1.7893334792999989
3.5353170409999843
10.404290139692147
9.939961906405117
11.636813898999996
12.895955840000001
14.038177486999993
11.332361501999983
9.511985598791988
10.308024825999981
12.65734318199999
10.827927451999987
11.965751432999992
13.457772997000001
14.94163656299999
13.62320667999999
13.424158948999992
13.956541248999988
13.110773197999992
11.280205205999993
12.119262157999987
13.255042916999985
15.414070421999991
11.278336887999991
13.136324561999986
13.636519468999998
13.240078718999994
12.67275053299999
13.72107317199999
12.498729407999996
13.302652823999992
12.280808831999988
12.466279717999987
11.950625576999999
13.472538144999987
8.703647668506388
8.024115988202547
11.736140380999988
14.119001470999992
13.744151017999991
13.572554642999995
11.904737449999994
13.841063233999993
13.167642867999986
13.629128301999993
14.296191634999984
12.719048762999991
13.25294946299999
12.88712386899998
11.207458634999973
12.383444512999985
11.547907084999988
10.317604331999986
12.370333989999999
13.944838888999987
12.803441283999986
12.001643070652788
11.652382210999987
12.088528837999986
12.160372079000004
14.241070356999993
14.087674708999996
13.743881498999999
11.613031902999989
10.833860557999996
8.867659535202549
7.672903797898707
12.812724897999985
12.130296177999995
13.492787020999984
14.65164341399999
12.634681342999984
13.887341941999987
12.158918915999989
9.481046119787813
11.942576354999991
13.44892787899999
13.064409063999996
14.563936629999992
12.917459336999991
12.581593380999983
11.504975797999984
10.698315241999987
8.17170086520254
9.159675761405104
10.099307694999986
9.296951460203982
10.284686018282866
10.918443426999994
10.685672492999988
10.657994051999985
11.713378133999992
13.88045830699999
13.501036243999991
14.54937108499999
12.00608873899999
12.47149383099999
11.752175568999983
6.328545834405097
7.663892254594865
12.662738387999985
12.75110476099998
9.889357827858543
11.113314278999988
7.3097105727999905
8.340708207696135
10.390057245999992
5.441526921099987
5.395612011699985
6.5950005096
10.176967129659985
10.058243177863988
10.425715545787815
8.666098367303825
11.248190490999969
9.950219518999987
8.421801811202549
10.082904228141421
4.638736383099976
6.472062269594855
7.1208672455063775
3.510272721899982
3.721601238999971
3.055035783399991
4.072667504899984
1.8803288970999923
3.8642610366999794
5.461016485599979
7.635647715797432
4.363367155499978
3.7441589019999824
6.586466152999957
7.9336433089999785
9.472733746303833
12.903036458999992
12.290872170999984
11.487948433999989
9.442312664863987
10.333513955787824
6.050984710699988
6.481740687594858
7.760878373696126
7.8043769576961415
5.860760235594858
1.666076545699986
3.060302152999981
6.703082899506373
5.160036439499987
2.5631796767999875
2.990462646499983
3.024215156599985
4.442043986499988
4.356711236599975
5.116205357399983
9.066182833898704
6.164537400797422
5.087865467799975
4.954455174299988
3.1657829131999935
3.0108723754999773
3.2781166747999824
3.651600236499978
8.027768527202543
5.8004491195948535
3.9047249450999937
3.3969868514999786
1.9974134963999939
1.875489599599995
1.6916860671999925
1.7756588256999903
1.510660711699994
2.079368685899993
1.840517690999997
2.8479576035
2.8186030120999996
3.0661560013000018
1.4569096358999962
3.038086289999989
4.891460005199978
5.890350978101261
5.727061000099992
4.27696582489999
4.203465359499998
4.699521481299992
3.9035664336999907
4.263636813399991
4.462890141299984
5.763278602599986
7.010588009594865
2.476716915900001
3.4625846908999964
7.164572721898698
7.264963691696138
6.43870800019999
5.127650636299998
3.3411033355999984
1.865993220499993
3.2463304900999983
5.204337202499988
4.1178205321999926
5.5274188720999895
3.029198608399986
1.3049233703999958
2.312815887499974
3.66427373659999
2.773972555499992
4.557153765898688
3.145687429799993
6.382475538594857
5.594842678799986
3.9889030227999887
2.6071405227999964
2.076089492799988
3.3748907500999743
6.03625488889998
6.152916378799985
6.670037443493583
4.753027114899986
4.1445352263999755
1.0597734058271935
1.1930283536931943
0.9650740422135989
0.8876123531203968
3.734814947499987
3.371039956699991
2.6556281417999927
1.6700313903999897
1.2737918944999918
0.925041562665997
1.4026922332999863
5.3345807555948515
7.553650117506386
8.065087509202542
3.912012173499993
4.992933384699978
7.1065115601012625
5.782353887898698
2.689878213499991
0.9277924213271947
1.5434644332999994
1.2146049682999989
1.5172309966999773
2.6205602584999856
1.0069688254271933
1.3801331181646233
7.7295458465948625
7.453935235594863
3.006544602999997
2.4603043212999833
2.2944391677999914
1.9315261214999924
4.232101429699991
2.3687986678999806
6.509875669899991
3.059717997699982
0.9014862711929179
4.550585685699982
7.84006645049358
10.711415287999992
4.084965141299989
2.4394604201999877
2.391093926999995
4.0030354781999975
3.6560945052999902
9.50460963733998
4.986757455399979
5.1751940627999815
5.4441118636999875
4.947785522499989
6.113952072099991
5.134403808599989
3.8637132628999766
8.24237760469614
10.097375283863983
8.318664471405107
1.8847416060999833
2.8952640059999784
8.982381195101269
5.995300903299997
5.3769309279999895
7.150235380594846
6.614156416303817
2.171005686999989
2.895603671299987
6.511927654999986
8.460406213405125
10.029412399212148
2.306745953399977
4.583003538499976
9.518642625271982
1.8715278457999975
3.925722849999974
10.390047240999992
9.991280517727981
10.020269465727996
9.292122473100003
9.208689593493599
8.231033222999985
8.143266058303837
9.853184930271984
11.423393381999986
9.498526968271989
6.1208038863999885
9.689473844931982
10.042989799353586
10.150910508787826
9.452976338141422
4.830293054202529
7.392138267493583
9.53482933333998
7.867497370898699
9.932781791787827
10.430744580070703
8.943668583696146
8.079587696797427
9.00748397059487
10.79984559599999
7.909786895797413
7.344318829303815
7.949806228594872
4.730941467303816
5.642150622599986
6.148746260101261
6.0130573364051
6.649947732493579
9.456180871727986
9.539034667999983
5.627899124099981
8.3964562438987
2.7105670913999727
3.7309397567999847
7.293082868999983
7.261428364594862
5.447083622699995
5.213399320999991
8.946524284405125
11.954454919353593
11.530660135999984
8.720547508202541
7.640440182506384
8.579705871594877
9.941063711646386
11.077220617999986
8.309788163791964
9.056603720101267
7.59869300079743
7.656927699303819
8.534112066696142
11.006108599999989
10.204454315141428
9.826162402203988
9.181310108898723
11.445973485999998
12.000169733999996
11.802833077999994
10.613968764000004
10.784703850999996
13.579850774999988
4.246288139299994
7.265977304101265
7.841294940202548
7.146035942101256
6.520314808699985
6.007212766999983
7.483361614999982
9.06077613069615
8.366130908202548
5.13843642119998
5.607552000399976
4.731095858799974
7.706962066696139
9.084232049727976
8.918772483797428
8.976696549999987
10.516108087
11.129028641999973
12.794410532999983
13.44083330999999
12.320622736999988
11.322508072999991
7.708489742999992
9.74308208307071
11.363732663999995
14.085485462999994
13.428994321999994
12.053758727993591
12.730942635999991
12.706701816999987
11.559578383999991
10.369053741353584
12.376336205999992
10.842755680999996
10.90200526899999
9.44338650507069
12.122127427999986
10.82392768899998
12.909974773999991
10.413175751991831
10.891548508999993
12.259423569999992
11.861340993999988
13.531920145999988
13.387121612999993
12.069253631999993
13.282975985999988
14.31667501699999
13.862752096999994
13.546410285999988
13.45659969499999
13.722705556999987
14.418676899999989
5.734146493493573
7.846191967797412
7.510538915999985
10.158141599999983
13.41275268399999
11.868912147999986
11.662614475999986
12.622330843999992
13.641825158999996
13.580213526999989
11.27773229999999
9.612867193727988
9.08208779450639
11.670429032999994
13.721997819999991
14.221465572999989
14.26299437699999
13.81689558999999
11.816692180999988
13.430345696999996
13.601525020999986
12.149727064999997
10.888072782999995
10.611986496999988
12.529065287999991
8.92026665650639
11.56303306899999
12.038271283999991
13.720794729999989
13.233779369999995
13.877217164999992
11.034978916999988
9.117302088931986
8.65253049930383
9.453153370795986
10.784868419999984
11.038368375999989
11.262303350999996
12.425685782999984
12.385093828999999
10.734216759999983
11.927036193999987
12.62933672899999
12.971443020999986
13.392293632999985
13.92979763599999
14.352582184999989
12.520225507999989
11.23492746999999
12.925003798999994
12.781639361999996
12.98106626299999
10.224586936999982
7.261362364202532
11.100251972999965
9.482382815727986
9.782970864931992
7.367842350797414
7.094050151101268
6.0952859633999905
5.888824563599987
7.636323966999977
7.109342613202532
7.518083723405089
6.436531222493583
7.331486660797427
8.714734814506388
7.6819658889999864
7.781852586405102
9.652033435067992
8.810256356797423
11.440009958999987
10.314854128999993
11.518310511999983
11.240494967999986
11.946002325
10.155980421122244
10.644426020999989
9.698175959797439
9.74725316306799
11.276218581999995
11.42393031599999
9.9071103807171
10.424626461999987
10.772357906999977
10.12715474699999
6.357856161499981
6.140409718303813
7.4892299332025445
3.3350771438999898
8.768105956999962
5.260063713099989
4.172238525399997
6.071643441797401
9.148973168929247
7.387202268999983
6.050408738699995
7.775701718100009
4.998768765299983
8.348841725202549
10.987149355999998
8.91109925230383
7.097783633405105
9.045369749506385
6.10428878169999
3.522707409699985
5.195723933405101
1.7023861266999913
6.448714459202534
4.076100851399988
3.4185131041999965
3.7111322905999864
7.5027167053
7.686274188199997
6.581866027799995
1.7543708022999998
6.026078153999977
2.7360264190999923
2.9795714798
1.8459852309999936
4.683226438899989
5.995207676699984
5.642606477399987
7.073707319599993
4.1695104706
1.5897180892999898
1.5301932097999935
2.150266145299988
2.9513041655999723
3.5115482680999803
4.419108987399985
7.81172779240511
6.738055419899993
5.454027659599987
4.486483320599973
3.0725707305999914
1.136157244107063
3.013318153399978
4.2788961760999955
2.3755868483999976
2.1355412276999974
2.420328515599991
2.61347990109998
5.96862017059486
5.609369973799991
3.701285668899988
2.8377317885999944
2.447092771899991
2.7493227447999966
2.9549282699999817
4.252229635599994
5.850708207699981
8.950933259594864
7.601530650299989
6.202698152199995
7.637572300699996
6.172539587399994
4.107034570299992
5.880283233599985
6.508956333899993
5.8994579192999845
4.223007846099996
2.4274815551999986
2.338317689499999
3.695708299299988
1.0550946913787795
1.604854216
2.780319776899975
3.0371673034999973
2.4846477371000035
1.469998283400003
1.7102426436999976
2.4485244872999967
3.683275280799995
7.963879489101255
5.222803950499986
5.003816210899981
1.3509885604999905
1.0361651786863966
3.0376768096961206
2.7057237487999872
3.3721910003999915
7.041501333594865
7.024730857799994
5.916632818599994
5.641695173599985
9.186857586696146
6.862465852405093
9.186039787203987
1.9133275344999934
4.985679087797411
6.365977656599983
7.1407881560999895
8.219446299696148
7.4330728012025435
8.219413313303821
9.518874777135983
7.998163970898707
0.9800537747282821
5.137426338199993
1.1797276442999964
2.1004235625999987
1.0935549876141384
2.182500437899992
1.6515749648999871
2.119684063699993
2.429593365499983
4.405777252199993
3.792698063699989
4.03983829499999
6.6220729294051015
5.880929174799991
8.456445642101269
8.318091050696143
6.942345875493583
7.626688125594868
7.284054031405099
2.36345691989999
3.406185514799982
6.008980821202538
3.4576117415999965
5.060674565099992
1.7121141387999943
7.047428904696134
9.39110759586399
6.217241761799979
4.613023065199996
3.326782636999987
6.023827105699986
7.2045683868
7.260078144797419
8.879455035405108
7.821723211696142
8.283440817303832
5.99945408019999
5.623646969599992
3.335382197599994
2.5927009841999924
6.814331361405109
9.312518287696152
10.824006426999992
4.599732400499988
4.939955320696129
4.463534097299979
7.147972512797416
2.5267879943999816
4.175377239999982
4.703017286699979
5.303100596599979
5.760143649303821
6.720983996594861
4.871423043799995
4.195415090899989
4.933361505099997
4.654655062899989
8.11262080230383
7.943312889101265
6.342445173599993
7.340519120799991
10.163649288931989
11.775829101999992
10.06616441799998
10.54602404199999
6.187801682999969
8.14327826999998
6.362569316101259
10.06018677821214
6.431192430099988
8.35309997710125
10.840020112999984
8.280018443303824
6.799836492898707
6.953388110405098
6.062202773999984
3.462837315399994
2.1683159667999874
2.9818142501999825
7.352111312899997
9.97685059672799
6.356695342999987
5.5541223220999925
4.664401847799995
4.457721563699986
5.920727372699983
6.126151577797419
5.649608251999987
5.5503451919999796
4.609561946099996
9.55704253833999
9.46936820379599
10.502468616999991
6.402853913899988
7.07674435730383
8.58102605289872
8.457023664898706
9.147568453999991
11.353448710999992
11.098202080999988
6.790785432399989
9.787795964067984
10.414899503999989
10.653721077999984
11.821951879999986
12.05550254799998
11.132226831
8.822741256696146
9.749080197070711
11.424447770999985
9.073505590797438
10.738620624000003
11.858356294
11.961279996999988
12.042903834999988
11.231904571999983
14.249580561999995
12.030773347
11.36905930499999
12.559938625000004
10.489921814999983
11.30088406999999
9.516798644999987
10.646713605999986
10.726433222999987
8.223076689101273
9.096227156067988
10.469743700999999
11.650145136999996
10.555389887999993
10.487327170991833
11.347814916999985
11.880492870999987
11.01614193399999
10.563453025999996
9.475735247863986
11.935007230999993
13.273903898999997
13.244951439999987
10.271419033858548
7.902463705405111
10.558744186000004
13.270014699999995
13.761077131999988
12.38795810699999
