10.610786593999993
9.506032406594873
10.482405263999992
10.703634279999987
13.696887334999998
12.961621052999991
12.706096303999988
11.93420301199999
9.58128266765999
12.62119809699999
12.396084728999984
13.366289654999992
11.293163578999986
10.118550721787823
8.711753366101261
10.81274049399999
10.48673142099999
10.03895584271711
9.150119639594871
10.929014513006392
10.549754114999992
12.340155372999993
10.802866536986398
13.397795933999996
13.042979409999985
10.972959359999994
14.110838274999992
14.466825788999992
11.819494504999986
12.823740368999994
14.000202070999991
13.540203975999985
14.76052414999999
13.786141358999988
12.158377239999986
7.964721047999988
8.446677113303835
11.259659107999985
10.369410631999994
11.551674056999993
12.619850045999984
9.999817698795992
10.11424627692926
8.71458860020255
11.16602406799999
12.588487233999993
12.664408628999988
11.645924109999985
13.34389275499999
13.775778751999992
8.197239707898706
5.265234799202534
6.516380071999983
9.850819886863995
13.210454210999991
10.179163232282862
8.698601895067974
9.783742248646389
11.46206863699999
13.42867062999999
11.188475022999988
10.144494135999997
9.861123783931989
11.27272486899999
12.364471926999991
11.464843526999992
13.211210079999988
12.295326272999985
13.521198591479994
13.351839997999994
14.365900496999988
11.907672039999989
12.335986168999991
10.138303292863988
11.624803303999995
11.64328218199999
10.22447388606799
8.917183543405105
10.486943395999985
9.713739714101276
9.40948805689599
9.040794512898714
11.938253573999994
11.781757662999985
12.217828542999989
10.476897301999985
9.863574240070713
10.783935193999993
13.461981543999979
10.416286106999985
11.114568300999982
10.52780072899999
10.488742493999988
11.963099584999988
9.796017428717109
11.176971338999987
11.899749569999992
10.887729613999985
10.932149016999986
11.438069028999976
9.353849571135985
9.97837168421214
9.48418313289871
7.027151721202536
5.497619396999959
6.2625453719999795
10.317349604999984
6.381798321493575
8.950420683303824
9.151858390797432
7.491478883405108
7.098712957799987
7.178753123499991
8.277297979696147
8.78691890869614
8.910827188101269
8.786224252303828
9.19491849059487
10.225637354999982
8.879713508594874
10.350555742999989
7.355480819696148
7.244290739399991
7.722672570797423
6.262013430797412
9.575342852858546
6.685736912493568
4.1836602752999825
5.8231127135999925
3.398453921499977
10.69751107199999
11.17897944299998
10.499454865999988
8.762112423696154
7.639619760101269
7.541732171594867
9.71578472427199
9.857583743203987
1.9090264464999953
1.840056256099996
2.368368986499988
3.1990367904999943
3.183879424999996
3.1452349318999966
1.7428494399999934
1.9169056502999988
3.054012582399997
2.562566476399984
4.70952517549998
4.453133267199987
2.884816374199979
2.086318463099995
4.279432244899994
3.3981004302999818
6.271341671799996
5.671760876499989
3.789385482799986
1.9687352111999976
2.8113181640999922
2.9044408263999917
2.2068948928999887
7.2873661864935855
5.390115817299994
5.804172083999997
5.9653262343999796
5.300665652506365
7.019364018202541
0.9418885132863943
2.215346902499981
4.255953286699976
7.3348130173038175
7.688415591405108
3.6357562392999827
2.4654482726999887
3.0426815719999922
3.808077966299998
3.092908593799994
1.3834787124999968
0.9853670811795986
3.051821122699976
5.474106964099987
3.4987495894999814
6.992159701499993
0.7800158985099995
2.878752654999996
5.105960974101253
5.846473828099988
5.592142784101259
6.328258973699985
1.658040887499994
2.119094091799991
3.7507911162999834
4.994054702799995
5.6268292724999975
1.7462623488999938
2.5980018569999954
2.0193708114999875
6.421824630696134
5.211441215499976
4.861471714799979
7.225779711898714
8.141511773696152
8.421135987899994
4.465975404400018
4.025454692099982
6.18389428559999
6.612071717797428
5.927076165799985
7.817672341898694
8.4042098724051
5.3614872513038145
8.54288750149358
7.807376997405104
6.666746269202547
8.123101940898707
6.494558842506375
3.756850274699985
4.410400872799984
5.750765441898693
5.009092820699988
2.7450236052999943
1.6617424041999929
1.2961725158999966
1.289732176200001
4.216989170799995
4.13588432769999
4.438133697499975
5.457524870299997
7.399383251999993
7.605331220999991
3.883417719999991
0.9318566792339944
2.7850560836999763
1.768354647799991
1.7387093230999868
2.622916862499985
4.731705984506363
3.7667998580999815
1.773569717399988
1.4019036286991782
0.9934454503067938
1.3299767304271863
3.0510663527999853
5.699751237499993
2.2859153014999847
2.11373555759999
2.9680689803999853
5.385844433594853
7.724349394202549
6.065982405099984
3.803970257599974
3.5897870131999796
4.257974360699976
6.311284257493579
5.644855769299985
9.01897162630383
9.378583354135987
9.922699345271988
10.437169225999998
4.570013241599994
4.36668629459999
5.101773213199986
2.369113709999977
2.358046760599978
2.0099260405999906
3.8350009108999865
3.9413654845999946
7.01066537320255
5.2634103347974195
5.821703153999982
6.913802680999983
5.608325497405101
4.935410346999973
1.4825362304999834
1.890945759599971
4.355416091898688
5.206462560999974
1.0190936221067952
2.9205833358999804
2.394568258699986
1.5090548476999748
5.676731817594854
7.992784321594858
6.934151545696144
5.852426914999978
6.395475147999995
8.555384204100001
8.972009153696156
11.087810531999988
12.053778092999988
9.316322494659985
12.091419840999992
12.10074709299999
8.357343275506391
7.851381640594861
8.072039430202551
7.01098695530382
6.9634514159999865
6.299909477202537
6.8908244338986995
7.783725265493582
7.630307286101262
8.202422439594873
9.240365672303831
1.2173983691141386
11.024292383999972
10.620775408999986
9.80484050899999
10.622916991999992
9.140107884202544
3.6329059310999763
2.812005955499981
3.1988030745999816
8.001978074594856
9.977225784203982
8.639094441202538
6.306945136999989
2.909936262499981
7.87601954799999
9.384249252303832
10.283330108717108
11.364524288999995
11.947902802999984
9.37183342130384
9.578222950795992
8.610552987696142
7.207347898898686
6.750946768202545
4.271884719799974
7.452096273799993
6.514662849399999
6.189936944599991
8.239393043493587
9.513467491067987
9.25177180927198
7.964903288303819
9.098225884999987
8.606252511594873
10.147319096282871
10.180548019442869
10.742057667999985
11.927083079999996
12.123000293999992
11.240460358999997
9.963282060141424
10.926382342999974
10.735497648999981
9.523562026999993
12.819199236999987
11.318324733999992
10.785974325999987
12.515772619999995
13.521617385999997
11.91843825999999
8.60049014740511
11.783210248999996
12.300475648513592
10.944442583993593
10.68115813799999
9.697773532101278
10.760676273999996
11.76924015699999
11.645304999999986
13.511541504999991
10.305435372999986
9.952712919727986
8.97399101099997
8.965276760898705
10.065873043858542
10.98890604999999
8.719715754696145
7.513267475898698
8.18534351040511
9.381578958067983
6.712640216099979
10.055896560795995
12.380665618999997
12.122280067513582
10.647486871159993
9.518208450203987
8.044844064303824
8.467817062405112
12.822674849999991
9.926720225659993
10.220221198999992
10.115160031067996
10.452034783999991
11.304369884999996
11.566174898999993
11.967017078999989
12.13968691999999
12.411691262999991
12.066345485999989
11.030281031999992
11.529777604999994
11.476686384999992
12.666649131999995
12.416898685999998
12.032263035999986
8.58866545410127
5.410475086999996
8.941649275202549
9.169272419696156
10.413227582991837
11.439627880999987
12.30147867999999
11.506097642999988
11.860475768999992
11.218958137999985
12.25677821499999
10.073674372929267
12.214061956999991
9.293529569999992
9.385607008271988
9.156296502795982
10.402136352999989
11.30298675399999
10.668214910999986
11.477850307999988
11.117011262999991
10.576909575999988
9.364248260339988
8.995601792898702
9.991664291282863
10.831879915999995
10.667671840999999
11.20400317699999
11.569204755999989
10.869128525999987
10.15355920271711
10.934526168999993
10.214792666717111
10.63016222699999
6.51378716579999
9.76261453564638
10.370894401717099
8.419232127405092
10.701656901999984
10.767626536999988
12.555591109999988
12.547222197999993
8.743328512594864
6.6052463851999805
8.643258927898705
7.7490776764051095
9.821492347795989
8.304027369696147
10.411160998839986
10.646921126999988
9.144292716999983
9.919210151795987
8.95470097656158
9.637613169931987
6.232209707599984
7.4215036652025415
8.7940557724051
10.178297390795992
8.457584301797429
8.41268083799999
7.691942306493584
6.821245163000004
8.495133216900003
9.933490751717105
7.351038990797424
8.096062077303818
8.98141632999998
10.289632923999994
7.588289195303821
7.66463336030383
9.328405059797436
10.423048627999982
12.48672355835359
3.104618847699994
6.973367367594836
9.845297343271989
12.401742199486394
10.397125601302386
10.436579180929261
4.179274797099985
5.107379717999992
4.878181478899994
2.8943104278999874
3.027183807399987
2.8758753051999912
4.7148425597999815
6.9167377991012655
2.159287112399983
4.5655762633999775
2.7086379989999725
4.562887029999989
1.7324146239999902
3.3090928328999905
3.502407894899984
5.191022476199983
7.321102682506389
9.120284733594872
9.81454191130384
7.375167965699998
7.981047363303819
9.833481822307824
9.87720004421214
7.608033901999976
3.769735939
3.528591473405082
4.6894232848999895
6.985324786405109
6.61960346369614
4.588974827599979
5.095699536099996
3.439298200999997
2.9469239165999808
4.062319224499976
4.10100641479999
2.346309576399995
2.619246574399995
1.963352592499999
3.341560496499999
3.8380094130999853
7.462939363101257
7.651226139797424
1.270926083378771
1.2912466353999872
5.151182064799982
1.3223703414999983
0.4662613099099982
1.8202501662999926
1.6565221541999957
0.9350649337791995
0.7797853342099998
1.395335418700002
2.1534188796999945
3.607594747899984
7.220317477405109
4.249510125699989
3.9154477858999965
5.8989037902999835
9.001980450271985
7.976713136303827
7.859812745696144
6.512815611299994
5.12936257629999
7.915359252898705
7.653418092299993
6.383389813199985
7.936249024999992
2.731097654699994
2.251136567699988
3.2539356978999945
4.02201783909999
0.7860546094898713
0.5227645420099988
1.675158055100003
3.924215167199976
5.582068791199987
9.637023899797438
8.767277784696148
3.387378260799991
2.1379524520999933
8.034733045999968
7.792545263696146
6.2877207305999825
8.81302354889871
2.9723872786999914
1.082741889872798
4.704373295600003
1.928342062399998
1.7049933440999934
2.082008207699988
3.1621093337999846
2.23368734589998
6.298591407799987
3.758767443799978
1.373472085871701
1.7182584441999893
0.9983934177271896
0.826291201589999
2.2739822295999974
2.563348158299984
5.9338870040999785
1.8507468383999957
3.1481729262999862
7.949651570101269
7.8417304001012615
7.510415920999977
8.612551312303825
6.627407751506368
9.045710356067977
8.961665710405107
3.2974173354999925
3.4051029723999853
3.252981722999989
2.053129167199994
1.682064529399996
2.404054956099999
6.596441603099991
7.029929249594867
7.475284567303812
7.185126338202535
7.604236222797423
6.400122106898699
7.884686939999972
5.979788795499982
3.5576459304999917
3.419992134099986
6.02029995729999
5.8925091323999945
2.236811953699988
3.2249397109999887
3.7691261687999833
2.9648147597999857
4.676165986599999
3.3591167022999846
4.01418725129999
5.392472875999983
8.430119248999988
5.82401984249358
9.705746208141424
9.463186051929263
3.270425901799976
4.8478338149999765
3.2187372634999822
1.9656704970999985
1.101354335592922
2.674339562999989
4.373371375999993
2.4521889449999934
1.9269381392999945
2.439396783399991
5.326032952899983
6.188546446199985
6.358480038506377
6.19786036220254
4.195002943399977
4.780964813199982
1.3313494934070578
2.8554026900999836
1.6468725890999896
0.7866383412400005
1.1203535079999916
2.1926390044999935
1.9671740432999847
6.68640729059485
10.981400147999981
5.155898702999991
0.5652880442600013
1.4594508819999974
8.88717661899999
8.827687977594866
6.09988361210126
8.801367878795975
7.6423309020999985
7.074047439599992
4.6224457458
6.139032337999978
8.029395817594864
6.621362533599986
1.2144083180989105
3.1673801452999792
5.5275483428999905
2.7311975112999782
3.734633703599994
8.534696205101259
8.941021253999972
9.274080984339982
8.13437157899998
11.024422587999991
8.305790505999983
1.0568704547931924
3.8225308288999855
5.042985122699985
5.335305697599985
5.0379907866999805
4.898790014599982
4.477734385699972
5.644608906601261
8.374024438499989
9.19835582279743
10.884108819999991
11.578397097999991
11.021297010999993
11.136604461999994
9.56211655269616
10.26763138585855
11.605688299999992
10.75359253799998
3.1582074874999746
4.954069543499982
6.275266163594861
7.119069656405107
6.769038311797422
6.599111590601259
7.880956579601273
7.328343366999997
6.366700718696142
7.470584666405105
9.709086331295984
10.245325103698546
10.981486233999997
9.658326153727986
9.509063185064306
11.00687971299999
2.4919501433999756
4.163448771699972
11.082012877999988
12.296617906
11.430125362999991
11.47919234599999
10.69051500099999
10.97762724499999
11.192577944999995
9.761190531898718
12.045754918999995
11.811699830999995
11.74716328099999
10.787070896999992
10.934637718
11.258263382999992
10.431776989999992
9.769505438202561
9.229769648700008
9.565255412203983
12.250475460999988
8.706679153405105
10.26192846999999
10.75492399283359
8.606651066601266
8.738213198905106
9.107261702006397
9.180818208303826
9.887950566067987
9.910308753839987
7.997928248594871
7.179497047400003
8.326251464797435
11.406609563999996
11.002249506999984
11.281874402999984
10.747469803999994
10.623181357999993
10.086747712795994
8.630136027499981
10.110885589550712
10.843756298999992
8.731131057696144
8.045271812405106
9.83126101079599
10.841124526999993
12.362963083999993
12.086939612999993
12.620285041999997
13.04279356799999
12.124405782999991
11.643469123999994
11.714167360999989
10.134404543997276
12.401965203652791
11.140476081833594
12.388277884999985
12.59701896064639
10.66405479151999
11.181736927999994
9.766055563405121
11.844764371999986
9.410118579101274
10.307523244994552
5.7066772613999825
8.05791352230383
6.612868398999988
8.704339688101275
11.064813382999997
8.677500210727974
3.6853225372025267
8.136067958099998
9.588165010101271
10.22712342686399
11.502592376999985
12.921630472999992
12.152473952999994
12.135627830999985
13.560242228999995
11.19073118899999
11.213923728999992
10.63926457199999
9.357759657203996
12.982143516999994
12.436641834999987
11.562339193999984
9.644155197067992
8.457251167303832
9.643937541141426
7.465268897999988
9.945690713659992
8.895484640493583
6.954343977405106
9.986864828339982
9.630350244067994
7.420115733299993
10.456037972999981
8.315542584202552
13.624606489999996
10.547477207999982
9.84290883019759
10.95051661699999
11.540591759999991
8.956375747696153
8.722542036405109
9.300465631094875
9.215576525898715
10.660513994999995
10.700347825999996
7.581064752199993
7.018220747399993
10.787246181999993
9.264067246999991
9.73638472127198
11.168875782999983
10.927309205839991
8.592583471696148
11.06715602999999
11.85233019099999
12.047832880999993
9.486040295438388
11.623182586999999
9.354153323405109
8.098660327101257
8.367070001202544
8.298968527202547
7.583040222202541
8.102506945797428
8.292939652999985
7.50412815235355
5.13753514099998
4.868726904303813
6.525467567399987
8.148400874303832
9.207772248863982
9.56781513210128
8.691000558506394
10.005397900480315
11.513103263999987
10.731353302166392
5.773548187297408
8.642213130295962
4.911845237699974
5.310883259594847
5.298280004899978
4.681042773399974
9.277882298203986
11.31927155299359
9.036402226303835
8.59568952029743
6.574467481999988
8.015309512303828
7.391455088799995
7.515486630199992
5.943755859405099
2.2933310912999927
3.496746609499999
5.874826475499984
5.285059487899993
9.625265925717095
10.184277854929267
6.955476664696138
7.982405879202546
8.624205439797423
8.54737811130383
6.567145358299987
4.614966940299979
4.1278537078999795
6.061568180797414
6.129994952405085
8.493130276506376
6.4134723906961355
3.9026701430999844
0.7821098171200002
1.967847943099984
1.3823812561000004
2.2921465987999787
3.5004850692999776
3.082307823199973
3.5427928618999744
2.348832165499988
1.2077846386929203
1.9125494582999827
2.3954518340999646
2.722031033299979
3.7380454848999825
3.2893738097999963
2.231181634499994
2.6449813369999933
3.3616761092999763
2.341548808299992
1.4442976790999904
2.694680128499976
1.5722590880999838
2.5914582366999994
0.7782529128099989
1.4972249512008058
1.1534307790863951
1.4207828597999959
5.232671821599983
5.643736265599984
2.566258233599979
2.5487254882999957
2.5322408462999983
2.5768278350999916
1.2801155303999947
1.3025332549999977
5.294103666696128
7.090716758696146
4.10318064119999
3.947277668799996
2.1964455581999913
3.209102555799987
1.920504417399989
2.776967333999999
2.951569255099997
2.6322494369999982
1.1548590201988014
2.4676210616999708
2.0598291930999943
2.314456036399994
6.181098136899996
3.207185177599996
1.3857690932999946
2.5101013595999904
2.2154915542999976
5.359831755101249
9.191429919405108
8.273237234506382
8.574165374797422
7.278321940599991
5.621952177399994
6.935629589797418
6.46615139619999
6.139444659399985
5.971738859599985
7.032622813405102
6.754886683696142
2.4594023482999767
2.4647364364999755
4.510751164199984
4.744202964799991
6.8172254546961355
2.4960858504999903
1.6051517165999925
5.943438420101252
3.2878414596999863
2.717341368099987
2.6793682418999936
2.211359426899986
3.914130284099982
2.077437704499995
1.4666518203999994
1.714977880900001
2.058325807199996
2.0684720199999806
2.574036904899992
3.8618407851999916
3.6478667129999867
4.4336688430999835
5.734298422202538
5.930841151405098
3.5793806869999716
1.5588680785999838
4.9316859557973975
2.8140690993999846
5.569052027899982
4.884061144999968
5.067633702101243
3.083963447599964
4.559846284499984
8.112688702405102
2.094380084199992
1.346243449399993
3.1443246520999875
7.757645976303823
9.319373846405112
8.260777725202548
8.771409349101267
7.871902183493585
7.990208351101259
7.303608097797424
6.185858033799981
5.768740495299987
9.786902821405116
8.995208521999986
9.767478399795984
10.370289106858548
4.257248777799984
1.86223462519999
8.478579754594863
8.361130950898705
9.680679318141422
9.476985270795984
10.13073861392927
9.090458160405117
9.946348187204
7.4086799437999895
2.339531535299986
2.1622636107999873
6.464648416101257
8.536023428303823
2.185560147099994
1.7860310698999973
4.732845715299986
3.3545078063999885
3.0713922149999795
5.043755395493569
4.312107514999983
6.955865830999981
10.112066010999994
10.431858617999987
7.368175236499986
1.768839550799994
3.396034519999978
2.361159608499989
1.462366725199987
6.673791722101252
8.79705904693198
6.977880619797423
6.221219900499997
7.277046154797423
5.952037922699991
5.739675190699987
6.912353024299995
6.0782557799999894
6.823547027599992
10.244522394999995
8.775702761797431
7.803384699999991
10.309320283659991
2.3936580031999917
4.414348982199982
3.2605027373999924
4.5270595123038175
9.016242904795982
11.173925705999984
8.234182760600001
8.656281263696147
7.374073911999993
8.8089710556
13.010337653999995
12.169381165999983
10.612191747999972
8.85859851679744
10.370568813999999
5.345944374101252
4.607173034699978
2.6062776656999826
7.5657112197974135
11.643754425000001
9.940961532717102
10.743079229999987
12.403321122999989
12.558163080999986
11.963530481999994
7.166958764599992
12.625708809000004
9.371785264594882
8.299378729202546
5.644059312399996
2.052558845499988
2.5185378936999876
10.466581066999971
8.912903202797425
7.958528492696144
11.351490250999992
10.889333379999991
11.342860303999995
9.342862202339989
12.799990473999998
13.804893239999993
13.392031560999994
12.173195192999993
11.933355926999994
12.325168147000001
14.406093783999996
14.40395491199999
14.128000571999987
13.871436300999989
14.247179134999989
14.657689306999995
13.977093883999993
11.84336008799998
7.513579853797421
8.450549351493585
10.120545524727996
8.086071426405102
8.492269569405108
9.34369552772799
8.757313542202546
9.67066825410127
10.03366355728287
10.374434543999989
12.464543856999999
11.846367211999992
11.120589745999988
8.942387029999981
11.264123516999991
11.019077231999988
7.637194888299996
7.783775262500008
7.298655323800001
6.905384600799988
10.18900367300544
9.51408969879743
8.239609937999987
6.945589799499997
9.872316902061119
10.739571833999992
11.917094230999991
11.834766033999992
13.294256893999997
12.683416058
11.166776905999988
14.013374019999997
10.62241913099999
7.861325418101273
8.236125067101279
10.028436317282864
13.181341855999982
13.728463082999987
11.335248484999992
10.12947895199999
6.527316120898702
8.08267716669614
11.110053255000004
11.184327747000012
14.319185726999997
11.78264511299999
11.86061889799999
9.796220356863993
14.151434507999989
14.787855695999989
13.115841663999994
9.164919624303836
7.6369295441
12.130556444000005
12.837471004999994
8.591622680696135
14.765441909999987
13.129979429999992
14.362829712999993
12.736196940999985
13.361266382999988
11.67778698399999
10.922563036999998
11.188494008999996
10.645556316999992
9.946286988863989
11.621822228999992
13.286608507999984
13.049461297999995
9.31907341172798
12.86776801799999
13.220742119999992
11.835722834999986
11.20462062499999
10.608736889999992
11.329829690999986
12.773376342999995
14.004319989000003
13.378931309999992
14.07432203199999
9.585691613858545
6.500380575599997
7.5387301804
3.627929075599981
6.154815685999997
7.783773033100002
13.431905291999994
12.192764391999987
14.021144735999986
13.068387333999993
11.324337372999988
8.638345729101276
10.885530324999992
11.210765937999998
13.20962909899999
9.22197203213599
11.37778596499999
13.427450454999992
10.344086996353578
7.14761257930383
7.303735763493572
6.452633338899989
10.35204910299999
8.766054717999994
7.0863135742025385
8.270009739696151
11.094248224999987
10.21093680278782
10.745448015999978
11.005560251999983
11.43060498399999
10.220050689999992
10.148402540717102
10.611738436999987
11.283005124999994
10.300288357646384
12.548716686999994
12.869645887999987
8.241753990202534
12.050935132999976
11.11324282699999
9.721805313067987
8.964889599594873
6.185129797399987
7.631269456506392
9.174102758797437
6.626141484099984
9.103097842405118
12.74488046399999
12.408512420999987
8.355927137797428
10.17823899799999
9.165533843999992
11.93548900799998
9.70352787779199
9.195299960303831
9.730596647727992
10.68303166399999
10.708331096999991
7.433454647799989
8.858778303659978
4.255084284999984
5.287725454699992
5.049512751799987
6.7094621276999895
10.284672071999994
8.711561856101278
7.347077056898706
7.465033668493575
7.404453094506379
1.9607992492999935
1.4465987014999988
4.109802729797401
4.612809110999988
2.8544258300999865
3.6665283095999817
3.228803480499987
3.428908103899975
6.6077904892025305
10.589428547999985
10.24674846328286
11.261299997999982
7.255688439898689
4.342546272299986
3.4022914809999816
4.671120031699992
5.330660411099986
8.588766479506376
10.075874867141415
1.5438651336999847
1.5909785308999878
3.6759454238986855
5.457765194699995
5.569441886899992
7.329691845696137
7.049863456696137
7.947312409999992
7.3655662627974285
4.764482339499991
3.1325214889999735
7.465723858594859
2.833644781499997
2.1288048294
1.8225665908999968
6.177961283898703
3.087556913799982
1.5740649871999866
1.5107273162999952
2.0069516829999747
0.4791058043506346
2.1798688445999823
1.9367343703999984
4.43919004209999
7.119200511202532
5.28291295319999
5.580777569599984
5.517971510299984
8.922445902999986
5.173821549999987
2.134601716599995
3.1013235656999787
4.337333882099988
4.089584475699981
5.6521266601999915
5.7789069275063785
8.064637219202542
8.671921913101263
1.3184111446282796
3.468718905599978
6.434320802299988
8.32161849820255
8.85281776120255
0.8901424687415987
1.6182640716999963
1.4820289779999964
3.9671591048999955
2.1176133346999944
1.8846576522999825
1.3894684417999883
1.4489618026999918
1.186877868699999
3.601963342299981
5.996581408696139
9.193569065931975
10.88984765199999
8.57871368710127
7.030643402101266
2.720990650899985
1.6542934417999906
2.7123385055999902
3.977973908999982
2.7825127120999738
4.070603587303808
8.246141619898697
9.298926534999989
1.8965103104000012
0.9199362976067947
1.2130009734999978
4.0748510024999804
5.149119503799984
6.142947740202538
8.78308781286398
8.473123095696147
11.418628817999991
4.553380659499984
6.7035337218987
8.73179585569615
2.788238162199991
5.5817852051012515
2.6749595000999813
2.4441014159999823
4.125737408399983
3.936147274799973
5.414052741999978
5.109261991899988
5.4407185882999975
5.2299748657000045
4.425641123999991
4.437600653099987
6.035749601696137
7.623265144303826
9.673102651999999
3.21688480989998
6.5516353484999925
4.244519154399991
4.956280567899992
4.51944662929998
6.791203863500006
8.023970120202552
9.668418075717106
10.484044294787823
9.831155548070704
10.213744148212147
10.668857625999982
7.7916500153038255
9.552484521353584
10.21539821599999
10.048625985787831
8.600204373202555
8.573567758202556
6.8032231185999885
9.51807403720256
4.933713677999983
9.498990159594875
9.285220036303828
8.238661849999998
8.319704440303825
7.346843472300011
10.346108821067986
11.547501523999982
10.119799281212149
6.423743882797411
8.269531706202557
1.7272255568999997
3.206376539599969
6.633710438493551
10.281565528929264
11.697822652999992
9.82647660214142
10.067584570212151
8.422295213212118
6.909985047898702
8.037498260506386
8.753981205696157
10.124520534991838
6.940893711900012
8.551325732399999
10.686258082999979
9.522635961931991
12.039601630999993
11.925058890999981
10.609382233000002
10.322021781999991
13.413090558999961
6.4870969849
10.948300142999983
10.043244662339989
10.717376760999997
7.169834300199998
7.9496486114999945
10.409969370999987
13.80037831899999
9.381683599931982
5.9434911101999806
10.308492866646366
11.733098125999984
7.395901696799985
9.201803553797435
9.817107441795983
10.814025637999988
11.202758156999986
10.592959122
10.540476735002713
10.945457349999986
8.987363848898706
9.033668633999984
9.2608887375064
13.834767530999976
6.125469082594839
9.328417719999988
9.935800752099844
10.544040535000002
12.358535051999999
10.10872396864639
9.371060142646382
8.393139996303821
9.373667053141423
8.176732458500002
7.561193946797423
8.538060580398698
9.240942179898706
7.190399380506385
9.787233959999975
6.998198294101265
9.84156134020399
8.74018669420398
8.835590818797428
8.992464417999992
7.505757684303824
11.57396434599997
10.614551366008158
10.069545927271985
11.293407575999995
10.97569839199999
11.73317694199999
11.002084493999995
9.91474054106799
11.102009206999991
12.026661397999996
11.361263454999998
12.72989721799999
13.034634613
13.198182918999992
13.411583829999987
13.222731530999992
13.082689794999986
12.77017708399999
13.365944401999997
11.610055060999983
11.49268270099999
11.933055700999994
9.23324768520255
11.400945012999994
10.616680388999987
11.622482294000003
11.394672609000002
13.219785799999991
11.336106081999997
12.828834261999992
13.321194550999984
13.160437702999989
11.403840508999991
11.847001885999987
11.482672220999993
12.381594260999993
12.924096319999991
13.218671816999992
12.207040996999988
11.59043290999999
12.171689853999991
11.384572701999993
12.35774199499999
13.309853779999994
10.98721830699999
10.92320279199999
7.522007078599993
7.216240550199992
13.096370612000003
12.739960399999992
10.49155790899999
11.130911384999987
11.328159572999986
13.361138187999986
11.956290893999997
8.441385435506387
8.692604950006391
11.81086616199999
10.339796816999991
12.149354876999997
12.921595757999983
12.448999009999989
12.045465651999987
12.552138048999991
11.434170640999987
11.087729531999992
10.273371395769265
12.371879130999984
11.38305070599999
9.985707141227987
10.507117354999993
8.870205483999989
7.420369970699994
7.492288847399995
8.557900065594866
5.101267562899985
10.838092547999983
10.688125481
13.257600458999997
11.18864413099999
11.724018548999986
10.03033578493199
12.543603715999984
11.42375711699999
13.032534716999999
11.568572637999996
10.50923587200271
12.380408103999997
12.623249328999993
12.87379042699999
11.788499686999995
12.400109466999996
11.188703241999987
11.790583777999993
11.637779114999992
9.141378684999989
8.014214306594857
9.508646972795987
5.771855012493572
5.901775196799983
7.235444045999987
5.753220057699981
6.461535615499993
6.775707606499993
8.455114456196155
8.992033299303841
11.999227061353588
11.509547431486395
11.524924539513584
10.349169500646388
8.331164491297425
10.251844876070711
11.596936220999993
10.011222094802395
7.026052062999991
11.288275000519992
8.478885699506387
10.93468730634719
10.60729855199999
8.151671357696147
7.50333550720254
9.974874972646381
6.652322520405098
6.621626649499986
7.339979830898709
8.790910317999971
7.431346064797426
4.9488976607999895
7.057910629300002
12.99156580999999
10.293975324999986
7.191652687101262
6.280003968799983
4.259769999699989
3.574233772299995
2.9889754806999878
4.9085903151999855
4.7055697189
8.806375190696144
5.845765267899992
3.796861204499987
4.36406291659998
6.72401525879742
6.602425666797426
3.908267462199981
6.448255772398702
3.6508222381999693
1.1265175171929167
1.3301747946795883
2.8706771239999864
3.0868543242999835
2.9188888686999968
4.1012454773
3.0601751220999795
4.577554074099978
2.9206612502999714
3.0342260436999644
3.9138292542025273
5.649250949101248
5.2210448485999885
7.503543174696138
5.8350585463999805
0.5708533681900004
3.590594915799971
4.6482350662
3.963266596999993
2.7435827437999953
1.8364868148999969
2.9991692290999934
3.8263919890999825
2.94808329619997
1.2309965804999983
2.3984238479999926
2.2417371230999947
3.2389076446999914
2.30132382199999
4.207549311799991
2.5164909087999874
1.684551934799996
5.06061920010125
3.7012024001999895
4.243638288899995
4.052146383699997
6.783236843898707
4.716392213399983
3.3967561690999815
2.985689689599996
2.267062266499993
2.355010188299989
1.434484778885838
3.4145472030999895
1.132872960998402
1.039121143413313
1.0336539377135936
0.9328672378659978
1.2959610183999803
3.514173458899979
5.678557653799982
4.785766479499984
7.3422269088987
8.17773124240511
7.97640131989871
1.9824186034999862
1.7279511733999773
3.387975421099984
4.705914781199982
4.010283264199995
3.7645583343999935
2.2073850783999975
3.435931538399993
3.7144780227999945
2.1997177108999972
3.423525260899987
4.113511701999983
6.419484294099988
5.58907618259999
4.598523443599977
4.89236159819998
4.78004865879998
7.731916883898698
5.939002261399991
2.1861327056999933
2.483859391799999
2.1824051636000052
0.7143243303299996
1.3593519367066595
2.3525111449999954
2.2228080779999897
2.410022935499997
1.62512061239918
1.5587717452999927
1.667675007599982
2.045429714999981
1.1156930865211983
1.2967962386999954
2.759849206499988
9.378390977339988
8.69324432530383
7.269042436202546
5.354326533499987
5.6782953963999825
5.3374609206999875
4.309657969699986
3.6243846999999847
7.277981610101253
6.10157378539999
9.65912505799998
10.275996381999999
9.281754452493594
9.295467835999993
6.6223906356999915
2.5791272933999982
1.837818305999981
2.5903267745999776
3.2770063537999765
4.81646719819999
2.153464907799992
3.3239459029999945
5.7914274489999915
6.49892815859486
6.599626823405102
8.937680474898709
9.950467628353582
4.245820223999982
4.624361062599988
7.430029127499992
4.932899134799996
7.273191125506385
7.896360200493584
10.142331777999994
4.064400416599991
2.048044544999998
4.6203634978999775
7.627081794696143
8.261461090099994
8.43123725589871
4.207301925699976
2.7436856627999853
7.006992111202539
6.327361575303823
3.5878499556999834
4.582253373699984
6.166513015696138
10.21841436499999
7.7894629058986995
8.292188905303819
6.901443368493582
4.805314848299979
6.4725874451012455
5.6342464797999945
7.4499123336961475
9.385328054870389
8.850344316101268
4.756868392899979
6.296791319299981
8.751338452101269
7.972031712303824
9.277581957999992
7.3132850417999915
8.997984779405112
6.073204571493566
3.8577974441999867
4.368917503399988
5.98764252169998
9.249731027202552
3.8394171004999835
9.295146345659967
6.536747830199982
3.6484756804999687
5.944060504202535
9.599666313135986
5.7827465331999806
0.9140950937203958
1.842684080499997
7.42499235079742
8.311732531696137
10.006277381929264
8.377982180797419
2.1363451049999935
7.5468758285948505
4.8422716613999945
5.845592715499992
2.5948942931999928
2.260733499099992
4.515867584199998
3.6364494796999898
9.259131578101277
10.998965355999987
10.430431406999991
10.745253078999989
7.192288412499991
5.866678547699987
1.3382242735929157
2.238302851899976
5.062992379799985
9.370036953795983
6.637806471303814
8.188058283999982
8.051443295303823
8.71982982179743
3.00570149839998
4.76019298399998
7.203117750493581
8.654698472727977
8.889246922300014
10.71900015999999
8.82107617489871
5.395722187799994
7.802125073202546
9.99532975778782
8.271007623303836
3.5141471404999867
4.561558134499985
11.116613765999993
10.542177697999987
7.152201794405106
5.160692678799984
8.084715220594862
5.6075506409
7.071125737000007
7.626672895797421
11.26557139099999
11.984784444999999
12.085663384999993
12.326589100999987
11.368816578999994
10.605832992999993
12.154019436999988
12.839777317999989
12.17420361599998
13.697185589999993
12.205841996999991
11.069863602999991
12.833820510999988
11.580915268999995
10.893942647999996
13.247107877999994
13.368264106999987
12.661156830999984
13.40613951699999
11.43404896099999
11.077405762999987
11.146960290486387
10.849463465999994
7.596242553699989
5.534369345099995
6.488363793899992
6.849011587499996
12.187732987999988
13.63574060499999
10.711761664
10.108882303989116
10.993322561999982
12.421195875999986
12.229079986999992
13.170496401999992
11.305327939999989
10.764119353999996
9.223811769101276
10.38325095499999
11.202683184999989
10.399227767999989
10.29810733299999
11.51860038
11.698493088999989
13.649718291999994
13.313102633999994
12.365996451999992
9.78111650227199
11.877135619999988
11.166065075999986
14.515089487999994
12.724085589999987
12.439522759999988
12.865148142999994
13.291943842999995
13.331280462999993
11.819118245999983
12.821436463999992
12.376160610999994
12.503027492999985
11.968700591999996
12.82143811299999
11.200574158999997
10.251238917646386
10.567042414999989
8.594797535696149
10.373424031033284
10.975237652999988
12.269642862999982
8.762646102898708
8.983481610101267
11.470375853999986
8.433939797999988
9.293151496931987
10.009677476646392
12.622016700999987
12.549202257999983
10.918587226999987
10.428918390999986
9.17293024599999
7.199448396299993
10.67984516099359
10.00361228777199
10.7400353969936
9.95629630285855
8.63904353179743
10.714411023999983
11.189542013999986
10.286944209203993
8.528569998202551
10.200258668659993
8.023531054696146
10.154059701646386
8.042453065506388
10.530506777999992
10.293357176141427
8.604480436696143
10.421887891999996
11.34448561999999
13.169801845999986
10.358424761999986
10.999458169999999
8.704821639999988
10.783721056999983
11.318732679999991
11.210196164999985
12.978569959999993
11.673627010999988
10.113162870863993
7.986972956791964
9.248628526303834
9.361190920999997
10.478943470999988
10.815204522999988
10.099246202067993
7.614959806797424
6.147671046405094
8.552907673594861
8.63631847079743
9.773911669931985
4.558774139399991
6.275261128202533
8.87111529689871
12.03462067600639
5.688342495699987
6.499974671898697
6.080214205899991
10.036862716908322
12.187605484
10.65991623399999
8.467716319303829
10.252503951999993
9.553200836202556
5.023628460699996
7.832052189594868
8.895686798101265
10.272468317999989
10.063058045999986
9.869925559999984
10.263393730141427
10.201472056550704
10.208273374929254
9.739422216863987
8.083319403101255
10.245501273999986
10.866420099999992
7.790078099099996
5.704211903399995
7.6599016128987065
6.939423446700004
10.953983960999993
10.151864855999996
9.46084617459489
9.104355172696152
8.224859042405104
9.842536065787822
10.110606710858551
8.855282594303832
10.196538673
10.213577697999991
3.876740167199992
4.259043592799986
3.1369712356999995
3.9852417114000067
8.05371404110128
6.686517970299991
4.147155387899973
4.204476824999982
4.612331854199979
9.462779914931987
1.8010288466999946
2.8806135192999966
6.666306291202539
10.514097573929261
10.747814722999985
9.57505243386399
9.27412820279743
4.304781645199992
8.261142805506388
7.129426753199992
7.711351609799992
7.348053286696142
7.0802986617974275
5.9377934859999755
5.902369975303821
6.961133615101268
4.497882798799987
4.772131115699999
5.376328633099988
7.680449655199994
5.227263020299992
7.109343997202548
6.548465521202542
3.610478993199996
3.0237763701999807
1.9238468657999974
4.116491569499991
4.909586108399993
3.669593734699987
3.8368338408999816
6.9929574554051035
5.853072309899985
3.6442899459999842
4.825088346899978
1.0339909378
1.2508112158005444
0.8863942985499998
3.1811254073999673
2.002275683599997
2.526222248799987
3.307956945799991
5.399778671299979
6.296281422405102
5.311820989999977
7.487145498696146
4.9875014358999845
2.225331304899983
4.854644119299979
5.621822877499987
2.6390332793999973
1.669163217199993
0.6294699760405092
2.530208555599992
6.49007830959999
2.0971533507999913
2.010727360499997
3.719689755199978
4.640617620799982
4.581764007599991
4.602562135299986
4.760504835493572
6.2255244704935775
4.6407823913999895
4.705787348899989
3.994755415299997
4.0046158095999935
2.8286860427999923
3.1202764435
2.212630255099973
4.781437785303815
8.1654996124051
6.880157118202537
1.6961769439999923
0.6989003169999962
3.771559480299989
5.829068594399991
7.640575675999982
5.919872309899984
5.823580508405101
6.111015913399986
3.4930952575999945
2.2258827819999945
7.464962692299991
6.711018077101255
5.677914489699993
2.4150341247999925
2.7465943267999795
3.0049803664999803
6.677922122202534
7.9106538223000005
8.0369405548
9.28131719506798
10.272078854282867
6.562231332399993
3.6198789687999935
3.8803614989999833
3.399085234099992
5.593499618499987
8.583175019797434
9.024508326795981
9.704439486696158
8.34067177730382
11.20219006699999
8.152989369202542
2.458933007799973
7.190071989405091
7.858584721405102
6.353804235799986
11.273621978999985
9.425521885696154
9.802359686212151
9.586762594727988
10.08130612628287
4.895478825405093
6.708989215101256
10.2710222320707
11.910601752999993
8.400562362696142
10.74401841899999
9.505195553717098
6.666699288898705
8.286517631493592
8.058744026202536
9.139763122727969
10.38841691099998
10.59669062799999
9.762502531271984
6.664500277699989
2.8355055480999876
5.45095859220254
7.171949365199988
8.785667513999991
10.04616703020399
8.075354490696146
4.469520191999986
3.5988715835999985
4.827192774999994
5.230371589696141
9.511115808070693
6.674138232399994
11.184343389999981
6.500951672399989
7.455433734101262
9.197859983858539
7.905012261999988
9.528542143202557
8.74884856110127
4.07000245359999
2.79357364199999
2.6607637710999925
4.547221929899997
3.3484959060999944
4.448565257299988
7.623829220594862
8.967570370339983
8.443589381405113
6.29455749049358
4.7499071425948465
9.581270709135977
5.320949703999977
3.111806173699981
8.693450527999968
9.041364173898714
10.455310619999992
12.57993781099999
10.558697693999985
9.980546639999988
9.285697715863988
9.615306297203988
12.449441076999992
7.52292135469999
10.161225996122251
8.257916361999987
9.896945301858548
11.298677868999997
13.147134998999993
11.04838147899999
10.612046506999992
12.271597298999978
12.374104133999992
12.167170015999996
10.538875988999989
3.1720750243999762
2.437371371499973
12.61059397299998
8.735747502101267
8.863468330405107
7.088306837506385
8.251118153405105
9.249188175999999
11.102223020999991
12.626772597999986
11.606365253999995
11.679490717999988
10.963110468999993
11.103417928
9.481384780931991
9.887813545135991
9.413547630203992
10.10145098414143
10.316721586999991
8.087685501101268
8.311377810696147
11.503168941999995
12.30569368999999
11.579949233999992
11.06313112299999
11.05985936899999
10.902316121999988
12.376945977646391
8.261233439599996
10.747005523999992
8.871033621202553
11.36813175499999
10.53982618099999
11.263204024999988
11.610374079999989
12.39253881499999
12.37528106999999
11.54024520099359
11.873893299999999
11.519518659999996
11.35148896599359
11.383805829999995
11.51413813499999
12.696120151999994
12.057194396999988
9.617243949931988
8.720201910405107
9.722382530202559
10.884059321999995
11.553579810999988
9.622333596863992
11.381380031999992
10.417743931999984
12.85366080599999
11.820811210999985
11.107808658999991
10.904525431999993
10.408064545999988
8.683441215493595
10.337388704989122
10.635660669986402
11.86377537799999
12.668393911999994
11.988095615999992
12.835136628999992
11.088910048999992
10.643648897000002
9.170184338405122
12.70360244799998
11.367973476999982
10.843844618353586
11.843077801999993
11.839152581999988
10.336353602717105
10.779621330159983
10.503180797999988
11.718060233999992
11.462591167999994
12.866603670999991
12.193827274999986
12.155907342999994
11.217226027999992
9.329830082787822
12.362783668999993
10.74625943799999
12.166345691999988
11.912009008999991
11.582951169999994
10.200287316931993
8.623072872895982
9.307147685202551
8.410471894797427
9.818360066141423
8.113886399797428
6.265845825199997
7.8564462005948705
10.865666201999998
11.424557252999987
12.410481328999989
13.283752831999992
12.212354049999991
11.976791753999995
11.61782763199999
8.715764990202548
7.469061624101272
8.923368891898717
10.843486851999986
11.464546200999989
9.66193560319759
7.383670097399992
6.915665554797429
8.746637062101264
8.476009669506391
11.43926643499999
12.946963827999994
12.339409006999988
12.234464086999992
9.981209976135991
11.518372539999989
10.09932771316638
10.552315690652796
8.754180041493596
4.719315792799993
3.5629624298000087
1.540506820699994
4.089644578599984
6.915463438399987
7.788080213899994
6.814266670199996
5.7518634170999965
9.678093189999979
11.541629094999994
11.662263530999983
9.954466482659994
3.496893339499988
7.370551672405077
7.239378218099992
6.130699276696143
6.913174217202545
2.555051205399987
5.758189594999971
7.9488827849999835
7.03290982820255
6.52093439479999
7.16633031010126
6.163278510999994
11.362634237999984
9.16713021549999
7.776332623303834
6.530010064699997
7.063164408899997
8.820498719797435
9.205659866203986
8.520730926493577
8.640733979797417
8.322339089999982
6.866754063405099
2.44972156979998
3.2876474593999916
2.7802679656999993
2.9690435683999823
4.196170675700004
5.029544410699999
7.769675350999966
6.518095800797412
7.853586395303832
10.265286951999997
6.886162654099988
6.089808261099996
2.8560739257999845
4.036839691199988
4.34951450959999
3.594369082599978
4.000955007899983
6.7797849029999835
5.186885110506368
5.491839549299981
8.589213430797427
8.365561927797433
7.97562964779743
9.792664938271988
2.1883435730000014
1.6281797897000008
2.6286054488999895
2.522657554599982
4.584119966101244
3.3732069777999967
3.6616088164999803
7.061190833999966
7.853143301405098
3.9723453032999876
5.045882328799969
5.434908689899989
4.303123930399992
8.369025192303823
9.60815868686399
8.201488386493587
7.79836715699999
6.7840277602999945
1.0150628325353572
2.3357912047999956
1.0113081872931997
1.1288607033787657
2.730508892799987
2.4435120406999924
3.2849653823999856
5.001648754899986
6.785171562199997
6.2324430449999975
4.298618264799982
2.894291194199988
4.257537602199982
5.447427729799981
2.6629721007999896
3.7901407485999945
5.357784825099993
3.752264350899988
2.145907942200001
1.0459526371999972
1.3302180312999963
2.952512402299996
2.767854005399998
2.5624979659999934
4.20971837459999
7.845249793999972
8.533102973898712
6.7975887344051085
8.890576614405106
5.988022982799992
3.029802572599989
6.286040264898701
5.172839033499987
5.50854738459999
6.434558363299994
4.886262184099986
3.9400988707999955
6.239140501399992
6.060627026405101
6.640867164599991
7.4231639877
6.837082241797413
7.8559523986999915
7.094234533699995
7.595132943696143
5.210707994101257
3.593665467799993
3.3948351165999844
5.027813801599983
6.184117507898701
6.361397705101259
1.805554321299996
1.358917051506789
1.7324965865999933
4.152902709999991
6.539618223599988
7.148289074696145
6.388175668303816
6.979235926799988
4.445683872999994
4.231071533199984
5.691943461594853
9.04218140869616
6.621383595300002
4.503212135299998
1.2470960555999966
0.8011746427659969
4.81321829379998
7.24047759249999
4.611190592999984
3.449015074199993
8.913514750696148
7.851817681898702
9.345285990931986
5.565216421499991
2.567001724199981
8.067811437999978
8.551058631898707
8.263891599999994
7.546214733898708
8.08512342989871
9.769097218203989
8.125478222696145
7.25051441499997
7.612410993999985
8.637063728303826
10.929667542999997
10.614967350999988
9.472058177135983
8.69137475130383
7.122306260696143
10.14075488893199
9.11737563313598
5.019886778299993
3.7768076186999844
5.197281318699982
9.580751986696153
9.802422314339987
5.669424362199992
4.324781872599993
4.911647671499991
7.193018040499996
8.317184587101266
2.195472581499995
2.574799110399995
3.5883631026999883
4.699872386199996
7.097409544405105
6.370825245699999
6.603727854898694
4.682787403899992
3.829780726600005
5.766049325600007
5.936244285594855
7.320278631594867
1.9141282500999892
1.4986997039999956
1.1344124743339958
4.642469396999976
5.5819553008999785
7.742245765696141
9.0519085814936
8.540554984999993
9.601319529795989
10.181169691353585
4.698217474399988
4.760256632999978
6.447184153696146
5.470306201199986
5.463139179999988
5.0891720596
6.702265086400001
6.371530845599993
2.018480425999997
1.374382279592911
3.381232315099982
6.606017230202537
8.354523246797418
5.0375669463999895
7.209712100202548
8.961393879696152
12.886919486999997
6.526345068399986
3.8393613128999857
2.1736690230999827
5.30753202359484
6.263131822199988
6.1075501053038215
7.449519360405103
8.84723292999999
7.528016998303831
9.082764137297426
7.943013043196145
8.320745060696144
3.9306140090999815
8.111671127300006
6.69179951779998
5.549148141506367
8.398896337898694
9.213237995898716
8.183296441696152
9.940197753931994
8.533622387696147
11.980329064999985
8.88384920199999
9.829395669594879
10.774605346999985
7.573496714799997
6.375255090303803
2.7888720107999947
4.0051928145999804
6.092105197099987
7.463316973898711
9.068851040594874
7.717636759898708
9.70727711020399
11.657871787999984
13.44653039999999
13.049534823999988
13.741222954999998
10.113273481858549
10.459001783999986
8.526091366594871
9.481770742863992
12.197384708
4.035007424899996
8.5905189804051
8.929372437999994
9.067520236202549
8.206466877696146
8.671460446202554
10.046907885795994
8.868574754303822
9.724199735999983
9.10717213293198
11.521886818999995
12.67061227
9.812877767929251
13.452932866999992
10.844439043999989
10.963074187999982
11.874508393999998
13.95695767399999
14.356824433999993
14.20541618499999
13.299711225999989
11.955704192999983
10.139744320795991
11.60449221599999
9.281663447583986
9.280571084594868
11.85582828399999
12.482465583999993
13.815492322999988
12.743459743999988
12.352333899999987
11.956441723999987
11.69393311199999
12.565351446999996
11.014899834999987
11.704986147999978
10.936483503999993
10.214007865999992
7.577188835101261
8.441324728405107
11.668351557999985
11.559973952999997
12.491788321999989
12.805321048999977
9.993080714271994
10.354900274999979
8.244018772898714
12.104873499999991
12.404117231999988
9.460767423999991
10.767808654999993
11.173531891999998
11.105202997999989
11.299031380999988
12.528742075999991
12.287789612999989
12.424278457999986
10.14288318485855
8.899455918898713
7.925317309594863
8.49549919279742
10.115905169795987
9.789406790135981
13.090032256999992
10.894535647999984
8.865863098101272
9.287251286303828
11.298130027999989
9.971605052141427
9.669485235717108
9.567287219135991
12.090358181999992
10.529075857999986
9.698175694203986
9.958794720339995
12.188742284999988
12.861218499999985
13.088958614999994
12.632251726999991
11.85036570699999
13.06560766599999
12.797438083999989
11.499151166999985
11.291815937999987
8.651357034303828
10.147723687787826
10.240375556929271
11.079969780999997
10.529362079999988
11.505533056999996
11.956343226999987
10.386328060999988
11.750795087999993
10.265970223999984
9.993201666212148
11.24066657699999
12.022206348
12.04734059299999
14.075763640999991
12.959509868999987
12.604915685999984
12.317840299999999
13.733886333999994
11.617277447999987
10.058128805646387
9.316545841999977
9.307574920696153
10.856836777999998
8.546397538797446
11.251266924999996
10.520947144999994
6.715290197803821
9.476417312727985
3.678868191499983
3.843587695299994
4.849510209696109
5.599805798299998
3.687457313499986
8.794067079202541
10.955395604999987
10.640627265999985
10.38938542899999
9.738296537863983
6.5173971328999825
5.9518242965999795
6.074415006999987
7.894609471101265
7.846079670696143
5.4853926102025135
7.192017430101256
8.923274514797432
10.769491179
10.858016594999985
8.605159512311978
6.631221469101259
7.47114479369615
2.4391687530999766
3.9017624999999843
6.159034532199979
4.747071809399988
5.593515472399996
7.376633074999974
8.707445373646365
6.2792779143999855
6.922334612999987
9.785117079141424
7.902047006199996
9.21058470913599
10.235853538999992
8.22434212650638
7.753000608797429
4.702038258399975
8.346701597594867
6.181082342499998
6.05622018279998
4.566401649499986
6.473274896199994
3.9383005523999914
4.303740541099996
3.7200877837999835
3.574933514399999
4.166718009899977
5.560591537499986
5.768390663099993
8.25748249359487
10.062606074646386
4.577721389799987
4.41538055729999
3.8220567763999784
1.7988417983999883
4.414228861999986
4.2199356765999765
2.5327061675999794
2.8932416930999887
5.684246804799984
5.147115721099993
4.222434483299999
5.629057435599978
4.562619058199991
2.6248789336999994
1.6769909224999997
2.458691046099996
6.804244035303818
7.646422975202547
6.211414520299993
6.153618521099986
6.288822180199989
2.7462219970999917
5.25028534999996
2.8520215942000013
1.5835641936999962
3.175681745899996
3.616537373400001
3.139135952799994
3.4130756453999855
2.7201701751999976
1.047582122309982
3.110396785000004
3.408000421099981
5.190896826199987
5.702527047699989
6.4942042464935845
7.448268157999978
8.881802487135978
8.740309704727979
7.087449404898704
7.281556744405097
7.718316169696137
7.022521537797415
5.381587271099993
5.234785174599993
4.442815475499991
5.095045317101257
6.7373316314999965
6.04953653869999
9.337660488931979
10.540191872999992
5.723981654399997
2.0980966003000012
3.540404737899998
4.014505787699989
5.39579349519999
5.485843398999988
8.039450323506383
7.624189825405098
8.500997520405097
7.237891340594857
5.411477036999992
8.238646002202552
9.144139309795984
7.3775800948987085
7.002566012594868
4.377764315799997
5.356274836699988
3.3341815062999944
2.7882994460999964
4.219251615899993
2.0414518126999885
5.828690037499992
5.048960441599994
9.427388676506396
8.71134428249359
8.181405488594864
6.828005285594863
8.90708633879198
6.006791743499987
5.030466204799989
6.995702035499994
7.820578669699993
9.58225984327198
3.586328329499983
2.2966637557999685
1.8600669890999861
4.289696960399991
7.587047311405099
8.786790833999959
9.30686216893198
4.564927622999992
6.100107643099983
9.867538371212145
9.917054487717108
10.182074323999993
9.911916039999998
10.607220812999985
8.133785864303828
6.424476031499987
6.268553971900004
5.723435949699986
8.067069312999992
8.756326104696145
10.092394200067995
10.401509877
9.38113853150639
8.609863034101268
7.114607141101266
8.025235531599995
9.460658399999993
9.092466473405107
6.330003977999986
8.328960728506386
7.438756513999989
6.091528395101252
8.413372691303822
7.76913867030383
8.874276773101267
6.255929399099998
8.791733270303837
10.913830497787806
8.047253568999986
3.836073319999993
5.530575396699989
4.243538966399988
4.501090208399981
4.738259759499985
4.272327271999998
6.282823875399984
6.114790386999976
8.514365811202545
10.75493599099999
12.356262694999986
12.633196435999992
7.701108891299997
10.949042081999988
11.366946227999998
10.496633864999982
12.491866694999981
11.268590793999985
11.682981310999986
10.558733985999986
8.00459757230383
9.677674139415991
9.156161138931987
2.181659057599997
6.30864127659999
9.111145329303826
9.457237681717103
9.974166979999985
10.072379310727989
7.266228767399991
7.2945112410999915
7.012009283399986
9.791171455271991
8.62573496089871
10.688897170999988
11.588130964999982
11.412342591999993
11.971018709999996
11.66542735099999
10.814243972999993
10.848180260994566
12.406716126999994
12.959180037999985
12.824057813999993
11.575923552999987
10.932819082999986
12.822361916999991
12.013163605999992
12.052568885999998
6.883117239405101
9.516751844863986
9.407139769000002
11.309516753999999
11.901420891999996
11.83976688999999
12.91238478099999
11.20334948399999
10.88914379299999
11.769905047999988
11.097793857999992
7.075000662202537
4.691306707799978
7.903919541898704
9.307083349594874
8.956880670202548
8.125003050202544
11.557627653999978
9.637126507727992
11.708797976999982
11.777585346999997
12.46880472999999
12.31414801199999
12.406725312999997
12.85268081099999
10.559100890999991
11.514851583999992
12.162074920999993
9.711468089203983
6.9627155364999895
9.616694442787823
10.89258544299999
12.19650288799999
12.813711596999989
13.414747536999998
13.902250643999999
13.771305928
13.043152546999993
12.728026008999993
11.874030383000001
8.728846997101273
10.829156420999993
11.350865274000002
11.750574471999986
12.071335866999991
11.199889721999988
12.025247289999992
12.833308858999999
12.819267278000003
12.420855498999996
14.055062426999994
14.109417339999991
12.11461426799999
14.080133001999991
11.907156749999992
11.961122522000004
9.280259416135976
12.306914928999989
11.338666015999989
9.846280197067994
10.348443981999988
10.540558127999999
10.198082322795987
12.68519976799999
10.672045159999987
10.530691118999995
11.521551243999989
13.389492373999996
11.48012710399999
11.16740824699999
10.208101718067988
10.014132228067986
10.210594192999991
8.173757128898709
9.840328369101275
12.031200365999997
12.427700298999998
14.22877313099999
13.174764910999995
13.263139060999988
13.007776275999992
13.39994470999999
12.87653354499998
12.040442293999988
11.59249765799999
9.270478785696149
9.515870017999989
8.66309405669615
8.831825807202543
11.224861004999978
13.064160593999986
14.796486600999993
14.79587668599999
14.38587484599999
13.995107766999991
13.425535486999985
14.304054815999987
14.120808544999992
14.561844990999989
14.977802115999992
13.902991572999982
8.209194392405102
9.739071098203983
9.07550262299999
9.322248805135986
7.459641101101267
10.020778031931993
10.451635367999984
9.449942867999981
8.905926435898705
9.43941836535358
7.219263301101258
8.171294389303826
8.87666367965998
10.592326426999989
10.07862880235359
10.100904278717103
12.404947925999988
12.299586736999988
12.927091657999988
12.826977018999992
13.095676923999985
12.676254600999986
11.136484974999991
6.560569505299997
6.043844511399995
8.471845320101275
5.229798989900003
7.196768164101263
10.768295179999996
11.051416853000003
10.58734476499999
11.632336541999988
10.605158864999984
7.713246005199991
5.383277290299987
7.503518084700001
7.103848518399999
5.023316001899985
9.408443734795988
11.630921116999996
10.334152428994555
12.752142402999981
10.389766295989114
10.283306314
12.064392861999995
11.558902433999995
12.082190217999987
12.105219835999993
11.985056385999988
12.043298177999992
12.038269068999996
13.68918405299999
8.262597781405114
7.979812188696138
8.839714475999983
7.624794670101254
6.604567747499984
9.105849323999985
9.410154145863986
10.325445655999983
7.262788044696145
8.108154849207969
4.541192311099987
4.049722518899993
2.875944296299991
4.698205602999974
7.044899024999982
5.188628976399986
5.852152902199989
6.878320922899984
4.760783787499994
6.111018180799994
7.029240661594862
9.563628507999983
3.1072541427999876
2.3096600432999916
3.1529364196999867
3.2693887008999774
6.8553215775063645
2.047493453999992
2.7918015076000007
1.9052825789999988
7.44983401340509
6.07518448639998
5.262717970299991
4.591692124899988
3.3607423568999972
4.767889114405096
3.8164996428999904
3.754706190499989
6.633042297405105
7.825943679797426
5.2320636092999875
3.8089552215999927
3.6470987258999985
3.632724883999993
9.32269963530383
9.010312057506388
8.7316494934051
7.908060575898709
6.6466920989999885
7.3946426375948615
6.49113148189999
6.8016265563999845
6.977932450898697
6.517064250202546
6.62804002079999
5.4514972259999865
6.227589158599992
8.258211845405107
3.0025996657999845
1.5014068496999986
2.8961219222999675
6.69867221979742
6.769555104101263
6.508363940399993
6.709777479594863
6.431596496599998
5.981239201399994
7.72268181759487
5.596860760499993
2.7960394561999897
3.4489826125999876
6.404186163303822
1.8646575927999918
2.0962781722999857
4.499248745699977
6.669130418399994
2.8345103240999885
3.1330860244999914
2.4777002334999993
2.9278686187999887
3.6681381072999737
6.26768108979741
5.389775955199979
4.39431730649998
1.4992598235999979
1.3073081696000015
2.5856813338999936
1.2365617232999995
1.3545702876999934
0.6389835821199987
0.5218840843200001
1.2374954407000005
0.975021739960001
2.079971931499979
4.326254840099979
3.6101073836999844
3.9442752196999864
8.769430743405106
7.88561271969614
6.828102778594861
7.161482350202542
6.268412963899991
5.749474783299983
4.751665415999987
5.0973614257999795
2.736351905799989
2.157033569299987
2.944092687999989
4.504612840299993
5.1150118468999874
8.516953315795973
6.725670513898705
2.638368550099989
6.391359902999983
5.957684982299986
6.511848652599987
3.8639462691999893
3.7753637298999934
6.168152571100001
3.7757612380999923
8.813509565696151
6.909187757899989
3.888894877599984
7.580004489101258
9.11262855820398
8.562233445696144
7.706299017303819
8.414856755101269
8.918364269999985
7.838636566202551
4.0239148726999945
3.9154757155999858
2.5263825591999844
3.6009961760999927
3.9329613387999935
9.020489572067975
10.184566209282869
1.3149131347999927
1.1197121919008155
0.7877249764400003
0.9563556013067939
2.3961167159999883
4.917775427202529
6.967703468303819
9.005039587405106
1.957271331799978
4.90416777949999
5.581303410303814
2.3096146865999847
4.995021177699979
8.02078744050638
9.719346461353581
4.754930746499988
9.291551287863983
10.054780325212146
10.10260124371711
8.194686605797427
9.171337055999995
5.598424856599984
4.760513684101256
8.088908772303819
7.72851748349359
5.7983996398999915
4.91805126649998
7.615606645199998
6.246630213899986
7.587641242999995
6.480544036899991
7.762357568399996
8.130168125899997
9.081702462797425
7.1737668273999935
6.058883039899988
3.1753737334999834
9.570282836895997
5.472649558999983
3.4219665069999716
4.243752207899979
5.9755375304999925
11.02357627699999
8.712082659898702
1.6824533111999964
4.077151353499984
6.55298788299998
7.394097135898708
10.124745967070709
9.478473159797437
9.795166610795992
7.577130967696146
11.773038994000002
10.961384063999985
6.423384133899991
8.994933467101273
10.397507213989117
8.506065612797425
11.662544842999987
12.190539240999987
11.905187926999991
8.027032968101253
7.518233160399989
8.0371100784
8.934204252594883
9.37042423872799
3.1601025039999846
3.987762475599982
6.7144444381999895
8.30364664310126
7.381307508898708
10.786401499999991
3.691287083399979
6.456962277199995
6.546763536100007
11.473417463999997
10.428867241999987
11.910466919999992
11.974389640999984
13.261554459999989
13.73590479999999
12.792282151999993
12.079593924999998
11.742146155999977
13.422737450999982
12.56745787699999
11.392519613999996
10.817840993999996
11.647919513999984
12.888107227999988
13.984508129999993
12.90524187899999
9.923837370372146
11.134815839999982
9.382608378594872
10.036406048727986
12.070027999999986
10.088259522999985
9.653084497067987
8.526764729303833
9.008932362405108
11.884570670999983
14.182996143999995
13.124992803999993
12.601846625999984
14.051359331999993
12.399110421999996
13.905116692999991
13.195974720999988
12.747830825999989
13.464807705999991
12.894673853999995
12.914004741999983
12.82752778899999
13.823370083999995
12.681686832999993
12.19324887099999
12.764200702999986
