9.946613917646387
12.554247020999997
12.293286744999993
11.955810142999988
11.417447434999989
10.343474976999987
13.068730063999999
10.96713905299999
12.616681363
13.153153222999993
14.184230353999993
13.793656579999992
14.58355956299999
13.839049189999985
13.931483095999994
13.863318464999988
14.249831669999999
12.254565249999986
13.866032229999991
12.958943464999983
13.232450237999991
10.330398036141425
11.606213553999991
11.705744103999992
11.184077021999991
10.570504198999988
8.098935462999988
7.986688212594869
6.796009596299991
7.346810227999987
9.062770857202548
4.639791563399989
3.9956500930999765
5.475292904699984
8.33409345699998
11.428858681999985
13.103549524999991
12.402182055999985
9.014444529795982
4.030768969699982
7.196283169594861
9.989456350787828
10.996570669999985
10.744105584999996
12.257341109999993
11.412228229999984
12.801586973999992
11.803338981999987
12.251920926999984
11.43163419599999
13.037946206999996
13.168909440999995
13.119344661999992
12.316454694999983
12.373309672999987
13.424183146999983
10.497610206999987
10.746840030999984
11.459136570999979
11.910701941999983
10.78228097799998
10.763285393999984
9.736407696646387
10.049311579929263
10.45578672492926
11.394354804999992
13.308947925999991
10.884641861999983
7.376193633999983
9.291673243795985
8.742235879493586
10.42159731899999
10.797041710999988
8.94383383789871
8.314513983202549
8.079389689594873
6.995208210799989
8.777251359594864
7.189795733599991
9.972543687271992
12.124375763999986
8.138150796659971
11.871751966999986
7.889845434594866
7.01026658169999
5.643475529499999
5.349744490099994
7.740199027999976
8.191671981797416
9.554025599795986
9.52270346520399
7.116963040199991
11.027733079999987
9.735890418999983
9.652692114303834
12.346918632999989
10.721148394999984
9.993935177717105
12.331301742999988
11.523311521999984
8.661416488594861
4.0760504302999845
4.814734156797413
7.23077250369613
6.297859716797423
3.9912319930999844
5.28680876159999
4.104201937899992
6.544092185999983
3.694354260299979
3.4987526092999883
1.8776068252999907
3.726810833699982
5.944838413999975
6.8273174209999805
3.8250784133999756
8.824991181929251
11.44724009599998
12.36565625299999
2.171454003900003
3.317071261599989
3.4498390181999867
3.866482516499977
3.445816708400001
3.9832514801000016
4.062005564899992
5.217372132899981
4.646732629399991
5.043461424303812
8.158236186202553
7.702426792898703
8.921383915696145
5.755249816898692
6.386863432303819
6.092776328999969
3.7756954375999863
3.3289806273999907
3.8488486358999987
3.232957325699985
5.701059408594858
6.543635906999978
4.389371240199989
3.2096364242999944
3.429688568099975
6.25835965730382
2.648192660499989
7.297222210700002
5.921677625999989
2.148914587399987
2.7630033553999804
7.790948016405095
6.423865714999957
7.422759300202536
8.703119563303826
10.130727143929258
9.54428601993198
1.0147086244727999
1.6834117354999953
3.094770123299988
4.623233360299984
1.1709982211070653
2.9219835204999773
2.0165511672999834
5.412819990493576
7.91351425779743
7.2404364365063865
6.767436465506387
6.9922788878987
6.468894081101263
3.797878102099985
4.920628321799979
7.281360087594874
2.7759023391999915
4.699159028599984
5.575059062199986
6.367009355199996
6.514945329303821
5.785102685499988
7.119967800898703
8.769943353203978
9.545920883135986
9.948781199717098
5.772072987399986
4.132365435799989
2.9507571532999823
1.764237014799997
3.314616552699987
4.2915515212999775
3.8964005904999937
1.5446161269999996
1.5630367598999975
0.6462475368506367
1.9702829741999945
4.182891049199984
5.854960261499994
4.847158428999978
7.328970060696137
3.678546330299976
6.33533155059999
3.3239358153999965
3.1561166442999817
6.502009126299993
7.995374127202549
7.404647738599992
6.675876103199993
5.489376878399996
5.694861004599992
5.062789526399998
4.399939436299986
2.76857086939999
2.883454591399991
3.960490292399989
5.008724095199988
7.069744355797418
6.2577957976999885
6.723073994399991
4.563766546594852
4.447223513799977
6.756618621797423
6.057464512599994
7.551573989898692
3.0952905913999915
0.8227271421271969
1.954617327899979
2.8811984710999754
2.1474978240999842
3.0394433761999884
2.1715020553999973
3.9752687407999807
8.883012554898707
3.063771746799989
5.727197761493567
10.077337390067992
10.307058091999993
4.784524839799992
4.890189007599992
7.120725479101258
6.349293316699994
6.272728828399985
7.346719512899991
3.064025015299988
6.849538285797424
1.9729845595999924
2.6974482009999754
8.36203796079742
8.496181391898705
2.247082299799986
4.2588342513999775
6.682256208799997
4.560227360493572
5.678477957199986
10.302638384999991
7.337069050594863
2.998201617399988
4.990882293699985
4.494441407797409
2.5765624495999755
3.9515743743999767
3.7223906768999755
6.147685179101265
1.267630965414137
2.152234558099989
3.9346467025999727
4.009910778799992
6.932432087696147
5.540288929699989
6.818838536099989
8.285707975797422
5.90466171110125
9.839530882203993
1.5606764068999908
5.261636299099979
8.28406386410127
9.466092018070704
1.7434127852999892
2.0173819091999867
4.796950439499978
5.5930648345999865
4.1403342116999955
2.819602799999977
6.7489485869999895
7.508768032797432
8.173800219696153
8.552981219506378
11.064884857
11.69488202399999
10.922761242999988
10.134090205282869
10.993124848999988
2.0319393004999986
5.994754147303812
9.914649287271995
10.148776954908328
11.293865137999994
12.545340535999987
11.251297385999994
11.353846497000001
10.986713695999988
10.266200569141425
8.227257189898705
11.127328584
5.350407136499992
9.238113342203992
2.8491027236999944
11.495120200999978
4.332406819199982
1.5789117965999961
2.5412674025999977
3.1863423156999686
5.778838951099986
3.6671486114999796
4.16940281069999
2.198215902699994
3.9263227431999974
4.2482149688999815
6.581813192696142
7.412507958999992
8.971335290493592
9.071755335999988
11.047780179
10.811002076999989
12.554507555999988
11.18449353299999
10.953393439999996
10.175284496997275
6.980913450594853
9.542116616858545
12.323324997999986
10.698252585999992
8.260542852797412
11.562431783999985
8.728525051931978
8.272821569797417
10.443956919999993
10.410268531999986
8.939887965405104
10.547707438999984
10.657932361999986
7.706980342101259
9.405163606303832
10.509288141999997
11.82086340299999
13.273647478999996
6.717951156594856
4.477193934599974
11.265409937999967
8.362418162493586
9.134411033727988
8.525080924999992
11.478369831999983
11.25765281699999
7.378603073101265
6.591219395405088
5.625761584499994
8.328482171594867
6.3848466964999835
6.466164874299994
8.892472758506388
11.511341555999989
12.082653451999992
11.88367244999999
12.274935927999989
11.341373692
11.940207972999996
13.091804732999993
13.19565780899999
10.980168369999985
12.14839462099999
10.718907862999988
12.719645124999989
13.091935204999992
11.435599959999989
9.103202212659982
12.503833928999994
12.581352422999988
12.905253013999994
12.429026404999997
12.087195125999994
11.223751641999993
11.714689164999989
11.686477768999989
12.116128689999988
11.129066334999987
11.336746631999993
9.85499279013599
12.609732467999994
12.228325754999991
9.17342186579743
11.996025823999991
13.495501885999989
13.233004978999993
14.18547606499999
13.46985254699999
12.53010805999999
12.110863997999987
11.533971773999989
8.946127729797428
9.08087582240511
11.332508544999989
11.727113210999988
11.229757415999982
11.783456547999993
11.825221410999998
7.797442945898693
7.672189622506363
6.799112152099989
9.941367779847202
10.15061427
11.479789779999988
11.137868635999986
9.650921498067994
9.521774230999984
9.156199108931988
7.079158563202544
6.864975546303824
7.457489939898703
10.001357133353586
9.251363919067987
9.525976380929261
10.467488523999986
11.114009893999992
11.552838756999988
10.822347854999986
9.325686347999987
11.343853847999988
11.60710501099999
11.206849233999991
8.852171801797432
11.557274961999992
11.189733509999993
11.471443390999989
12.971040340999991
11.570422817999988
9.887901237353587
8.012229237405098
9.140438861067983
6.914313423199994
6.563718724099989
6.293537933299981
6.834182005299987
10.278793839013595
11.081909313999999
11.841113112999995
10.588481128999996
11.13168038899999
11.33506975399999
9.855189678999986
10.939409217999986
11.264524109999984
9.75817765499999
10.480771334999986
11.55554053999999
10.77812076599999
7.9673812012025484
10.696789000999987
11.085438723999983
10.865625739999988
11.624817549000001
11.446809110999991
11.87180215499999
13.781827236999996
12.847792801999987
13.341637944000002
9.98644499065999
10.282390769999969
8.488756222493585
9.4900683684936
9.21924642789872
10.372804616
11.535222735999994
10.737910244999982
10.831433864999987
11.260996158999983
9.870774914717106
11.323243812999984
11.191601786999982
11.357188183999975
10.02632806535358
5.700146574399993
6.332816075099993
2.765736863699998
3.8095967879999897
4.295640026899993
8.430039666696144
10.004793877010878
10.779355648999989
11.613133686999989
10.899277370999991
3.258429414399985
4.010469032300004
3.264520271299985
5.813841444399985
3.4758266021999886
8.9697863311414
10.69155114899998
12.010868604999994
9.320109617727988
6.644490798999995
7.639181646696142
6.400517231797406
9.387710816999991
1.3949994142986355
1.3255966079999986
1.2903854384999969
0.8426721405999913
2.423718406699998
3.2166675017999933
5.454310066199984
7.0191425522025375
5.166410752899986
5.2588425017974085
8.853861018271974
11.040633988999984
11.128523917999996
9.268686762999991
1.674846006800001
2.2209616332999964
4.180473156699972
2.360997573899996
6.584987197899991
1.180340534999999
1.545786782799983
2.5721987380999907
3.6214507018999806
7.634785230999992
9.228595280339984
7.413871073898704
3.9136716506999973
4.529091375699988
6.612230514499997
9.634937373271995
7.92847305150639
9.557728886271985
5.837085888699981
2.4752380279999953
2.9318439606000046
1.8242924149000006
2.7960388123000133
4.089593572999983
5.438257652299997
2.1569093535999837
1.620347143599988
1.252280670199996
1.243912557999999
1.562171966599999
2.1967738692999954
2.2796934555000057
3.1507137420999998
6.82544756320254
6.078856983899988
8.436043061797418
9.29858092799998
8.479536573797418
7.279061552405098
0.884418821520015
1.0923282176999989
3.045765025299981
5.239727140799975
3.42693712919998
4.856276374799986
1.4298152327999976
1.5034465590999944
4.896534756499994
5.615421369899986
2.916729121399993
2.226413728299993
1.368860136399995
1.3446704940999956
1.7238035262999871
4.139949311799994
5.054815534999988
7.362190953101264
5.7540632689999915
1.6749270064999953
3.165922846999985
5.872649127202544
3.709939627099974
6.983754371599998
1.5138046813999955
1.1121111438863969
3.1532822112999876
3.0866704085999976
1.765566609199994
1.1792850722999961
0.866149725714138
3.880883650199984
6.91704180299997
9.665783439727978
9.440415458795988
10.293352354282868
6.06045644989999
2.6986059325999876
2.1516660949999937
3.383857414199995
8.408878097493584
10.30849763299999
10.360381879999993
9.538588658067983
10.302183685212148
5.142452014199986
1.3229162810999948
2.3934538222999944
1.9843501021999945
2.609000254799991
2.903794543499989
4.3278148742999925
5.24742193149998
6.518832568399991
7.997032992594866
8.938434973101268
8.681761872898711
7.103321983303821
5.0168956832999845
4.068404179399989
2.1847856017999887
4.918066064506378
8.603241998203973
10.173396825999992
9.622754524135987
7.708922849999977
10.081683244212144
6.4806194716961425
2.4223237899999894
4.9269371779999735
5.792350740099989
8.016616955594873
8.694553250101276
10.131740510727996
10.631031283999993
10.701370871999993
10.883349668999994
5.76358637389999
7.760176911898703
10.911401320999982
9.914114092999988
4.983386257899978
2.204276557899992
3.223127850299979
5.443252264399982
6.450385273696137
7.53078437810126
10.99836700599999
9.861713864103995
11.549736016999994
11.416797556999986
10.998395223999992
12.281124137999996
10.20504575972799
8.662186451696147
7.866919551101268
9.959310456863989
7.2292392975063855
6.664974006699988
7.758458863797425
9.303013047797437
10.333152732858547
10.550709035999999
11.538080196999992
12.198003670999991
11.245541472999989
6.7201585785063775
6.7542119064051
8.273814913898702
6.752385371405101
8.149166152999976
8.418971647594871
4.412892190599993
6.093197718799995
8.927686338797425
9.673446934659989
6.196739454699984
10.6050131517171
10.258845667999985
6.865874977099993
8.842812297100005
10.601715101999998
11.51757021
12.363659118999987
12.725082407999983
12.892562655999987
12.385775992999989
10.877938845999985
11.985238465999982
12.647799282999987
12.252239910999984
9.944190347212148
9.179652264271981
12.811299657999983
10.666749889000007
11.581814951999991
12.208365286
9.128165748594878
10.241200406999997
11.125094986999988
10.45791669199999
9.95770767210128
9.978664756863987
9.738440501271986
10.353388529999995
11.341371067999994
10.743116953999989
12.99938334399999
13.725996743999989
11.719032992999995
11.216211080999988
9.292200048863984
8.977809594696145
13.317992832999986
13.29578717699999
13.145472330999993
13.217053101999992
13.993147698999996
14.775828957999993
13.909350063999996
13.320810163999985
13.780083838999989
14.842950075999992
14.252207148999997
13.812977424999994
11.759645281999987
12.863139560999983
12.257751171999999
11.683251340999988
11.471995107999991
11.091241738999988
11.655394892999993
10.255361801070705
14.433463358999994
10.841431212999977
14.903798127999984
13.406918828999991
13.134223192999993
11.11509023099998
10.574829226999988
13.114915580999988
12.017459766999988
10.317127397141427
10.231160339282866
13.210157107999997
13.823851891999992
12.441090841999992
5.2698568695000025
4.729473467999988
5.501704038999987
8.433879389999989
13.186633628999996
11.284474967999993
10.427141846999993
11.086882323999989
12.151819628999988
12.249986417999985
12.34496066699999
12.769105492999993
12.98992183699999
14.317950368999995
14.957817116999992
12.916182367999994
14.215460364999988
13.784394582999992
13.422943549999987
11.186936060999988
12.06609635199999
12.60695601299999
12.161074865999987
10.916510488999988
11.584068062999993
10.159964689727992
10.893467067999987
11.562791488999983
11.550155065999988
10.955972628999987
13.256376403999992
13.351483178999992
12.426448740999986
12.306912671999985
11.339054226999991
11.96203152299999
13.612623939999994
12.984021814999988
13.851016172999989
14.296601896999992
13.975787887999989
9.643568954339989
8.210782238797426
8.33560414430382
5.166408795202532
7.799439926101266
10.208510298141421
13.392282874999992
12.499532927999986
10.53183084099998
11.871542331999978
10.767404375999991
8.79722634430382
6.6307112961012535
7.403219100999987
9.783525056353586
9.930021928282862
8.568833148202547
9.86796902914143
8.600527630594875
4.363019793699987
8.98420956120255
11.893847216999994
11.644270829999988
12.33306153899998
11.787866688999987
12.573834731999982
11.741039473999988
10.271028995999986
11.89669809099998
12.183608246999988
12.124713845999988
6.910976776099994
10.089258634931992
9.72107486578782
11.56897800599998
12.592912194999991
13.112409412999982
10.348505975212143
6.78801898959486
9.740934944141426
8.868545449797429
7.886820675696147
7.575947558594863
9.031651986696154
11.153147414999992
8.308304025311973
7.987185453800004
10.474359814166409
12.838921195999985
12.587394028999993
8.992082224999983
10.567272487999988
9.896370922929261
9.422766250727989
11.111264930999981
6.008899446099984
5.5217745696961344
9.373792044067981
10.420387700999983
11.143397506999998
12.470243680999982
12.078848710999985
11.485607406999986
11.952084910999998
11.318842966999997
10.210145699997277
9.258391938858539
8.632945025594864
9.465858201594877
9.635808251999993
7.854612579303826
6.529531875594864
4.2447342299999855
6.974715481594863
10.139796198999994
10.170708590999993
11.05901020199999
8.591789233405107
11.194229157999985
6.605955918898704
5.961770436101259
4.597359036299988
3.6384842772999964
1.2300713149999982
2.419077203400007
5.237372314500002
4.6474952086999854
4.481093066399978
3.3067475051999726
6.916946643101255
5.900757630899985
4.136298004199998
2.130667896999998
3.234484287999983
4.313720822099975
5.023263584899988
1.8869893706999743
4.371814572101231
5.992033351101264
5.370874226399981
4.242146447799974
5.131194221499982
3.2641881301999898
4.197161320499977
4.847408549499997
5.877488858
6.713485353101257
3.8452242751999797
3.8757640700999905
1.3357109008999957
1.3754696853999966
6.204048217799992
7.409197157299988
3.6691696471999875
3.809949693299985
4.032621997099991
7.916288496405098
8.919503614797435
8.825409616101275
6.0861349883999925
0.9652721878100012
1.1947939240000005
2.258429380799982
1.1050973807991844
2.8383652831999626
3.1582597411999918
2.676422988899998
3.975346986399989
6.295427900699995
5.662025883499989
8.85020317079742
8.159941102594866
7.444685224898702
8.942850399797429
8.542973390202546
2.5255511275999893
1.3492142302999972
4.852773275799985
7.674743116799995
2.4771189620999885
2.4391127364999883
4.248405972299999
6.5444586487
4.5500677566999945
2.1817062957999993
2.2109280868999988
2.3322784362999993
3.3543813735999946
2.7159057037000034
2.4323283356000007
2.4765262816999973
1.0630215222271935
4.038721545399969
3.446240167199997
0.7496160745727937
1.8919550414999708
2.2071736083999713
4.975909300202526
8.77859182593198
7.791918781999984
6.874564778099991
6.0613894378999955
5.327472666899988
7.527763682594856
4.423358688399987
4.656394514499986
7.027555261202546
8.817273738101266
2.7355217299999897
1.0574414568004014
1.3013461493339855
4.263543617199994
2.1272313048999947
2.3614043410999908
7.46646431120254
7.327070356797425
7.0146413391012565
5.9078426254051015
4.033770346099985
3.97295826259999
7.1724750031012645
3.4799450576999975
3.8128422713999957
2.489709989899995
2.8529446807999825
2.9030073119999873
3.5826892745999914
6.250233209199987
6.9056473694051075
7.566764143405114
6.763529321299999
8.250416319303822
7.8005254913038256
6.851352564999979
7.277605834999987
7.500830621303831
8.39254673920255
6.693367658999995
3.5076425536999847
5.529005604599985
5.923477749599989
2.7121754775999882
5.836388140900007
7.897153524797434
9.15900078740511
7.922006660506382
3.5438940627999744
5.7527153228986885
8.47650228269615
8.29258099059487
7.168319921899992
8.649616853303836
8.793780145303819
10.141356274271994
11.023368377999992
9.194353781101265
6.434558464101256
8.454320384202545
9.810624531727983
10.794405738999986
8.65311788789871
9.210352979999984
6.612616384899986
5.502116426099982
1.4435646052282691
5.782921678199988
5.459059579499985
6.540870638999986
6.650458950799986
4.5950376082999975
4.246948181199996
4.962068534900003
7.486285818506386
10.699354172999993
11.807155806999992
11.011102462999986
10.133768722999992
7.5320215011999965
6.5141696486999985
8.812441741900004
9.912910055493596
7.884939820898709
10.462010016999994
11.522929151999989
12.146912822999989
9.313218264797435
11.445612028999992
8.611832699594869
4.906688769499976
6.619778128099979
7.496986131303822
12.569318946999994
9.071954270898708
7.150714379898701
10.562215558999986
12.19238260999999
10.942689794999993
8.385692039506386
6.562466336101256
8.596381814594864
8.014081303405105
11.395876297000004
9.586541096506394
10.24652768599999
12.107601547000003
12.459994560000004
8.690826309202551
10.072079893166393
12.056046128999993
6.982773225405096
11.798256098999973
10.770945980999993
12.01512121999999
9.76158831928286
8.2674314804051
10.402546094999991
11.213189171999993
7.593710252405107
7.260793951405097
8.209794834898714
9.81677283485855
4.671856893899995
9.938355523787822
8.517696032696152
10.359277535999992
11.992275244000002
11.879218981999982
9.735257904070698
5.841984406999972
12.323099370999987
11.766188759999988
11.269946532999992
11.854014835999987
12.214195995999988
13.922042998999999
13.083761237999989
11.770365389999984
12.20340471799999
11.74324570199999
9.410880752594872
13.100789632999987
13.794960750999993
9.411790566999983
9.340216383271985
5.064952561999961
10.717761268999977
11.968750260999991
12.610664257999995
13.750010439999997
14.476079390999992
12.966329242999992
13.036516233999992
12.475017145999985
12.816327874999985
11.512550413999987
12.276738625999988
12.244923502999992
14.754729737999991
9.606496240135987
11.328002115999984
13.732635541999993
11.513290033999999
13.563953117
13.283500145999993
14.218444185999989
13.533413592999995
12.961733176999994
12.385114596999994
10.976881014999988
11.868353824999987
11.612372823999982
9.730368696727991
9.736219946212147
10.561452476999987
11.299652712999986
8.205236509696153
10.727375342999986
8.920707733202555
11.223036011999993
11.28761854399999
14.18997649799999
13.46661875599999
13.686696406999992
11.994759759999985
5.532240060399979
5.99561171879998
7.542235198999973
7.345018955999985
8.549481829797429
10.051458105353577
10.914793438999986
11.872198971999989
10.621312726999983
6.6055284804935805
8.658946026727975
7.977820422405096
9.015737005594866
6.228872924797418
8.41094623110127
12.177788950999982
13.96627062799999
12.92603895699998
10.353589194999984
12.29034827999999
12.212202916999997
11.373094700999996
11.529199839999995
12.629395142999988
12.698319510999987
13.511351471999992
13.408495774999988
12.125092722999993
12.644094028999993
12.386121174999984
12.414911722999985
10.495285668999992
7.962600471506387
8.826373931898706
9.428789198203983
10.364867741133121
11.663476320999994
11.174780218999997
13.932712616999986
11.026466839999989
10.996424169999985
12.283192878999989
10.545873009008154
6.86987802889999
8.926129042101271
12.177900843999991
11.70843754399999
10.26318149599999
8.777802563506388
10.643759249999981
9.89319510027199
12.346822014999997
11.835409476999986
11.037127155999986
11.850147042999996
13.250983515999984
13.29384491599998
7.239635098303821
13.033625728999985
10.430390362999994
11.466993079999984
10.50758254999999
10.562435311999987
10.186879202203986
9.43982310185854
8.783644094797424
6.974989273101257
8.047982022101252
5.028171034202519
7.818286512791967
11.615529471999974
10.816977460999988
6.660448066700005
9.19279356827198
6.338899746699994
6.645530348200004
10.567897809999987
12.088284662999985
3.822787797499988
8.01553122559485
12.56314037199999
12.173272657999995
9.743020661895999
7.562362206999987
6.562647480797421
6.3348780869
4.906297117599989
5.072945484899991
4.16423473049998
4.300919837999988
6.5864024933038054
9.678525382999988
11.555929864999975
6.626006628405105
2.0593979217999845
2.148092874099988
2.7202245437999837
1.5972628585999975
2.0618134948999964
1.5170414367999907
3.9692772903000004
6.860924261499991
8.65413260040511
8.476436099202541
9.351548539787814
7.105360482797418
9.780575524931999
11.855219312999983
11.562345156999987
8.221107194493586
3.400103208899983
2.9758174666999953
1.9411484420999936
2.501846414199996
2.498386141999989
3.5417637893999956
4.500274928299991
4.80142935489999
4.688192019699984
5.580044288599993
2.115512454199992
2.2668307204999945
1.9796198821999968
2.7325813537999943
3.5482016234999953
4.911624087499994
4.978491357399992
5.025099009699987
7.027204087797417
7.425147286999986
2.309416734299996
3.420046777299976
2.712599502599996
3.226055061299988
3.329107473799984
4.701517037999993
2.2703909362999943
1.4604342589999944
4.675260565202515
8.119975718696148
8.023609973101268
6.19614176179999
3.7861609832999936
1.6922895217999958
0.37436340275
0.7068472292898679
2.7264921706999945
1.754389565999993
2.3495958556999965
4.315963728299976
7.773940551797425
7.72474782099998
8.005210554493582
6.966887081899988
6.5398674209999825
8.255368502797424
6.099824589499991
7.247524302696128
7.003503559898692
3.379584799199986
2.2567447890999808
5.509658795202538
4.2189075103999905
4.231298193399988
7.715717462202536
6.20328524929999
7.078224880999982
8.637967523202546
7.52968548579743
3.747435169999991
3.199927935799973
4.260563583399991
3.2929539519999955
1.5888640515991845
1.7687242385999995
1.9129209212999927
2.9024144744999796
3.4818207992999866
2.3690037917999938
1.901450599699994
2.7015124083999833
5.529282879599986
5.491218794299993
5.8897784302
4.481105308499997
5.4640901184050765
3.483608665499992
3.648203041099986
6.2466310912999905
5.353693807999988
4.9070147171
6.049421232599983
6.983154663101258
7.625457498202547
6.959634985399998
6.292664742999997
5.654810438499997
9.190920783999985
10.483193252999987
8.986702659594863
5.625469811999991
3.8392120543999875
3.2689844268999924
3.2324419799999986
4.402954534899995
3.2022329375999985
1.537492465199996
1.7065808654999999
2.125804592900003
1.0473823836999987
2.1256324004999967
3.774513731399987
4.120006869499994
5.297643289199994
3.639746485899991
5.574949650599987
6.714025573699992
6.502410021999989
7.23936716919999
8.424638952594874
9.38214846635358
11.14457393499999
11.726316028999994
9.838058581646392
10.351817083787825
10.518403551999992
7.249338496405093
10.360244857863986
8.50849269559488
11.953784983999997
9.534306104999992
6.559684278898707
11.998285514999985
8.673566250594861
3.990103796399987
3.8354710509999985
4.648034937999989
7.757285462999985
6.063581097405097
6.033729385399985
1.3831079085999856
4.226015493797404
6.815794674696141
6.947199404898713
10.119462358070704
12.841567029
9.766166039999987
5.133079869099983
1.5479784438999906
3.2937435393999923
5.3402133316
7.004379573101252
3.877140603599982
3.016352770999983
5.511533491499983
1.7114850707999776
8.668804292203957
4.542860539199989
5.321193482999983
6.1668658019999745
6.912425263999988
5.985710029594862
3.8719196197999826
6.194483262599984
7.184425726299993
6.430938507099993
2.599527539099995
5.921437112399994
7.867021780405109
8.334603730797436
11.435878080999993
8.247210119594863
2.9629355254999794
4.491673171999989
3.4045590392999894
3.4669599456999944
1.2508471679999926
1.597060789499992
4.051187544299993
3.279393296799986
7.531479704303819
10.37672474799456
11.914121369999995
12.731611797999996
10.151382264787832
7.6745185729999825
8.413043730202544
5.241057434099992
4.370426580799994
7.532004664594872
11.841161931999997
12.482472329999972
10.122946670646389
9.345486567795989
12.546223455999993
12.056760531999988
12.340600382999993
7.473830001797414
3.7003989974999834
3.661119592303802
4.413154470799969
6.888004275493586
8.573999204999996
8.593253539999973
8.149135284405114
10.551972355999995
11.728070847999994
11.854756995999992
11.503299744999985
11.94860310799999
10.858500742999986
11.94699810899999
13.129711745999987
10.714370115999984
5.207512803594853
4.114472512799991
6.601964938405103
8.072514930696142
9.059105613696154
8.857358094797426
5.72727655329998
9.605951942271988
8.606114120499994
9.590336248863997
11.359382300999997
11.338174577
10.694338692999992
11.519688488999993
9.882033320727997
11.030238599999997
12.524940246999995
13.469646390999992
12.96542667199999
9.332151934858542
7.290742724594857
9.454373370271993
11.12083794699999
10.191304442999993
10.148655786070707
9.516545649787824
10.697256827999972
8.183193411303828
8.281544729594854
6.720168957493583
8.737640891999988
11.115204299999998
12.625048227999992
12.196170950000003
11.684795827999992
11.03059734499999
14.212818024999992
13.344574560999991
13.692587864999988
13.414708890999997
12.437981984999995
11.153360972999993
10.405551063999987
10.769972185999988
13.00097774799999
12.842930405999983
11.664506801999986
13.40153895099999
11.053958091999988
12.67015035399999
11.814541869999982
12.602797866999989
12.758833417999996
13.064123264999994
12.732373621999999
11.842092212999994
9.441799713067988
10.497862085999987
10.084563174282858
12.046627561999983
12.90520170699999
10.524724450999992
9.44112631520399
11.074169443999983
9.033890934797434
8.16805715330382
8.272611093101261
9.888369891271987
11.600938346999989
10.21426883228287
10.29066887065999
11.234365325999995
12.795216295999989
10.940333164999991
9.285498051506393
13.248367714999985
10.05715251778782
11.168737961
10.340059194999995
11.067585106999996
11.10484854399999
11.14894331799999
12.025765871999988
12.061602730999983
13.182726243999996
10.61902251999998
10.236093133646385
9.898216586212143
7.127310725405104
8.676055134594863
11.009811196999983
6.460933027594858
5.923653146399983
6.916183163499989
7.663597647101269
7.04361340179742
8.351584490999986
11.582552190999968
10.83994507399999
10.881925060999988
11.80196597699999
12.141850713999991
11.701542910999994
12.553590780999986
11.359213758999985
12.723588386999996
10.931062559999985
12.966983187999992
12.194240703999986
12.652202152999998
10.762727874999989
8.74712354430383
9.977509875339992
9.940398620727986
10.791024303999988
11.902416431999992
12.94968769799999
12.831013794
8.888793019101266
10.306325829999995
12.036916663999994
10.739658777999978
10.249732703999992
9.93977777707071
10.098360395863986
11.659689772000002
9.936140212999982
8.59155510710126
9.145331460727979
8.110798039202542
5.379900387599982
5.512410139499985
5.487791954000009
5.313114164700009
8.266121673594869
7.587646278405103
8.976596226500003
5.372258195499978
8.88646817620398
7.306341918898706
6.786753796405101
6.2332389327999875
9.739959884717106
10.734843392999986
11.16775560599999
9.946774374271994
10.52074946099999
10.679228658999994
9.538512562594876
8.575047682202555
8.737910914594863
5.160001283299978
10.358554151999984
9.531187091067993
7.247936408999999
8.699792866493588
4.831621202099978
2.688843278499995
2.7731225753999906
3.231586804202521
4.887789915499982
5.543924368303797
2.4503105880999754
1.3456615081999912
2.804945664999984
9.964535443070694
2.155645466599995
3.3666004424999785
2.8995634093999874
2.2764294509999985
4.926674496499996
5.340816221594854
5.713738166797416
4.113569352699991
3.9930329085999956
5.767020959499983
3.073259025599984
3.594865586899993
1.9541775329999922
2.0450125519
2.537387945599972
2.153785598799999
1.9343436890000008
2.8636110717999936
1.9859461226999895
2.6658716842999906
5.164246192899984
4.938668806499994
2.922538459799985
5.4515827895948545
8.066890663101258
9.020515299999982
8.311691303999984
8.176963287271969
7.884738983202553
7.750832751506378
9.45085100099999
6.87072388459999
5.476707224999984
1.0434705885931939
0.9820074198795963
0.7798650533795951
1.0328085323991845
2.7423691970999924
2.3969077453999965
2.475254070999982
3.6296905257999996
2.890556787099997
4.271161753799994
3.9454446624999915
3.945194581599987
8.098566998303818
8.829802854898702
8.94894773859487
4.392525210599993
2.608178814699998
1.527329209899996
5.595742266799988
4.899687150599992
4.5801672774999895
3.502863124099989
3.817657824699982
3.8371907088999877
7.845532150303817
8.610731619303838
5.649160760499999
4.545251724199997
3.9429750426999965
3.6364476684999847
1.2425709151999986
3.620012049899972
7.704977069101262
5.5158179076999865
4.4081282500999945
2.880209034699983
5.791360972599992
3.7978140471999824
4.4335899840999735
6.015243496696143
7.464492724594861
7.996215106202535
7.441071903999978
6.899160295099988
7.150672514303817
6.159605418399991
7.226219639594851
9.831233802863983
4.77852215879999
7.734823699999992
8.92655307779598
8.552411704999988
7.057780544999997
8.08531746059487
7.435633430506389
5.06408980259998
4.275347511299983
6.350983006299984
7.0227978042999935
8.603077706898722
8.6023105743
8.470580319202554
8.486439529405104
10.41118299399727
8.470972625696144
0.9152158132594873
1.0878530477986403
1.3526625851727927
1.3814534705135917
1.1139202304863924
1.3272812097659907
3.310788925199968
2.043843725599992
0.9791653556863986
1.3453585021999757
3.2460311965999744
5.6328220092999866
6.116685847499984
8.301369274898713
9.997959135282873
9.30002678530383
5.971679280099984
7.684763484199998
9.403667289795994
5.377055175799985
7.70134288940511
7.6729629791012695
6.0267497421012655
9.457945542931979
8.713835266101261
5.854919665493573
8.092796238696137
8.44239250489871
9.875431397999986
8.93130521999998
6.625926963797419
4.896335246299976
1.826539300499986
3.7165152343999845
5.728445294199994
7.749699325600003
7.245337428303826
9.215846571405114
9.84779592292927
12.179026360999993
9.816761268583994
7.079436334199998
11.991703335999985
5.155931387299977
4.148029309099974
5.434068646199986
2.748828955099994
4.869804153400009
4.4260053298999775
4.7289395737000035
6.771846780399994
10.667412833999997
9.704889581303835
11.982351735999982
11.542062482999984
11.819137821999979
3.0081900329999787
3.3231479232999885
6.025765685999985
8.310015812696147
6.491578054799995
11.065557496999991
9.055960041797428
7.712079829405107
5.870169029199984
7.7518855544935805
10.364011782858542
12.890596393999994
11.901735068999995
12.440109652999984
10.506203441989111
10.93958509999999
9.926022755271987
11.294315969999998
10.910644085999992
11.381355846999995
10.83977321299999
8.352154951506385
12.25036576099999
10.821166889999994
11.600951757999988
13.02768412799999
11.006335351999988
7.458850804101265
7.894082348594858
11.115996221999985
10.619735213999988
8.348234362797417
7.355764208999992
7.481665829506392
8.676243713405105
7.611218060299994
9.670871917795985
13.10748245099999
10.919577733999994
11.842928782999989
11.848715430999992
11.774464405999987
11.78622466399999
11.590117481999988
9.534316650271972
12.809770694999989
12.497252158999995
10.804151569999982
11.849823923999988
10.76171809499999
11.353827376999988
11.115968526999994
9.08241770320256
7.512080392499993
10.777096227999994
11.832557903999996
11.453288125999993
10.33819481
11.029634049999997
11.603734437999995
12.80081774
13.57267512999999
14.049123627999986
12.57204159999999
12.871682181999988
14.39055199299999
13.727992641999993
12.650052808999995
14.444309887999992
13.910779888999995
9.524337788282866
11.24855714899999
13.624608167999995
8.982308973696156
11.306029552999991
10.479846094999987
9.676791097999985
11.54725338099999
12.374081728999993
9.383281419405115
10.28722548100816
11.39449091299999
12.21738044999999
12.62379471599999
13.480727463999996
14.39756968499999
14.022413651999988
13.172044071999986
13.603758780999994
12.055484960999989
10.080865951646382
9.839297740135985
8.323310137900005
10.619855722
10.413477431991833
13.915733889999995
10.976567933999995
12.365591332999994
11.301068105999983
2.274693748499995
10.12154907221215
11.621141822999991
12.628403394999985
13.163041558999991
12.145021718999992
10.41664450099999
10.26502669214143
10.086853253141426
10.632452117999991
8.633936186202549
10.771742168999989
11.750949845999989
13.244868574999991
12.868056185999993
13.195897362999988
13.326231003999995
13.405882613999998
11.60208412499999
11.458584270999985
10.37330968299999
12.656781217999987
11.509441259999987
7.034427700799988
5.882644274899989
8.463966194202548
12.01682876599999
13.222536892999988
11.69339925499999
12.942616366999987
13.18154057299999
12.342755472999993
11.81015993699999
11.410528147999992
11.735474482999987
12.05226712799999
11.314877552999999
10.585732485999987
11.037489831999988
11.092730668999993
8.788939526271982
9.768628074727989
8.487304324303826
11.43600913699999
11.777175458999992
9.07913959199999
9.571618748353579
11.541163730999987
13.579865729999991
12.49327926599999
13.049730930999994
12.588040323999989
10.494116167999985
11.589922445999978
11.902936468999991
11.280090159999991
10.63487864399999
5.047233122299988
5.981125016799984
6.574928449999993
3.1611970778999927
8.381679399101275
10.543117441999991
10.57916469599999
8.863741506999986
10.103199476717105
9.665730705203991
9.56048692013599
10.052194251999984
10.415624253999988
10.34685278599999
8.562941957101266
1.6270675781000012
4.741100631699985
8.582145060696147
10.64998695799184
8.042441097999978
5.98027036439999
6.594737806696136
2.336999661299986
3.608543438699986
5.190604556299988
5.73915761869999
6.720582157899994
6.922246935999985
6.462583009303795
5.646215650899991
4.768348689299983
3.1100634826999904
2.7429442656999887
6.512838085899986
6.994333680699988
4.0667356032999855
2.3295556960999955
1.7327262252999962
3.0569289809999978
2.4393299987999955
6.1910368789999906
7.614668690506376
6.49070445249358
4.141766999799978
3.624662623599981
4.001559805299995
4.458438742099983
5.1959672134050985
8.012590081797418
10.623509112999987
9.493919580067988
9.328759498594877
3.052135447699994
10.99046872599999
1.5078964705999964
2.858677868699993
2.3617088180999937
1.9827774474999988
2.916489372299993
3.3509724608999947
4.101864547699999
2.806128617899991
5.122556193499986
7.124726574696143
2.2465617537999885
2.4714513672000007
2.386182296799998
2.2579981811999845
4.004217291299983
0.8035803115863965
1.4882689650999983
3.285776293899998
1.420637677
3.6179564055999696
1.7841600051999913
2.097330984499997
1.8193045196999995
3.5672263062025262
3.102532765199979
9.017016628999977
4.6453524154999775
0.7123104331999981
1.905644426000001
1.336320880099996
2.1828496536000013
5.61736930389868
5.140538577299987
3.5776547698999885
4.538572854599994
7.925296684303823
7.332690887506376
6.643295204199987
7.234668489100001
3.7056247786999927
4.011145324699993
4.491823860199989
6.285316113299982
5.719294433599982
4.870546893299979
5.744620860299992
5.303968968199999
2.9718837218999856
1.4965440703999948
2.7982392592999883
3.93026543729999
3.635166392499989
6.008333795199993
1.239926934799998
2.799458998099983
3.009507223499979
4.677205142199978
3.999528196699974
3.0249104003999934
2.1145436874000016
3.5431004729999835
4.877006710799979
5.373467385899993
3.117401777599994
2.3819847167999804
3.12162165369999
2.724243664599993
2.767564303599974
5.640175100696136
6.218547940101257
8.954044602999987
6.449614546199983
3.2566009292999714
4.002258125299974
2.747096543899987
6.12775440979998
9.700144853135988
6.981507179299986
5.433774255399994
7.6285928069999915
7.727183224499992
6.347606075999992
3.625998913599997
5.248413441499989
3.339604013099992
3.6016720870999896
5.245549241594852
5.653291441303815
5.5735333007974095
7.462777531405096
4.3438901442999835
3.113927552799992
3.1246106749999787
8.680791123999997
9.522480721999978
9.594961973727989
7.800556866506387
8.390360375999995
3.6906053176999807
3.524832359299987
3.9433785293999897
2.0416438308999885
2.880623759499989
2.2673510253999765
5.058883641099981
4.737802966299996
1.5563693404999936
3.0427737244000004
5.724052244600002
3.1739084517999903
6.3885020766999885
7.291905110202542
10.566317504999992
10.950377042999989
7.747624948101268
10.340109188858547
9.422130395493602
7.772864083899991
10.728372878999988
9.23946153869615
9.747936550931987
8.747025855999983
8.848896691898714
12.255821403999997
11.582725646999984
11.615702762999986
12.594275605999991
11.639470427999994
10.857034864999992
10.889829638999986
1.617804455599984
3.9554379897999836
5.078508027599994
5.2184213378999935
4.438295594799987
6.062646867405092
8.144009242202538
10.489805543999987
10.553397678999985
7.241732301303825
5.926075779696136
12.577550982999991
11.868706049999997
11.338716825999995
12.651109830999994
9.194084687858533
8.115266490202536
2.1263087279999917
3.3836790465999886
1.9824711211999788
4.1328506821012425
5.6590185409999885
4.680026919599986
12.831334003999993
4.916243215899982
4.034576525899983
6.6555135879999865
12.818805306999955
7.8918552383038145
10.44411593799998
11.137612244
10.946503998999981
12.982973087999994
13.733912661999998
14.027504448999988
12.77732851899999
9.662508964659985
10.425425821999987
9.324991172797434
10.96825600099999
13.475466732999989
10.737507027999985
2.562237612899991
2.0314239348999883
6.18944034579741
8.212632917797443
11.272246348999992
6.221366116303808
8.400437834202549
9.761672412067986
10.755457236994559
10.209133637999994
9.453317207303835
12.640980007999996
14.276419175999989
9.711912510787812
4.306201417499983
5.020580863999964
9.437242370717088
9.763935247797438
7.365775141898706
6.108835107405102
3.030695645099968
1.936369622799986
4.88397552189997
6.310993897999964
12.217297361999988
14.10646482999999
13.209908457999987
13.841072304999981
10.866821110999993
11.46134817699999
13.579917641999995
10.88685626399999
5.8438003966961185
10.019351388646363
12.030546752999982
11.335671326999979
11.520354596999985
10.427914512717104
9.993539244067986
10.581988265999987
14.92560947899999
13.756606052999983
12.891924662999983
12.173792565999985
11.668484191999996
13.125690636000002
11.309507224999987
9.853053773519992
10.243895098929267
7.366648303202548
13.035578614999995
12.472854589999981
13.794007241999992
10.490884878646382
10.765715702999989
13.348911319999992
15.120993851999991
13.429200124999982
11.850992896999989
10.80215448499999
10.142746481099843
12.435595119999999
13.415254897999988
11.14931028899999
9.531526560999986
8.959396664405116
9.907693928646385
9.826487541135982
12.119036396999999
11.50360816699999
9.16625302120255
9.898770553727992
12.016176064999993
14.863445492999997
14.900874777
14.10274750999999
14.57681704699999
13.242105478999989
12.962363624999975
13.96455599499999
13.007822806999979
9.62338355707068
9.271043427999981
11.944075821999979
11.948516134999995
10.31924057472799
12.296615249999995
13.035083361999993
15.201814550999988
16.152939838999988
12.944061899999971
16.993867309999985
14.110436590999985
12.799218817000005
9.905663482908318
9.55734793093199
10.457344083999983
14.599133135999995
12.895687809999984
11.533684595999981
13.596365917999986
15.116299279999986
16.219908005999983
14.52248142499999
13.681177199999984
14.48541218699999
13.932557613999991
12.616781611999993
12.105969144999978
11.721279801999986
10.352084155212141
9.155004457070694
9.66253022913599
8.09678318630383
8.156658332797424
9.04746054385853
11.229215825999974
11.509103620999992
12.801302678999997
14.589996212999989
14.556875712999988
13.072583587999983
12.446616063999988
15.67606876999999
14.844798556999992
15.120661138999996
12.416962833999985
8.804887240583978
9.730184286353582
11.486692277999987
10.622828359999989
8.640604807999974
9.30260106199997
10.76055564999998
12.315711916999987
12.534645763000007
10.048864363067993
9.273898130863985
14.218819269999985
15.395763581999992
14.38079694399999
14.39960278499998
14.114490615999987
9.858327453717104
7.596878941303827
6.976367694101256
7.205910841405101
8.942803655999981
10.239675675999978
9.792503469797442
11.92904604799999
11.68236668499998
13.174768072999987
11.25344925499999
12.986647082999983
8.87874859479598
2.855054524199971
5.562398277299991
5.957810163899991
6.472387823506383
5.786584107999973
13.679483178999988
6.771261730999983
7.042754975899996
9.66870395065998
10.34316248178782
5.138729458599983
3.804592738299994
4.91743466489869
5.7001300583
4.383220022599984
1.9751603347999862
3.9616039275999855
3.374594657899989
4.623469021599981
5.390746246299995
4.499650720199986
3.613091026299992
3.7222227645999983
2.4286642608999878
7.019591757202543
9.150139382931975
12.57064888799998
6.617658511405089
2.6782053496999754
2.827633250399992
2.6986266158999874
2.507234144599988
3.4451749343999905
2.603407992599989
1.4556491988999967
2.258623915099994
7.203754827899986
5.8827132918999885
9.593586334135994
0.9750706898795987
2.53274606019997
1.874229197699995
2.6493377715999764
4.063221705594845
5.0335009536999875
2.7037119002999956
3.7392098739999913
2.567247834799991
2.153122007799998
2.0185165511999883
3.3153704024999886
4.4420151793999745
6.541175880405099
7.443578361493573
6.478099024999987
1.568391560399992
6.688660754405095
6.282606008899988
8.269309664898703
8.347339900202542
7.5597234588999935
6.198022816506372
2.2539518645999967
3.1209617553999722
3.450466067499991
6.02788672030381
8.332719055202537
8.537752984594867
11.351144884999982
9.936593411203992
9.354733468594874
5.351488638299993
8.06954411469614
7.131740045202537
8.046425808696139
6.104989433299987
4.881455264303812
5.090554791299989
5.688049636799993
5.395410194399982
4.7037667312999805
5.886794601399997
5.027845759599992
7.051150910898677
5.70023748929999
4.094071144099987
6.372281130999985
3.1418214461999874
1.9122964873999946
1.7219126372999944
3.5176136641999785
4.172732974199987
4.1296175994999915
6.9507300078986916
5.698401048299988
3.8489601561999907
6.102288229399987
5.340455110199984
5.921157501199985
4.8469751464999815
7.0620377959999825
3.9682141890999856
3.116060528599979
4.150349838299996
5.814868954506384
4.217102323899987
1.4424265975999797
1.873602177399993
1.5965029586999964
1.4614788924999946
1.6202745650999977
1.2967754869339896
1.6886848540999886
1.9406870299999859
4.24832828829998
4.624229405202535
5.770731594797417
10.781627411999985
9.029113719135976
9.440178890999983
5.739889543202532
6.981195623797414
6.989007798797418
7.011024168405107
3.5446985579999883
5.345251213099982
7.209245446799987
9.677159074271987
9.500344947863981
7.003545173594862
9.93460051721214
8.332732461493578
8.238471519506383
7.9923294478987055
5.034525271599978
7.190122392303827
6.171254310600003
8.731211146493582
8.447766331506386
2.7118254989999846
3.667509544399974
6.71187552189869
10.389813182070705
3.993942645299981
2.065144937099989
1.7318915328999749
4.451658653303813
3.167520605499992
3.8886669875999833
4.722673727399987
6.464861550899993
7.343411868299995
2.516402540599989
6.858735342399992
4.277101008599976
7.4017593017974255
2.3136361876999842
3.5838223327999947
6.2885687545999875
10.250266724010883
10.172295523070703
10.754117902999988
9.737547814931991
3.1707753188999925
2.7957987838999796
3.0898122771999814
5.5351636718999835
3.9402251540999984
5.717045539899982
8.97706113286398
9.518557273931986
9.29573741910127
8.84221889327198
3.3565375152999812
4.062846870405084
10.283917294203981
10.047511057999985
3.6433485305999893
4.4977773391999865
7.986343952898702
12.581967454999988
5.982416339101261
1.709937304699981
6.482918089303805
8.505366068999981
12.116529590999983
11.09677716199999
9.114530734303829
9.971820246929276
12.034512614000002
10.747591695999992
8.83478476869614
3.0016145644999854
6.375546006797402
11.17129622299998
11.586769379999991
12.286253606999985
10.424341537353575
5.522982195999989
2.8978645888999797
2.6121979995999745
1.8764138869999794
3.737146540799982
7.092376516696136
6.9163042114000035
8.271131463594859
10.130083555717103
3.21459967499998
6.205879148898675
2.0231450164999756
6.2033473373038115
8.367061405898712
7.266105178799993
10.966953697000005
12.531679116999998
13.887691874999986
12.207361664999997
11.592525385999993
12.10752604699998
12.955901677999995
12.094203119999975
8.170169395405111
5.526969595303792
9.76939945521214
10.865040798999999
12.148253713999996
11.759357500999993
13.848585480999988
13.264135351999995
3.902894708299984
9.133603149271975
7.892462509202552
10.802820673999987
10.601639278999992
10.235098792999988
10.087599127135999
12.160651075999992
10.934601613999977
9.880695507791996
6.991242391999992
9.44621864469616
7.587708825696136
8.526976676898709
8.819666954000004
10.296347550999982
10.144228249010878
10.733146635133131
11.875343523
11.560189599999992
11.46527615999999
11.37451028699999
10.625409871999988
8.16070301669615
7.003492025797427
7.190989039599987
9.223167471300007
9.492274067696151
9.86404308785855
11.705760654999986
11.944335119999995
13.279545302999987
13.587447112999985
5.863170870999966
9.332565266415983
12.704577681999977
12.467639638999987
11.68185210599999
10.526860889999979
11.529871366999991
10.389653940999992
10.53229291099999
9.950381033212144
9.609242405795985
10.344271216999983
9.283265039101273
9.100761573797428
9.989557847717105
9.760891293203983
10.710000910999986
9.911417126339984
9.60219024365999
9.401916775659982
11.06841245399999
9.295316853203987
10.084058218271993
9.426564359999993
9.276772592202558
11.51138233599999
12.509379690999994
13.075547669999994
11.648139203999994
12.753774715999995
12.75931218399999
11.940732152999983
10.42397689999999
10.39472535699999
9.287845132405117
11.108267257999989
11.31817379499999
11.010984278999986
11.507473389999985
11.249211161999993
12.114460987999992
10.47286368699999
9.875055049067987
11.753247893999989
12.291361567999987
10.552744919999984
11.91777525899999
10.12591889635359
9.376396203727987
10.769016645999987
10.527932529008153
10.896630794991834
13.310134960999997
12.20919745899999
11.541216646999986
11.06982753399998
11.095571140999992
10.65971169900272
10.18483509986399
13.035983582999988
13.472327453999991
12.134059762999998
13.375033289000003
11.431093838999994
12.344837443999987
13.073256931999987
12.496000214999984
11.53815618699999
8.226654653898699
10.032989277877764
10.089023751863994
10.431911841991838
9.854738902203987
9.906601802070707
13.126642299999993
13.744005329999993
12.458582795999984
12.072303171999986
12.874724924999988
11.51651814599999
11.995061214999996
10.502839947999984
10.305877603070705
10.40861235200001
11.931892910999997
10.137044403070705
10.737584107999977
12.902130729999989
11.269528141999986
10.876223475999987
10.43602381099999
7.198913163799994
7.6129989380000005
9.589140864583992
9.132362403898709
10.091348435999988
7.508030276506391
5.211600035099983
8.609446778898713
9.544981347696154
8.878478326405109
6.609680865499989
5.778228851303817
10.386667425999988
10.295126990999993
11.110477591999993
11.250970243999994
9.680398113999992
6.941648403899999
4.394240005499992
5.278981181299991
7.743104695099999
7.468248446696144
7.826379800405105
9.119339002999979
8.060209606898706
6.80801127469613
9.128008032135977
10.129619749353584
9.718064822271993
6.635262959299985
6.524408529696142
5.989216073599979
4.697075155599978
5.545220446799987
6.782351071202545
5.772395361303815
5.465224438499986
6.833687045303818
7.757994052101268
7.079381610099991
4.565172564699987
5.419560238599985
2.166966021699989
3.8931298507999825
5.47840887149998
5.22129829099998
3.7808835021999974
6.9221302932999995
8.10521787410127
7.7963466675063895
9.58998020313598
4.428282011399987
1.9633832076999855
3.5949912703999956
2.2857143020999904
5.244167005899978
6.191048052999997
4.476821594199992
5.318571185299997
6.344743460099997
8.879962904271979
7.085174256899988
3.251634222399988
3.3981108611999944
3.06008731539999
3.930211854599991
4.711718597405088
8.305178015101268
2.713681629899992
2.2631171584999765
2.7097500213999934
1.0342364900733119
1.474730061299992
5.454880567899985
1.8522391478999913
1.5781856338999818
1.185999114413588
0.7769338215799997
1.4314093383999957
2.291652703899988
2.8685204238999864
4.754322500599977
6.356610253899981
8.371572119101259
2.73162864989999
1.4625589554000002
4.722368485999965
4.683620545999977
3.827860940599988
4.493196226499977
6.397418226594844
3.936990867599988
8.492050616506395
6.600561389199992
6.484913825999989
6.004043879699991
5.856210694899989
6.271959307899991
4.42019584199998
4.256838796999976
5.186327616899981
5.75782797550638
7.622081487999986
8.552981532303821
8.694483930999986
8.551480976898711
2.5305507796999933
6.05405102229999
6.71029909969614
8.499182058696148
7.896173533594856
7.721212719699995
5.010852731299976
4.180862925699995
5.28704921259999
5.884967637599994
5.480635923799997
5.126433407599992
6.989423211699991
5.454198004200009
5.133008586099996
5.151277178999996
7.1724804138
5.688526103199995
1.8451396102999966
7.336278147898703
6.021914465299987
7.665512599202542
7.883379450999989
5.372624748199997
5.883957722506382
7.461316630594858
7.530508290099993
6.252996049499998
5.570638578799988
4.8596097854999964
5.6769873383
6.370465202299992
6.5098208053999915
3.783303044099988
7.040488072202543
3.9908831222999925
6.153836535594855
6.026622286999981
2.0391766799999904
2.711023954799987
5.748495410202539
8.683343574493584
3.5481698562999844
2.9490215041999948
9.01642014010127
9.696007495070702
9.466702665795989
2.5178861251999978
2.5215108825999986
2.624483470199986
0.9569254917067905
1.8530577514999838
3.5937671340999686
2.88427571109999
4.9686886794999765
3.244620211799981
3.986486550899985
4.343384304797404
9.791327700863993
10.417207699999986
11.355094954999986
10.203670539929268
10.792881070999993
5.887099200399983
5.88085062099998
5.056666284199981
4.6104870360999906
6.129762042202542
7.582359007303831
8.770423316999995
8.160691081199994
10.07420995598912
9.109195667999991
8.231995994594866
9.217487281800011
10.32736223399999
10.999279869000004
9.340795488000003
10.366432264908326
5.9388422866999875
6.237312916594859
8.11645550379743
8.148639828506388
7.207781733696148
9.011660488898706
5.881936962899992
7.261436929303824
10.209472684999998
10.309692597999998
9.8007303345064
8.858786799594874
8.64014789120255
5.322992240899993
3.6670722854999873
7.647318284594857
8.658713610797422
6.556518368493576
4.419841697699975
5.6204348556999895
4.364149758899992
6.050613796999993
5.53687564539998
8.794515843135981
10.299284377999987
4.184820243799981
5.988788006594867
11.094647342999991
8.693054891999976
6.225169116202523
6.167684081999985
3.7152080489999832
5.074192185999977
12.335428678999977
10.867396178999991
10.348688294999986
4.523931361399993
6.240237597696144
9.761588018863987
9.907299096787828
9.462764385999987
10.41642987199999
7.767502513101273
6.212513478099988
2.5756815749999826
6.012221485899987
7.069767004405105
8.158546195999987
7.455529118303832
4.8567790786999785
5.779840953101254
10.188501480070705
9.124760253931974
7.118086997999974
8.35554904479743
9.151476879898711
6.66722499239999
10.729278464999998
11.061628766999995
12.345370801999993
9.934472737070704
10.208737374929262
10.527820861999999
12.806151069999986
12.47313115399999
12.54760639599999
11.862006933999984
9.543372033696151
9.594573838791986
11.477390429999987
12.906525474999988
11.956711965999993
6.036096169999979
7.486310179101239
10.562685079999996
12.016359820999993
8.258747602799994
9.019338120999992
10.666699842999993
9.009501187101275
9.512417745999993
11.116152996999988
10.906104232999992
12.29288338199999
10.483665368999997
12.109808495999985
13.779869600999994
12.960761289999992
11.767829926999987
12.90805751599999
8.907566203303826
11.120253617999989
10.357233613999988
9.008730125405112
10.149780294863993
11.733510634999995
9.081413162202555
10.230383389203991
9.786521777212146
11.141257046999987
11.738193488999995
13.401269034999999
11.681361902999988
9.850774900863987
11.041615888999992
11.131449804999992
7.663264758300005
9.89613648989872
8.19608741610127
9.824724291999992
10.822092959999994
10.276246218929266
13.149007538999992
14.219146624999988
13.81244767499999
14.590258463999998
13.700001900999986
13.135014779999985
9.214337565594876
12.889316748
13.33128826899999
12.777825533999989
13.276453830999994
13.529759740999985
14.269289228999995
13.271403789999994
13.306854659999985
13.54098178399999
12.52996199999999
12.570864502999996
11.258260616999989
11.239100168999993
11.97380130899999
11.593801203999991
9.21779506989871
9.15290494689871
10.79065255999999
11.03276673999999
10.572763856999991
11.31157442799999
12.08811645499999
10.42675971399999
8.441574575797427
11.018650586000001
9.415573428303832
10.626780538999988
12.240561863999991
11.617419323999993
9.705140286203996
10.944341637999987
12.59328575399999
12.72701452199999
13.21509154499999
13.541838196999992
12.654737482999987
13.121263837999987
12.255481846999986
11.340865673999986
12.961478803999999
7.55964925230382
9.63280001986399
10.038762608203992
9.779236611931987
10.381989017999985
11.255261492999987
11.065540743999987
8.558649002101271
10.373072681999988
12.325142296999987
10.60604568299999
8.018510195898712
7.840544509899999
9.871726219135997
7.191842378199988
7.708159616101271
9.010995588700009
6.766359736599992
8.851210740696157
8.1018471068987
5.8304925094999955
6.5516627135999945
6.880924348399992
6.525872746299985
7.434103332499999
8.661146054101277
6.293351663199984
5.357378498799992
4.972963018799982
7.081380311594868
10.829689569
7.0446835571012585
8.869338511696139
8.955412274202551
11.437591085999985
5.329467532299981
8.519160057067978
8.23419619140511
7.891021264599997
10.890020307999988
10.630878295999992
10.746645118999991
9.999372286999986
9.599403875795984
9.730074887070705
7.565589555405104
7.8754506073038275
6.7724097716999925
3.4993577773999838
4.124539823899975
5.799753593405092
5.29514501799998
9.280971659931986
10.226355262858542
9.469682153303845
7.934658972200015
6.001801899699988
4.397452461199998
8.116378245493589
9.044847473067982
10.048839665141418
10.796436924999988
11.529232459999985
1.4112783690999933
5.7751181945948495
4.8946343886999815
2.9641440764999927
2.4923077010999872
2.4409465758999973
3.4321968154999998
4.569924598699982
5.161332609599988
6.8098252318987065
3.7071836806999965
4.880292651399977
3.4561928222999865
4.83411259159999
3.1060407805999914
4.832312742599975
7.408794212303808
9.76866930833999
0.9562123514135961
2.3951117324999776
4.340945544399977
8.030819656405097
10.977277039999983
9.612962147646382
9.655915490787823
7.620400344797431
7.032180876199993
7.583047599799993
2.4392934524999945
4.491918678300005
4.379126914999986
4.841346247899984
9.026782334931974
8.73398680110127
2.8059690474999806
1.417358256499994
0.9953783118135977
1.1335125014999965
3.6048393187999865
3.894770672599995
4.8581848343038185
6.811039773594865
5.1939325698987
4.829846496599988
1.582633758499998
1.881355880699997
3.739083669999968
1.366804750099992
2.8024253158999852
2.9775968642999815
2.384813294999996
3.4758895263999987
4.418374941999991
3.78281340639999
7.73557661740511
5.140641285699991
0.5407430231099988
0.9475562351135934
3.4173795409999994
5.3041999954
4.3358164733999995
3.228266215499985
1.9980082732999942
4.792393144199986
7.26750567779999
7.9491186980999915
5.020210954299993
5.667057182299994
1.561016410799991
5.261659973099988
3.2004802749999928
4.154349294999999
6.977670590199997
7.678252406303825
5.97547324979999
4.2705614013999815
4.106304359399984
0.9683259972727944
1.6257851745999934
5.20069631649357
5.868412724299987
5.001845017999992
7.096275515696134
5.666850259399981
6.744818052696136
2.858979812599982
4.6136536620999795
9.021208308271984
9.160063406405113
10.033754394646396
10.56811932399999
8.867807878101278
9.924215562271995
2.862178649899993
3.2213913405999874
3.8528300002999956
7.015101637299995
9.36130190430383
8.316143592797433
6.891718580599989
7.407486251797424
7.435894158898703
7.428109832797428
5.108069869999985
2.1025763015999983
2.64390536189999
3.439748232999967
10.14226975265999
8.134103156999979
4.405945884699988
2.7578582229999795
1.9023915832999936
2.677710020399992
2.9605326873999864
2.2754724990999806
1.8874589095999952
4.66647530819998
7.277984716797421
7.055911032099986
2.2138579284999826
3.126776316799982
4.457159388699978
6.244626866101262
6.295576907299997
4.4550070525999965
4.483481730699986
5.82068280639999
8.39358653410127
8.950670851101275
9.983699775787827
10.537226839999983
0.995788467693196
5.973890193202523
7.066089575202544
6.5793775069999905
5.853348851
3.6662525039999925
4.865155126999981
4.968289158599992
3.6257845550999868
6.662838142399997
8.069294853202546
5.105499296599988
5.107410855099982
2.9393879409999975
7.652842536899993
11.174098340999992
11.83172425999999
11.39877575099999
11.830676990999994
10.282434691989113
9.207308430339987
10.318408152999988
10.246046858141428
7.692598321493587
7.176569697594865
10.599106586000001
9.544265928594882
10.056862397858545
12.38012521399999
4.93831616059998
6.289728369101264
8.852169776898718
11.458335010999994
8.78499388889871
11.99819321399999
8.774949542202544
10.10838480799999
8.637628099101274
7.518240924101261
6.449907321202541
11.053136709999974
4.145963384999986
4.310744882199983
5.697830268899982
5.997027328499991
2.532950942999989
2.1139580077999893
5.144060598797415
1.3060300338999924
2.088402819799988
3.063885041799983
4.909907337999985
7.994369795135949
6.342202102699983
4.654759164399981
5.048894668599994
5.714081680299991
3.0362356551999676
5.8995321517974135
8.099172999599997
7.90632045899999
9.424027889999994
11.201909588999985
10.64389239499999
8.496898500101258
10.229282297005438
10.207504389999999
11.342187424999995
11.356406981999992
10.791324668999984
5.715111927799978
6.108729435699984
12.280086249999995
12.064687147999987
11.769614349
11.119469861999994
12.480033034999995
12.044992647999987
11.705662571999987
10.35952853999998
6.618574569699983
4.290521220399979
6.53913591919998
8.555219065898703
6.993444964599994
11.364748905999997
4.732863795499988
8.038800927696144
9.723162487797438
7.580045690900001
11.683248292999988
11.817794631999988
11.299650652000004
11.450834658999996
12.453472371999991
13.10514393899999
13.245332396999995
13.115461579999995
11.98883881699999
10.886203119999996
10.23575195914143
8.888273391696153
12.530475004999989
12.521448095999988
12.104477447999992
13.083939075000004
13.585335865999994
12.238831777999993
12.836023777999989
13.441853553999989
13.20130129899999
13.289535412999994
11.711190453999988
12.749921070999987
12.359057326999991
12.280248180999985
12.154642006999994
9.687378507999982
11.463256118999984
12.164279241999992
12.86820165999999
12.27889112399999
11.653061713999987
11.793954256999996
12.125085886999992
12.345095331999987
12.505273023999997
11.883868052999997
11.684578074999996
12.275298142999993
9.583757678135989
10.390461725999991
11.543541602
10.836736483999987
8.91492628630383
8.86257877350639
6.418634146099995
6.195517062399992
6.705800079299999
7.8635423569
8.900717063931987
10.39873149699998
12.974518032999988
13.884752715999994
12.246204262999992
12.433715270999995
13.053853010999987
13.506604609999988
13.595200525999987
13.662016321999992
11.018878635999991
10.277252570999991
10.44439586499999
11.491602906999999
12.255909325999998
12.521026182999995
12.510337765999987
12.280021551999994
9.766689822271996
10.86600123299999
10.775438471999985
10.477468268999992
12.453037044999999
13.227923195999992
11.901513120999994
11.140002222999994
12.113631328999995
13.529482701
12.580279764999998
9.66834604020399
10.14825912785855
10.992180500999988
12.715047109999993
10.406667756999987
11.349858719999991
11.762673255999992
7.396459326199997
8.250368926999993
10.072604120999998
12.574705677999997
10.401535171999988
10.35575644798912
10.952039652999984
10.70547773
10.1082186067171
10.819227480999992
8.472297148101264
7.1296287826999905
8.146418666101276
9.271490248101275
8.316199745202544
6.968033215303822
6.49900971829999
9.606404049696161
6.702029905696147
12.662959275999986
11.88927823599999
8.96511118930384
11.262824605999993
7.5591915709999915
8.05982435149359
7.547107070898708
5.782061346399997
3.740733891299993
3.886240798999995
6.329361192299983
4.521701602200008
8.548191627493587
9.66168819730384
8.950975732271981
8.453467822303827
3.467016508499989
7.684026623493571
10.46655355521214
8.432370729101258
10.705943178999997
9.758166059931993
9.24360916899998
11.820929494999985
7.836096432506391
7.620834840405097
8.07507314449358
9.125318679863977
7.004330766299991
10.798296940999986
8.514050686594858
1.9091272094999925
3.323721241799963
2.0473938338999833
5.846233515898697
11.574924376999988
6.083942947399986
10.713782224000001
10.99842503199999
3.1046438857999914
4.744076533499981
8.160052950999997
8.989687782303829
8.36930714569615
8.087501060506389
5.073624233999996
4.712196758999983
7.87685240479743
3.8270302672999774
1.621488861099999
2.7024298980999957
2.765715241999981
3.301696462999987
5.45178224949999
8.401817651399998
6.5855268508999965
6.438393211399998
3.587480624399991
5.165439096099987
7.178038174399992
7.246922657797426
7.87107348179741
6.6801540054050985
4.99626481629999
2.9888615447999825
5.400872320599993
4.856221968099998
4.271150398299996
3.1274336883999894
4.952096859699992
4.860913069199977
7.468936802696139
3.2487516753999848
2.4563633071999917
1.0074467071646334
3.961423544299994
7.385874235499991
8.65954373169615
6.077773191799992
8.380481951898705
6.135463816799984
6.10860678409999
8.487850729405114
3.2194934508999853
2.7710897506999976
7.551592452999989
2.0888177077999854
2.157473051499987
4.1148012069999975
4.843145564299986
9.849437417727987
8.052011668405113
6.399485212699991
2.010888716099996
4.196116392499976
3.549971345499991
2.943447941599966
3.849320153799994
3.8400831634999975
5.564150501999987
2.742755744899992
3.8955709350999936
3.251709944199995
2.5215559127999896
1.5031936174991831
1.4962111633000037
1.689512344399985
4.995303002899983
3.4297056731999738
4.355055735799981
6.951658995101264
8.989635412727981
8.875102075202552
1.8422366820999907
1.781158380099993
3.111065330499986
2.341960771199999
1.3147599227999964
1.2090849029999957
3.115064483599994
3.779770989999993
5.871088841199997
8.292835324101258
6.732323281899993
5.76382390289999
2.6391873076999977
3.0094660857999918
3.6735592803999944
5.672544706699989
6.203102397202543
7.518620210303825
9.31404932249359
8.616284672493586
7.544842288199991
6.21497553710126
9.76913360427199
8.123733802797423
8.851658895898709
8.339541996797434
7.7144228866999915
2.8891669585999975
2.2012737441999985
1.2522988036999956
3.607625080899983
3.410372750899986
3.8818967376999827
4.552175062599993
6.221380860899993
6.752602583303821
7.359391073594859
9.12605236359487
8.93544208379598
8.7976598494936
7.023046185300009
5.796854016099994
5.549056359900006
7.298933885202541
6.948619842499992
9.214946646101271
8.565409233101263
9.770425120646387
7.464113348405104
4.678161761506371
4.6701898025999915
3.417419045999996
6.488273203999998
8.571813398795978
9.1054432570707
7.581298982202543
10.34273363299999
8.29662687679743
6.327318489099983
1.736731338499986
2.376945544399977
5.905310559101246
10.762847593999982
9.47583911727199
5.659397410599994
6.843135194405106
9.38749286193199
10.730108417999991
11.633588941999994
11.439203780999993
7.2522888747999925
1.9246009932999897
5.233062281797415
5.786561512799984
7.103809130898708
11.15625390199999
8.862875344797427
8.067523382594867
9.229158715797443
8.889401632696144
10.453493854999985
7.9048542374051145
4.791269874599996
2.912519322199987
3.2289210662999945
7.007711674506381
7.1610388473999995
7.785839611799997
6.045963940399987
5.750185211199991
7.369696177696148
10.218449782999986
9.474685092135987
8.039806803898697
10.016889659070701
11.205871560999986
11.902038123999992
10.110785339282861
5.501945991499987
5.720070512399991
10.812581324999991
8.216037649493584
8.11323549350639
9.539818296791992
12.390053605999992
10.95362148899999
12.22050728799999
6.968238218696134
3.915357090799976
3.354389694199977
7.466137588493588
10.296229807999989
10.744031283999997
6.503987644999982
7.0094528931012645
9.435800279135991
5.244359277299984
7.412915995800004
8.007445339999995
9.01260270693198
10.676713008000005
10.190790936212144
10.912210000999996
12.330197938999994
13.143874059999987
8.690407746898703
7.715600088500002
10.764588164999982
2.4329287047999775
8.296618049594866
10.505860891999989
10.696830649000002
11.614481518999991
12.24698526299999
11.861456193999992
7.990561250303823
6.856488577303821
8.722129013101263
9.570820552101281
7.547258274799986
11.400646020999991
11.087324697999989
12.464075736999993
12.124504503
12.169557580999987
7.516794226101252
9.674665942271993
12.87694862699999
11.505777376999989
11.627719278999988
11.736756910999985
10.954407564999991
8.444989137303823
10.98767750099999
11.878422484999994
9.922657795787819
9.019241284202543
10.153228229999991
12.58252083699999
12.720848627999992
10.612223649999992
11.436484958999989
10.638979804999991
7.16599535520254
7.235105294797414
9.853481309646387
9.532791447271991
7.351591473405109
9.348412853999998
9.392411215135986
9.644687789931993
12.593795040999993
10.244630017070705
11.618387520999987
11.815774566999988
12.027952329999996
8.511852807594876
9.362005004898718
10.109012962212148
11.053841769000005
11.209402554
9.131662278696162
7.291101338199998
6.955897436493583
10.684390134999996
12.462279267999989
11.299431897999987
11.477253400999986
12.28358478099999
12.975376360999986
12.688361345999985
10.930610608999988
13.597768448999988
14.228076977999986
12.68697314499999
10.036579998858551
9.485403959795995
9.001077976999998
10.543675126999997
13.23289061699999
12.75892813299999
13.892334443999992
12.990597226999988
12.271777295999982
12.24486225599999
12.301556364000007
13.472520177999987
14.411514669999988
13.04705954699999
11.128951006999996
14.265050133999985
13.758861359999992
15.582941402
14.96490482199999
11.918377079999988
12.334057326999993
11.872949173999986
12.141918258999985
11.216530006000001
9.210180618303829
8.167293077101272
12.463084080999996
11.449755947999991
11.272769323999984
12.612268680999987
12.982617994999998
11.766004831999986
12.084819849999988
9.167296237202553
9.537393145797445
11.849220608999996
11.943305422999996
12.21880060299999
12.481782473999997
9.261838827659986
12.472428669999989
12.808487906999996
10.72963210799999
9.491202960202555
9.900159637339993
8.794589985696156
9.338463677999986
8.037732228101264
8.131393199202552
11.739661912999988
12.23950121499999
12.936948819999989
9.66400164933999
9.322284820727987
6.809991999799993
9.066401321405122
11.333154973000001
10.360438164005444
8.320132919300013
7.026610397300003
11.488831624999998
11.2813131
10.406338659999998
12.588538939999987
11.54121044199999
10.565043883999993
10.235478815999997
10.434552150000007
10.047600917033279
10.429758812999989
10.832077788999989
9.024883441135982
11.832534520999989
11.983183329999992
9.106856030203987
10.402541727999985
13.605446750999988
12.520907242999984
10.079077731203995
1.9711859984999947
4.824205793797412
6.0987923156961426
7.695145643599993
6.788032675199996
8.276710084493592
9.636723124795989
8.360912283303817
10.73604383999999
6.548685528599989
6.726635139506376
9.01187049410127
7.028582913202552
6.276979705797426
8.015470202594864
9.644752094999982
7.868908171101265
6.993680485499989
7.621306188999992
7.481834536699992
6.110454757699991
3.944605458099991
2.6621960097999913
5.3478221450999905
6.809285627699988
6.837646969599991
4.913275346400005
6.737910429400004
7.46931222229999
8.19312992399999
7.563770519999988
7.99635404510126
7.937813648999979
8.19810163879743
8.242491113303835
6.127230479405101
8.507656814594874
4.9427975890999845
5.002929382299988
5.17623956909998
5.142359226999991
5.5090482192999835
6.26397425379999
8.07293041689871
8.921625962863978
8.080077822898707
7.458472659303822
7.376671241797422
8.300817344696144
7.744381303405107
5.36817493439999
7.064117715506383
6.196924804699985
3.2062542847
4.089155433699994
4.205313014199998
4.606560200499992
4.155755987499993
5.462552691699987
7.167810949699989
9.285366601727988
7.002942259202542
9.656979475271985
7.8388106338987065
7.344254167199988
9.025894688271979
7.54751614230382
7.577927830493575
2.112405731199995
1.4209026214999936
5.059737513699995
3.1961546355999935
8.030022410594865
8.73617839359487
6.198106246899995
7.788291015594868
8.36078266910127
5.831501829499996
3.5232565291999975
6.391642990101254
7.759342430101265
7.326310026594869
2.4348490294999943
2.058941664100001
2.0892356232
2.884386476099993
4.8755635756999895
5.432122427405098
8.111128794898706
5.302891844199984
8.847651080203981
9.182524813797432
6.463128456099996
5.9945786086999915
8.453201357999985
6.836122590594855
6.831034039299991
8.327846623202554
8.405039753696157
5.827436566199994
6.545072370899995
6.306030352799994
5.1037713363999915
6.392693753099988
4.691529595899992
3.392271968099994
5.9562628494
6.222744750999992
8.309267610202543
9.022446542405108
7.368487074303827
8.415037445101268
3.8176079177999895
4.440241236899979
3.9246955184999703
6.6226421631012595
4.546003121899991
3.374478550699994
5.286116909799985
8.380693360898702
9.708746331863978
4.596616122399985
1.5245032302999972
4.99725664219998
5.665155111699983
11.10999897299999
7.722742459101262
8.500299331696139
11.024999491999989
8.80923541259487
3.5782885009999905
4.516973246799983
5.623005026202538
5.350645477299997
8.89249181669615
11.386877912999992
10.164208161929269
9.937083094858547
4.34952210999998
7.645876393101272
6.17286436459486
9.679704598999983
11.41293254199999
11.588391367999995
8.248041853303828
8.860756925999983
6.023261700399983
2.095748983799992
4.556350808696132
5.506293232699988
3.4085869521999945
6.144467440800007
5.011893157999996
5.700534228499993
8.754183021493597
7.0938562286000035
8.10405565489871
10.689898696999995
9.630969743203996
9.693374288898722
10.064659672659996
9.965666618212145
9.192741622898714
10.997412458999994
12.306091411999994
9.552417245339987
9.251117755067984
8.373003283696157
10.867612494999989
10.37591136
9.119580778493592
9.770878169203986
5.678179496799989
5.858700358599993
9.095388797
8.747677268999999
8.195650088493588
10.149841777000002
8.78458226930001
11.695826741
11.770931061999994
12.32699035499999
11.649029806999996
12.293180364999992
13.03618452499999
12.621917035999983
9.758157180863991
10.413472240999988
10.698748130999993
10.41527415201088
7.934079115303817
5.019827223199986
3.6591233108999894
1.433384643599993
4.680264666700003
10.1677122390707
10.304106052999986
10.085066255141433
9.558150384479996
8.169432647696137
6.912002770999988
7.55139429930383
11.231658870999995
10.524044108999993
8.641270567303833
11.695692517
10.400845917991832
10.18061864614143
10.129018593005439
12.062769757000002
12.310940485999987
12.336556054999987
13.827115180999993
13.011866851999986
10.2733057557171
7.4237086472025275
12.994886570999988
12.280300861999997
14.780847338999987
13.481177808999986
12.300807155999989
9.902198171999984
7.126117239405097
10.918195580999987
6.834692784101251
7.364505218493569
8.954687896696147
10.766228744999978
10.468170620999988
10.375979009999982
9.531818057212146
9.974475413999993
10.89821917099999
12.77854187299999
13.413873012000002
13.264564165999992
11.487304976999992
12.236734843
13.335352523999987
9.551375010787815
10.021647334212146
10.760301742999987
12.363904450999993
9.054268101493602
11.355487914999996
11.794657755999982
11.270912736999994
12.603531621999991
12.805430489999996
11.708433193999992
8.172986440999969
11.96395941199997
8.955351498405117
11.961705335999982
7.886287048299989
5.584289930699987
10.231840693787825
13.110481682999987
15.382652253999987
13.565528058999993
13.463321847999977
12.23806320599998
14.034133002999987
12.149737858999995
14.43033541399999
13.628543883999992
14.393594694999996
15.303692135999995
14.597084434999996
12.252752428999996
13.287937597999987
11.375496404999984
14.018497905999991
13.51097185199999
12.64866411699999
8.085268038898713
9.869239298999991
8.784579147303832
8.661632391405115
10.18041763164639
7.281342889405107
8.17283771210127
10.655832398999996
11.709385378999992
13.403354105999991
13.036518401999986
13.747326467999992
12.77272213899999
12.302060430999989
10.26903118
9.932545036203996
12.311008216999985
9.221556199594879
8.921589718594861
12.71014626899999
11.853493491999984
11.292315883999997
12.361266726999995
12.766359273999992
12.862253948999987
13.184001663000002
13.368953801999997
13.564247347999986
11.26033174099999
10.453890638999988
10.442788698999987
11.567187737999987
11.93829200699999
13.009303252999986
13.504566137999987
13.912247027999992
13.800293508999992
12.170181162999985
12.701842635999988
12.61812342999999
12.467927895999992
8.054934027101263
12.579855631999983
9.93148926699999
13.50721258699999
12.762796734999991
13.311634525999995
12.966339194999993
13.27842873999999
9.633801757863989
12.002208553000001
12.457697458999988
12.803859884999993
8.803409791594879
8.794231382797431
10.355870643999992
7.497450871303827
7.221923185696142
8.401992542999983
11.292911187999986
12.172194582999985
12.38502404899999
13.963022376999993
12.270276069999994
11.966058199
11.68112711899999
12.742809870999988
7.102886125202542
8.396887884493596
11.663806699999991
5.426411001599978
5.585473168899983
11.577547091999989
10.327503046999988
8.477134568797428
7.263967733797431
8.55790349269616
10.125522039999998
11.141671729999983
1.9771685042999931
2.60558772129999
5.996491384899985
7.2700805816961465
8.446190098594862
8.894133856202547
8.19454522859487
8.704610597202555
6.929641453600013
4.668401415999994
4.744609397900003
5.029952255199997
6.837595947299998
5.03179769289999
3.7711971526999912
6.391491999797424
4.240011645499993
5.0720796340999845
5.934910040299982
8.127238316303833
8.58668264159488
5.983580451999993
5.0017042815999915
6.378271850599992
7.552710865797424
7.082640850797429
7.4977209517974215
6.862299298099995
6.145615711999994
10.460974027999995
9.83482437293199
10.032000051929264
8.23117297520255
5.945252876299995
2.801099736000003
2.2200468062999943
5.08102558439997
1.8320521590999874
3.5347757964999986
2.30761937259999
4.457005700696128
7.331188436898701
7.4492643828987
4.080010594199994
2.2621720977999864
4.135479060399986
4.099475735499985
6.566206042506374
1.2228681297203938
1.8688905242999991
3.477038857999985
6.418201682999978
5.25684613489999
4.502047592200001
2.286798896799998
3.778016178899994
3.175950419599999
1.4243759734999941
2.7579398635999954
2.4332150863999837
3.7659159362999817
3.462058209199974
3.9887504378999723
8.951585354594874
5.363095921299994
2.5179567916999956
2.214220687900001
1.189280262799995
3.2904344314999885
3.40291520389999
3.1909696471999878
1.9866898177999786
4.860898858599983
3.4317673125999955
1.8053054947000038
1.6176874511999861
2.3771072356999885
5.88970188899999
6.104851325999994
1.3921028106999975
1.1337089036929242
1.1357376449999947
1.4875563964999947
5.076906147799985
4.428028228799978
5.6791979506999954
6.600107130399987
6.376994248999991
1.559312411499993
3.685806521599978
6.735323200999986
6.7964251984051
7.3801646393038265
5.468577479599992
5.322439793405091
6.384907211303815
5.3077414000999905
4.6433305663999835
6.565336592101255
7.892883718898701
7.659574653594865
8.190585227999991
8.297271470599993
6.913672886696145
5.3608348587
5.481929066499992
7.359376368696134
8.742361755405101
9.272626753135986
3.8021587996999946
2.896789668299979
3.5388326995999764
6.6778876174999935
7.574889904797419
8.52624019930383
4.669931501799992
3.6626176482999924
4.374407632399999
2.407691976899995
1.6264828933999966
3.80061158450636
2.761785086099986
1.6039279906999937
2.2899093735000053
3.175368779000005
3.7074678238
4.514183267199983
8.078706553594856
7.873635923797425
8.573373564101264
5.82531503299999
6.777117318696142
8.859248934898716
2.5498351058999895
3.2273349136000005
4.160451618999991
6.437010209699994
6.016124101299986
6.479875802599986
8.201669941696148
7.803602030898702
9.957168090863988
5.207252624499988
1.8573138274999965
3.578824407999976
4.9526265197999795
10.305824399991833
7.823195254499991
7.500095185898706
7.8336090804935825
7.716642541499989
5.735011421199979
5.379809397899985
3.4291956939999895
2.8482166793999983
4.782069882199995
5.8023968200999905
7.1631259887974235
8.432996423303832
11.544691341999995
8.051038050797423
0.6716309636099974
2.3117720351999886
0.8144382636067927
4.686220809899974
5.226879598999992
6.528162622099993
8.220118109101271
8.687745962493588
10.038708572282872
6.603639930696141
5.489957182303822
2.438423074299982
4.063713062999996
2.95591418299999
6.27521916499998
6.1086444838986935
7.61558746489871
7.787351254303826
4.908182746899991
4.108593998699993
2.963487441999989
4.483103684999984
6.16118240969999
7.148451722696151
7.544435465999974
5.162695275899973
5.265676440405091
7.345586862202537
9.25907377320255
10.351704630999999
7.524771487399989
7.383292776506392
10.262703893999989
7.708560116599993
11.557348182999993
7.906595321696142
11.845758216999986
7.989573928797421
10.446725739999989
3.8006323470999837
1.558660891699984
2.976711534099975
5.653809889199989
4.679607461499996
7.726107948300007
4.969306829799984
7.520740682999991
10.151699816929272
9.201027900795983
12.716353461999988
10.481449262999991
6.8854962356961416
3.8554836669999815
1.105456056592919
5.676556184405101
5.860861543299992
6.51616241759999
6.157401298499991
5.689673771699984
8.755509574898705
10.261699898991841
11.770700992999993
10.588925575
13.28420111799999
12.112510849000003
10.079213782008157
11.595299450999986
13.315995600999992
7.042677160594859
8.648917918415972
8.500717976400006
10.335967503282859
11.351353531999996
9.910792361506402
11.921420960999988
13.630500374999983
10.178023303141432
13.113808092999985
13.001628812999991
11.66192028199999
9.353683216898709
10.080340940929265
14.038314699999992
10.998761211999991
9.944113227863992
7.949074764999985
10.738683281000004
11.138445991999996
9.30502830199998
12.54497743699999
13.94501061099999
11.89075873299999
13.188291515999989
12.497536583999981
14.315756261999997
12.872744336999986
14.194490038999994
13.918245952999982
13.205369541999985
11.657218717999989
12.138245662999996
10.84811391799999
13.052513590999988
13.65289435699999
13.314318328999997
14.554774628999995
14.167925217999993
14.048234360999993
12.890506295999993
14.934538497999991
15.176751285999993
14.366255518999992
12.638645130999993
11.830138152999993
11.723704204999997
11.693113155999992
11.82279651499998
13.765761446999992
13.540043117999991
13.17522836299999
12.280730793999991
11.57056254299999
10.818755309999991
6.8516993499999845
5.976798376499992
8.556164421101268
9.058949125696158
9.887299626135995
10.25377108472799
8.750794023101273
13.810917779999988
12.714603284999992
13.491908172999988
13.689173620999991
12.641709340999983
13.091188761999991
12.824446227999994
13.475962595999988
12.85490992999999
11.649646296999999
13.411487784999993
14.671622132999994
11.60525154999999
12.735914293999997
7.980152958696142
10.799080538999984
10.974609252999986
12.870520707999988
12.760294309999992
8.49858531799999
7.333762664799991
7.688617480506389
7.659361527999989
6.673371963499994
4.506015431199992
3.3587927962999946
2.904827317800002
3.280358758499996
8.790181361405107
10.379505103999993
12.501072049999996
9.463542022795991
9.19094381099999
8.402968940700003
9.86871053006799
9.898982040271985
12.487431919999988
10.620115557999997
13.049033280999994
11.233334298999996
10.380516059999989
9.17246497799999
10.375783547999987
11.345953515999998
9.41152816006799
9.355473829696146
8.04920465550638
9.338300350999994
13.100054496999984
12.702408944999988
13.78091581699999
13.80602065699999
9.759628338727993
10.486093696999989
9.67649429179599
9.877221650787822
10.844577976999995
13.337925452999984
10.512243751999993
11.103584319999992
11.776169536999998
10.969485399999991
9.41349642789872
11.043098199
12.122915006999994
10.658683526999985
10.979718735999992
10.29693609779599
7.619824916101262
6.707925491303823
5.7716532714999955
8.724479400594868
9.649980216999989
11.36252602399999
11.610736866999993
12.506096044999987
11.452571151999997
10.79264647799998
7.3592529616961375
9.830890956070695
9.345997276212135
11.266148375999984
12.36543867199999
9.950840536146414
4.825357217400004
5.201655250500016
6.941628422499996
9.73380977320399
8.133852957202544
6.3346700531000035
8.913355514493583
11.499784688999982
7.524809191898705
3.171374249299983
1.3546392364999877
3.846126182599996
6.056989677399994
3.5805870255000003
4.629376280199984
3.260680580099988
1.5554988219999935
2.6169205077999673
1.9292941054999906
1.7429413802999936
2.338517060899996
2.0904162658999916
1.3331472762999952
4.722090798999993
5.428757383699993
5.531018366999982
6.606055166594857
7.758593669101258
6.218641102599992
2.4408860778999846
3.715077304099997
1.3363065886999927
2.2060966918999987
3.3894961516999853
1.574293810999985
3.136349964899983
2.9496367064999753
2.99721602479999
2.6431143173000073
3.125362951700003
4.260921888699985
9.01409040520398
8.464579910303831
5.764316010999987
2.268687812799991
4.452785115099976
5.1909983871012555
8.1511965927
3.384156645199993
2.2368156768999845
7.048949240099987
5.487548486299993
4.0910921737999875
3.8972878417999905
4.90376408389999
1.494440154999994
3.9891193648999774
6.13271380920254
9.285149395863986
3.7030028670999866
5.150423290999978
8.905641865493589
5.152027963299988
5.425049833699999
6.7845322387974205
6.933575056506386
7.786021908594862
9.946711366212142
8.122603674303829
8.321453147898701
7.618649928303823
9.198754070999987
1.1833893511005442
2.1160395232999885
1.3148050429999978
6.703813778696121
5.800779852299987
1.5999990401999977
2.471971543899995
2.8664424315999715
4.598911047399984
8.19976530610126
9.333781240863988
0.863200326720398
0.8712706827202549
2.7288176864999922
3.728187231399994
2.958556033299972
4.007239929202527
7.09269376369614
7.319897630303818
8.064549322493582
6.618327096594866
7.846937919594863
9.142565151999987
6.231995327799998
5.949944525099996
7.2559465713999955
4.6243241775999975
6.0412530167
4.744033792099989
3.0285318297999804
5.889419932599983
7.897985221898709
5.18103616329999
6.841849215699995
6.9435283431999935
6.330344133000004
3.3893103637999875
4.974218159499976
6.826500900303814
7.2891182724051005
7.778846424898697
9.991425450070702
8.919896537797426
8.708676594659977
8.974172544898707
9.19259133449359
8.883274333202555
8.780943426493588
9.936258079646386
7.594766165202542
1.4725282332999954
4.195808363299984
5.74511868289999
6.617886166399995
6.130598583999992
7.370402450599999
8.136171537797432
6.643909382600002
7.680208241299998
6.821498709099991
7.689054037506387
8.814996548506391
7.605700776696148
8.94898264172798
9.781320117135996
8.894144740303835
8.683836579898708
6.77147824099999
4.523890779099994
4.42376559139999
6.981468809493589
4.033434867899982
4.065415902699995
4.407499992399995
5.525928735399986
8.094415122999983
7.732486556999997
5.343421319599981
6.889430071999993
5.384394915799988
7.561064276099998
8.118312931800002
10.949512642999991
7.1290410751012665
10.635654755999985
10.450111570999985
8.534842886405105
2.6294211425999663
6.140704234299983
4.513722807299996
5.8782464920000015
5.073593495200002
8.829818585202554
11.075473124999986
8.38057842559486
9.45601637413599
8.400255654898693
4.6340319640999885
6.151498382594843
11.356536463999992
9.455159934999978
5.868661120599993
3.5937915557999913
7.677254354898703
11.345930736999987
10.090464808999998
11.154819957999985
9.029624058493592
8.0997312851
2.976557784999985
1.3075743724858446
4.672049877899982
7.967040904202549
2.3755157241999894
3.5329933364999864
4.257891334499979
9.812280651898718
10.575482239999994
11.948545121999999
9.333518215898717
10.703809043999998
12.295409565999972
12.559101243999988
12.894348050999994
10.523812645
8.4252148528987
4.404755509899975
6.174531390399989
8.084237875400003
12.26916446399999
9.991357510282864
6.28871806950638
10.775595176999989
12.157374538999983
6.185855415303826
8.460283679202536
10.17185909699999
10.533143328999989
11.393216950999992
10.344875359999989
11.400325528000003
13.020233054999997
9.803436289999997
10.779313659999985
7.847036115999981
8.58434361269615
9.626230998135988
9.877540402202559
9.607221118202554
8.75901888579744
6.479855702199988
8.576600419594865
10.882431359999982
8.5888754364051
11.044479232999986
12.149000150999983
8.672375709493592
7.035539315799985
10.470152396010878
12.85244398299999
12.65026164999999
12.393039229999994
12.74266320199999
10.500030118999987
9.54705567630384
9.927475427200013
12.78563842199999
12.513515406999987
10.071370350717103
11.604174220000003
9.361121937594874
12.947536033999995
9.679798831141424
10.482936934999987
9.311948301696154
9.339008543271985
11.312241459999983
