12.363379130999995
12.927383289999993
13.70889725599999
10.681145923999988
5.566938168299983
5.983592256202534
9.019443186999984
8.780438963303837
11.849063445999995
11.382462361
12.706753106999999
12.76354999099999
12.617867762999996
14.889779578999992
11.385334229999986
14.83810256199999
13.346830427999997
12.656633360000002
13.183229253000004
13.425219964999991
12.537464109999986
10.08483081372798
9.055998162797433
12.358731319999995
13.494591590999994
13.84937021499999
11.301703484999988
11.859760854999989
11.156521403999989
10.680366242999995
12.920128882999991
13.072072852999982
12.923656342999985
10.654705637999989
5.656584609999983
6.294925076299982
10.015077944929262
12.597300202999989
11.77452028199999
11.639117638999988
12.74388951599998
12.859192002999988
13.09172944799999
13.62711654999999
13.611126392
14.30356718599999
12.525876482999987
12.874667035999988
10.608865833999996
9.437054006999986
12.416032265999988
13.32288279999999
13.62410448799998
14.45925527799999
12.492797686999994
12.523142095999987
12.121749839999987
10.817053820999977
8.580543673795965
11.007436715999972
12.11448623699999
12.90552057499999
10.831194159999988
4.966302404799992
4.418975443999989
8.375457258600006
11.51260991500001
7.8625591919
10.517743738999984
10.598024593999993
9.627635678101274
13.344357027999994
13.757390206999984
10.273850597999985
9.327799648999989
7.088230989101269
5.324889208999985
7.9300208175948725
9.397515072594873
9.85395248706112
11.554899293999997
12.087541971999991
12.577490532999995
9.48598174440513
7.032313414000006
8.164912647999993
8.312774144
10.481581841
11.808715648999994
12.652703016999991
12.593329560999997
13.170605283999995
13.501751862999981
12.368509502999995
11.716080826000011
11.511123354000008
10.222117176999994
11.698375314000003
8.439902523797434
7.3595657714999945
7.566669869999989
9.699986047405119
8.540778222696144
10.341389231999994
8.764048086493592
7.795663667303829
11.762948885999995
8.104404775999978
4.901242564399989
4.136177255199979
6.103189749101248
6.887128868101262
7.996232807898696
7.376699070696139
10.447361837999983
7.512646917699993
2.4765063506999936
3.6587927840999916
2.6887559310999958
4.404275259399996
3.7307706924000015
4.934135405000011
5.93785989069999
9.297055085797435
8.753928189101266
10.302803150929261
7.5902790389999755
3.2581078444999783
2.1457461852999926
1.7343681533999968
2.431788590999995
3.3958534240999825
8.377478446999987
6.912092655899988
6.563285269199992
4.120847495999983
10.403978574999986
10.493404337999989
5.174607206699991
4.826066014099997
4.089213566599976
6.0026957015999844
2.462066476399991
1.2630474486999983
0.8704714896200002
2.862547112999994
1.6818839676
2.7159054595999876
3.0123519942999786
3.6977511291999803
5.474884915199977
3.9330643676999926
3.4627585418999907
2.257192895499996
2.632347180199983
3.474075338699991
3.1906597609999916
5.897114883399992
5.211094998199992
5.838495355202538
3.936635173
1.5639861464999967
2.3473641616999883
2.1965951064999927
2.851837031599985
3.997248152199984
3.8473073180999853
2.106538957199992
1.9315322707999965
1.6479298125999913
2.4293652144999824
3.37240461729998
5.330677481099998
3.4107284163999902
2.568736224399996
4.716540196199988
2.53319293519999
0.7645928617333583
2.0516088622999997
2.6286461898999747
3.3423685745
4.301692690999989
5.447227064499997
5.397540937799997
3.8793044799999943
4.93812747339998
6.195641093399986
4.821476206999992
4.204908410600003
5.247212626599991
2.0328264098999984
1.3673226973999952
1.1583593566999963
1.1193117411872044
3.1298754394999975
3.5764096312999927
2.89676753999999
3.5711457015948413
7.543478834493583
3.4370338500999904
6.4593291214
6.705143614199989
8.666802976999985
7.8959667694051126
4.695363076799992
3.9853741012999846
6.646744673199989
5.441043614199985
4.037503774999995
4.599207846099985
4.525920362899994
2.932669038399997
2.2224675216999894
1.5173785781999936
0.7343505651506355
0.9116204730999939
3.472839724699998
3.317922236599981
8.786557466101266
8.866953628493585
3.329544081099993
2.4892889297
2.7510387679999972
3.803372474699998
1.874554005400002
3.2092656128000008
2.4752739272999964
2.445102197300004
1.7010469708989053
5.144291285696129
4.3504746306999875
5.502540119899993
4.689715870699993
4.685625642399988
1.3691435485999957
2.3262628524999895
7.145414726303817
2.487989143399988
2.7045400420999988
2.5518043532999997
1.7570537856999948
1.7499899550999756
3.2500929824999814
3.3599472091999822
3.3533423461999803
4.62405344389999
0.8937857891067978
2.874762023899971
4.497511212199985
5.838344459499982
7.281644242898704
9.423687776135985
9.356534370271987
9.622867593271987
9.654542394999982
8.159129383898707
9.324501695303834
8.94366796569615
9.664076197863992
9.482923792999989
6.35599005739999
7.467897837797429
9.364784062202547
8.901392510999989
7.607421519506388
8.614514550797432
8.629095631405102
5.044452372699991
5.089704417399981
3.285476258899989
5.378796568299986
10.506169173999991
10.424879807999993
9.445404215999975
5.615265930202541
9.338028436303832
11.860040088999991
10.760735700999986
12.518755874999993
10.90438719199999
11.622033190999984
11.508034910999985
10.58764286499999
9.434949964898712
7.444438957202551
7.175737123101261
6.251630972303816
10.05561561727199
11.269107839999986
11.35583863499999
11.056063364999986
10.314035049282865
11.061811237999985
6.396524142506379
3.9249930282999848
6.455447209202544
13.121541257999992
8.831976191687982
10.082633815000001
11.362924357999988
7.575636634797426
4.052704092405094
8.040079768405105
5.457237641898695
2.5797332473999846
3.766628420999985
5.605556108099994
5.526000389100002
5.55633713229999
9.611213212727987
10.887970566999995
11.268405942999982
12.448411319999996
12.857599192999992
9.315947291727987
11.685099273999986
9.183599468999985
9.671871392797438
11.175768664999996
11.615696477999988
10.433467476999988
8.74440020140511
9.120140698135984
12.012224225999987
10.978917109999996
10.679356177999994
12.161253603999985
6.81368177339998
12.571778995999985
12.030612571999985
12.389570206999991
8.183902389493587
6.650252427696142
8.604671704101275
7.746881841999992
10.389641387999989
12.301337482999987
14.001798850999997
10.160881669717106
9.510683811999986
11.583151450999983
6.549967816199995
5.514739680499992
6.16875837099999
8.796242530797436
8.964295893898715
9.629277181999987
12.941557883999991
12.120861936999987
9.316793077067985
11.443474283999992
11.713421821999994
10.189689409989121
6.098855978400005
8.88510129699999
9.526583248898715
6.6529355957
7.801863493303836
11.145397201999991
13.190186068999994
11.762845714999987
14.133287011999991
12.580903870999988
11.499076728999993
10.12320950172799
12.770299814
14.136245583999997
13.326188134999992
12.933312945999987
13.182584656999992
7.347127181999992
5.636274307299987
5.657892617799995
8.569844215405105
11.32496386599999
13.217599260999986
13.549712858999996
12.812451450999985
14.192400100999983
14.476231504999989
13.608656943999986
13.699982548999989
12.456215290999987
11.739333771999984
11.206094887999987
11.323760523999985
12.558051758999987
12.237825689999985
13.010374303999987
13.321938053999991
11.982588085999991
12.413440043999989
11.927979698000007
10.68653251499999
9.760692666727985
11.483308414999993
10.202937933212146
10.550582596989114
8.585931777999996
9.205811410493592
9.13271902010128
10.334599422994552
11.499007927999994
13.362450689999994
12.736148183999996
14.350158890999984
12.966051113999988
14.646532628999989
10.017173484858535
9.013285583339977
7.875282986506383
6.551688122599986
6.496583412202545
9.91075825806799
10.889568523999992
10.619531850008155
10.82282149499999
8.710616096506396
9.819150703405125
13.54946167399999
11.305322555999984
11.199304034
10.170276454066562
8.850894938696147
12.599393563999993
12.827923174000002
10.765834681999989
12.033689676999991
12.280337166999992
12.46955302100001
6.961943249499997
5.743035609400009
7.449471322599995
7.701913073699993
11.241786624000001
7.454455364999999
12.209093332999997
10.657252761999986
11.054119486999992
10.931332342999989
11.045034247999993
10.797394034999998
10.922327128999989
13.244293249999991
12.493054273999991
10.498012127999996
12.319023832999989
11.996608582999992
12.55916409899999
12.491197396999988
12.481649898999995
11.435284333999999
13.486861622999996
12.828733622999989
13.847445188999993
12.164348971999987
10.360387278787824
9.410684889135982
10.704104206999991
12.026407647999992
11.443173427999984
12.627738607999987
9.345625529506393
7.591559818999975
8.141915402202555
7.052163063000001
5.719676928700005
7.195212913500018
12.344366305999998
11.604292414999986
12.750844440999982
10.926279348999994
9.452983099405124
6.0070354126
5.3623554382000025
4.428926756300002
3.604002191199988
4.964188462799986
3.7977978438999926
6.298958901999999
7.2925295348999875
7.858019839506388
7.028893118303828
7.558270590199997
8.292919848594872
9.112744486999985
8.218885143999978
7.732601806594867
9.077166165202554
7.829066932696146
7.677247576899995
2.685461621099985
5.0639763991999915
7.060751104699995
6.666549529999986
4.589908842499992
3.5501529326999948
4.3112828551999955
4.180785993999998
4.163775285299998
6.5212605042000025
5.705833393899994
6.220954159499987
2.9354881255999814
1.3703988842999875
1.7839572570999878
2.5851797164999857
1.4360953963999912
1.9945705933000009
3.6571408004999997
2.020830534399998
0.9999694114795984
0.7995215419863945
2.5167793212999845
3.637759017899983
5.420038984696137
7.998607258594859
9.817452586282862
8.080073759506385
6.690775140405095
3.5640600188999745
1.2536101022787722
3.806525651599972
7.650461993405111
6.666489965799996
6.171025607299981
7.057542982506377
7.347704251101263
5.325303990199989
3.439283560199998
2.26102275239999
2.500671865799992
2.6151120376999986
2.2780602477999987
3.865723712199978
2.9801030135999946
3.2948280837999886
6.378968843101257
5.88765080409999
8.994746540797438
2.623255973799995
2.1909735763999847
5.086658714299981
6.449798464999993
5.424534408599988
2.4480180938999943
2.3181933761999973
2.3834600158999932
2.3833519652999957
1.9650946898999997
1.0951423621135992
0.807897359750003
1.7274289016999924
2.692433763100001
1.2760154433994524
2.713139898699976
2.830402482599994
1.2619090468999958
1.2807241576999926
2.4356583236999865
4.952744882199989
4.6531922240999934
3.4785256194999907
2.2276285888999965
1.473034014900001
1.087634258301201
0.8706527360900034
2.1370971068999847
3.1115379332999975
4.0987584655999925
5.030370553599983
5.243411901899985
4.222490344199987
5.336843154899994
6.128624803202544
7.196726403799995
5.913894267299997
3.7243239257999914
3.683033113099983
2.3713679825000016
1.9146146407999873
3.5270354751999826
4.220173831199978
6.698678410299992
2.778881155399989
1.5973994430999958
2.2192208587999818
8.69099511720255
8.567735629303826
8.175063731405109
8.359821774303827
6.823199581898696
8.325574438506386
7.1973796494051046
4.640835705599977
7.414371607999984
4.642135681199989
8.312536051898704
5.680683810399986
5.518292642202536
6.635260433999985
7.862393090797424
1.3599103972999982
4.3163804091999785
5.564186860696127
10.064197651795983
10.617318740999984
4.459302777099985
2.60207245329999
1.046408716493195
3.278033538799987
3.0201607634999905
3.0760192412999925
2.752529901099987
6.382687750199994
9.452821746863986
3.1546164596999824
2.6260362014999936
4.768906112699983
6.126782530199985
7.139893148797421
6.867744918797423
6.8713450255999895
8.621527575696149
8.332904135101268
7.249654263303828
8.625162120101274
7.7113278595063885
6.398281430099991
1.6695875411999945
2.698135548399984
8.142779440303817
8.918255648797428
11.398621403999991
10.485527614989113
8.645913476594878
11.962942194999986
6.624326713594852
4.175573275799973
7.321112660202544
9.060597065696156
8.623141175797423
3.3028294829999827
10.630417594999987
3.74677798309997
9.896452656727988
7.76805288999998
6.701843640099999
10.475590441999982
11.690590693999996
4.729316052199986
2.709937754799979
3.437375147999979
9.06218442386397
11.092897684999995
3.846087739599976
6.818501829493585
8.845240754795979
10.891091842999987
13.43559037199999
12.956733159999992
11.28396560399999
7.6805101668999995
9.115825048797427
12.508301958000002
13.520231438999998
12.94513876
12.082143059
11.618230478999992
13.083180858000002
11.842330596999986
9.657903478999994
12.756593151999986
12.420252018999982
10.172906318787827
12.640775681999981
13.72122636099999
13.930564759999998
12.548745627999992
8.951858036797432
5.801991940299995
5.4097380188
3.4855904998999887
7.929341181900008
8.850178868100011
6.877905238299998
5.4981362792999855
4.77164803159999
7.47314454799999
8.476578193700002
9.725082376101287
9.802387194863998
10.75119059099999
9.00959735410127
10.067323244008156
12.178616080999994
9.95173660585853
11.115985549999968
12.257185627999988
12.999401407999995
12.60919879199999
10.11324337913599
11.869986382999988
10.56852133
10.393903417999978
12.35537053099999
13.560940857999986
10.071712441999987
9.621859365858537
9.189968322797434
11.898747251999989
8.961353573594875
7.596733430506392
9.5273785965064
11.82204603899999
11.21344721699999
12.380521758999999
13.689370292999996
14.923598017999995
14.114060856999986
13.80498800799999
13.336909601999984
11.302846111999987
11.303225045999971
12.547469315999981
12.99892775099999
11.04738516399999
12.292135460999997
11.967382198999987
10.773483275999988
10.51298079499999
14.183250910999991
11.235366628999992
12.617888201999994
11.903610586999994
12.15356592999999
10.792145002999995
12.563984333999992
13.104581424999987
13.793414243999992
14.97652782
12.349647517
13.260988907999991
13.96437625699999
15.06266268599999
15.439865285999991
10.977772466999989
7.751155908202542
10.751351278999989
11.665974537999983
11.079047268999982
9.362948400931987
12.45306985599999
14.839910463999992
9.150578324931976
8.007125793506377
11.519248577999988
12.707401546999995
9.312982525727977
8.421188256863973
13.075847667999978
12.188335390999988
11.035351441999985
13.316678963999992
13.412483752
10.608950426999991
13.551863476999994
12.937219825999996
12.513198021999987
11.992128211999994
10.613966213999989
13.65581621999999
13.891976029999991
13.808437545999995
14.410383175999993
10.684729282997267
9.944821514931991
7.0886802261012525
13.153000425999988
13.355470894999987
12.002534034999988
11.288248819999989
8.269804168696158
7.987354223594866
9.09152243499999
13.117990586999996
7.338915948499995
8.077719142200001
8.645068277000014
11.814684893999999
12.37245639299999
13.413286954999988
13.536937395999985
11.508928940999986
12.873185822999988
11.09862912099999
9.243679519696144
12.562191851999993
14.796564852999998
9.980215437203992
11.790665181999989
11.27111386399999
10.968557921999995
10.274934980999996
12.864056879999993
13.081488917999991
13.66069143199999
13.350299976999993
8.87999536289871
8.126492039506395
9.98533005078783
7.754131852696152
6.72174395899999
9.208584536795989
7.4852689986961485
9.218165388506403
10.546758558999993
11.750490999999991
12.460374341999998
12.10114709199999
11.813788004999983
11.76292499999999
12.531479783999984
11.866391880999991
10.927989264999988
10.193830236858547
8.65491728059487
6.467086711101262
9.416390389999965
8.116840998797436
10.845393419999997
12.372819813999996
10.618923609999985
11.819503162000004
8.807120245405116
5.744180490099989
6.248174371299992
4.230980218499996
4.512698020899995
5.2627778930999884
5.164498631299987
9.309965809594873
11.125853562999987
11.603589387999994
10.239698348999983
11.257752317999985
12.18671453699998
10.804312742999986
10.058037680070713
9.95900698092927
10.549856293008158
9.067675477600007
3.9988572204999895
8.851547488271981
8.43652639310127
9.847729333339984
11.317700068999995
11.472657311999978
11.86750777899999
8.288185499599994
5.394335630799995
7.9050306839
8.431080918899996
5.815714178499994
8.151949507099996
6.703284057599993
7.611363999898695
5.478002223199981
5.738004624898689
7.953660256999996
3.632075534099996
4.849903802499979
4.238619293199972
5.146542636099987
6.035190565499998
5.834817768899983
2.2366671264999995
6.263759031699997
5.866731704699986
4.638298498499992
3.969611721799997
5.038168667599989
7.242178391999993
7.581780210898712
7.248998391699994
7.9819470977999964
7.32941195069999
6.771092747499996
3.5148955490000033
3.0638622436999996
3.198710700999996
3.6038846267999873
5.128244500699997
4.1807139435
3.4573074295000024
2.983283938599999
2.918545806899983
3.2852891478999973
1.7601522262999978
5.729277651999995
7.91831705320255
8.309909143101265
7.14509938659486
6.213709304799989
6.567387246699984
8.042350500506382
6.0857167830999925
3.2376977950999852
5.252868338000001
3.200029000899989
2.943436367799997
2.8698285628999973
2.572257563800002
2.441787431300003
2.334652421599992
4.084939396699989
6.184571133400008
7.269365525797417
8.975696145594872
10.496949791999995
9.231443608101271
8.081804115303827
5.992788531499988
5.665617141699988
5.3097351760999905
8.598500279202542
5.017628092999991
3.518966514600002
2.6722995833999907
3.311737762499992
4.754869772299992
8.456179461696154
4.114513514699994
2.534161862199999
3.083119766199988
1.3783529815999978
8.07411309199999
2.2841842162999955
3.9130570571999814
7.026622151199988
7.457946675101267
7.6637109206961425
6.935739358499987
6.058731007405101
6.622269990493583
7.159244351202547
5.939453028899985
5.958903601099986
5.532058064299986
6.429398663299996
5.185563626099985
5.1796610351999925
3.7694988372999823
3.8963847518999923
4.830929687499999
5.0788419311999995
5.783603097499993
6.438863868696141
6.5135852126961415
5.700782173199991
2.1468159331999894
5.83552637179999
6.268589306599994
5.300088192699997
5.526782051099998
4.502801638799998
5.5455342879999945
3.4117283965999703
7.48836306759486
4.017239157099987
2.868768476899983
7.382643582202539
8.467622355696157
6.865820419303826
8.58117059630383
9.28911367650639
8.413620236202547
8.179173739594864
9.289200202931982
9.618290302999986
9.521249169931991
9.081713139303831
8.118566723599994
7.877514834594872
9.10610381769615
7.7910022202025395
6.910834349101264
6.790882992594871
7.787912713594862
8.008220875493587
5.207489050299987
7.184423768594849
9.207822543203983
6.944712405405097
10.518329587999993
10.482609874999985
10.398925290999987
11.175872117999992
11.465140033999992
11.334144454999992
9.063169590797429
6.530850363199991
5.237569406099988
3.878994529700001
4.624277334599983
4.149072230500002
7.864908944699995
8.504779907199998
7.35486736299999
6.53138697049358
9.571633215203985
8.261240365594873
9.297990974405119
10.104891662727988
2.0029629271999854
6.164134823594862
6.852287850999973
7.123449404898698
9.499162388717094
10.83941765299998
11.45331749899999
6.027569802899982
7.135143843101265
8.56334689789872
9.869026190141431
7.113367051699992
8.421952160594865
5.913638146999996
7.437779367101267
6.609212483202549
9.004251388659984
9.012901715101266
12.904262273999992
11.592886628999992
5.145818043499985
4.017314077799974
3.282540528898686
1.4445404105141249
7.140740856898678
5.730288543696141
8.92100002733998
3.8786160903999822
1.65202645259999
1.1257074852931925
1.4458621156787697
6.02734372249998
6.604862628199999
5.265433196999976
11.416061532999983
11.44305616899999
12.283857987999998
11.041723239
11.629157306999998
12.411744744999996
13.218370359999993
12.279186742999988
12.691427927999992
12.337266759999986
10.42927307728285
7.694028024303808
9.765601664787825
10.185589349282859
10.430357590008153
11.023151461999989
12.343577183999995
11.428809348999994
11.48031962399999
9.361978076135985
4.682515913399982
10.194160128863986
7.521757203700001
10.410958559994555
12.208376337999997
9.486033772203985
7.4239757796961285
11.110986394999985
11.833167064999992
10.93407622099999
12.977135286999992
13.177066594999987
13.817792608999993
13.444296810999994
13.627347220999987
11.131733608999992
10.204783434997276
10.820736039999991
10.57095834399999
11.101170269999994
9.655925067067985
8.165984419303832
9.598642047067976
10.84003229799999
11.823286500999988
11.816497281999991
12.146591997999995
12.86639907999999
12.858942009999991
12.586118882999992
11.955094037999988
11.584745084999984
12.978397098999993
11.206441625999988
10.666168909994564
12.961334482
13.554027910999995
12.99641772299999
12.803536905999987
12.322930410999987
12.169248102999989
11.766478850999992
11.997884636999991
10.481950931991832
10.313288908122248
11.837586440000003
13.39086898699999
14.354760950999978
15.05681367799999
13.751655884999987
13.71935925799999
13.944687940999986
13.70755793799999
10.163061520282866
13.402482734999992
13.19908148799999
14.16411383099999
14.29248665499999
11.486859667999989
9.766843588203995
11.374106969999985
10.29098589314143
10.209008819717107
9.285401083271987
9.423443215898722
10.653714686999997
8.50982704620255
9.03937205033998
13.115881058999985
8.730607595863978
8.505590553303835
10.344746871999995
9.84806470789872
9.438485937339992
9.160306977863987
8.402240272493593
10.374612125010872
10.229703996203993
11.138453126999993
12.122434978999996
11.692927286999993
11.456244999999997
13.195057464999993
13.665237597999992
13.898997114999986
14.056080617999994
12.168237726999998
8.766704537999976
10.216209095858549
10.366006273989111
12.008477208999986
12.583786327999986
10.911585561999985
9.834310780203989
13.128614098999995
12.238041526999991
11.972226909999987
12.861378379999994
12.292361080999992
11.64524928599999
10.398568633999988
8.45445472719615
6.303201600599984
4.562755105599983
5.111357746899987
4.414992098999988
2.8843565169999916
5.895011686699989
6.9864755279999935
7.42120431979999
9.626346530135992
9.148502642863992
5.87866116179999
5.371430636599986
5.225494520599995
9.292910246303833
10.615816027999994
10.613958642999991
12.035117609999993
7.936229832506387
10.192327024858546
8.19860643920255
5.5265574508999835
6.955383195499995
4.079872126799994
4.173920571899993
7.086960499594867
7.1144689864999995
6.288503327899993
7.623263058500006
6.344703749099994
9.729760014203992
8.968749218797422
9.039081034898715
10.51223150299999
10.421355153999986
7.040369192499985
7.113454130599988
4.7360219481999835
6.959992826799992
5.434430978400003
6.930034687799993
7.5124018234051055
8.22031815950639
3.8954661803999864
4.359762464899976
8.00424135440511
9.09088286120397
2.2372671813999943
2.9531963012999887
3.6067706572999905
4.046768603499996
1.641423831199995
3.634209515399999
5.880929368599991
9.108156486493595
7.75221601559486
4.729895368999984
9.048036318999992
8.80027646479743
8.91027457889871
6.124417213399989
2.709036932399991
2.2930961013999913
2.0006119307999817
2.4223886031999933
1.7719373702999919
2.009404710399988
1.4791544951999882
1.8104572143999909
0.9054415821999983
2.760638163799991
4.9580694060999875
5.110131466699996
3.1756347167999985
2.538515058899997
2.017173950199986
5.243452671797402
2.9520483413999896
3.7014207473999736
8.225753762799995
2.275008027599995
2.1520112717000064
2.118470933500013
1.8813497894000042
2.24280791629999
2.3154982924999956
2.220784909099998
5.338665856898695
10.208408407999991
6.977543534898706
3.90008551479997
3.7445002410999977
2.8693866149999927
7.54070787510126
5.9372926682000005
4.788129080200001
5.567141836499993
4.908288316299999
7.371754203797423
2.1576715209999855
2.8651277892999936
4.065947477699993
6.674399002099996
7.833073733499997
3.19062513889999
2.7603953460999766
2.3858345717999887
1.705809909099999
1.5879159911999996
0.8276366870898697
1.556292079200001
1.7511157012999967
2.139686964399999
2.3592867248999987
3.0925503844999866
4.205687686199983
5.138073918199979
4.764066191100002
2.0005747909999885
2.3290603912000014
3.0564923842999976
1.9620276458999923
2.638969340499989
4.1121527466000005
4.9734971740999985
4.213335017399996
5.188184077499983
5.994040090899994
4.709721244799988
1.0250822919863942
2.321245175199971
1.7807199782999892
4.022910133399982
5.270649053999995
4.1321671111999985
6.018930575594862
7.785356771898702
8.543564446999985
4.978350167799982
3.6150662612999778
0.9387274812691836
0.8051986570271961
3.608658631899978
2.315859440599995
8.46900292969615
4.805183984399977
9.412655599999988
5.9228313018999925
2.4315541854999934
2.1473672623000004
2.9191932540999987
4.885823219303801
1.1440187540067939
2.378088255299998
1.4782626891999981
1.154677421093196
3.7064776961999732
5.007493417405096
8.055306756594874
5.836358526599987
5.133987338299998
6.726305409202545
3.6629265044999904
2.005862141399992
2.6104850173999887
4.385918367000002
2.7125564483999978
4.738482553099978
2.26281767269999
3.0428972762999935
2.2402110473999945
1.1926719176999958
1.2608702559999954
5.65530433809998
7.453791462696141
1.3883939311999773
3.1210713454999865
4.977554585299981
5.963081983899998
2.138455146799988
7.91687936549359
6.1053362961012585
3.602936793499975
3.8793931258999814
5.34467126619999
7.079572781405105
6.079455587797421
2.4062741256999884
2.772500416599992
3.813034478799978
4.44956627499998
3.276956898499986
4.306708055099995
4.867686793499994
8.171510433999979
6.022061367797419
4.319697492999981
9.424884709200004
8.894387051405113
9.479025125067986
8.785350051898705
5.9171754195999915
7.068885993999978
3.1829724715999745
6.734118244898698
4.8632913527999895
6.13472208559486
11.21829816099999
7.461817279101264
5.579684890699985
4.219158274799994
4.177068330399995
3.870920849599987
8.01041259159487
9.829996485929271
6.142913165299993
8.83695247340511
10.448454169999987
7.194176838699988
4.013505848699986
4.559091152999984
6.989621873506375
6.056688085898701
9.029479669202553
11.084518018999987
10.585216965999988
10.804983053999983
10.368969306999993
11.970865165999994
12.566010787999986
11.289474997999989
7.555027209506384
5.149663552898694
8.015008554101252
9.671230586135987
9.956862019203994
5.426303938299981
6.865488674898699
6.181321606399988
6.858890449500017
8.439518565405113
8.802855317696155
5.49864750520253
7.109378631594853
8.775077685493594
12.992094660999994
12.852629363999991
10.765732758999988
9.665029620405114
11.855821383999988
10.711324979999983
8.54456537630382
10.87442651699999
10.217576093999996
8.377113824500002
10.244477470271987
11.66060398899999
7.103256086696142
8.31270025630383
11.696003339999997
9.580932801797434
11.549904607999986
13.235744788999995
9.002889222696142
5.210182656899979
3.6907451858999845
7.953283821101271
6.514750817899985
9.836112248141422
12.243544016999993
12.565263862999991
11.563720495999984
9.376726232931986
9.141904800405108
11.43948545499999
13.271300979999996
12.157585750999992
9.992848692212148
11.949543400999984
11.082728605999991
10.246476632787822
11.299496911999999
11.348520173999994
11.763308565999989
13.689746792999989
12.726695550999992
14.782756562999987
11.363850040999987
12.385485984999992
13.09451941699999
11.770481724999991
13.159647072999991
13.55764812299999
12.446633533999988
13.895792206999994
14.16332622099999
8.519222894303828
8.09465117489871
11.142484333999992
11.81184563099999
10.110023475717112
9.964797131212144
9.345811321999989
10.100905517717107
11.38463879399999
7.304930065898706
11.282349750000003
13.974280083999998
10.569734360999991
10.31348884699999
13.64979152099999
11.752270226999986
13.007012490999992
9.28614750369615
10.311212772997276
12.739321189999998
9.111627539101269
9.875744135999991
9.279634643727988
10.394897527999985
9.782154334999989
8.215147044405109
6.970762748699984
5.589254888899987
8.923662547303836
9.43010064540512
7.917380070506389
9.352608796795991
11.415321154999997
10.002037391795993
10.512119408999984
14.471338679999999
15.267356438999991
14.194325423999992
13.235748609999991
12.223200167999991
12.143743036999988
15.50331654499999
4.585715830999978
8.1748289718987
12.067915603999984
11.401383625999992
13.504258704999993
8.282396873499996
9.290913229405108
10.336136774999988
9.720055209282863
10.909651113999985
11.225301076999981
11.533966112999988
11.726708466999986
10.634112951999985
13.45611715899999
12.73557551399999
11.995722091999998
12.198636138999984
10.180451706999992
6.8949612807999925
6.77618473359999
9.02213390959487
11.067987099999987
11.329130596999983
10.468115246999982
9.156007897931978
11.138747864999985
9.058326582303831
5.099751953099976
7.651689193696148
7.758610899405109
8.130552992202555
11.171501442999984
11.64542577999998
13.831928480999993
11.555111039999993
12.65087564099999
11.388801117999995
9.618240232863977
10.614753968999995
10.416195426999984
11.778377999999988
7.570450645399996
5.349185763499982
7.679604119898706
8.987301977493589
7.354417031898701
7.478007977303833
8.881362182594872
7.921141172797413
8.67130654299999
12.32706538399999
11.345697002999987
12.768279307999988
10.678428167999991
9.348127831999994
11.99844600699999
9.686077264282863
9.322511109931988
7.77544523010127
3.4850938231999926
2.934510246299993
2.975882928499993
5.923515219099988
7.554075433303821
9.831910830787828
8.916103100594869
6.029402455099983
6.77943964230382
6.936207714797424
7.134168740797421
5.126388355999984
5.059885662799989
5.569598747299983
8.58847113650638
8.39320359040511
7.2490424103038285
5.695356028699995
8.0134810988987
8.959656697067983
7.910118519594853
6.634151007099989
8.490333796696145
6.880241967797423
7.460418933101267
8.352826573200002
8.71820297999999
4.20445894929999
3.7806913283999726
4.455457990999988
3.401796928399999
2.9465519195999854
2.3697426162999875
4.467458288599982
7.540655880696147
6.148369160506383
6.269306060797422
7.082647947696143
4.899421838399989
2.905342190599984
6.149049880999984
10.230399905282853
10.171780381858543
2.5600851607999897
1.795357269299998
1.5578800536999902
1.0847665150727943
1.4322193374999936
1.109383669999993
1.4296863753999975
4.3782599456999955
3.2241540664999886
2.2618262755999927
1.941698799099997
2.0727243239999877
2.396372689799981
3.824782177699989
3.447673069799996
5.279497328199996
1.346966645799999
0.8558056216135965
2.8490904479999895
1.253322026099997
3.6745813888999885
5.434461346399986
3.938425469999987
3.6375446486999907
5.521526473999989
6.786087948594857
2.6052694335999917
1.9235027694999944
2.368770567299995
1.5113853145010874
1.3013231566999999
1.6202710616999758
1.8826942473999948
2.2243679213999887
2.721990721099977
2.92025110629998
0.8782226582659962
1.4736723372999716
4.106118096899976
2.8158419784999866
3.404164971899985
4.698056983899994
3.748207145699995
6.320518368499992
8.321858328202547
9.15257916272798
7.833260192898713
6.534271198999987
7.431297996493579
5.9200493361999955
4.291460824599995
7.343271397405103
5.633557484399993
1.3856468978999925
1.595129109199985
4.939071662898689
7.017399830594862
8.555364602696145
10.366318545999992
5.974147836300001
6.160439462303814
7.328321362303829
5.401559478799989
5.530455166599996
1.2203557093717017
3.3792704162999723
3.3705067718999926
2.7263445327999896
2.155819039899987
6.896288320898703
8.06813364110127
1.8298101455999913
3.1548527344050807
5.600465246599984
2.3709893508999955
3.5467872208000037
4.334015678399984
4.697223611499993
1.435942037999995
1.0793964869339945
0.9730050667863976
0.6496538572299982
0.7663778764795944
2.552605712899967
1.259208988901085
0.8758065478200154
1.2862903526212037
3.0651567595999816
2.736717115799992
2.703778553799992
4.238778137199992
4.1206083510999925
4.703887474099993
3.6654824340999945
5.084425189199981
11.295098156999991
8.233726005594868
2.193332954399985
1.3629748254858451
1.1955933936997258
2.1602339873999976
0.7894576979727975
3.3277212279999637
6.1543866729999746
8.58985349730383
7.950883862303833
5.8531150283999915
8.349550041202557
8.316956535303836
4.497884077499995
6.126832864399993
7.576180360405103
8.821729853797422
9.80551794728286
4.2219237975999855
3.396247055099989
1.656227781699991
5.696324754299991
8.489265559405121
11.258229604999997
10.902131754999981
9.878155097999985
11.341909345999984
12.59931322199999
9.976201814212146
6.655129574599984
4.662292646799984
5.383308804299983
6.348551373303823
4.979345664999988
6.734871351599993
5.732019102499992
5.606484162899982
6.998373541303825
3.0392455611999853
3.103467175299985
6.3343317855999794
3.365845246899985
5.878551812699996
8.719002656594855
9.146672106898713
9.759090049908329
11.11331984999999
11.905798118999988
10.87266066299999
7.77652886959487
10.871535035999996
13.223137056999995
12.20845203699999
12.139264593999993
11.428174042999984
5.822832678199987
7.2658554275999885
4.673352024799978
3.2193960067999945
5.082689634699985
7.185456649797421
8.211920788594867
8.949859909101269
11.658073531999978
10.928148217999977
7.553139906303819
7.218964958202532
6.919494406101272
6.850382812506381
8.839112206999976
8.79334073789872
12.249485395999985
10.795268427000003
12.081438492000006
13.871567569999998
14.350992277999989
14.362162375999995
12.447330182999996
9.20479433440512
13.403529271999988
13.181663695999987
11.584362589999985
11.780830022999995
13.464094981000004
11.925770794999991
11.359767251999981
13.406967531999998
13.52674088899999
14.684953403999998
15.91883828099999
13.20589130099999
13.722233117999977
13.47780539699999
11.643482181999993
7.128046621696131
7.059285243202536
12.556900617999972
10.567828927999981
13.729109073999984
11.984763769999986
6.669404421999974
10.32256963335357
7.790252365100017
4.472486282299988
7.0667720794999935
9.233611979696153
9.889322457931993
12.56177351499999
14.891358924999993
15.529778830999987
13.390438971999991
13.299041573999995
11.672110293999994
11.726218261999989
13.290172912999997
12.317143935
12.475873532000003
12.619898327999987
12.156416047999974
11.150705073999994
11.946404683999996
12.376814492999989
13.397599994999995
15.684848823999996
12.20136663199999
8.70332583159488
9.116052252200006
12.060804953000002
14.220473704999996
14.436437942999989
13.427597033999985
11.264076410999992
13.549368270999992
12.460840272999986
14.442951346999989
11.810062838999993
12.42280677
11.203047465999987
14.03035078399999
14.082381014999985
12.824302172999985
13.124269837999986
11.666609673999991
12.936473728999992
13.45662805199999
14.031211266999993
13.57859738599999
13.660900243999988
12.998271003999992
14.33833316799999
12.410336722999988
12.418417113999988
14.455567612999982
14.459087206999996
13.610085622999978
15.933943058999992
12.09102414199999
12.786605077999987
13.895000704999996
13.232057303999985
12.16056206999999
11.409543378999986
10.667993790999981
11.072430829999984
12.26337527599998
11.751659652999995
13.420772376999992
13.450371436999989
15.040442403999991
15.443168374999988
15.534742541999991
14.318867415999986
11.620127213999993
12.121193442999997
11.767851373000001
11.918796750999986
15.025994495999994
15.447226356999995
15.108808478999988
15.14858163899999
14.883993177999992
12.48580185099999
13.314078447999991
13.145718326999992
11.914937983999991
6.148317983999978
6.029217466699982
6.019434579499988
5.5622698729999875
7.268844085696139
11.437127134999994
13.735597422999993
7.892830317696133
8.666237487797417
10.69012286399999
11.579316607999989
10.508736797999987
6.96726282039999
8.598234690898712
11.10974256599999
12.166310943999997
9.34648761899997
10.11411884472799
11.361725042999986
10.620741184999988
10.23784071971711
12.518287270999995
13.137439229999988
10.827507332999978
12.100614556999986
6.087898367299993
6.691726332099987
7.189959614599994
8.519954872101266
9.827314509717107
11.676881183999994
10.835338807999998
11.357962585000005
9.436274513202562
6.335425433300006
7.295085501099997
6.872136961399994
7.772671562202545
9.28504450220398
9.534425593594872
8.354300976594867
8.324078176900008
8.91078553310127
11.837525385999992
10.481226558002728
10.426045238008157
8.116301025399997
10.28694504864638
10.54807653499998
7.226100257899991
1.6854502257999942
5.885926826506358
4.532836631799981
10.168711595141414
11.255162279999977
12.87527116099999
13.117917133999999
2.2304114242999957
3.7470034241012424
3.6309013335999882
1.9771849975999929
2.9466618728999756
5.770423358202528
5.331723026999984
1.6650115996999872
2.1992208709999876
3.481384172099994
5.490908462499989
7.746469837999986
9.088719282493585
9.083105931067976
9.863446917795988
2.081630584699978
5.3335042786
5.849379379299986
10.113298446787828
7.199323185699991
6.516426136799983
4.803620092799996
6.09974271999997
10.699704607999987
13.712110480999986
13.128917875999985
11.310169874999996
6.989460574299995
9.770877177282859
4.152912409999987
2.983968473799993
5.762776068099985
7.091312242099998
10.112684577929263
10.111372872999993
6.672112362699995
5.559263980099995
6.585761563099989
3.674593601999989
4.375076708999997
3.9229212005999923
3.609192391999981
5.633280076599995
4.478456730699995
7.013522317493586
6.68322056120255
6.070014909399987
5.543428086899991
6.969132965101271
7.59119544530383
7.459340605199997
6.273840339700008
3.380985284399994
3.8783655898999982
3.9582238707999826
5.747775561493573
6.889685636898699
8.065129161101266
2.115267121899991
5.283312116999982
7.729656317099998
5.584013589499995
4.521872007799997
3.471156649799995
4.495474465899992
4.037055087299998
3.1833375060999654
4.043635777299984
6.76589387969613
1.9807606505999813
0.6580312209100014
1.7690797103999718
0.9923606026727939
3.126803948999991
5.0610581862999755
8.57126544040511
4.890913268999988
0.6085943288800004
1.255452028300815
1.919368373099999
1.572932255599997
1.6483965850999833
2.066814292899999
1.5488140212999912
7.501113047863961
5.817658482405096
2.72392139279999
6.401682208303821
6.259816746499994
4.176433993499987
2.9493189116999914
4.814372096303817
5.92765564420253
3.3262621627999884
2.369054740900001
1.0868221297994538
0.7784970876696156
1.4267096160999966
1.9517063308999907
3.0771982818999835
7.060396356202537
2.0432555526999936
3.3665915999999823
6.078143511999991
5.1294935851999846
4.389258113099999
4.6855567749000055
4.308569383200002
4.384284985399999
5.520737351999981
5.623349404899985
6.769561332699991
4.790171984899998
5.379078743000001
6.009868847699988
4.709957934599995
6.0323901961999935
5.456808497599994
3.795316511499994
6.172740019199989
10.365785890141419
10.384030192999987
10.534307477999983
10.551942215999984
8.379802613797425
10.225064585931985
8.759187235999988
5.907726802099998
5.666007493599984
2.6421158462999954
3.136710972599995
6.795684249898706
9.780548406999987
5.395573815899979
1.3720618630282682
2.5874160994999817
3.3257705002000013
2.5219010056
3.34919028169999
1.675322557099993
3.4281205260999936
6.459019679303824
6.429054501303827
6.452357937594864
6.503597169506384
8.433582823202546
6.354350149499988
3.9575555053999913
1.6357899733999917
4.886973539699985
5.5071765227974145
4.863658550999986
11.461113422999983
9.854431686282862
1.4589111342999939
3.610379339599996
6.511255743399994
2.4280160003999893
10.578640258858536
10.228492375141423
10.412668894999987
11.64321402899999
11.210176441999987
9.65073629472799
6.4193446746999925
7.821437440506374
9.411755743271986
12.536215160999992
9.335683801203981
8.543455921898717
10.24413804920399
11.529452115
10.342409322999991
5.301818147299973
5.134952392599993
4.018795147699986
6.770882284493583
6.647194438200014
8.155498930405107
5.377513284299977
5.5954841324050895
12.359930260999983
9.050348834207988
7.446415638696147
6.824116644303824
3.592273895299986
1.622402200299989
5.797008335898694
6.226392195100004
5.887937362699983
4.738637533599982
8.987796278271984
10.596510422000001
8.29133262630002
11.699244015999989
7.9332649384051095
6.609717021199994
3.415908541899968
2.141627674899975
4.269016799899986
2.784868084699989
4.989779121399971
4.623838677999978
7.174526675405103
10.171813693141425
8.247558671594865
9.365779959101268
8.096071849101273
9.95102886384721
10.09905917203057
12.300911311000005
11.659224497999993
10.185444806999994
8.260501278696154
4.278607734699991
5.904941647299986
11.24987107399999
11.15593832699999
14.011505192999994
12.133151654000004
11.837906699000008
13.261358301999998
12.121422023000004
14.312104043999996
14.016488013999991
6.687239816303823
8.416486144999986
10.104769679099837
9.83601648100001
10.14474806993889
10.621502779010871
10.526541738999995
11.930239026999988
12.547078246999993
10.67273189199999
12.880319987000007
11.70035604999999
12.607731021000003
14.267632903999997
13.180452503999994
12.931821232999994
13.359133436999988
14.051561999999997
12.234118511999995
8.613945196493583
10.082230487070705
8.239129400594868
8.709402030898703
8.858434210135986
10.499060599999982
9.042368197594872
12.243063508999986
11.957491950999994
12.073856289999998
13.79638888699999
14.219589840999982
10.971274756999987
10.897005390999983
10.279596987999986
11.531887543999986
12.676439040999984
10.982183375999988
11.499612467999993
13.146307563999986
11.798708944999989
12.371727857999987
13.012443642999992
12.957494616999988
11.838972861999988
11.884569828999988
8.756358599898713
12.379530845999989
11.467354596999993
10.402099710070708
11.828275820999991
10.939380543999984
11.421557432999998
12.066570592999994
13.989774894999998
13.094290995999986
12.822114184999995
14.034709476999996
12.84995397499999
14.85140776199999
14.133382720999991
11.010889974999987
7.266407531696142
12.177805802999984
12.32168082699999
11.507059281999997
10.888150693999991
12.326125052999988
13.846455024999992
13.785484638999993
13.238562600999991
13.104407581999993
11.275281994999993
13.794347027999994
13.170694895999988
12.73192652299999
12.361096767999989
11.90471527299999
13.989781360999995
13.881127735999993
8.342035351594868
9.752430781727988
11.418890386999992
13.477654154999993
13.464692537999992
11.547723734999991
10.970417081999983
14.34504281899999
11.362111709999983
10.05608467406799
10.749104114005434
10.800073209999988
10.402046421999993
9.737710864303839
8.92898447720256
8.134654876700004
12.012558091999974
13.01821725499999
12.878500615999988
12.379220640999987
9.671538407931987
8.468511447101262
7.708599381999994
8.962911369303836
9.682014523303842
12.768660943999993
12.963114776999987
12.585172846999983
9.556001350271986
10.170801167
13.162146103
8.52721001589871
7.053943379202552
7.9344044066961485
11.120466759999982
11.25389916499999
9.32886609799999
11.61887658199999
8.842150993303841
11.898148133999996
7.043091546599989
4.081735194399983
5.235853115799985
7.069219102506377
5.242476812699989
8.535396743797426
9.73237998033999
9.703298057727991
9.18307491299999
5.985133999599986
5.823403300500003
6.8807367797999985
5.201517648299982
9.56761097272799
8.077922558594869
8.159762777696141
8.49806148830383
2.739809100299986
5.241953442405099
4.70309386750637
9.176767546101269
10.02078900299999
9.777991860999995
8.46123006589871
3.546775473000002
5.100216967799988
7.17054262239999
6.173156909199989
7.426711399797423
10.438066842999993
6.353705451999988
3.5652602385999788
3.452208331299983
3.825088867199977
3.5520955001999845
5.127309509299999
2.638807577499995
4.10703610689999
2.445023899799996
3.4186928588999796
7.071417965696142
8.82779113010128
11.246696988999988
7.615750402797428
6.038559654199989
6.010465466299988
6.6085688262999955
3.2219560989000087
3.2367706192000023
4.057593783600004
3.7001227401999883
5.565369473299995
5.880677751199996
8.20064051059486
10.099200999339995
4.8747135573999945
0.909199769013599
2.3742340758999965
0.8487646504400002
2.8782910476999684
2.704209344499988
2.3396123886000026
1.8715290328999798
5.335509649696134
5.081794551099989
4.795460737599996
7.065888000506386
7.485202534506388
7.836381298797428
7.968878932202542
7.509161094696146
8.72347055969614
7.918830555696142
3.9089823943999886
1.8337788588999937
3.2124506713999805
2.7816093184999984
5.105806408699991
5.658961555499986
4.807502465799993
5.676538738999987
8.467786500493583
10.794566625999991
8.758499639898707
8.313148434405113
8.998898828101265
5.805608871499986
5.185713188199983
7.007892126499993
2.3051145019999955
4.207626338199992
2.5109681777999944
3.1998174422999885
3.3379241881999935
6.004992121900003
3.700618659999992
5.515387797493579
2.30852792209999
2.7085437667999757
9.179116345135984
5.412065217599987
6.186078678899982
4.59466152339999
3.7765148055999913
4.492559579499995
4.023713366700002
6.286855047594861
1.7849446593999971
2.0589874984999956
1.0788136719795955
3.9843075332999724
3.269087438999997
1.956259596299989
1.4942652450999976
5.836703713999987
10.645244077999994
8.974033897405109
6.884955088797416
7.636352116405106
7.519410839797427
4.982565167199995
3.3648951369999986
2.7193740341000017
6.446903726199991
7.6987825882025485
6.279670309405102
5.717058682299995
6.015515512101266
6.263216928099994
2.982335081499994
8.208423826727968
10.370232404999987
8.13108371120255
2.9787467956999847
6.804803884899993
6.2971958587999906
8.003917445405099
5.737246873499989
5.618052076699984
6.685852590898703
4.731521093799987
6.601787824999987
4.74762130429999
2.2758767577999928
1.6694235854999888
4.76422627719999
7.132070471202552
7.900654093898698
9.533618839999992
3.1535786544999813
6.4546656966961375
3.0378588744999875
5.354119375599985
6.656629626500001
5.071179672200012
9.35668450930383
8.590965736405105
8.105632046493591
6.6596263808987
8.12808820949358
11.073174997999985
8.79810188899998
8.39989485169614
9.193433023067982
8.89880695327198
10.685543703999986
10.456061413999983
9.191809226999997
9.663632051070705
7.065296903999992
8.0502536133
7.800119184898707
2.5874277678999844
4.062331634499984
7.001312560999986
8.808962052898703
7.1614347702025425
9.491826644931983
10.064708608999988
9.520062020929258
11.251176087999985
11.663254436999983
12.748362169999993
9.561459011863983
6.73674971920254
4.948581457493563
6.598418397493572
7.442031236303813
2.9574352538999737
6.082184153699988
5.971900172399989
7.935683154303828
5.214051760899983
4.547325961299988
6.732415919499987
7.310423820499992
4.750964343299994
5.221241302499982
7.29232138059486
5.089561668399989
8.829754222101279
9.85077698820256
11.516101661999986
12.134307929999999
10.166086657900163
11.80302175799999
9.545447723271986
8.08520947269615
7.395372613499993
6.586443873599989
6.645306118799989
7.979388845799999
7.190122033699993
8.524119209303828
9.105587802101272
6.40561994630001
6.779133988999983
7.250012196405099
11.076333153999997
8.089950531000007
9.253332154797446
11.901322558999992
12.540676598999992
11.313698665999985
11.158684873999984
12.479380627000001
9.910791644203993
8.748106397999987
6.733473194898703
10.358204667999988
6.339251263399986
9.621446527067985
6.687654782099993
10.269371200717107
9.251930273405115
7.925429002405103
8.814546757493584
5.413996163898693
8.1378732558987
10.751877952999994
10.47133295899999
11.079831748999975
10.577352520999987
12.354171062999988
11.665719065999998
12.341499984999993
13.51922883599999
13.129119114999991
12.250740220999994
10.129387046858543
8.93920806579743
11.638557065999988
10.978907036999985
12.753036730999984
13.215610036999989
13.298734029999991
11.688687792999993
11.887182772999983
11.515810982999993
10.511038112999989
11.827604230999988
11.485913315999992
12.414296917999993
14.147123594999991
