9.38101072086399
10.164104647863992
11.078849788999992
12.244560216999984
13.256504636999994
13.429939690999994
12.875481658999995
11.762872152999995
10.68624592399999
12.194710190999988
13.61162764699999
13.128491971999987
11.828964039999988
10.419140494999983
9.542289538717103
9.942622091787833
10.530233465999991
11.144708561999987
8.80982364499999
11.548938718006392
12.153626504999988
11.313016562999998
10.490318650999994
13.604424289999992
11.184337649999996
11.958050463999987
13.26409163399999
13.12941154299999
10.35902859328286
14.25884412099999
14.187332007999991
14.761319610999989
13.946064675999981
13.253646891999987
11.50312490199999
8.011000225797432
12.109643516999991
10.730479784999996
10.55038329778782
11.892080153999988
11.098099064999992
10.160019554070704
9.97984646299998
9.049915661727981
12.358393383999994
11.450170389999991
13.086197556999988
12.838701427999984
13.640476952999991
12.605527772999984
4.883047537199981
4.825555830399977
9.02805853120255
11.876971680999986
12.246227431999994
9.931068101646385
8.804284765594867
9.12966408528286
12.843915786999998
13.078917380999993
11.940412958999993
10.247245523067992
11.28928372799999
11.643898198999993
10.379987932999988
12.961873305999992
12.624949033999997
12.986486217999994
13.627854954999993
14.036038113519986
14.146778835999992
12.892770820999987
11.403639119999992
10.768660785999984
11.81392836799999
13.218644024999984
7.099675601199988
9.485354865999984
10.619244970999983
9.344006030203982
10.873319211999993
9.643531506203987
11.439304850999996
11.949581460999989
12.025310051999991
11.333573478999993
11.24234334599999
9.210998718303825
12.865210953999988
11.644490569999984
9.893110708717105
9.887529620282864
11.11412652299998
10.907809899999975
10.634976760999978
11.482007638999992
12.759274241999991
10.50510895699999
10.243500862070698
9.725727917353577
9.350623876999984
9.735486756929262
8.555364596594861
9.798855966141408
4.61753538510124
7.935843333405088
6.489036735493573
7.205434237696131
10.272374687141427
8.27187125699999
7.19007698819999
7.432657089199991
5.721617489599991
7.186751112405109
10.084904887282867
9.088012063594869
8.995628677405115
8.096880995202541
10.784998897999992
9.113560916101266
9.802013848929263
6.987822256506382
7.785198557999975
6.435593139594854
6.652715251202531
6.808783697493576
6.905249276696145
5.12385335239999
4.646355467199976
6.28317353969613
10.674806557999982
11.28837581799998
9.430660945067986
8.417846548339977
8.4803917404051
8.741649961931984
9.161134521339974
6.167118337999974
1.718912593099999
1.3761508574999795
3.928117762799989
3.0043078795999896
3.3865270980999918
4.185196241799992
1.3352219466999862
2.022364294399988
2.189918130499986
2.9932072875999856
4.629146693399986
4.62900580899999
4.779643102999984
3.5474159270999692
4.1643806533999745
6.343308825699996
6.141947003199987
4.71781605219999
2.646434310899977
2.887920982399985
3.2458428939999866
2.697450434899986
3.0883766952999716
6.002709138506374
5.800862705999969
5.932763818399988
5.090605024699976
8.778393394339961
6.984049494898705
1.3600418942353438
4.531684959399985
6.183262857101256
7.997007795696134
5.706081463594858
3.4634890059999908
3.4934861724999844
4.0952317306999895
4.26448476869999
2.32825943599999
1.3186367095999891
0.9621568653070637
3.609983068799972
5.874651971399982
6.57380388789869
6.047397030599982
1.535050892599995
2.748305099499994
7.1684184508986935
4.415347561599975
4.603052900696127
4.112330682399985
3.0160101409999864
2.27351282499999
5.315862789899972
4.336801574699989
5.026111675999988
2.383486450199987
2.172010781899989
3.650651789899963
6.428179089405098
6.062071607999984
6.089830441303806
6.429781767303814
9.847479647858536
7.2594728209999895
3.1957679213999866
5.295585087599979
7.642978433202542
7.272496107506387
6.212218221999973
7.084786791999974
4.878962005594851
7.717725093101248
8.72030521227198
6.589158010898694
7.118184492506377
7.883524813797418
5.811425643898685
3.3900900237999703
4.8499217284935625
6.386297793594851
3.2215173339999863
2.126595689399989
2.535849455299984
1.759587493899991
2.72354050289999
3.2133404555999827
4.056528369099973
6.719756739799983
4.727105990599982
8.575980012493586
8.32033783569615
4.579521798699982
1.1221669047282743
2.9959713180999685
2.016751713599987
2.790122637899962
3.8347917846961175
4.9621775954999725
3.7237357421999713
2.415186393699974
1.575872090099977
1.1340909250212032
1.9536086013999685
4.291146087599988
7.32831559910126
2.3047192763999784
2.7761832091999787
4.7377458693999746
5.7480081344999805
6.501116038493579
5.989066226202535
4.85421957240509
3.338609788499972
6.404829643202531
7.352376858493577
5.407832585099977
9.866308625863985
9.78196386879598
9.511120327863985
8.562398783898704
6.6906399474999905
6.689138395699991
6.052550471499983
2.6158502364999747
2.2229322448999778
3.156584435999975
4.932092401101246
4.647421647599972
6.579187123101253
6.9172492584050955
6.985685906999974
6.028198493999964
6.372768623405086
6.675328460696133
2.0958744460999745
2.855260990899966
2.2996418883999663
5.134146066299976
1.7026816482999767
2.5137740737999708
3.6122199982025243
2.6406801726999616
8.7839016464051
7.119733158898699
5.891038624594858
7.838330276506386
8.19030377499998
8.121417993202549
9.854023837203979
10.947870792999986
11.329706144999985
10.992781066999981
11.684345629999985
11.89688611799999
7.406327316303818
7.841232157898694
9.446713664135984
8.321359890696135
4.69922492979998
8.215957702594856
8.1927609038987
8.616327403303831
6.646691491696134
7.7554411239999865
9.609317210271968
1.6587476256999623
9.764877238353584
10.988229098999987
10.159022349646383
10.966050988999989
8.628254397727973
2.638994650299975
2.662697515899965
3.526542274499966
8.048078939863972
8.737216413898706
6.682924546797404
4.950085664405088
5.461313439898668
9.035718374727974
10.259527496203983
9.491791052141417
11.614321805999982
11.809067133999996
11.100183742999992
8.459325511202536
10.780000428999987
7.549170919797414
7.5363582703038094
3.947613372799968
5.896997985797407
5.009136079405084
7.766750982696131
9.142915792863983
10.875904581999981
10.31852787178781
9.043808619795973
9.37864336699999
9.73678765272799
11.177694159999989
10.15827319328287
11.81204148399999
12.502797577999985
12.539324875999986
11.486279798999986
10.809791880999988
11.320929386999987
9.683433108646378
12.082624184999966
12.575417173999991
10.88755145899999
11.21409812899999
11.738970075999989
13.473321856999995
10.496308234999987
8.573298893696142
13.82139077599999
12.772303016999997
11.05458801300639
11.714410169999992
9.353089083765589
11.77259797099999
11.514414541999992
13.486881338999996
12.161929754999985
9.428491436863982
9.466043855203987
9.678921964999983
10.458394440999982
11.298926896999994
9.495545968717098
9.766527581858536
5.692173246797413
7.0849947905948545
8.123744677696141
10.452762417727985
10.691352229159985
12.58777612599999
13.28872531099999
9.730149699449264
9.956960682795987
9.891398185629596
10.95844008299999
13.435188755999995
11.534093360999988
9.608439543202554
9.793102023203994
11.637032517999998
12.730693833999995
13.39396016699999
12.356856304999988
11.92952224599999
12.426058783999993
12.115555990999983
11.012276482999985
11.57260770599999
11.849636471999986
12.84509989199999
11.95651047199999
12.339167568999997
9.357788644271988
6.040385241699992
9.048544393898709
8.452257981898713
10.875558957999992
12.653522561999996
12.573368583999992
11.337498499999988
11.683987012999996
12.19929619099999
10.893511707999991
9.837312161203993
11.382595656999989
9.78747595206799
10.500539341999989
9.51123256827199
9.82634669192927
10.975656086999992
10.984422700999989
11.534628266999988
9.78610298472799
10.47412694199999
10.39923653699999
8.89218238530383
9.62636291199999
10.051664050203994
10.775874332999987
11.400946528999992
11.219295330999989
10.361955634999987
9.756399757282868
11.126778658999994
10.994749364999986
10.068465249717104
6.463339346303817
10.317516836999982
10.536723238999985
11.72818950499999
10.522980047999987
11.370429580999986
13.290302324999988
11.045095012999994
8.927140238999991
7.483712852499992
8.976727349898706
8.00511201320255
9.920758485271989
9.595955522135982
10.764100852999986
9.096296473696148
8.457402429202547
10.08843920428287
11.482649274008164
8.724020504799999
10.035015925727995
9.031572871271981
11.474488065999989
10.08090996399999
9.14236484530383
8.045143107594868
7.447139286799987
6.37914231869999
8.761501432797425
8.139775982696142
8.692159919696149
8.596630624398706
10.255308617999988
9.245468795863983
9.236229000898716
8.230670025594856
10.795095763999994
12.199106605999988
9.432863037070703
3.660167152399974
10.903732366999973
10.975394884999975
11.553631091159987
9.710358341999981
9.62915827793199
3.952630795299987
4.710479142799981
6.299564210499996
4.245640428199971
4.681410655199981
3.586707458499981
6.042298477199981
7.687422158797424
3.969984680199983
4.571573962405086
3.087925236499983
4.044632633999981
2.3424193450999877
4.774679527299988
4.889921775799984
6.812939120506374
8.578459696999975
9.034504479999988
6.86381558379999
6.2343554047
7.865263528405103
8.3510629654051
10.272156671070707
4.9963196013999776
3.4274740432999824
4.5335458236961275
5.041797116099984
5.81602678679998
4.759002824399982
3.1131847320999695
6.9374280898987
2.6935160079999894
2.4616684508999818
3.837106054699985
2.921235145599986
3.04956134799999
2.507361024499984
2.3011137298999893
3.5026954131999872
5.104116326899972
7.8850901107974245
7.223505114696141
2.3154273131999896
3.404096052599983
2.4627852599999747
2.15280552369999
1.0900437728999957
2.5678524596999894
1.645931544499989
1.3971879348999914
1.180148117099994
2.0726567687999884
2.499350172399989
7.196903199797406
6.273512226898702
5.485900088499985
4.167339791899989
6.283129949999978
9.236779499863982
8.405242739898702
8.83635616299998
5.55830713199999
7.105739167797415
7.122031521594865
6.121556887797415
6.882905508399993
8.011695019493589
1.6809893020999889
4.028692762799967
3.803730810499993
3.743426705899985
1.7604600265999921
0.8670311444212098
2.3482123214999913
3.623013018799985
7.687774151594864
8.887258688405105
8.751058413696148
2.846008813499995
2.573299623099966
9.763077688717104
5.480764056399991
7.363612622101261
7.712181935099993
1.0373243292858534
2.6676194214000004
3.3817713637999924
1.720075370799988
1.6151129653999914
2.2604845489999796
2.418149151599985
4.478733547999972
3.3741688949999817
2.073350013699985
1.6618206588999782
1.6935399611999862
1.4425046691999925
1.2582071242999906
2.012529554699985
4.260344674699972
6.302238291899983
1.7703968535999848
4.731575227405084
6.596519461101254
7.423011532594859
9.765227261271985
7.537233016999983
8.383967594898701
8.343990269506387
8.38895223999998
2.7770508529999764
4.074603953594841
3.005827041599993
2.574229025299985
2.0582733123999977
5.543822248799993
5.4471072905948565
7.568777773999973
6.23260549930381
7.528822412101247
6.373884677101251
5.780387686202534
7.886927127101253
5.2057925185999885
3.3298366439999887
4.682567468299978
6.76197657620254
4.601619871499978
2.533116566499982
3.6651317794999776
5.325551562499979
3.6711886672999787
4.961580606099986
4.592855750999974
3.6069645583999757
7.202741416931953
7.599835278303819
6.585445480303814
9.127428932135974
7.164904939303823
2.894668333399971
4.227667733799977
3.748533969099979
1.82760378419999
3.1059669387999915
3.47454513549999
4.420313487199994
2.2325827544999903
2.581158062699978
4.760721354699985
6.079206141696131
7.130879840101244
6.155328576696126
6.642993812594857
5.698770895405084
4.090530877699976
2.1235771621999704
2.2515760421999693
2.624979391499974
1.8332225554999733
1.3828321105999741
2.0496989989999768
2.829054922499974
9.3351202590707
10.319507755999982
2.726731381199997
1.5610607223999924
3.351253037999961
8.7055221358987
10.144453710929268
5.34940833740509
7.0161267898999835
7.208739659101265
4.421438722199979
4.616451303099979
6.973996136506376
7.870223973101258
5.216018176303813
1.594690513599982
4.786929580699971
6.781623501594858
2.6109413466999687
4.708106404101242
8.577186639271973
10.144869477858544
10.746246243513587
9.526762768717095
11.689375512999995
5.960270539898695
1.7382930724999808
4.6461032990063655
6.0926238707974
5.7236679778987
3.8451305541999736
3.9209179564999723
4.22311969299997
7.464237058993577
9.120216802999984
10.45664835799999
11.189454786999985
11.900320507999991
7.598285963405108
11.245824606
10.582717699999991
10.712904310999983
11.397038802999992
6.346692903101257
2.5382122176999777
6.020462896696138
6.099651014696137
5.00767071839998
3.516881364399978
4.816879342702532
6.651641606101254
5.087678173799973
6.665438680993569
7.64288917849997
9.295092739765586
9.727875990370382
10.668868909999981
9.322487266652784
9.831689598227985
11.294999713166384
4.037085302699976
9.594786392141417
12.15655450699999
10.604987938999985
11.684860233999988
12.385130898999993
10.653108668999987
11.284370513999994
11.271216511999992
11.577317899999994
9.848152491858544
12.433989367999997
12.069349703999992
12.363800954999993
12.325490081999996
11.215625034999995
11.068549035999997
10.785565291999996
10.13501236893888
12.20911457099999
11.083472478999978
11.124749522519988
10.217053725999987
9.629803218230707
9.658117326271988
9.034805956999994
9.41468647606159
10.82684362599999
10.37316827199999
10.675374157999984
7.987591822797426
8.898464756863978
9.46169114386398
11.664802930999988
11.943775272999991
11.04333048999999
10.548699351999991
9.519887440339993
9.932352679271993
9.51126971727199
10.598028664999989
9.663977073795989
8.37872988430383
10.611266799999994
10.480862197999992
12.258539275999993
12.941257564999992
12.118564730999992
13.220665542999999
12.857078011999992
9.969004081795989
12.508252668999992
11.066759662999992
11.1004401168336
11.348009470999996
10.729222633519994
12.599082562513594
11.989845432006389
9.27003753049999
8.253099822999992
9.280678364594875
11.78936706199999
10.178139501999986
6.395932333399996
6.098853207405098
7.397293313594863
7.369823208599989
7.854721049499998
11.675795868999991
5.932974436999971
8.011614810202536
8.764594171101274
9.865269592212139
9.942773710717107
11.467377967999989
11.90567808399999
11.624056989999989
12.868455649999992
12.70919397399999
10.24967307899999
11.307521499999991
12.993072109999993
11.783568781999989
13.007681859999991
11.362000057999989
11.80582956999999
7.870901504499992
9.316165479999997
8.796425033594865
7.76777887269999
10.805885178999986
8.80503932189871
8.283338809202533
10.68880893899999
9.703790876863994
9.666512013135991
11.664012873999992
8.807679424999982
12.411512673999992
11.006667943999988
9.793439799339987
9.832870204135984
9.87429830313599
9.384184133898716
8.92418621370255
9.307724015697582
10.56087295699999
10.483672358999987
9.734324375931992
7.814052043199994
9.273870729101276
11.26061493499999
9.842921659931992
11.994074383999992
12.346028309999982
10.274262498353588
10.050711390787821
10.952677489999987
10.989803367999992
11.780724918999997
10.50450013113599
12.207125445999992
9.130552145271977
9.892621646064296
8.725716598493586
9.334146420303831
8.927749279863972
8.430531370493576
7.888052595493573
5.375942208898685
3.91448142239998
5.099777281199985
6.4307909821012545
8.128364175405089
9.331322911067977
11.186281023999996
9.138777357506397
10.693787536999997
12.177922982999993
5.683811079405095
8.115870944202529
7.046707986506376
4.9134548888986975
5.396804904199981
5.753115692101255
5.551376704405091
11.738088813999994
9.578076072629587
10.299836651999994
9.298142044101274
8.600278152506384
10.59110021799999
8.73304738920255
7.633570419303819
5.589975805699984
2.380468426499988
6.0654864516961275
5.855340690599984
5.304494712799977
10.62086530299998
8.174659828202541
7.2497827774050965
7.566869950898701
8.545183929405098
6.957625352506386
5.395273588599987
4.30882902979998
4.623333050499974
7.384074740594866
7.386124795493589
8.472035006696139
3.60951452329998
2.46486902159998
0.8973178553716994
1.6007171203999908
1.6833688643999785
2.43598731539997
2.327738282799978
2.751375848399967
4.068304144299977
2.288675443999982
0.9989264535929182
2.389574905399983
2.618629545594838
4.166353834499969
2.7868412780999736
2.4580825622999867
2.5768360381999846
3.1718875243999753
3.8798547072999834
1.5464080916999845
1.2377465102999885
2.484566180399981
2.0536270919999886
2.354487081899987
1.025390005878772
1.4438535260141245
1.5415407546999849
1.5509542739999889
5.4752713088999885
2.606163491799984
3.3651874404999798
2.0904385085999886
2.617224655199995
2.3138408309999825
0.9270942794858451
2.6579440246999595
6.081820843493571
5.596844786099986
6.732171646101256
3.2777276854999933
2.754572764599994
3.6126908523999863
2.987325460799978
3.9357318618999937
3.138976805099992
2.6711933669999874
1.3552884902999893
3.453374929799981
2.286458877599984
5.240408749399995
6.584934675599988
2.8865392623999955
2.319885868799962
2.2251316070999794
3.2802402801999704
7.77471277306796
8.209973356594858
8.38407911220254
8.263119001797415
6.16888720549998
6.08545501399998
7.301454890405098
7.285693351696149
6.6900161117974175
5.685654246499983
7.4641738754050895
5.272897245799975
1.2032588214929114
2.3658594405999853
5.277626800499978
5.89698923339999
7.010104844699985
1.1754909514282732
2.8246212768999626
5.734599641405088
3.0733440719999865
3.003943960599987
2.3131175872999825
3.2231814696999717
3.381002572599978
2.0890880340999867
2.2049377227999956
1.849799247699995
1.3047406325999862
2.6374809035999767
3.8244910171999806
2.997200424199977
3.368790768399979
4.006990125999977
5.375968824797409
4.592683303799976
3.4076421645999813
3.3420547820999746
4.259349444599969
4.426591831999969
5.474132832299981
5.335106437699977
5.491381362898691
6.499691676303808
4.7214876830999755
5.107004232799972
0.7055086998929117
2.016121784999988
4.381908651699977
8.98213787993198
8.84166477372798
9.021026969931981
9.189189341795975
7.485878875696136
6.959895986898687
8.27885987865997
8.069750286898705
8.529415640303824
9.625102902141428
8.801436170999974
10.338324850353585
10.088333796787825
2.4348097777999826
4.2952816146999675
8.465365316797413
9.830527729858543
9.783567150929258
10.604800271999983
9.584547950787822
9.56589439699999
10.926750924999988
5.730630044599975
2.5618508559999755
2.53699962459997
9.362475271727975
9.88435718385854
2.448895706199974
3.235227598599973
4.905275242594852
5.764759167506365
3.9229686706999676
7.239256346101259
4.300880026199975
8.639181434727968
8.428271888696143
10.234238079858532
4.757276106299974
1.9076793960999794
4.597838594099973
2.6270693511999696
2.840111329699964
6.778551580797408
8.45268218989871
7.1371659728987025
7.041462747202542
10.656128243999984
5.98138374939998
8.756808114599995
6.903618902599991
7.8727450545999895
8.570299677999982
9.723341699141423
8.024129098493576
8.985814303717095
9.316852719067978
4.7636900756961325
6.210583288594849
3.235542372099965
6.341747421303811
9.15241034535356
8.89900769649358
10.687563985999994
8.338473704493586
7.273196517899989
12.792203924999981
13.605015111999988
11.982105008999987
12.393162005999981
11.504621163999989
9.592778619282859
4.849292636101246
6.643608711202533
3.631141230799963
9.230887405282862
12.816146796999986
13.842082708999975
11.540559011999978
14.89666913299999
12.471379769999992
10.204513656717111
9.737390064999987
12.824883193999991
9.566812799067984
9.852228428717101
5.953474415599996
4.763829931599992
5.648851002499974
10.298078126646377
8.501309202594866
9.333002654999973
11.616414023999985
12.11176387799999
11.35905015699999
10.958341652999982
13.708784903999996
12.968227567999989
13.366416486999993
12.643638981999992
13.06230268699999
13.190777869999994
14.294928864999989
14.379901510999987
14.381844671999994
14.053411448999993
14.564286196999989
14.018444079999995
13.798066631999992
7.413382533303822
8.073768519594859
11.225423401999993
9.160862521271984
7.63188316959485
8.091506011999991
9.335262898212141
8.345562609898694
11.815772503999991
11.488401676999981
11.710360535999985
13.012721222999993
12.10426286599999
10.623208321999991
10.51101381499998
11.599354717999981
10.94036369799999
8.868469560202543
8.868557113594877
7.447345848101263
7.873747540303817
9.541602709999983
10.249000163212145
9.429752683999983
7.097396684303821
10.790130108999998
13.810542298999993
12.695173858999986
13.132780300999986
13.010689164999988
13.250598845999994
12.28902417299998
13.91790095799999
10.00885659628285
8.170407394405112
8.07895692440511
11.454827982999989
14.13151409899999
13.590626558999992
11.600881229999985
8.601950343303834
9.179916702303833
9.90753239128287
10.906887894999993
10.974980617999984
14.524553394999995
11.343879207999985
11.528862824999992
10.439566694999991
13.491948572999988
14.498567093999995
12.885273594999989
8.953693690506388
9.414498739594872
13.30036616199999
7.95908671720253
13.766744831999988
13.581513617999986
13.254494320999987
13.831609420999992
12.797429732999984
12.435221624999988
10.51064895199998
10.874778444999986
10.775984296999983
10.675059119999991
9.81088639821215
11.022975310999989
12.381990851999985
10.774606318999991
12.651224007999982
13.535948685999983
13.153085727999986
11.713596941999988
11.83651688799999
10.605537410999984
12.859747205999982
14.297357482999992
14.013669140999998
14.055481768999986
13.82837143399999
9.10637479549359
6.557327481099998
7.109655184899994
5.511211650099985
7.050869407699985
8.627829623415979
12.845367342999985
13.930130269999983
13.336169929999986
13.344062832999988
12.09060066499999
9.087637383999983
10.724932372999982
12.15137580399999
12.465312992999989
10.626982217271982
10.89539293799998
12.953611870999985
9.747919435067981
6.590811054999987
7.488640455594858
6.782660102797418
10.240822520282862
7.032471617099993
10.186313088999983
9.544752671863982
11.630274950999981
8.486826162787803
10.38823088685853
10.750048342999982
10.163577255141425
9.72896916033998
10.532227297999984
9.576822677717098
11.025321169999987
11.466350619999977
12.519216738999981
6.947435378999982
10.272385174717103
12.65217763399999
9.381271102929258
8.629169901999983
7.813330902101271
6.343972410599982
8.087293855303823
9.196028144797433
9.438124294999989
9.737562832717101
12.746457741999984
12.139831479999986
9.126558869929257
12.706042830999985
10.139138731282863
11.631380840999986
10.089038694858552
10.307002738999998
11.860845734999991
11.850677340999985
10.264324367999984
6.99277726899998
7.685354376202536
3.5451282973999803
5.616721821599979
5.974404891999988
7.883131558202552
9.944311227282869
8.212414364594864
8.023945909101265
8.468184564135978
4.785044116199978
1.5793545760999887
1.6813449202999902
6.030538775594846
4.584991776999982
3.2190769988999794
2.6411634658999827
3.361613949599985
4.819137303199986
8.228461775202534
8.306453471405101
10.407923535141418
10.646112313999986
4.977008132899982
2.6847696212999885
5.243023545797393
5.7074355956999945
6.08341977079999
9.666495324787823
7.804316317696137
1.270751005599996
2.549646066299964
4.850842294303807
5.7652806472999805
7.086933798202541
6.956849656696135
8.010391601594858
9.812623298717106
6.988264396696139
4.993672749299973
3.1620440001999777
6.567584028599988
1.9236135039999953
1.789551866099995
3.6751993773999914
6.690778073101255
1.3838091048999834
2.2867530974999823
0.8179760939717012
0.6920831902493556
3.8886049315999798
1.9646906005999902
3.2262379729999955
7.390205259696125
6.138205490099982
4.7609211638999875
5.745294966099978
7.231626596101247
8.852554434202544
2.9185586608999867
2.512061221299989
2.315784059099984
5.045968330399975
4.965089456199977
6.158497718799978
7.339922201493573
7.232440730303815
8.224297383101266
1.1656222594999939
5.72215175169613
7.626952497898712
8.057442811594859
5.079951773099973
0.9231722251929159
1.1980506988999882
2.774858647199997
5.082136201499982
2.11760050349999
2.48020903319999
1.9593055968999884
0.867295762071701
1.7852598556999835
4.531214370699973
7.850925982696134
9.81647428121214
9.216523088067984
6.483540595999983
5.846986828599983
2.9956962996999907
4.314524578899987
3.5238870528999877
4.500327513099972
3.1167235625999834
5.754447909493567
7.81495938569613
7.254595800797427
1.5074790908999927
1.1277183258999883
1.399232424899988
4.308896105999977
5.765425053405093
7.679036518898702
8.97682755740511
9.483891932795977
10.101263822929266
4.6649246016961206
8.310301876797412
6.041297204599983
2.028197209199982
8.232646833863967
2.137169276399971
3.566006674199984
6.124669723493575
6.0677672988986915
6.418248440599983
6.222894345099983
5.077329475399983
4.639344787599987
4.919220739699981
4.6439674544999905
11.030697948994554
9.425663180659983
7.356152185101258
8.275565142863968
6.010060839797415
5.2859115233999745
5.675538925199984
7.549683177199984
8.061451580799991
9.76576915121214
9.896881066929268
10.731756681999988
8.333422523506371
10.523469659282858
9.251736115999986
8.154829399101269
8.568411604303819
11.243948978999988
8.74336827550638
7.311287472493571
10.74101584799999
9.790607253999985
8.002259011797419
7.144846385202524
9.495683830203976
6.65059307249358
7.310274275202544
8.132228001405103
7.52905371549358
9.840624050929254
12.073776648999987
8.776349888727955
6.846346890303802
3.1956942841012412
2.504865454099971
4.366971797202529
9.49944521793198
10.818721731999974
12.19902773599999
10.393782187999985
9.340542741282858
8.309292024202534
9.116938972339982
8.30360507659487
8.317020657303821
8.816158601405112
7.916314923101253
10.980744747999998
11.058059093999992
9.548436209067981
12.541523202999988
11.589279606999982
10.773147678999983
10.20920054621214
8.470037487797423
8.093038709999982
9.029801080203974
12.38976431299998
9.796958631929268
8.575117210405105
8.94183681793198
12.220650045999989
13.30674039299999
7.752074967999972
6.064283271797415
11.475998054999987
8.70376539165998
7.3602142486961455
10.074547303863985
9.922997804203987
11.167805269999986
10.565157174999982
11.271182885999984
11.665159324999987
12.890326626999988
8.055301489303822
9.227753280594868
10.44087254299999
9.860556416212145
8.166194312999965
11.592412407999989
10.632332956999994
11.235574457999993
11.525690784999993
10.972237235999986
7.7278542464935756
8.670442686519976
10.57803478399999
10.161891984999992
8.731983103931974
10.020911341929255
7.164263009594856
5.99717779540509
10.581484199646376
9.37034074710127
9.883041761863993
9.78578959199999
10.153801600717108
9.681617701787825
8.323958904999996
11.69174655899999
10.583189170999988
11.287475222999984
10.337704566999994
11.834234311999984
12.137318822999987
12.052603916999988
10.790603322999988
11.626033739999988
11.09654750099999
12.198191353999992
12.588879590999982
13.240229537999994
13.177534679999992
13.463768453999988
12.841183826999991
13.22041223599999
13.92137061199999
13.581947437999991
10.37351133299999
12.130171273999999
11.088841010999989
12.487624555999991
10.840555076999996
11.282340050999991
12.080417094
14.606999720999998
13.698108628999993
11.835395101999993
13.491350594999995
13.878598418999992
12.739933391999992
10.54980862399999
12.14687021599999
11.589998093999997
12.505060996999994
12.633963767999992
11.606208845999992
11.803400106999991
11.703477578999992
12.57149995299999
10.579237070999993
13.964742867999993
12.921696413999994
10.26023594072799
11.302835721999996
8.220927149999994
7.803769012499993
13.303016994999997
12.182306138999998
10.60205921799999
11.342439550999993
11.778093468999987
13.714774918999991
11.740543134999992
9.021634034696149
9.463065347203985
12.98921406099999
10.56356720899999
11.605505752999985
13.225923751999995
12.363362287999987
12.319967887999985
11.743221990999988
10.716892145999987
10.249186869858546
11.232082442999983
12.63560274999999
11.001823047999986
10.23919701221215
9.726439198203991
8.822009138506386
6.9544131911999925
8.145217607099992
8.3431587387
8.24729872589871
10.99296591599999
10.892593746999994
12.314758712999991
11.799811287999985
10.22098695378783
10.953261504999986
11.549362662999988
9.157872039797425
10.119858241212144
11.109640461999986
11.389291613999992
11.941604683999993
12.95693934199999
12.98733781899999
12.298262781999984
12.838270754999987
12.057818439999986
10.078853735282872
9.528554473931983
7.2016132277974245
7.602562905898704
7.337463937405107
3.973055009499978
4.665083952299982
6.597971029699992
6.443495330799987
6.248463873299987
8.374833593797428
7.225883540299991
9.70162885121215
11.12357415016639
11.908680725166386
11.137931327999992
10.348691477646396
11.003998098999988
9.576756204135991
11.255182449347187
8.655334524499997
7.658257139594867
9.550155203135985
9.372383419858542
9.686343730141425
10.359362992999989
6.319086497506377
7.298257542405101
6.439188034101263
6.70551516720254
7.179913130199989
7.240955235299991
9.513303993141422
6.574665287799989
6.352046330299988
8.01784873659487
11.150362229999995
6.455136352499983
5.943218325797419
6.140542723099988
3.0306359801999836
2.644120016499983
2.8761474318999816
4.295184298699983
5.481987524399988
8.563427738999986
5.083778515599988
2.774642755099979
4.596462515299978
7.112625219696144
5.430064599599983
4.327184597797401
4.807270860299982
3.573516987599976
1.6645364013999882
1.4871762999999836
2.231146307399984
3.104195983899988
3.5580493499999863
3.6475676177999787
3.077209358199981
6.061761712599986
3.503707189899975
2.571759687799975
4.003426921099976
5.107602748099984
6.5946044234935774
6.367807447797417
3.383278674299988
2.722224224899986
3.8833347014999804
5.025855635099986
2.955563377399995
1.6262234817999912
2.018811167899988
3.2184244872999934
3.4756673018999837
4.03774321899998
1.6536916839999862
2.9824886413999883
2.6577175368999866
3.9018020492999796
4.098112702899974
3.3989840896999794
2.1852352233999848
2.561063014199995
5.08003645479998
3.6003765410999904
3.976360118099989
4.755778140299979
7.211938769493589
4.138016572599978
3.9048335753999917
3.140141369599988
2.3668679976999893
2.3967451262999893
2.310757331799963
2.6726289748999887
1.6174816039999937
0.9385076566787743
0.8249460061999896
0.9810241901282776
1.9084615706999761
3.7746807570999708
5.226420770299983
7.832675923202527
6.423544570898694
7.107672720303824
6.7614986144999865
2.061342367599954
4.477669192493559
4.4166371810999685
4.858625559999982
3.918459887699987
2.4637966414999855
2.8675343581999924
3.123391747999981
2.7703333953999834
2.2383764586999857
2.9849506331999804
6.350065460199984
6.275547285506381
4.073569851699979
5.010364140299983
4.347001408399985
5.881543685898686
6.454610929898696
4.782626643399986
1.88837568659999
2.349212699899989
1.857813273599995
1.1127097251929232
2.098276235999998
2.859031681799981
2.5475834228999723
1.6535845275999836
1.625781216399982
1.87962406459999
2.4682519439999755
1.4304621795999848
1.324371652699985
1.7665888213999845
5.900386898797412
7.883507859797421
6.914584022493578
5.467312515299982
5.302432665999987
6.0455541259999865
4.380064723199987
4.02128134159999
3.481755775499982
7.456268234303815
6.888129510506386
9.726027389659988
8.483046667506382
9.232759297135985
8.015768409696145
4.654793827799983
3.142947697399996
3.1365839736999908
4.123515661599979
5.149423281899978
5.0368730895999825
2.398447848499984
4.551561791999962
6.914019396999988
4.165519105499977
6.880315576202525
8.97845204779598
7.482507125898706
3.1736304870999805
5.492798013299978
6.844695358299987
5.27559827729999
6.596052992199988
7.919491863999982
9.948439668212146
3.3990047851999807
1.784343933099976
5.012888619999979
6.851227734399983
7.982723960898692
8.482496035797425
5.056582687399982
3.9178513244999653
5.830500837699984
4.884872582999978
4.572191494799971
7.545432212799992
8.236811097696132
10.051317492787824
6.2974129913038155
6.932052288797418
4.63851183010125
4.10163981169997
7.742292463696136
5.007614451599987
6.871063969405102
8.677047734067978
6.732332667493577
5.164081269797409
7.143781561303813
7.739760591101259
7.294458377101259
6.285705387898698
8.47847818150638
8.096959114101264
6.5767966338987
3.761023074299974
6.257511863699978
8.019583688271968
8.051100723203968
4.406296523999973
8.6028896194051
5.627611483797408
4.8182427337974065
6.857460356101251
7.534537274202533
4.360894811999971
1.331890858499979
3.034899630699967
7.052016155999967
8.459950524931967
11.145325063999989
5.415276744101248
3.412223226898681
7.278522663898699
4.953145332299982
5.439796095299987
3.360887850999989
2.924116638199982
4.98099306949998
5.50124911039998
8.817327879203983
10.09199326178783
11.165191990999995
9.103434634271986
7.740730648797421
5.540780926499979
2.5688739745999807
2.5778376510999683
6.433225907898689
7.761780808999983
6.848862229898704
7.027253105202537
8.457306155405107
8.633594949303816
4.570461558499969
5.895802995299978
8.628602259791968
8.361557565303828
8.998651412999985
9.694473356717099
7.5357289565948555
5.96019778749998
8.822204717999973
8.545565328999983
4.988976884506369
2.8101339644999923
5.358094615202528
11.00973307299998
9.224580752717097
7.1859881424050975
6.382096206696135
7.858633239696141
6.67207374730382
7.5988174483999895
10.27626770314143
11.723042071999993
11.222931688999989
11.839290731999986
11.93181599299999
10.76382526099999
10.038544091863988
11.685019692999992
12.79488330999999
12.94291905699999
13.21424428599999
12.767418891999991
12.797913811999996
13.021642852999994
10.900774094999997
11.525913181999991
13.069673411999997
12.319720740999989
13.187538891999992
13.595448079999995
9.793181469787829
9.016139047135985
12.49191700599999
7.533053379799992
6.568935563699999
5.258053703299995
6.886499755899992
10.120123899863989
12.309414292999989
12.881597941999994
10.245020243858548
9.678523919795989
13.79114512499999
12.896506640999986
12.59931155199999
11.691655182999996
12.392529773999991
11.264262032999996
9.756108769135992
11.542808194999992
11.650442136999992
10.921838122999988
11.217109353999993
12.402392898999997
11.07888412299999
11.371187632999982
12.450093306999989
9.65187813578783
11.11872625599999
11.389527326999989
11.809935886999991
12.58218081399999
12.729054387999986
12.481041923999992
13.518251450999985
13.56678708999999
13.120637716999989
11.783792229999985
11.650948885999988
11.954843198999995
11.866834257999992
12.063613773999997
12.480804035999995
10.863936402999984
12.801907276999994
9.974468623271992
10.127643289141425
11.411634592999981
12.24084063099998
12.33729433899999
7.587835668898707
10.473231154002717
11.269864182999987
8.886272447202552
9.901068528795985
10.905817394999977
12.504227535999993
13.11652587299999
11.250036889999985
10.086582607999986
8.558930866999996
7.614021212799997
8.422635586499998
8.225177113299997
10.607815633999994
9.039096061795984
8.986296394303825
11.804910814999987
10.677908867999985
8.256195072898713
10.425029094999987
9.401811425863992
9.72354050599999
9.486639463863991
9.845225443999986
9.652836831795984
8.53695218959487
10.359252079858546
10.848339232999988
11.411865607999985
11.61475782199999
9.418078686659987
10.575868717999988
10.362877375858544
9.699189182999985
11.367313215999996
14.028448202999995
10.96574237399999
10.535801340994553
8.050426733405102
10.097422117717104
8.875359449797424
10.518141135999988
10.879288845999987
9.577645925929264
9.98983283220399
4.927888119493569
7.3457917023038135
10.27791810471711
7.735499217202548
7.907695159898702
4.95516336519999
7.210023141506379
8.329971449303828
9.909972409070702
5.358543350199978
9.358689834717092
8.567255760202551
10.504494550999997
11.366508358999985
9.383116625999993
8.99364787599998
10.028317834353594
9.871402677931997
7.080179125999996
8.822312560999993
8.854057932999982
9.350039169203987
9.545722906339982
9.979844221353586
9.988303192070706
8.6301305678987
10.311433263999989
6.541164628594856
9.123593260202545
11.88242723499999
9.455241036999984
5.87894853820254
6.840408004799988
7.914175903299997
7.0581558257974155
9.966592430070703
9.403989413506393
7.97645873110127
10.052732347070705
8.339108209135974
10.138470721282863
9.550028517135988
10.14710030399999
10.070280412212151
5.298172184799975
5.149303755199986
4.196593638599991
4.7409835419
4.223883882099988
6.451548068199986
6.20137017519999
3.4721768752999824
3.2742412978999798
5.798513084405094
4.768694525099979
1.9947032851999877
5.260453341699986
8.192533363303815
10.388065247999982
10.478896280999983
10.413895945999988
7.120412574797424
6.561718591303813
6.607248980699988
7.6587768447974245
6.9410171524051
7.14502750699998
6.456384515405103
6.129394294699987
5.612848754898696
5.069152560399984
5.122446397399976
5.487256820696137
6.619113272101262
6.849524348399986
5.162242437699983
6.5492280364999855
6.9096697097999895
1.4801588469999827
4.496082914699992
2.336169724999992
3.586358520499986
4.1184014846999855
2.6506245238999835
5.230256584199977
6.088186135899989
3.2178052260999865
2.8917087050999903
4.973253335599987
0.8597585792479975
1.4363107711999963
0.8674579734858402
2.3528625182999905
2.2192332122999927
2.849312962299987
5.214807614099977
6.147855824299981
5.622283120696134
5.45055337679741
7.08334558410126
3.032648728899985
2.7519737746999877
4.634114027399974
3.615174038699985
2.3410511580999938
1.9594839354999907
1.0125729781141364
4.042895056199988
5.283754721099986
2.163091241499985
1.9980516433999904
4.12600862269999
3.760087261999977
4.829081834399982
4.299834893799987
6.149860151696131
6.188883009299992
4.113444782999988
4.770426391599986
4.24809294129998
2.9811760909999836
2.8713880523999733
1.1330966493716947
3.052356324797403
4.8941836089999775
7.081597709696129
4.302350407399973
1.0726808581282732
1.803501609799984
5.972488493303822
8.115395390303819
6.012249162303812
6.2056749984999815
6.189202622999982
4.48412667999998
1.9628224547999804
3.0171131515999834
5.197600549299974
6.704677874797414
3.7409466216999863
2.6123453597999813
2.6299929503999726
5.583658862303796
6.915219839506385
7.2746729294
7.470195153799991
8.926417488067978
9.512747599863987
5.714699296599986
5.436923907499984
5.446064289899997
5.58524978489999
7.167783067303818
8.820351930135976
8.171993237303818
7.400873525999979
9.524935395863977
8.985282641727975
6.729290528898694
4.0128767242025125
8.873025703271976
6.5694094391012525
9.543356352135985
11.693993374999991
9.79292582699999
9.150790737898713
10.01963501285854
5.216145077493573
6.565579438797406
7.883737600696133
9.834873193282862
10.04072805621214
7.703535072303822
8.799816497797424
7.43655123599999
8.10837624510126
9.464145049999983
7.602467906202537
9.701860476787814
10.477072985999989
9.409707655203983
9.359574174339988
5.30243274079998
4.482029930099976
7.362453883405095
9.223582725493586
7.624857069399991
10.506512147999983
7.360414569101257
3.5697811904999783
5.103912823499976
4.655622384599977
6.63121868589998
8.770676087999968
8.935842851311982
8.74558041827197
5.971367503405095
7.8484370102025345
6.316806542999974
7.884427825898705
8.003618168594866
7.89049982149999
3.7315652266999817
2.3207357482999855
4.645357836899978
5.5501829360999775
5.606816621399974
5.928147781399987
7.505656912202545
9.307087608203979
8.462728356898706
4.617597422797394
6.222638355999963
9.43540168164636
5.463409439101256
5.438487054399971
7.22701290130381
9.969982575999982
10.831106510999984
11.92387114299999
11.666107914999984
8.66893831479198
9.598215930141421
11.685541038999983
9.480473767070702
7.257992904696132
10.1816400380136
9.986803886282857
10.532922623999989
11.579320029999996
10.841748704999995
12.635420527999994
11.77062029999999
10.625538915999979
13.11452760199999
12.34565835299999
10.203633923212145
3.7252851958999793
3.1837323028999855
11.442762826999983
9.432923243795978
9.06519377440511
8.650745748898709
8.876842051696148
9.813331977863987
11.992434620999992
12.106813090999989
11.92792800599999
11.409084537999998
11.550813004999991
10.957289950999993
11.218577523999985
10.466968240347192
10.35071272899999
10.82521571499999
10.97143602799999
8.75068927149359
11.359690033999994
12.032669640999988
12.39707601599999
12.10837988999999
12.458001885999991
11.773214046999993
11.720848920999986
10.745286654833592
6.934899679599997
9.995684020999995
11.688530079999987
10.54509856899999
10.661071608999988
11.61465252799999
12.387450678999995
12.13263566699999
12.886128332652794
12.282981648347187
12.221710651999988
12.321415235999995
12.221203411999998
11.510758336999993
12.021661376999987
12.544319645999996
12.464405056999984
9.98585897986399
10.445164872999989
10.51754304399999
11.349823180999987
11.22204670399999
10.161292283717108
11.151503667999988
11.509884324999987
12.473307139999996
12.191334101999988
11.907479789999986
10.752929023999991
10.516337954999988
10.321677392999991
10.439175084999992
11.557504960999983
12.807005538999997
12.65983485099999
12.455713251999992
12.37664149899999
11.446517591999992
9.555126550303841
10.437800236999998
12.346214991999988
11.536159910999984
12.227887810999988
11.746218096999991
11.592186281999991
9.635314579863984
10.79587987683999
11.053306527999988
11.51390894899999
11.859542827999991
12.062453246999985
10.91697654099999
12.78679939599999
8.680607430999991
8.771845938101263
12.702095269999994
11.249760657999992
11.994611262999994
11.834978089999993
11.273972407999992
8.468531236303836
10.923445702999992
7.572305728099991
8.425093553202554
8.397997012303833
7.949435766599995
8.248877410898704
9.218669595203986
11.026349756999997
12.601833486999993
13.257197938999987
12.099858452999987
11.750258492999986
11.637991491999994
10.081051765282869
8.526840933202557
7.891016998303834
10.184753042727987
12.14916213799999
10.291285082999988
8.489978956594875
7.721006082199991
8.419291012594869
8.912990283202546
10.773031965999978
11.906930532999985
13.099404532999987
13.359219690999991
10.925211109999992
9.589552664135988
10.025342733858546
10.159595919858546
8.067408198493593
7.162667626999992
5.356364503499993
3.841561564599992
3.421563421599986
5.1265221801999905
6.606474313399991
6.3666351211999945
6.229886175499991
6.493034995999988
11.031713064999977
11.369831147999983
11.974629038999995
8.264520198101252
4.138022775299984
6.9486832642025345
5.6523804641999815
5.194088745099986
5.385643461599982
4.375678933699973
6.961358180199992
5.829476689099987
7.035990768405101
5.639811463899985
7.715016050696151
7.471446856696135
9.742271397282865
9.306899446103992
6.896521711696148
6.904123609898701
7.3568012114935915
8.026854191594857
9.097785835303833
8.010598799101254
9.186010296727977
6.799072749299985
6.674302444499992
2.927915365599987
3.1903141784999853
2.853075381499987
4.2048370406999815
3.916530227699983
6.527835987899988
4.689410411101242
7.039291883898706
8.681348121594876
8.990582025101268
4.022235279799976
3.10231045989998
3.978964535499987
3.6312131011999873
4.3692788756999805
4.203784216299979
4.333398518399974
6.237269514506378
6.8701402084051
6.48716018520254
7.206002792405101
9.019056021067975
8.745507562303827
8.985793896506385
2.9136350524999943
1.6757454543999994
1.8097141707999835
3.164149880999982
3.630456942699986
3.542325825499991
4.202808631899977
7.470652654999982
7.795248843405104
2.449723376499985
5.018560800199983
7.120307846101266
5.7150812041999846
8.341781248506384
8.430796810898709
7.700236968999988
7.859895364405105
2.4870357375999976
1.6043224456999892
2.460506002799996
1.2016528930999923
5.17119629520253
3.0278251265999723
2.9677813842999776
3.5837911391999753
5.51142354279998
6.466587446594863
5.482105372599981
3.7180152022999935
2.3322196441999874
5.009680526696124
6.4341229691012485
3.0709271789999897
4.224367713899989
5.194907659899987
2.797901214599988
1.8446139342999899
1.6837066802999925
2.2859124892999843
2.6551006026999877
2.2069310317999893
3.1407630462999863
4.3841863173999736
6.915397877493571
7.142916873202548
7.96012311099998
9.005332531696142
4.619837606799984
4.075497907999991
5.906227293399989
6.183974537699985
6.35483072659486
6.2608421814051045
6.071243513506379
4.352927119399979
6.591872029101258
6.451334181202532
5.6327871779999805
8.308832464594872
7.386747726405105
7.323074616999989
6.696456101999984
6.601456755101251
4.991463545199987
5.022030581699987
5.690637411499972
4.398599002099967
6.288230316202534
4.927249754299984
1.8347408980999853
2.252481574999984
2.5821251143999904
4.746450266999983
7.3997896575948605
5.577953715499982
7.815050721696128
4.904770985399983
5.216756152299985
4.454540783699988
8.820172888135968
7.1419939116961455
4.951181683299986
5.118711602797412
1.1770857054795947
0.7134983449929163
5.115008973699977
6.540591569499987
3.9155202819999815
4.946961480696129
8.005396079999976
8.470157174795975
9.313988772594868
2.4224157714999826
4.30283273769612
8.818116715999983
7.632076690696141
8.197871289101258
7.132117718493586
9.369355538931986
9.017132583594869
6.340024957303818
7.8209620224051
7.380665238999979
8.439238424696137
11.008263097999988
9.892186502070707
9.752421614067991
7.8692598876961455
8.0998342834051
8.33193769379742
7.328299954202541
3.4954624480999863
4.373537364199986
7.358635925303809
8.912677535999972
9.815043621863989
3.888405499299985
3.489521580499992
6.34205049899999
9.158694361931978
3.5383379470999796
2.306370774799992
2.7531252044999817
4.437370997599982
6.149538111899989
7.7315229904050895
7.0325893845063785
3.6601431151999684
5.488350248699989
3.7455597518999815
5.840931147799987
6.387795381202528
4.188017816199974
2.106017268399977
1.8794973235999852
1.6763101256999786
4.431890304599973
5.303047450303799
7.665705433696139
8.71866342320254
9.62489062664638
11.121105558999979
8.746454537999972
4.758590434299974
4.227978086898687
6.669557188405095
3.9133688765999763
5.9043508712999815
6.264068597399985
7.784022749303816
5.197456581101251
2.8971310454999677
3.176847247299964
4.472377253699962
7.010119625898684
9.412000004717097
6.6120280731012535
6.587284558101252
9.909014997931987
12.74692035399999
3.546087770099973
4.935389875797413
1.4023665954999835
6.444777136202536
6.3395509215948485
6.803002142303815
7.937117837493576
8.677727468898702
8.77395581510126
8.171078051797412
7.360606021101253
6.353020065303807
4.930314742999971
10.554608516999998
3.5886168334999717
7.022117446898696
8.194341094999968
8.63398114620254
7.417473643499991
8.71390039520255
10.84800265699999
9.877219808999984
10.003009268141422
10.541613579999982
9.789518003858543
8.685574354594863
7.876874293493576
2.2692102599999795
4.694875866699969
5.852505918898682
8.843454959101265
10.02126501472799
10.199172808863986
10.663423723999983
11.312091668999983
13.415339829999986
12.926639463999987
12.812116222999991
9.983667655929265
11.16590875999999
9.62443440233999
10.74379139999998
9.30070724020398
4.924524291999978
5.739951069594847
10.152702275070707
10.144748711999995
9.353021392870383
11.284258762999979
9.033173374898713
9.47895242307069
10.710285000999988
11.486752312999982
11.93006019699999
8.708765487696143
12.167444124999989
12.932578309999991
11.98849224999999
12.58284304799999
13.775165053999999
13.890236127999994
13.155366095999993
13.612016805999986
11.498727562999987
12.128943201999986
10.25587260427199
11.08403713499999
10.61332205499999
11.508608225999984
12.316832789999983
13.126751177999989
13.550155179999992
12.11774521599999
12.379177205999989
12.58944887399999
13.286140513999994
10.497074323999986
11.234647288999984
11.772466941999985
10.292363249141426
9.195059091135985
6.82917331850638
9.61591865086399
11.206947394999988
12.170997272999992
11.834886973999993
11.239264101999991
8.67286365810126
8.089858103898699
10.737984133999992
12.856612917999987
12.065851175999985
10.371578937999992
8.702919561797435
8.933210694898717
11.704931890999989
11.602424528999986
12.029322671999996
11.926032555999994
12.045293509999993
9.047486723303825
8.573044311493593
8.713120548999987
10.152222279282865
10.354783707999985
9.031440112303823
13.045338044999989
11.012558640999993
9.181093373101271
9.260625917067983
11.578165664999986
10.143723942717102
8.945693011506384
10.488639126999988
11.991374730999988
10.708916067999983
10.35848848414142
10.593778893999987
13.231910228999995
12.812391738999994
12.57551397899999
12.752196850999995
12.20155057099999
12.984623726999994
13.123725275999988
12.199273893999989
9.644459065135988
10.552133829999988
11.46096169599999
10.389557406999986
10.189755044717108
11.867557046999991
12.057017391999988
10.981460373999989
10.911335885999991
10.501099015999992
11.366170276999995
11.04651235199998
11.249236683999987
12.081487917999988
13.035531380999984
13.786827010999989
12.70439755599999
11.42234359399999
13.232031421999991
12.334295849999988
10.851050870999984
10.115552287212141
8.835997006135962
9.940098573311994
11.947014772000003
8.933981938202551
10.78194177899999
8.156658009299997
8.605627368202553
9.988843136717101
3.1595593825999893
3.638282221999977
5.128944267299977
4.219419868499987
5.934649365202536
9.41285744920398
10.318149930999997
10.67370411499999
10.771362313999981
9.70415811913598
5.756846186797412
7.025619016999948
6.471079371599983
7.508586836202544
6.502615309101258
6.209554815696119
8.410140609696134
9.215774108931988
9.362870443696155
10.580927189999985
6.680342542999986
5.301003599499981
5.783318098399982
1.8971540923999783
5.11737645419998
5.783000100699979
6.118818572999986
6.17368896029998
7.853130926493573
6.835691632099982
5.936682261699983
6.952657749898703
9.429760548271984
7.107762531999991
7.6953193771012645
9.191204519696148
7.380742842101265
7.08191424259486
8.689823661797417
6.904205999797425
7.046056712303819
8.558786958303838
4.909414601099981
6.449678984099989
4.056927659599987
4.372251936299997
3.781036682099987
1.667645788599994
3.9614760329999634
5.897023406999986
5.373729148899988
9.637625862067983
7.832061161797429
3.1621362502999855
4.154702011099986
2.855505235299984
2.6424118499999873
5.028884034699984
3.9678421065999867
2.3830626525999903
3.711434310899975
5.802115722699988
4.7818860259999845
3.492710316499984
4.818460914599984
4.229638789399992
3.14271081699999
3.493620437599986
2.744952831999986
6.708845971696138
6.704744897499987
5.554230772399985
5.976400035101261
4.725549781799989
2.5853205337999863
5.875761880499985
2.6718486358999898
3.5364979125999696
3.9176915801999943
3.42242242739999
3.794235340899983
4.8531699782999835
2.3310424468999873
1.2259809997999915
2.9623418090999905
4.173815837099978
6.2930757232999825
5.342756823699976
6.791637435898693
8.51758048872797
10.340202889999981
7.799734445202549
7.167428674303827
7.513588439898694
8.998196380594866
6.7535802138986964
5.042642637599985
6.527068891899991
4.100900143399981
5.562852000405096
5.463978840599985
7.996170461999984
8.573655691493581
8.546664652999977
2.186078633099996
2.36210028229999
3.4312571700999883
5.0536229935063695
4.968214765899981
6.5407789596961345
7.380414628594852
8.30263753979597
6.6679225632025325
6.956391290303824
4.651706634499977
7.886724023405097
9.107766563271989
7.155856652797422
9.887390243659988
3.9233512038999883
5.220483082599994
3.618481671099984
5.153358564799973
5.134843981899983
3.83994684299998
4.290520832799977
7.943693249493573
5.541404411303815
7.091373637405094
7.7069742156961345
7.63823867949357
7.567472965999977
6.055989945999986
5.896381680299986
8.705066982999984
6.026211885101246
7.261713137797409
1.895577899199975
1.9571723296999688
4.989007333399981
4.412778608699977
7.706861854594854
8.335771298135972
7.872930726594858
4.466958837899978
7.9549528214050875
8.543361331202538
9.417381767203988
9.31444000240511
9.376098222271988
9.693817623931992
6.32246957549358
6.509599081405103
5.4020891356999865
8.069980357405102
8.314515525797418
9.153580815101272
10.19324942478783
9.854685290646389
8.184062564101263
7.961274748202543
8.84217727806798
8.956962315271978
9.43342693186398
8.180452256797418
6.380310386696137
8.979410980135969
6.454941809101247
5.863925160202533
9.974195155212147
7.168147213696149
7.192157504303818
6.853642628506384
6.584896194506379
10.604165885999981
4.518026948499983
4.815022894299987
6.876072346506371
3.6809885360999752
4.735104144299968
4.275404086299973
4.528788513199981
5.7738331833038075
7.514826795999973
9.704715811141416
10.532294933999976
12.202212682999983
10.596409516999984
9.643721052717094
11.711453168999988
10.495721146999985
10.731949148999984
11.462510169999982
12.708304316999996
11.439791367999986
9.642007972795993
10.624587786999989
11.53975892199999
6.453777790797415
3.526625302099985
5.7123996323038115
8.873793119791973
9.17673384399998
9.365002859339983
8.656538046303819
6.4959999465999845
6.675396044898691
8.031990170303814
9.04066552279743
11.138591689999982
11.209793665999985
11.746418865999985
12.575709956
12.493544539999993
12.10798965099999
10.79109181799999
11.425976163999993
13.01914862199998
14.199871653999992
12.278583166999987
12.861325200999993
12.883018653999995
13.280786710999992
12.066973237999989
9.456069787717102
7.933734303303821
9.089169596898719
9.703257679787821
10.808437647999995
12.906153325999986
12.892888852999992
13.242725406999996
9.594447491353579
8.625725704999972
9.855623733646379
8.71356787410126
6.95101207279741
6.488176092493569
8.368792137101265
10.66794233899999
9.661356158271987
6.678215704303809
9.412942076067983
10.18565102692927
13.116324752999994
11.678124413999988
12.542048981999994
11.423205047999987
12.552873319999994
12.977632665999995
11.292255681999988
12.025964293999994
12.555744271999993
6.997657571405101
7.950900894202533
11.092551699999985
12.511144175999995
12.892033030999993
14.11404585599999
13.978709160999992
14.501206782999992
13.180051211999993
12.674822585999994
11.975842476999995
10.55440433999999
10.319269325203987
12.27882850499999
9.918767513999988
12.375275236999988
12.10586814399999
11.248722944999988
13.359105434999996
12.665009359999992
12.849501583999999
14.46049945399999
12.986967029999988
13.738880767999987
12.59398712599998
14.644130097999994
11.27472870499999
11.379113328999994
10.914038158999986
13.153823461999991
11.060570885999992
9.565654023696155
10.839806296999996
9.926047189212145
12.232535647999988
12.11959129299999
10.521630127999986
11.044837220999982
12.826571270999986
13.43871879899999
11.199799520999987
10.108419647141428
10.760245235999987
10.814666814999988
10.666621004999985
10.72438959499999
9.869842889282863
12.47628515899999
13.648358017999987
13.689046811999994
13.554254152999993
13.126408687999989
12.829124900999984
13.135651479999991
12.207102843999992
12.28037181899999
11.178832132999988
10.417853824999987
11.004722185999986
9.693501226858535
10.767325400999985
11.967044665999982
14.61150345199999
13.064831260999984
14.474143294999987
14.161313552999983
13.111595490999983
13.970977099999981
14.737487865999988
14.21185354899999
14.248842121999989
14.734012861999986
10.692255274999978
9.422385757271984
13.476178351999991
10.063177604787825
8.027421136506382
7.584372628799989
10.533592765999988
9.449287071135991
9.586710108931983
8.222469094797429
6.850758818101261
6.481442303499986
9.35636258093198
9.950343901067985
10.820916146999993
10.393166921999992
12.273404159999988
12.14460213799999
12.984178930999985
12.776469364999983
12.794064834999991
13.53273111299999
12.44109578899999
10.740493932999987
6.867812727399998
6.790194415299987
8.812081375101274
5.687914854399985
9.825558006203988
11.14967342399999
10.547828432999992
12.313862827999992
11.353540110999976
9.41961406872799
6.603763859599991
7.182451812699987
5.974957926899986
5.798626814299992
9.156263633696149
10.408765427999985
10.929008867999988
10.543943334999996
11.68635176999999
10.805462316999986
11.241223253999989
11.003478847999984
11.081311057999985
11.37816308699999
11.752877408999991
12.374807010999985
11.323076250999982
11.197401757999986
10.502585137999986
7.232666093405106
6.438092768899982
8.605397874506382
7.055602651999983
6.278280418405102
7.512195236202544
11.307584195999983
9.47013224185854
6.518230168202535
8.326758041405103
3.8473336913999883
4.897000814799991
3.7646432387999864
5.324799371299984
6.297401399202545
6.264653103599984
6.248899192799996
6.554056347699984
3.7091533721999963
6.288351109303818
6.818236274696138
5.05819846039998
3.7112348281999856
2.979271604899988
2.9185084197999793
4.629816287202528
5.029028265399979
1.4069744628999867
2.742153256199983
3.612561289999963
7.1713399825948585
5.123604161099984
6.021119236799997
2.987891157499986
5.159612226899981
6.142045588696145
4.134736918599985
4.9091571731999935
7.71855783230383
7.658846942101262
3.708997903399983
3.2578480895999884
3.8165388976999903
6.47214463810126
7.990491538999983
8.711008624303831
8.000255815101259
8.160834413101261
7.469410220303813
5.851715609696133
7.295569985999988
6.486932157899987
8.052198336797414
7.694675009202541
7.41577543330383
6.20285046229999
5.994947842405098
7.484159530594861
2.506433547999979
1.5989866012999898
3.419793865999976
7.265431607101258
8.679543655405116
6.549611103797416
7.12010679930382
7.12086053769614
7.106751788303825
7.045023974599989
5.67560748899998
3.0107035277999783
5.5789915024050805
5.981503929101256
2.473904756199983
1.9745453734999772
6.071839825405092
3.8996520507999857
2.861958720399987
3.2087442611999792
2.4909550307999866
2.460167182899983
4.667794863899976
7.183554304493585
4.9094871703999745
4.000473153699981
2.013848825099995
1.7186776397999917
2.846485032699985
0.972497460828281
1.3039960399716966
0.8023687951101256
0.7864224646594854
1.1233556121999961
0.9494076056353518
2.321867915299978
5.516289433303809
3.3709552566999843
8.455461433271973
7.862857293696148
6.818425006101262
7.961702979999977
7.626731999202536
6.493908554099991
5.1378586120999845
4.7846768599999745
5.1000130874999865
4.509586932399991
3.972902679399976
6.42707565609998
4.74739099729998
6.348584416202517
7.986993547101256
5.109312499999978
3.2776842528999706
6.158833630405092
5.453980082699983
6.002154663099983
4.040248725899982
4.535347079499987
7.420091638202548
3.1161391387999946
7.331914721696142
5.725720690899988
4.683235690299976
7.043128359999981
8.881168995696143
7.424307194493582
8.349421002202542
8.121083523594868
7.64182510530382
7.18965526889999
3.2933030486999866
5.223026676898683
1.345574974099982
3.706119270299983
5.220254304493565
10.123472923212145
5.98308457339998
1.798796119699988
1.3027580016999913
1.531887744099998
1.363213538828256
2.1886669738999744
4.841354600499977
8.418864984101258
8.36764738010126
2.63307053529997
7.692834519999967
2.916422663899963
3.2115535903999604
6.504935940594849
10.140945710858535
8.034953878797417
4.8543657912999745
9.648973495353582
9.585323413067982
9.155175746202545
9.217396978863981
8.942016307067979
3.255891308599977
5.255483015405073
7.663316982999973
5.729115470899988
5.5628982100999815
7.1242730239999785
7.68319325409999
8.096830241399992
7.5221490462999885
7.62034475709999
7.998210830699993
8.114677928202543
8.424137295493582
4.706264115899975
7.7565426558987
6.070906936594853
8.238198797594855
3.672312564099974
3.7276602736999727
3.5966949508999684
7.560546517898684
8.841916778727974
6.448286086999982
1.8607885268999795
4.620874250797404
5.926093733199988
8.942079640135981
9.566889973271984
8.817274739101265
8.761057264696147
8.503579661727976
11.708551342999991
9.283256539898712
8.148733045999984
8.99013215020398
10.914219945999992
10.761131084999983
12.457894629999988
12.685035465999993
9.103531434717096
8.77039534759487
9.628789031999986
6.205754045099993
10.648454317999988
8.04907622830382
3.9223676513999757
3.791547335799977
8.037237806696135
8.353699984696147
9.930582199067981
9.011664373863976
4.748794836405083
8.077719609101258
8.478151931797424
10.850381679999975
11.829340983999986
11.12037935799998
14.320019092999985
13.945997168999993
13.110272280999988
12.901138785999997
14.054219680999989
14.241834644999992
13.474128841999994
11.667856489999997
10.902107430999992
11.648279984999995
13.55093188199999
13.057855402999987
13.103847468999993
13.09445147899999
11.50430285799998
12.590990754999991
10.013191924999981
10.72288243751998
13.862201549999993
10.891812444999987
10.794044149999985
10.060025236646391
12.797127848999997
13.413759038999986
13.16448111299999
13.29943166199999
13.79634014899999
13.608372060999997
11.960375831999992
13.099149987999992
12.516681128999984
14.003983867999995
13.485126133999998
13.37691333599999
13.232345176999988
12.882249001999988
13.43431798599999
13.184359145999995
13.391692322999992
13.449014925999995
