12.868410448999992
10.536718715002712
12.142081754999985
12.080805744999994
12.897343813999997
13.591056751999991
12.543281888999985
12.825992597999988
13.265302125999996
12.248556309999998
13.238539618999997
12.355408407999983
10.54435302099999
13.37300634499999
13.36424833099999
13.643314290999998
13.152287317999999
12.299003058999986
11.897267037999988
12.550045566999996
11.449314260999989
13.358472870999993
13.616969825999991
13.734905951999997
13.890114892999984
13.729008080999986
14.360605922999994
12.630096035999985
13.079141759999988
14.198044950999986
14.015996210999988
13.887776459999987
10.979787153999986
9.622538806135985
7.0503037398987045
11.046063088999981
11.732754238999982
12.533864403999997
12.622969028999986
13.89317505199999
14.210675728999991
12.832364074999981
14.66895095999999
14.998084499999994
14.976407697999994
15.150765337999992
10.412360900929253
5.560692701696131
7.491038825999976
9.568842016727988
11.457048963999998
10.63431428521212
8.113632873493582
7.131654406696144
10.348003444989116
7.578596452299994
9.000234086594869
11.193600638999994
11.202869822999997
11.670434839999992
10.183084637339993
9.610848622067989
10.910244462999984
11.180927097999986
11.864190192999986
10.074028950659994
12.55986899299998
9.470038833727985
12.249549511999977
13.559806087999988
14.007626368999999
14.355589646999988
14.433572672999984
14.53291152799999
13.156259308999989
12.784553632999984
10.633388772999982
9.515052101070705
10.486193540999988
9.50782063127199
11.432478727999992
10.579358320999985
12.744276459999988
12.46250058299999
11.601998597999984
12.309341553999989
11.314325615999982
9.96414273821213
11.699607157999987
10.637977079999985
10.793360778999986
8.483378752101267
9.743374580282866
11.147478437999984
9.347173770070698
12.49473938299999
12.161982462999992
12.584126630999993
8.579137791405119
7.737190185493594
7.732754679899994
8.449906590303824
8.91820112472797
10.296445113999992
10.468907546999986
9.234502166795982
4.5238186492999795
8.770583981311974
8.042831344594857
12.671705524999986
11.50369468399998
6.9627757537974295
8.16903011630382
10.165751048212146
6.993523544303813
3.9775553832999764
2.7165444228999878
2.68719698789999
1.9473445830999896
3.510758714299983
4.8928356323038145
4.792590959199987
4.781471838399974
7.788461053339965
6.432742060898697
8.593068537931973
10.556359128999981
7.693912472493575
8.01009242710126
6.572352456696132
4.999841270399979
5.057066960101247
6.475572790499983
4.636991737399979
4.720326341199988
3.4115187346999787
4.386576161199974
4.501335734599974
6.796885951202538
3.5032130065999767
3.963868579099987
1.8526371978999754
3.4188648879999652
4.39955065459998
4.336744528199983
3.787360554499966
3.1532333907999885
0.9768262560858474
1.2119559859999864
3.015016395599985
3.2929350615999895
5.934061361699996
5.566198516799978
5.241016279599979
7.673318934599992
9.35778484965998
6.949198667898692
6.470592451506377
6.220101283303815
5.056805331399987
5.421786787399989
5.852388604699988
6.84893818359486
6.12769192959998
8.781305972203983
8.681060035696147
6.949905622899987
3.323535440099977
3.0130139144999872
2.528431664999991
3.0623144530999835
4.118444229099991
5.394643829299981
4.454152432299976
5.620869404594852
4.36767125239998
6.280904618797418
6.7903432494935805
6.924377891493573
7.0001931502999915
2.454342588799986
1.1863107528999886
2.205897773699988
2.2914586043999874
5.0654111191012445
8.78406985620398
9.419238333067982
8.01155311889871
6.234635963405094
9.128402720727983
6.398477358999988
6.790139282202542
4.465614852899982
1.7793407927999982
1.7204456344999879
1.6103460357999904
5.3892053924999805
3.549246510299994
2.5887965239999895
3.3539156722999772
5.386149699399985
2.735812419099985
3.1752959334999926
2.545224496499989
4.035816603099988
1.9408533202999845
2.804270106499974
3.3476118163999864
1.8770138122999867
3.1173260405999828
3.532957128899979
3.5525250564999795
6.398343830898692
4.646128822299976
1.82382790529999
0.7044321907999872
2.1310055892999724
4.680943437199975
8.001295695506384
7.821255831898707
6.910685736101261
8.073276879898696
4.382705540499983
5.09713363949998
3.509911697399988
3.7185664916961225
6.137360156202526
7.309238908405099
1.7416379821999866
1.2976341518282681
4.011037976099977
4.508150263999982
4.974275595099982
5.10606800079998
4.948805384799975
4.528610707099983
1.0470640496212056
1.22073178681413
1.0955743300282732
1.5585309752999845
4.443450277699971
2.448022305299981
2.045366680899982
2.1931524962999798
5.735077014202503
5.454658496101256
7.793365724202541
7.173595306399992
10.031777348212145
8.209548103303813
2.947464781199982
1.8778699843999835
4.784517817699982
4.945894946303806
7.753139340202528
7.587291552696135
4.667992436202525
1.8987855376999743
9.760938949717072
10.841340377999982
6.544852323898691
3.9963907592999806
5.741675135797414
6.893069674696129
1.203030676664618
3.090342681899977
4.97361288449357
4.363784529099978
7.383854396101254
9.422056106727975
9.584275808795981
8.731123411727973
8.428890432795956
6.81379018250637
8.646871464659979
9.866940672212138
9.694187493929261
8.583329380863976
9.85276016085854
10.197270782339992
7.567311862202542
9.089143211271976
9.220359089795982
10.15503658292925
11.864338767999985
9.824891538999967
5.733448973101243
8.565084400931978
7.327766064506376
4.166536549399976
6.9127394943038185
5.582227529899984
5.119391657999983
5.034281625399987
6.790328430199986
6.229833192399991
10.893654461999976
12.377343642999987
11.22178519099998
11.044913898999988
6.683862121594847
6.197486801101238
7.43118613740508
7.030847296101248
2.26870688019997
5.752175920099975
8.400858314493581
9.595170992999982
7.579684194898701
10.19646285233999
8.751955729795972
9.712999017203984
11.511458735999984
9.063069654797431
5.195728408799998
8.76796333310126
7.391680268899996
11.043689698999987
11.576840780999987
11.911306075999992
5.711097511303811
2.9744595580999755
6.175084025599976
6.194582662999989
4.87925121149998
6.6107932937999845
9.413836874271981
12.585835888999986
10.58251208499997
9.185420031696147
8.047008131405095
7.961230757101246
8.271186280797416
8.829363006727979
9.809431103646382
10.421292605999984
3.8042306838986826
5.116909081999973
8.69421310886397
10.225740754787823
9.126402932795978
10.837031991999982
11.834857862999996
11.43846382399999
12.515167605999995
12.305748433999995
13.396008715999988
9.708561427203989
13.093048366999994
13.461188238999995
12.085558212
10.150885357787816
9.731635331635987
12.378309975999993
13.09579066799999
12.586087023999994
12.556043294999986
11.766511322166389
11.938584748999997
13.72916936999999
12.916580466999992
13.069086887999992
13.791694172999991
13.126304221999991
14.144034742999988
12.925780398999995
9.717420060787827
11.210384076999993
10.447300631999996
10.680155140999988
10.006876032999996
7.941531063797417
8.690234576415978
12.684368262999994
10.68379544499998
9.80939191592925
9.668373271141425
9.715749743787828
9.885772340271986
7.873702770999982
9.946924203353579
10.899116350999984
10.96120604099999
9.341138969405112
9.909782501135993
12.586504601999993
10.896901337999989
13.297804743999993
14.506042524999994
12.283315688999984
11.75463062299999
12.89839141999999
13.100197170999989
10.848294979999983
7.758882199101258
9.575914807070692
12.172075554999996
12.573398066999985
13.23413940599999
11.806719291999991
12.30691628899999
9.736065301659982
6.33286827849358
10.115271540858544
11.69522338599998
7.013052230797421
11.955796064999976
13.557871319999986
13.537230817999987
13.330969242999991
11.81615152399999
12.034904329999991
12.784126978999991
12.015337319999988
14.043182006999997
7.682743604999979
9.691851071141418
9.3184442857171
11.521733359999988
10.935046065999991
12.449715351999995
12.10622626499998
7.716486337303817
6.053285217299985
6.940222521999979
9.055886579931983
12.570711989999992
12.34946000999999
11.59924395899999
12.300315224999995
11.799125426999991
12.512806818999993
12.135848911999986
11.832001339999987
12.27555310199999
12.09018422899999
10.512955831999985
11.815922579999986
11.634080402999983
10.778348614999988
10.877513544999996
11.060911132999987
11.528955634999987
11.340488823999983
11.73328054699999
11.248506377999982
11.270478396999986
11.353426449999992
11.83189871499999
13.541984653999998
12.164770830999993
12.05002392999999
14.02585339099999
13.888046688999992
11.266945366999984
13.493602018999992
12.523358285999983
8.272270591696138
4.70605921329998
6.146941900594856
9.474752291929253
11.165093995999984
5.533951393099979
3.0030679748999853
2.502409078999985
2.9295222732999777
3.157970696999977
5.623459147599986
8.276688697797422
7.4451739563038135
6.086118582199986
5.875356639099985
6.614801281699998
6.017439298999987
6.658229365499992
5.095139808699989
4.622739387499986
7.116338348405101
9.320440982067982
6.544912304696137
8.744763117999987
8.026234162898694
7.711522726405101
8.605971380727972
11.510214506999983
5.374676899696119
3.4684338347999675
2.6615547805999777
2.10219657749999
3.115279843099989
4.446735682699985
7.93493394930382
7.447764004493579
9.132118313727972
7.980521987898694
1.40162611999999
4.741910652202525
9.536525482207992
8.790405326791978
8.408048571797421
8.365271127303819
10.530976344212137
4.056757421899983
5.390372280899985
2.845378745999978
3.0918959426999755
1.4239538360999917
5.522252033999988
1.7097057433999923
3.8981595763999843
1.8045017653999849
2.2707186919999813
3.8207224090999827
4.644224961899984
6.6293796828999865
1.3712451949999875
2.1275084823999864
2.6107865371999766
3.172786352499987
4.837756257594845
3.379182511899991
3.6381528854000003
2.6856005156999814
5.087795419299979
6.719801448101266
4.789622578399974
6.129652600101248
7.776459104898698
5.892921597299981
4.676035607899974
8.515896684303826
5.644177857999987
5.444842425499986
5.887793557699992
5.749626362599989
6.223798951696127
4.770322183199994
1.8027485564999928
1.3575167678999898
2.0305968169999957
1.6196221526999912
1.5593462401999887
3.3493466567999697
2.0070993850999863
2.2633115416999847
6.2811983504999835
8.499690347303817
7.099813587999975
7.91132992859487
8.58131114499999
9.43401537486399
6.728732807898699
6.308366798399983
6.718537008696145
6.6393132324051
7.1221021942025295
7.706863085898704
7.511285163898707
9.988244877717102
8.537600338696144
7.334818273898703
7.0499836181999935
5.021704566999995
4.881227027899981
6.426865096999995
5.247761177099994
5.414357960493576
6.779481947303818
6.007632575999975
6.350608508303814
4.484476463299979
1.8605602508999832
1.4210863463999905
2.6921080169999576
3.9808537536999857
4.191152305599982
3.629411033599988
9.621849511787827
9.551553204203985
9.696214842135985
6.243771995493572
1.8438354491999835
1.460118621799985
1.4909730102999872
1.5803122756999841
4.1450394057974025
5.813180563405087
7.194150392202546
7.171799240101256
7.365735404999979
4.90580032040509
6.5437290618986985
5.794136071799979
3.7889154464999946
3.5665769454999863
3.2379519561999905
4.323637213099969
6.824795027135953
5.633343760696129
6.539394667101242
8.047760011303815
5.195071009799977
9.986548654141409
11.541620479999985
9.739914730863992
8.969545567303836
8.227697009303823
9.07221978772798
10.085755209282857
8.880948480135975
9.68591487420398
10.472101481999978
9.20276027079598
9.902485433999985
9.357513218795976
9.308225556931982
8.83912549120397
9.086143083135973
8.794959066797428
9.00684252779743
8.051089251696151
5.875085784899983
3.2227200973999794
4.1429316588999745
7.607494328303821
2.277977474999982
1.6943297484999833
2.5485504058999737
4.298204956099974
4.768425389099975
9.545580026135983
9.772210949787821
9.282289613212134
8.403906156898707
11.377035546999984
4.035078962699971
5.444114230303806
1.784360853599974
5.075014370699989
10.25712706599997
11.219838032999977
11.922174219999983
8.77269198299998
11.341408875999987
10.87829495499998
7.6868088135063735
9.157710397203966
12.105013707999982
10.514141651999985
3.8829092742999713
6.730084915202526
7.334349682594856
7.663573796101251
8.28794093169614
7.216309779405102
7.342324525506373
8.994060217203979
10.69128917999999
10.721857166999992
9.827050868135991
9.57718074965998
11.727724122999991
12.439651478999993
9.271900184594877
8.58821667479743
9.715200663863987
10.544123903999985
11.749922143999983
9.576392922999979
13.085402158999987
10.397822800999991
11.04389370599999
12.937101804999998
9.907253694141426
8.643047317659972
3.8132462784050856
1.4901252410999788
1.3782955382999926
2.123791960099977
1.5236737853999738
1.9662525115999723
5.338430517599983
7.7071606522025435
6.764091680899991
8.152106613202548
8.051383389303826
10.340806559858539
10.643175249999986
10.1058820510707
11.321291897999984
12.533646229999983
11.87298736899999
10.968767370999988
9.244794161999984
9.052585783405117
7.5439937819999825
8.470379591271975
11.794529567999993
11.778154700999975
10.029162150717083
2.733792546099963
7.725467402594852
6.4970297194999835
9.868716545070706
10.370518085999997
11.501281357999993
10.157181310999983
10.837931447999976
11.646818552999983
14.04616807099999
8.128099900797416
9.108472772135984
10.965602920999979
14.051266283999993
11.723172204999992
10.00520527028286
11.807897545999982
11.835276310999982
6.17391015469999
3.608997430399968
4.600035121199975
7.777284370271965
8.323240777594867
7.186187344405099
5.295827770999982
5.494776472506371
7.889467031898691
7.392738810696149
11.440137620999991
11.680284180000003
11.918787005999993
11.612081460999987
13.466919396999995
13.616617180999995
14.109360415999996
14.344361352999993
15.15613379499999
12.73299158299999
12.628570427999986
11.331754900999991
13.454899546999988
10.32827534928286
12.536269182999995
12.13889079599999
14.065617165999992
13.444032087999988
13.301675602999987
12.759297231999994
13.279079818999996
13.77037590599999
14.346205024999993
14.394685912999988
13.046891648999992
11.204576841999993
10.647465629999989
12.15506842799999
13.553563312999996
14.483438305999988
14.41826847199999
10.37032481799999
11.23623127599999
10.434706995010872
11.228863822999989
11.893906922999987
12.589404345999982
12.962036142999992
11.844186176999987
13.60246662099999
11.61181525599999
11.008720608999992
12.301424865999985
12.416121526999987
12.783923473999995
10.1966076980707
12.822713392999988
13.61011393999999
12.916911532999984
11.049791469999985
10.185060952858548
11.396297147999986
10.08302954871711
10.899823842999982
9.936577561999993
11.416753478999993
10.47650112499999
9.813417239271988
12.872773221999992
12.80446548599999
11.978030071999994
12.366472730999996
12.416809951999992
12.559676102999987
12.875548351999987
13.638612720999992
13.61831690999999
12.670595629999994
13.10787391199999
12.103329226999984
11.55912663699999
13.962818708999993
12.664639455999994
12.416744184999981
12.327423919999989
5.651186244199986
7.279744239797427
9.387243893282854
11.427840941999987
12.319400980999983
13.174437603652787
14.253678608999993
11.326176601999986
11.663105045999997
10.168432549999983
10.88483505899998
10.538779810993589
9.806061123787831
8.320367350797431
5.5213214095999845
6.3854727065948556
8.085711373898707
8.458864620999991
6.517550524899996
7.011719184899992
9.153019006303833
9.685492019795992
9.240111746202551
8.103305343594869
12.07461927499999
11.891020058999983
10.60908333999999
10.781388442999985
11.113785923999984
9.224901507727985
7.179118403594859
9.555743902727986
6.111689677405097
6.436066879299997
7.339534847999988
5.221514202899984
3.955854240399977
4.030665426599978
5.789488967898701
3.8539109649999834
5.058339981099981
7.8081373184051
4.636885282899976
3.539192596399983
4.831029293797414
5.519531402594854
6.975602523797421
4.84791436459998
5.052149212599983
2.081235641499993
2.576327848799988
3.5325058577999675
5.344699903899981
7.9310235291012665
9.042584132271983
7.752672703594857
9.702095013282856
11.897958127999981
10.174865347203987
8.67853016199998
9.059070614717099
3.2494817290999713
2.955178257799986
3.14468775179998
4.381080293299982
3.2202125350999773
2.294767600999972
7.160994694493588
7.9736632338987
3.4126446441999803
2.7811886184999848
2.370318569899986
7.2919758269999635
5.055450199899983
1.6144886702999799
2.7218409148999845
2.877727932699986
6.919475994899994
4.741364852899979
1.238480685399983
1.4382672683999886
2.7285565474999736
6.0947014480999835
2.687586227399982
1.249894085699997
1.36049039609999
1.165398013885845
1.1921677703999871
1.2315143081999824
5.293967449999959
3.839234251399987
2.5866662353999903
2.305128012099992
1.145201255799993
1.0359037717858475
3.274375495899984
1.6084455398999904
1.2364657897999967
1.343486007699991
1.2146700103999908
1.456406761199981
4.44102989499998
1.5281658202999866
1.6710181579999943
4.791040368699993
5.413390373199978
6.551701979099987
5.63137075499999
4.741688211099987
3.8551678405999854
7.033908784506378
3.9096746337999866
1.2512275237999888
2.4193145888999905
2.2799874297999914
2.151977580299991
2.7810956588999884
2.8511580382999897
3.8937137755948417
2.473252343799985
2.8374356170999633
4.950222250405091
4.296099113499983
4.404830259699979
4.860736964399979
7.678517539999977
3.4924885299999824
2.8100271148999894
1.656729878199989
1.518653980999986
1.034823270221206
1.8834320022999869
0.8530670390070625
3.387961337299986
2.6703503707999876
2.8884987533999835
5.768919949299982
5.0362123885999805
4.738921263101255
2.266725669899985
2.9645686324999714
3.285426364099974
5.614121919299978
7.176897990405087
8.259494349795979
8.969824244696145
6.829940946999977
6.338058460999973
7.60945538479742
8.349264427202554
6.713950894199987
8.38446103059486
8.232207533303827
5.970240441898696
5.902643257101251
2.243642549099994
3.116317719999984
4.420026272599981
6.797265888999981
5.877152429199985
3.3592164901999757
1.63688421479998
2.2423723205999853
3.538015518199977
3.9187577483999925
5.731239802599987
6.693014433303814
7.906716436797418
9.357964308135983
10.127418661353591
9.384497297795987
5.98578418429999
6.09925149539998
8.871477183659978
9.934466505271983
4.855207594299977
2.0037872985999905
2.3511259902999933
3.3758960067999935
5.53645067749999
8.284342521699994
9.071380877795983
6.980497260999977
3.9423341247999684
1.6575321074999794
2.20341469729998
2.7509271102999793
3.15130028079998
5.3653405105948435
6.622215449493565
8.708739927795971
9.58624558713599
10.16640286571711
8.648495938067976
8.869386689797425
7.239160314898706
9.04966533979598
9.595403120271987
5.158717567399983
9.219478111203983
8.260278735405107
4.004058506799986
2.7269527801999898
4.488666169699979
5.487367355303818
8.957687324659975
9.71880991207069
10.567899494929252
12.127227915999988
11.171634168999983
9.648987501646378
7.794361857583972
4.31406543730381
10.112888835070674
7.462326646405093
6.4315998809999755
9.349013250795984
12.993060965999986
8.00410684199998
4.727781700099972
7.446422444202542
8.6157824844051
11.49733040899999
11.297537813999984
11.472794979999987
12.423652765999986
11.575255292999985
9.002758068797425
12.167655697999987
10.085971238787828
10.706271515999987
9.392883688271988
7.419213130202527
3.089241468799963
6.795304006999962
10.285372247205746
12.169847574999997
12.720503129999987
12.237580066999982
7.78310655979196
7.336469949303806
7.600738075303809
8.83309086610127
8.780922453303823
10.77306749399998
11.804250738999981
10.326587751858545
11.206716880999986
9.292391229135982
9.099485090583979
10.656358779999985
8.133389007594868
6.713140902696136
8.322694094797416
9.765685960271991
10.391717115858537
9.344807347067983
11.681477079999985
9.139473225405107
8.754718398999982
12.934572663999987
8.691321466103972
11.792746895999985
13.492595235999989
12.523360747999984
13.725197915999985
10.863374476999978
8.16812798920253
9.50921365978782
11.002582987999988
10.135548216141428
8.48935715640511
9.857410589717096
12.06789390699998
11.734231415999986
11.76061713599999
8.03326443631197
12.593528225999984
12.945158234999989
12.211178304999985
14.001964557999989
12.633208956999983
12.587981537999985
12.74941792399999
12.063492815999991
13.497394883999997
12.426620734999986
12.204942490999986
9.665307392931991
9.625770738135987
10.192449499646386
14.366416085999994
11.26290649699999
10.446119756010875
13.815937642999993
12.14935207399999
10.840904285999986
11.485441224999985
12.063220594999994
10.992876569999986
11.857538102999987
11.729078820999984
12.934879790999986
12.856629123999994
13.106793318
11.766083065999991
11.74722171199999
12.59427272199999
13.616396377999987
14.292051572999982
13.900604503999991
12.916429038999988
13.394121914999989
14.376812621999996
13.865200358999985
13.23998197899999
10.996375873999988
10.465900669999986
8.279845564303823
10.03657844092927
9.477455395659987
9.437590933202548
10.334675231999995
10.76388981299456
9.723375825659987
8.835159416202552
9.837287782212153
11.642301757999988
12.123254163999984
11.880255465999987
12.978482541999993
12.010280187999987
11.528506858999988
9.926211291659984
9.997713435282863
11.008935149999985
9.932114329646385
10.345616152833577
10.485878429999978
12.472371139999987
12.213609559999984
13.300158126999996
12.227551874999989
12.166461518999991
10.877770666999988
10.601673214999986
12.870404328999994
12.870536139999992
14.050072602999995
13.604657049999991
13.07821419699999
13.111753336999989
14.140055272999989
14.970119961999988
13.33928220999999
14.309188445999991
13.789935662999989
9.78810055228286
12.004502027999987
11.142065613999975
11.779046599999987
12.918702791999994
12.16758812999999
12.641844648999989
12.298309276999994
14.24260509599999
11.913317273999983
12.806956423999985
13.21213724799999
11.367672497999992
11.45749556099999
11.689739718999995
11.38979097699999
11.875963733999987
11.577570926999991
11.267599198999985
12.450900931999994
13.294337369999992
13.868743482999989
12.674827500999985
10.478712067999988
11.577515636999992
10.883535268999989
9.159373077271985
10.41282987390016
7.565509220898698
10.979929607999985
11.045107284999983
12.149777900999982
12.262109830999986
9.818118455646378
13.008414348999981
10.427855935999984
8.995095169101265
4.082629702799982
3.0440728118999902
3.9294116759999813
4.338246430999975
6.253265591399987
6.234189158599988
8.611004359405111
9.928440330646387
9.456737011795983
9.044964247103982
8.415281216405102
10.268136327010879
9.834267547717106
10.067895519999983
10.437607000999988
10.017018469141425
9.019002526931981
8.735041683999984
8.974816015727983
8.797861547931983
8.732056764202543
9.048189388999987
5.423048294099984
6.7628563994999915
9.44414544220255
8.861648821999982
4.613827299499978
2.979758720399983
2.9633672973999907
5.262147264099991
5.882406793202528
7.343329524202542
8.399501292405102
7.702340078696142
7.9338269896961435
2.6569484618999897
3.1742853515999867
3.787590370199978
3.666513888499981
5.9998452881012545
3.09824602509998
2.3789613524999775
2.0126058944999796
1.7021844665999846
2.5980140334999846
2.1400152083999875
3.7959183135999877
1.6697583938999785
0.9167820215141339
3.0344683211999803
5.1119250641012455
6.385795101898703
1.9676339812999815
1.5197800200999838
1.7990158095999769
3.2427697677999716
5.276061193799987
5.109429190099984
5.145192378199982
5.666582015999988
3.7842438811999846
1.3633788695999862
2.9069646529999895
2.309632383699989
2.6462243606999856
7.5820055007974165
9.244771401999985
8.87993743120397
3.9645428069999773
3.8941733138999797
4.027564175399979
3.2570195311999863
1.9688240050999875
1.287354988099991
1.810847225999991
1.8733688155999864
2.6087781630999864
2.2183009215999885
2.764059426899984
1.7252513732999817
5.055004063405088
6.3849502883999865
5.546410990899984
6.416920190405095
7.251633253506388
6.79538216859486
5.8461739287974
1.9282135741999873
1.4643425185999808
4.80319718929999
4.270916850299984
2.289152641299981
2.889570558199964
6.5343360366961445
2.5356161757999858
1.6783500426999898
0.8584513507858519
0.9912311694070537
1.9951647750999795
2.6382298095999763
4.329055779999989
5.325254627999967
4.901568904099982
4.408930136099981
5.697543458594854
6.490731294303825
6.703268547101253
4.45736744079998
5.8845307662999815
7.808077522303831
5.881055819699994
5.97892047269999
8.581921989405101
6.278280107101262
4.2640262999999745
6.692680250499986
7.6792061905063855
6.6731391113038185
4.5717994491999745
1.9169568206999852
7.403958972202537
5.725333392299989
6.082216212499986
6.038047166399988
7.184680924999994
8.959980581795982
7.694273713696138
7.988440980493574
6.236991259797418
5.250191169699982
3.9053003707999867
3.330536260999983
4.495838368199982
4.014842651399979
3.1460498641999792
3.056897997999979
3.3365202987999747
4.652795223999972
4.613759843399972
4.841202230799975
4.979064987199978
7.251927168303819
6.901991892999976
5.762383430499989
4.9720927489999855
7.320172700493577
8.842030972303826
7.536207801797415
9.626603878863985
8.187387054405106
8.175336326594868
5.716536183199981
2.5461396834999834
1.800113615399987
3.8546188811999786
5.281418620299987
6.730222090101252
9.079321090795974
1.5848680602999796
6.768160510303791
9.82850389871711
8.524337446727975
10.464240022212138
11.270360872999984
11.750340482999986
10.076970230070712
9.124536180101272
11.632672410999984
4.193596092199982
8.46230316306797
6.905647819493586
10.018187735006373
4.7773882843037985
1.4685739462928968
2.335525146499954
5.754190750099986
8.067279917898704
7.839979084797417
2.6316695266999677
7.220058140594841
12.841176257513588
12.473739234999986
11.633176259999988
9.972214355353584
10.393768347141423
11.652276758999987
12.237582197999991
9.888536810212145
11.644165558999992
10.785100956999992
12.762025089999995
11.030253942999982
11.716492294
11.388618172999989
12.864338428999995
12.262710642999986
11.210027009999994
12.59757477899999
9.977169909795995
8.234055548101264
10.734418862479998
10.22006609633999
12.005364637646386
10.450575843999985
11.395606627999992
12.56681654399999
11.432843482999987
10.769289679999993
12.152261054999984
9.898675300717102
10.425859110999987
11.902849863999988
12.020502932999985
9.071132549999975
12.015020707999987
10.385790922999986
9.966490426877758
10.952028529000001
13.798584153999988
12.572508668999989
10.728122907999989
10.458645795999985
13.782419561999996
13.925077541999991
12.17946111599999
12.50503275499999
12.783217452999986
11.154870170999981
11.930559707999995
11.928824897999991
12.437421596999993
12.169925393999991
12.48932020599999
9.694065895067993
10.44277083999999
9.02679231110127
7.95521258089871
11.770560706999989
12.988494890999986
12.666712061999988
8.086419061303815
8.716916268931977
9.308663838135987
9.912360528727987
9.475722526727994
9.233812361101268
7.407388740493577
10.366761335858536
10.074881504858547
10.140761162999981
10.942991219999984
12.741247132999991
11.893375626999983
13.255493660999987
11.836858315999981
11.440211622999987
10.123551492203994
8.722932177696148
7.341392182898699
6.910102755696136
7.216105879202538
9.870905575717103
9.41151789549359
9.482343958999984
9.664505815067981
10.002370518353583
7.09832465820254
10.816186510999987
11.428171168999983
10.111386943070709
11.74650924099999
13.838188048999996
10.527223507787815
10.686909188999977
11.232585676999983
10.931853095999992
8.52006741179742
11.405188369999983
13.631621244999987
11.597802009999985
13.382992905999988
12.334989766999973
13.202058429999985
11.25467179399999
10.192261252999986
12.331192074999986
12.053948478999994
12.419959516999983
12.365919306999988
12.44870725599999
13.573787301999994
12.018174752999986
6.359444367999972
6.725743171696136
11.351768371999988
13.969238601999988
8.515961016797428
10.818757378999981
11.870141874999993
11.70278567999999
11.891800730999984
11.729978872999986
12.600555063999993
13.093947484999996
13.058701374999993
13.260138724999992
14.11463758199999
12.567222463999991
9.115271633898704
12.679289502999982
15.96476019599999
14.187924009999989
14.087673710999988
12.693323826999986
7.948552534506383
9.000086569207982
10.293575207646386
10.689552242999985
8.268340945405107
7.729518565405108
9.065728916898708
9.267680737303833
9.150115634135982
11.735669742000004
12.280369571999989
12.520391126999968
13.971639593999985
14.785093720999983
14.97496355899999
14.37293129899999
8.649668719506385
8.705354621898703
10.116653420999976
9.19444903720799
10.93561282299998
12.137577141999985
12.803973581999987
11.15580183599998
11.169966604999988
12.347915661999991
8.849506733787788
10.117606149212149
8.259591076696141
9.464174858070704
8.67579553830383
6.13115019989999
5.384432270799989
7.691835450696149
11.038432691999994
13.398929021999992
13.157239199999985
8.12434270630382
7.851682197594851
8.675134623696145
13.290980861999982
14.580453344999993
14.486236709999988
13.932309992999985
14.559982912999986
12.995681429999985
9.674161819519993
11.056954107999978
10.468757038999989
9.832955471858543
7.704194599898711
9.273174575797436
9.125097907999967
10.294256074999984
9.240212412999979
9.82305715927199
7.938991798405111
9.100031353863976
12.520912180999987
12.49309748199999
12.505439625999978
12.691084253999989
4.919450711099977
3.2132949859999784
3.571682737699979
6.131739750696123
6.790320411699987
6.774200746202542
8.503436956797417
10.018086630141413
12.37079793899999
12.224247619999984
12.713124883999988
7.257076379405098
6.50773046420252
11.15991147499998
8.509462251303821
7.165634802202539
5.900023373399979
10.27818951299999
7.535263354506379
7.94552222440509
8.27624266372797
7.686603311202541
4.386411611899977
3.7061977736999836
3.5226647063999756
8.792312383999986
2.636640594499984
6.519481153898688
5.622826788299984
3.2082718917999715
1.294833049199977
4.466617181399979
2.444066351299983
2.3370222167999852
2.2180471099999814
1.7807807311999946
3.2233134902999763
2.913576031499987
3.8043726653999785
4.841291935699989
4.336597753899987
3.752704469299985
3.042506175199984
3.8300865233999826
2.976676579299983
2.7679376265999873
2.173991203299986
4.8109801483038
8.246068536271965
9.668261057999974
6.462253144797411
1.6257841567999831
0.8897926051070634
2.155453251599988
3.6848108855999873
6.575211537199989
1.8909214629999822
1.80533835749999
1.8881394469999906
4.088883090199971
6.180065199303812
8.105623158303823
8.483878933795973
8.673221507303827
8.598524092101263
7.2138439804051
5.303753462199985
7.4485278091012415
8.49552158049358
5.800991361999981
4.670199912999987
8.638685879659965
8.078551306202542
3.401343186999984
2.1410155868999907
2.1048568877999876
2.0331241561999915
4.1618517318999855
4.84919977569998
6.359530235303801
8.58528879865996
6.772531784101261
3.6570202056999874
4.472376159699973
7.7132279998987
5.267652120999984
3.040658840899982
1.5998027434999869
2.271138595599976
3.5746341414999883
3.3323487685999753
7.676658827135965
6.838195956405087
9.41892983872798
4.159221673599981
1.0266888005212038
1.555806097399988
5.234994493101239
8.074259065202535
8.245332743797425
6.929222529594859
5.4598287505999945
1.6847797591999876
2.5862532454999836
3.7983767135999766
3.735598512299986
4.825677560399977
4.969305371099976
6.796475776696139
5.045886112999984
6.67700946349358
6.183505633493578
5.43247212829999
6.366435351599986
8.064641519202546
8.16341183469613
7.844006515493579
7.302168310493581
5.050825411999982
5.776561460899984
7.945356793202546
1.7189835525999713
3.6237393889999705
3.2957234649999765
4.277155479399983
9.15291792433998
9.53525250865998
9.936965701212134
10.156896223282855
11.921989971999986
11.136535984999979
11.359653943999986
9.286816096353578
7.995502413898698
9.43456304178782
4.897489309699979
4.697106646696133
5.377245487999975
6.212395523101249
8.72461842799999
10.311385604931987
10.042173118727993
4.973342214999988
3.313963830599989
5.198766937299985
3.513907589699976
7.2375754989999646
6.646968444797405
2.6978417495999696
5.8183211014050755
6.3184027084051
10.427946070931988
9.680252030931975
10.813283120999976
8.270717887898687
7.693558940101252
8.464588906898706
9.122863990863975
8.959525529339977
10.188882737795986
7.833477572594859
9.494595605339981
9.593314375203983
10.09684481199999
9.854576812787828
8.875763366696152
8.114126597594865
7.6870976317974336
6.061654225199984
8.705990100101271
10.089358753999983
9.871835082999981
6.620703993202537
5.159486746202534
4.796384577899974
8.40155624086398
9.465064533999985
7.025027046202521
6.53509505159485
2.55806264499997
5.270551420594847
6.613011398303812
1.622164646899969
8.423735827583965
6.023922360202541
5.283557897899979
4.307998455799973
6.932040725696137
8.818553604067976
8.906066981479979
6.806752270493577
6.236636163303816
4.58794729610125
8.175659378101262
8.22862768549358
4.364887113999966
6.07579325869613
3.59510804289996
3.3138157607999736
6.440283406101249
5.72564489139998
4.427458737199976
6.976903399696136
3.5242713424999694
3.594088075303803
3.2214068404999674
1.7214424132999722
4.274044866899971
6.467710609405093
9.388925717135985
10.013319830212135
9.36519913628286
8.251356825303816
9.749865589929257
6.915143572999973
8.045875524898698
11.019251668999988
11.967016198999987
10.253211730999984
9.688913790931986
9.855844419929255
10.444907924999994
9.806474313282866
10.448760178999986
10.069987704353586
10.430144854621421
10.054448358135991
7.899521847493565
9.257589433203982
5.198598925799986
7.084074644506377
7.71689476320254
8.586389738506387
10.038771728646386
8.898604028303824
10.19052556606799
10.315248672353588
10.861144472999992
10.955069791999993
11.963195174999985
8.251535110506381
8.787339837594873
10.452381431999992
10.639308133999993
10.742633883999988
8.512238748202552
9.802512593067986
8.745218987999989
9.794260855070707
10.091379910212149
10.452341289999987
10.784834545999994
11.892124976999991
12.778250923519995
11.955873903999988
13.25004533699999
12.09998068999999
13.044912723999989
12.52231317899999
12.409384545999988
12.68852619199999
10.441391266999993
11.691741564999987
12.163452785999988
11.12000962799999
11.371477718999985
12.905482377999988
12.40673044599999
11.527744826999989
11.789383288999991
10.693494852999994
9.075889805601264
12.177102759999993
11.616531029999985
11.59745893599999
13.013720640999994
12.299299288999993
11.257887742999989
10.91647072899999
12.317911536999992
12.719862916999991
13.309725857999991
13.337710611999986
13.33511181299999
12.502391334999992
12.012550173999985
12.124295145999987
10.685287223999993
10.84618490799999
11.413918963999992
11.936254755999993
11.07432238299999
10.583921773999986
12.764155762999989
12.388701423999995
10.73204831699999
10.720478876999984
11.825999705999987
12.591613079999988
12.31331984599999
10.391659255999988
11.487546335999989
11.573155147999984
11.930116672999992
11.173290615999989
11.684978707999985
12.39724197099999
12.752663045999993
13.418104915999985
12.703206588999997
13.262546103999988
13.032551508999994
12.966772362999988
12.39910021099999
11.469028385999987
11.161306168999984
10.151580927999984
9.866659489282869
11.577016324999986
10.786460131999991
9.17300974269615
10.707618844999992
10.38436754299998
11.329810828999987
12.74795022599999
13.743099932999993
13.623098742999987
12.228894912999984
13.150935384999988
13.685498148999994
13.318382808999987
12.730971847999992
12.22487332899999
10.871442162999982
12.606438556999988
12.170367379999988
13.472141521999994
13.202233640999994
12.981001513999987
12.857749444999989
13.004522613999988
12.436661266999991
13.342174143999989
14.175223879999995
10.588990969999978
10.48427464299999
11.313385816999988
7.6132783904935915
8.951442507898713
7.373921295202546
6.99517973939999
4.594775930799991
5.999528646899994
7.620957310506387
7.884497662405107
7.635771884202541
10.09368612399999
7.411360046399992
8.953394776898707
10.532963692999976
10.711617275999972
13.093837658999991
10.940354111999985
12.211800028999988
13.872553043999993
12.373669452999982
12.423961301999984
13.285854537999988
11.75709742099999
11.063848920999995
11.688073494999985
6.13868662109999
5.04103574679741
6.267547775299986
5.033380693099987
5.39005460969999
6.041632868999987
7.667183297696141
6.8203627944999905
7.752548672506386
10.631191118000004
7.3647099442025485
7.3671701964999885
6.795027183499993
6.868334950303823
4.081165220599971
2.8146145171999803
2.1975365874999886
6.225305992099983
7.922750544696145
6.6530128219999725
5.8229280944999875
8.688396876659972
8.19148579559486
9.958578471282872
7.493163919100003
5.037448039199989
7.217818878199993
4.819208166499983
5.324014627099997
4.4084145659999985
6.654497827099995
7.761724967999972
8.090962666303822
8.122658795202558
9.394568469202554
10.408017724717102
9.148798185795979
9.323191709931976
8.11538933869614
7.101736683696145
9.281146304203988
7.962666429101259
1.7019799102999826
5.35216292419999
7.643751370202543
8.0545937454051
8.284312921101257
8.417616184999979
7.747813194303821
6.814727072101259
7.734300874303811
7.209995645101258
8.666980322203981
7.650927348303822
6.5402197342025366
7.716114572101257
8.821614456135977
8.571354954493588
8.666792927727975
1.6211168944999907
3.65719911499998
1.502397256499992
2.9464355605999866
2.8193482573999877
1.3024903213999905
1.6474803359999888
1.8304643889999919
2.9291742965999843
2.310159454299988
2.898801441999978
6.014057720898691
8.701924687202542
8.322901681493581
8.652356291202546
5.805912908899986
5.942992098999966
9.924356635999974
9.89363337707071
4.767004229699983
7.190464227303817
6.598801634202539
6.108805223099983
5.270618276999979
5.240222401399981
4.401485464499986
4.92980529789999
3.0203150741999876
3.130166381799987
6.169567172199981
6.869762957797425
4.707827207899982
6.035101292405098
5.68663787079999
3.756165560899994
2.47421963499999
2.159023388699991
2.484941357399983
7.666817733797417
7.157386682101257
9.28330039072797
9.927386184795981
8.203658204795978
7.3913723266961355
7.161263105797411
7.566326243594864
8.297212739594867
8.346331054696146
9.050411888067979
7.426093467696145
5.5717084517999815
6.560681617699986
6.91894299769614
4.843391517599983
3.7799101958999826
1.4719488372999856
1.7812012114999805
1.119504444307062
1.2140413984211935
2.3039076034999604
6.777469876101259
8.03200666810127
2.3925936492999806
1.9329989531999807
1.7209043471999823
1.646827624499978
2.115103474399977
3.88807969059997
6.531195805405094
8.173832104506387
6.9715348876961425
1.7649260024999878
3.1065591826999777
1.4126806609999856
5.499138999898686
6.784811329699982
5.557407830797411
5.188747334299977
5.652812751799977
5.871106950399983
9.139209101931987
8.093504905696136
4.5215928481999805
5.385186611899981
2.9763634795999776
0.8973160220070603
0.9603273514787796
1.4913320011070468
5.625248173493572
7.821036067295968
11.127802811999985
8.154083714203965
7.905762196405096
8.885308885135975
4.683059919699982
5.076742387399981
5.041253179899977
6.145562220797405
8.423577615405105
8.285187301594869
9.880571379070703
10.564488526999982
10.911087290999994
8.774261288339973
11.074055887
8.322304080202551
9.48952150113598
8.589263857999985
10.99607889899999
12.329844509999994
11.53681970399999
11.92716970699999
12.232301619999987
14.143533684
11.924678728999996
10.995320456999986
9.466852705271988
10.490920168999985
9.908368260135985
11.191945192999992
10.09031830428286
10.24425429992927
7.74714761809999
9.271236390795984
9.410162809863985
10.82814948899999
10.969872539999997
12.093680147999985
11.592703190999986
12.473443964999992
12.733057023999995
12.643804676999988
6.585152761797422
7.523061836202521
11.839290276999996
11.940588117999987
11.477919340999987
11.94338668799999
12.638019701999992
10.813820084999978
12.311899706999988
11.67041055599999
11.884724735999995
11.834532163999992
12.269841153999993
12.986208910999991
12.97299745899999
14.011284978999992
13.602862382999987
13.054559945999994
11.445978574999994
12.046405831999992
12.741065124999992
13.158384356999997
11.172842644999989
11.00848806334719
11.301165386999987
12.552127915999993
13.683285550999999
12.120621000999984
13.120914458999993
11.35652899199999
10.62341335099999
11.50300315899999
13.058317383999995
11.049762652999988
12.549932465999989
11.087579348999988
12.623157207999986
10.616662632999986
13.169912308999992
7.9759308379999885
2.8802822860999835
3.0478696670999867
6.0349913574050955
7.548390048202543
7.562836753799995
10.955517029999992
10.87446885399999
11.138314805999984
9.046894222999988
11.063399230999993
11.425377819999989
11.99748930999999
9.921175671271994
9.805121943795989
9.856554753067993
10.848525568999987
12.701534752999995
13.471787382999993
12.858593200999985
13.074599724999993
13.136663451999986
13.099281135999988
13.60840731499999
12.992691898999986
14.354491450999996
13.578199877999987
13.674460317999992
12.772602562999985
12.57273913399999
12.178996770999989
12.427876223999986
13.81122336299999
12.394566602999989
10.26335308828287
12.26637797399999
12.73237611799999
11.11056159099998
12.196202877999989
13.089676209999991
13.207634382999995
11.65759861499999
12.887730081159997
12.770236497000003
11.87874467199999
9.260960469067987
9.325249047898717
12.518768178999997
11.28250551899999
11.595599700999987
13.354802163999993
12.899581571999994
12.784320025999989
12.08257133599999
11.312075901999988
9.971859423858547
9.18922273559487
9.507890591405115
9.280638789405115
9.954678549141422
11.27037393499999
12.156378657999987
11.250467878999984
11.788871543999992
10.671692347999988
12.554351511999991
12.90483420299999
12.821493548999996
12.974080376999988
9.49619084620399
9.062554902594872
9.371652140863988
10.744753272999983
11.982292104999997
11.60390147199999
12.638113199999996
11.124621702999987
11.793306661999988
10.037650939929266
8.394750471506388
9.865058204787815
7.709220040898705
10.802878396999986
11.544262441999987
12.27871458599999
13.331214136999996
12.426725442999988
13.49639226399999
13.478501844999991
13.610613019999992
9.070770666493587
8.33604201050639
7.7642896636961485
10.17667336278782
11.359055329999995
11.089678747999981
11.925408878999997
12.043568680999991
12.49260606099999
12.188139338999992
12.609599137999986
12.932687035999987
12.133516283999988
9.610806767303837
8.16708073430383
8.857096870405114
11.054604729999989
10.321250896999988
9.958886613353583
12.459556217999992
13.325057210999983
13.75057992999999
13.203895602166394
6.015627720599984
10.470266657999987
11.11277474099998
11.043235950999993
10.190928789999994
10.722291164999978
12.42233431699999
10.757815304999985
12.203675396999989
9.118586317282862
7.134566339101252
4.906021682699975
11.531899106999994
12.259914052999985
11.362037536999985
11.727863390999985
12.236169698999994
12.076903235999985
12.739091594999987
12.122658115999995
10.411695864999988
8.373969763202538
7.812828797898691
10.738333924999985
12.954260395999988
10.367705988999989
8.5145644852
7.197025483699991
7.450643318199997
7.652901339699994
9.973309397929258
10.40550315564638
6.583227995303824
7.963202716101252
8.27580217899998
8.928576762405104
6.010691513101255
5.199990740999973
5.466590156599989
3.3081648772999817
7.234920877099993
8.629954247999976
8.757836929303817
8.31662905269613
9.549884161271988
3.14194629059998
5.936213398696128
6.560958921797417
8.910523268067982
8.978613302727982
9.110049746696147
9.547900505067984
8.84667715150638
8.241617216506384
9.278608230727981
8.660282273898707
8.694365428202545
8.36161077269615
7.241166596999983
8.062754801898716
9.65350076599999
7.187533258099989
8.662222978202548
5.951512766999987
5.166750620999995
3.590347941599997
3.0449788711999894
2.2667014724999883
3.6411585174999854
6.60145405120254
5.462474856599977
4.726232762099978
5.409349424696133
6.958434617594851
7.456242506405103
4.186791224699979
3.116265756199977
2.577200738499985
3.8534285644999695
8.605721105999978
6.89320325779742
6.279297279399983
6.605398251303814
7.118878108202546
6.383562287899984
4.002148409999983
1.9650360610999917
1.8347209105999855
2.4162215606999933
2.3803328780999866
3.0938962722999785
2.8951504607999903
2.4731138305999973
2.3931931350999847
3.424293270899966
7.385825472999977
6.464771517899993
6.365614480594855
8.167498062101263
6.706450779699988
4.777157862899984
4.470563235499988
6.93562419739999
2.517796604899967
8.707185070797426
7.137413040199985
6.0189567916961355
4.113162843299984
1.3963735000999784
6.058827041594844
4.193467880199969
2.0880101439999885
1.3085389480999905
1.749306567399983
4.901518952898685
3.961480541999977
2.0371695800999796
1.9581984893999755
2.6598939177999803
3.913547810399977
5.0105641982999805
5.988573251299989
4.353328425599984
7.265948304696123
7.788775408898694
9.431613549863986
8.285025093101268
4.09162664789999
4.576472975199988
6.036798554999986
7.098718884299989
7.0600254256999895
6.458698274199987
7.796406445303826
8.24948231810126
5.080276364101245
8.821180819795982
8.413798492405101
9.033156184271979
6.811880453499991
7.239411408999994
6.113662162799991
5.522589897202529
8.847160559101264
8.816595333898707
7.293250407405104
8.264752983101266
9.667811367863983
9.403236196898712
7.198748756405105
3.546578884899981
2.512901467899987
5.09449959719998
6.22304884029998
7.334476589999982
7.785467686506369
6.944750785797423
9.288503904795972
6.969928152506377
9.833207209858541
9.883861080929247
11.639226487999984
11.510631254999982
10.991501183999983
11.484909623999984
11.744960207999984
11.134801441999988
10.797869735999983
10.827757650999983
10.507196341999991
7.295550869797424
6.942898527493579
7.567620085101249
8.663390879797426
3.0300658782999697
5.52887919010125
5.9313721251999825
3.925782588199979
3.3707494780999796
5.293952111799979
8.37315832059486
7.767102561999977
6.785459724405101
6.577318518101252
6.977300428797418
8.13816296693197
10.122316453727986
9.323110021999977
10.416383974999984
10.1681025437171
11.746468946999988
11.256789342999994
10.709190363999994
10.311127534353586
11.281738720999986
8.398122740202545
2.248759739699989
4.613769897499974
3.749646836899977
5.50528169399998
8.226298220797418
9.270555683931986
8.363388211101256
4.532907730099972
6.457272816506365
6.383701510599977
10.491030405999998
11.617886634479992
11.167828222999992
12.34181291516639
12.735719300652793
6.5476960663038115
4.294875547799971
10.742838429159981
10.43783952199999
8.574111790506379
9.941355184938393
8.032287750196142
9.023649085999983
11.618235496999985
12.473129172999984
11.95760027299999
11.271889211999987
10.15530388792927
10.459287069999995
11.09779096199999
9.699878182999992
10.307122949141428
10.54259933299999
11.189440487999994
8.05520699919999
9.467992932067984
11.740050293999994
10.617821480999991
11.440756591999987
11.670764371993592
11.302671386999986
11.90862364199999
12.085644892999996
11.199507697006394
11.506786919999989
10.67808122699359
9.643680776999988
10.903360103999983
12.28777563299999
12.513437850999996
9.043791737271981
11.258034752999992
11.119690001999992
12.648806424999991
12.258232038999992
12.584218287999988
9.906502111858547
8.453780578594861
13.510875356999993
12.97316872399999
13.038054278999994
13.625959217999993
11.27168607499999
10.718152169999986
14.272269062999996
13.42446605799999
11.33288556699999
10.531956811999985
11.611795457166394
12.631645679999988
12.12622825199999
12.012647819999994
12.201979256999994
12.632783987513593
11.060306087999988
11.466583405999993
12.938810351999994
14.640528902999991
13.612405187999988
13.291645347999989
9.951077819863992
10.223052505339995
10.197446411070707
11.730226372999983
12.388974543999987
12.749222451999993
13.134243958999992
12.81581458899999
14.808582723999995
13.81541170299999
14.552544159999993
14.91465948799999
14.47158352099999
13.618532897999991
10.845209893999984
9.643727630727987
11.345253388999993
10.15512035514143
8.821273323101272
7.9807847777974255
7.602389399696143
8.443395022594869
11.516964963999992
10.75848659499455
12.069276059999996
12.932722201999987
12.495864156999993
11.730941706999992
11.963644034999987
9.048327008101271
11.932085706999992
11.535958931999987
12.317906331999989
13.334054506999994
12.724026352999992
12.911258779999994
12.956754011999992
12.265872089999993
12.910460308999989
11.81604111199999
12.326430329999985
12.89816934999999
13.976400857999991
13.306382435999991
13.204599985999991
12.12017158999999
11.474809994999985
11.45847103399999
9.02272060699999
9.176426293931982
12.063577668999992
12.717797234999992
12.094333228999995
10.892074619999986
10.570620835999986
12.059398502999988
11.90136062799999
12.025423768999994
11.98710453799999
10.13200319071711
10.420918413999988
12.088986129999991
12.49402872799999
12.459069541999991
13.173267396999991
11.820703037999987
9.978415344135993
10.043663665858542
11.256551825999997
12.010546047999988
12.640069150999988
11.90498543899999
12.164725286999992
11.079587383999986
11.526322411999995
10.936093146999989
7.7070643813999915
9.133587463405112
9.481838131787823
9.119871083101266
10.197216615212147
9.830390624999986
8.960663922101272
9.565783039931985
11.90525441899999
12.393232610999982
11.82358637999999
10.197680741929267
11.612267948999994
9.21564766999999
9.810630975212149
9.612502133135996
9.08299460127198
9.797838235353586
10.19364402778783
11.305390851999993
9.91343726664638
11.696113695999989
12.866665024999989
11.327168702999982
11.842960950999988
10.52459649699998
11.89342443399999
6.653817515594861
9.48992473906798
10.069388595717104
12.077854294999995
12.633403934999988
10.787656417999987
10.708826208353567
10.95657093799998
9.25596617579743
10.143363221787828
10.519696789999992
7.764210394303828
8.130625462303831
9.35488833920255
11.623253989999995
10.395448452999988
6.330037658699983
7.4572905974935795
3.843421234099985
3.107468965099982
4.135484547399984
4.98656435549998
1.8385075942999907
2.2330773574999836
3.699748400899974
4.834846047999973
10.084290634141425
4.795545663499981
5.273697111499981
3.4405108565999765
3.0013655944999913
7.9656188369999645
6.696608901999979
10.73578832699998
5.246286448696132
2.8093752181999685
5.149791908299988
1.5917652007999887
1.8791446212999896
1.6585264373999868
1.0494333801212032
2.494453782699988
3.43131371609999
3.5008865416999977
6.413179989594864
5.489435688799977
8.477994638101269
8.326621925405096
7.202202743493585
4.243086524999988
5.329424653594858
5.7418727187974214
6.457983378594855
6.090497149696133
4.867367095899982
1.3726870742999875
1.8950368072999848
2.3382276656999856
1.4300460830999797
1.4187902724999912
2.741856600999985
2.8167700179999824
4.087886862199992
4.5910270172025305
7.2890781204051
7.548293580594844
8.649125363135978
9.145571798795979
8.556638908405105
8.598982450898697
8.42255174710126
1.9354105422999892
6.081228083799986
4.001740277099984
3.5855215362999853
3.321210655199986
2.2593599578999735
2.782221943699992
2.8074709166999963
2.743151646399991
2.522098872399989
3.879835363799973
1.5620100234999927
1.9395580916999973
1.5718427566999902
3.648828839099984
3.852564544699978
6.506199438506379
6.632754334999975
8.707556321795975
4.924874531599979
2.072284588599976
2.6731932906999836
2.949680563399983
4.5428950423999845
5.313212443499979
7.080962841797425
6.812690151999989
5.966512702899979
6.840237535101254
5.869248831199988
2.0613686843999823
1.8751965224999787
4.506687623599976
5.687621650696131
6.4506259688986916
7.302353684999978
8.8274763808987
8.268895886202538
8.088874891696138
5.078897502101253
4.7678398116999725
4.808400929299983
2.6113374816999797
4.01411825709998
4.355596209696125
3.8276244277999782
2.4637006988999803
3.522882426499978
7.444611793493579
9.029047343271978
9.293014187594869
7.959199801594863
4.5529638213999855
1.6968848342999865
3.320258831799979
1.5713755797999858
1.9510471908999716
5.586048504599976
6.422458415202539
7.236964103696139
7.401127831999984
6.438089274594861
6.537719450405102
6.243277888506376
5.158658645599973
5.648325100696125
8.361995213203963
5.098565171799983
2.7624510238999798
5.643181358303813
7.891529464696134
7.819618170202542
7.109239091506381
7.12332889559486
7.14615682530382
7.263314802594843
10.79587573199998
10.766862554999989
10.800537855999984
9.266480714282855
7.164136349506377
4.2669266906999805
6.520934602405093
10.839252300999984
9.941042472858543
8.551800147999979
8.483489622506376
7.691431133999963
11.334891559999988
7.030419111594857
4.595153953599989
5.705837071202523
7.336698678594866
4.872789776599978
4.745664956699981
6.882174832199983
8.59896790620254
8.24392518620254
7.640039536999976
8.134611633303814
10.81477848499998
2.2331400435999758
3.293050546299967
8.446360775797421
10.616311179999988
8.962740666135979
7.268704489101259
5.608419206199988
7.451779411303816
11.002389933999988
8.505843955999971
8.061060867303814
4.39766123499997
3.482349534599974
5.58777024540508
7.626947676101261
5.775257495099982
4.353430209399976
6.742850166303821
7.9677991745063865
7.811830212405099
8.366111311303818
7.6689538726961315
7.651128538493577
10.525048018999986
11.101475489999988
10.436196263070698
11.580088444999987
10.586937295999986
10.99539905999999
10.945617679999994
7.987291276594871
12.410486222999994
4.665448879999965
8.770870188898705
6.5101336226999935
4.241154516599993
3.1726912581999747
7.353010172999996
10.399809272858528
13.079639382999991
8.381538886999985
8.68841195830382
10.469261588999984
11.118776179999976
12.723232285999988
13.376896139999994
12.69437190999999
9.264681835898708
10.642873681717093
7.823490541101249
2.979061721799977
4.370605630499977
5.179111634799975
5.68103981320253
6.57802494050637
9.325451863067983
10.717977007999984
11.722563404999992
10.474801662999987
12.839093181999989
12.88748895999999
12.733693711999997
14.32778636499999
13.498797555999992
13.764039020999986
14.103356966999995
14.562610850999992
13.027215131999991
11.956407226999984
12.994740928999988
14.358933576999991
13.385265371999987
11.735493589999987
12.617699448999987
10.820230520999988
11.479411402999993
14.119505806999994
15.062073708999993
12.531444022999995
9.679750445727992
10.804406995999985
8.976072605898704
10.220363849999986
9.046309159931985
9.00031595606798
10.530576920999986
12.84041740699999
12.125722378999987
11.312563187999986
11.84360046099998
12.05308153399999
12.71896981199999
12.106945400999983
12.694016521999988
12.842938518999993
13.007585703999993
13.46049175099999
13.875436536999993
13.987105300999989
11.48544837299999
9.674399536067988
8.679132188405116
10.011669604339993
10.853461503999984
12.04308803099999
12.342290532999987
13.949184575999993
14.212256609999994
15.15815208699999
15.717425149999993
15.023104137999992
14.319026296999995
12.046587432999988
12.785926354999994
7.65286030879741
8.515889051863967
11.661787319999982
8.543870777931968
3.465278771999974
5.284686517299977
7.164929254202544
9.886968681212139
10.531078869999986
12.84953787999999
12.39277749799999
12.72541000099999
12.458546541999993
9.26985957340511
8.957724687202544
10.146219352787828
8.941434112493585
8.82180058427198
9.898030323858544
9.631573561070692
9.029070669594864
7.4095719329999845
8.684503700212117
7.947123754898693
8.405453745999981
10.271102695999984
9.562441702212135
10.681045916999985
12.424897510999983
13.17467044199999
12.552419736999992
12.464500532999992
11.372176807999985
11.997971140999992
11.417088097999986
12.311882767999991
9.35472002572798
6.434237948594856
8.06640016330382
8.054447389202549
8.91784813230383
7.7717888076961446
7.411495022594854
8.955550315898703
10.001950141931989
8.950554478506385
9.452407000787819
10.004585273787823
10.846286197999984
11.968390961999981
11.38509978799998
10.647287403999975
12.660228592999985
5.92062920530382
4.024787495399982
10.436972989999985
11.767694042999983
14.10118018299999
14.200183008999991
9.498069207858531
12.336420286999974
13.52382623599998
11.230762813999986
7.939607521099995
6.706119499199996
10.369045819
9.803619241311994
9.904182568271983
10.672456899999979
12.123216314999988
11.958345850999974
13.028277703999981
11.407383097999979
10.918927383282846
10.000128936858538
10.287382276929254
11.514252202999982
10.885186591999986
8.128434719797424
4.423297642499983
7.0050173615063684
9.329938012795981
9.264840785135979
9.116699172999983
7.9913971618986945
6.228803839101249
6.779442398101239
4.7467666152999834
4.83179856869998
2.536239306599973
3.1515678008999846
5.027656768799975
7.818570138493579
8.175246107339968
11.791789164999981
8.52064579469614
8.356565692101254
5.50153661649356
8.612853254696141
7.1959505248987
7.859927464303819
8.695681182898698
8.865787985202541
6.092995953399985
3.721549040199984
4.66728247219998
6.86316319269614
11.764938173999981
7.131015219101259
2.9232548964999876
2.6890854369999873
5.741403297399989
5.352724168399981
4.760279894999986
6.790921948202546
9.383282946858545
10.141416760212138
7.136334292594854
8.629737467999993
7.437986770594854
6.943028709399988
7.3680593718987035
2.941648220799991
3.456296064799992
3.7903357085999874
4.128282003799975
2.042357382199961
3.4422318374999894
4.416978964199976
5.758881050101258
5.058114012099985
2.020504933199991
3.9547954635999867
6.975185174594861
5.948793591303815
5.63204223179998
5.665532994099983
9.640908650141427
10.692339843999987
10.498284971999986
7.398423438999985
3.7413055953999796
3.3237448058999948
6.66638188020253
6.096153428599996
6.652125657696146
8.065640318303828
7.637045198101267
5.330429159499985
6.65082994999997
7.145509844999978
8.911082401999977
10.111333999717099
9.98748652964639
8.498878691101261
9.24448653869615
6.250890530399985
3.401189024399996
2.5376281493999957
1.908673786899995
3.3321963927999962
2.518030404699992
3.9186310485999885
2.7081671050999927
3.2143703719999923
3.4444202132999897
4.787390237399986
4.835298779299979
6.14322567140508
8.863959483203983
8.657862403898708
9.210053555203977
3.1273862777999795
2.4363599349999894
4.487119824199965
4.964315093999978
3.4079596496999693
7.573486547898689
2.3104888549999703
1.771246879599996
1.83034038849999
1.7869997359999914
1.916657362399989
1.1100233449929182
4.805784594699982
5.290528195199983
2.9229303222999787
4.108457591199978
2.011287736499985
1.7646260940999883
2.653151638799985
3.3143377700999803
2.685859349099978
2.7716868865999786
4.27691265410124
3.919398242199973
2.6936514571999823
2.520827824399976
6.130324514797411
7.218379679898696
5.042275884999984
7.956224237101272
9.740957255717104
8.278116418506375
9.980006166070703
5.355216935699982
6.511173988303819
4.689426051299977
5.877590887499983
7.256434097303809
4.347183062699972
5.2926357024935715
4.558935101299995
6.3907308669999825
5.074390745499978
8.412637759405102
3.2810963363999783
3.17582602229998
6.3088753066961125
5.512672184797409
4.947017874099981
8.679684851101264
7.382315963696124
11.75656586799998
10.876430713999985
11.640094956999992
9.529741497863977
3.029023994399981
8.768793774271957
5.18300444339998
5.435711209099976
10.872269761999984
3.972092233299976
5.344018562303805
5.896387866202538
2.3618335906999786
4.362767010499983
4.3026519774999725
3.4974273879999753
2.757156961099971
6.9293023865063725
7.121256191999964
3.8513450713999706
2.5490745543999735
7.503942169202539
6.164321168499981
4.384041052199967
3.8358550078999705
4.999437585405091
5.5572488433999725
8.393144517659973
10.2863206437171
11.716886692999989
11.544574898999981
11.007605835999984
13.129890435999979
11.900816086999985
10.312254568353579
11.931154493999989
13.24909465499998
11.562279612999983
12.381903524999988
12.969560940999985
5.538949554399981
12.05849872999998
4.248213069199978
3.2334984008999847
4.921844059797412
6.515463818405069
12.269326894999983
11.11159977099998
11.06164373599998
10.31012679735357
2.9464219954999695
6.609561175493573
9.215008923203987
9.87221789564638
12.768847674999982
11.233806046999986
11.886869227999982
13.792704233999995
10.627895858999977
11.981150835999983
13.18457701899999
11.611465210999985
11.925157850999987
13.909921435999982
11.835907270999984
8.297352145415958
8.89022337965998
8.327106622303813
10.726268589858538
9.73210814978782
9.59734058520399
9.19587331393198
8.699829978898702
11.046498087999968
13.774547918999989
12.384665035999989
11.588638338999985
13.172327479999986
12.896305604999986
12.805664742999989
13.233988592999998
11.93669926099999
12.150551972999988
9.520736332687987
9.531859037863978
9.820747059717107
10.335058142070707
12.242325963999988
12.98037929999999
10.698968352999978
10.679180481999989
12.40905885899999
11.251252625999987
13.37939457899998
13.715065949999989
13.994792519999987
13.126927393999988
10.621364150999982
10.853094629999983
9.943451051099835
7.90516416779742
10.237633448999993
9.319209953203984
8.867058250405107
9.93202220306799
13.380035749999985
9.590770040929259
10.722414847999987
8.079098924303818
7.450977203405087
10.75993226499998
12.334446952999986
13.510834415999984
12.087470597999983
12.800417199999993
13.252984304999986
11.445407976999993
13.501932532999993
14.23283423799999
12.199280921999991
13.528438043
13.654096500999986
14.57848963199999
13.575742476999995
14.232342681999995
14.55788507199999
14.482806948999995
13.765484615999988
13.29555087399999
13.642538962999987
10.47824573099999
12.011794605999986
12.708231916999994
12.925219814999982
13.246322260999989
12.975727207999986
12.400519661999992
12.00431393299999
11.623806473999993
12.276908347999983
10.20391481486399
10.02905090485855
11.245958590999988
13.42757079799999
13.225473438999995
12.03978085599999
11.88886827399998
11.193386376999989
11.435012793999993
10.814607898999983
10.120090933135984
8.75698457179742
9.487526551863986
9.50004922640511
11.987462819999992
10.92081723599999
11.506307206999981
13.783550409999988
14.054575414999992
11.834197941999978
10.228101609858545
12.467218598999988
11.812165770999982
12.362245022999993
12.145736828999992
9.648869428999983
7.225858042898691
7.157177065999986
8.20326673430382
9.945918455646385
10.950465244999988
8.195250917101266
11.979067762999993
12.40887767199999
11.52574294599999
11.861498498999989
12.81593914799999
11.697724103999994
14.490680008999991
13.470962992999986
14.531308526999995
13.665052198999987
14.439450525999993
14.295760361999989
14.071662833999989
14.668982482999994
14.860865362999991
13.905580050999987
13.426771108999988
12.657861591999987
10.826209012999986
11.834419732999992
10.963825840999984
13.034693143999993
13.865913765999988
13.82526959199999
13.30454219799999
13.39221552899999
13.321505240999992
14.196819199999993
13.108914689999985
11.99703549999998
12.963500481999995
10.902391558999984
12.704201055999988
13.451294625999987
13.396972521999992
13.81198945499999
12.137990903999993
10.877610906999987
10.71088197799999
13.04579083299999
11.095691219999988
12.75001587199999
11.729871132999982
6.818424264493575
9.776416676212143
11.951653385999984
7.6889823044051
10.277808296141409
8.635071369898702
7.4111171706961345
11.208692916999983
11.916244172999997
11.622896567999994
12.281047927999982
11.905915000999984
12.33927839199998
13.724541684999991
10.4347237397171
11.860297378999988
8.288070492594871
8.323448438999986
9.484256964067988
11.341299703999983
9.97698884892926
9.323628234931984
8.717356466696147
10.404182447999988
11.698982659999988
12.117357783999992
9.089399349999994
9.402830863999988
6.949201396202541
3.2397493804999886
5.069337788399976
5.209076168799982
5.100708843999967
5.148685067699985
5.203797805797407
6.307017822299989
8.803270289594868
9.363162530659974
9.793688970929267
10.386519549999983
10.15387758185854
7.16541400150638
5.605311505099982
4.117428727699988
7.271136463898702
10.798065366999982
4.706394580099978
2.5522182738999857
2.534347030599985
1.4390593108999907
2.0189033400999863
1.388481622299987
7.754947770699992
3.122777383399984
3.943612652599983
4.886345863299982
6.567387934898689
6.645607760599994
5.061249121099986
2.6300346648999886
2.40530656739999
3.500344346599966
4.232480477899982
6.565730778499988
5.009790238999989
5.620206764202539
8.880363929795978
8.274798248303822
2.0805587584999925
2.214393923999988
2.6607733931999884
2.1548107772999874
7.306867446895984
5.17249960629998
5.87879002529999
6.356667181399985
6.497418106099986
6.146957969699983
6.038063780202537
5.554479118299988
3.540792115799989
6.0468044387974205
6.016047967499982
6.023200363199983
4.471773944101244
5.229234489399977
5.693227941899985
3.9655543090999825
4.228304566999987
4.332373298599981
2.2892314712999866
1.3756357619999937
1.2669000731999924
2.1955919997999978
1.62660561219999
1.2747203643999903
1.3776080550999876
3.976300463899972
6.553636204493575
2.10198640589998
6.526401580797414
7.252277926599987
5.8907394317999895
7.137790899696143
6.871806567405101
5.805562686199982
5.58758335110125
6.817192781101253
6.940239875797407
7.338976827999979
7.062830953999969
7.333154478506367
7.691004037506383
6.7197784240999905
5.848443553199982
5.239481718399985
5.4120364699999985
3.425590084799985
5.788996073899981
4.115779948399998
4.348913884
3.8342240462999815
5.4088821792999795
6.387955731202532
4.885097579999975
6.404403549202517
7.352155894506375
4.08532321619998
2.701408309899986
2.8811628829999774
4.229064559899983
5.168615756199985
4.298360462999994
3.5487200850999905
2.2972314422999873
3.1964684936999657
5.784090695202527
5.854592233303811
4.177349511699983
3.7425986770999864
3.697697709699984
5.3889232299999845
7.386487667797421
5.865137753299983
8.180250068696143
10.443571383999993
8.516635891696145
10.368432846070702
8.895983930999984
6.736216009493575
5.492456664999973
7.13544521789869
8.282317498797417
8.150887705999974
6.9392470322025135
10.62189959699999
7.799527891493578
4.849718165599985
6.617542959594861
8.736309294101272
8.148874555999978
8.432322706594869
9.054589108203972
10.194525801070695
10.058440278727995
9.609627813795983
7.264872836303816
9.802382110717106
6.982139413506384
4.118419345099983
3.3135226912999762
5.997111646999987
8.794624522271972
8.324387722797422
9.516560838203983
7.804774957303814
8.021358241303815
10.974410885999983
10.952063372999982
10.828129258999985
11.119832140999984
6.036265982101255
7.009761619594857
6.713691661101261
6.837720065303816
5.9986297455063635
4.8701717956961295
2.1055292449999716
5.0338181518986875
4.762187170399972
3.4063580123999637
7.415456146202532
9.328160414070698
7.792084896898709
6.410139843797402
7.749834654207973
9.748879994141403
8.81437160951998
7.864890571594842
5.592354006999959
9.661731251646366
10.74700840499998
12.047910821999984
8.594665301493581
8.948558416696144
7.283860406506377
8.154613175999994
7.039306100506375
7.00452371979742
7.669583431999987
5.881228662099987
3.860916973899992
5.968145918299982
8.773763684067974
10.078306208858537
10.239898072858544
9.883852392717106
11.012648383999984
10.474226618999985
9.958765084863982
6.448167048594853
5.4282525711012415
7.346781932101258
10.968174199999988
10.868577262999981
11.592925467999986
9.270712029999979
6.977193798797421
9.23014264379598
8.981327775717098
10.167968919282862
12.484320403999988
12.096155539999991
11.480358306999985
8.895798048271978
10.393184092488156
7.8674675368999925
10.639707920999992
10.86301097999998
10.92233644999999
10.152002865717105
10.53576756699999
10.768574341999988
10.332265844999986
9.202944297863983
12.869306316999987
12.761791199999982
13.62417250699999
7.899645448299998
10.751481061991846
12.301741332999985
10.460858004858546
13.765975689999989
9.929085412717106
8.873976019303829
13.177162751999992
12.381386088999989
13.37469570499999
13.209722910999988
12.98145270699999
12.491369929999987
11.825278647999987
12.468528603999992
11.297660317999995
12.39907200599999
11.583239333999991
11.593682021999985
11.275815947999993
12.105154848999986
13.200626887999992
13.31532637499999
12.048800045999988
10.322950561646389
10.00531392207071
9.738722627203988
10.91503917499999
11.221438813999992
10.20264976335359
9.789329325929259
9.618595703070701
8.74829218599999
7.584964326506385
9.422331982271986
12.519107091999993
12.17539288899999
13.204489506999996
12.372970691999985
11.046279421999985
13.314724566999985
11.823645914999988
11.047279279999984
9.997027694787828
9.151796923797434
9.595617533931987
12.46314068099999
12.97563983799999
12.24615570799999
12.131118445999988
11.880530507999987
10.656211481999993
9.555735348659987
10.419021955999991
12.373488692999992
10.77044501799999
9.5144208190707
7.34698865659487
7.897096678202538
13.317068299999999
11.62217025499999
9.815433805858548
10.70025285499999
10.728334707999988
11.639424337999987
11.360988961999984
11.877582465999987
11.453649837999993
8.260454821797412
13.76466164599999
10.853550463999989
10.401307484282864
9.242861773795982
10.815738932999981
12.021349004999992
12.273327788999994
12.627784972999986
12.674236074999985
13.751563025999994
13.79157586999999
12.012964658999987
13.88834351799999
13.236269756999992
11.91839067399999
14.140142280999994
13.53530349899999
10.399579305999987
9.244096049506394
9.395900277687986
9.386433727999986
10.397081070999992
8.293578158594867
8.610829305999989
10.09592811287039
8.359345927405112
7.200839985699997
10.741585563999989
10.144539627070708
10.447983689999987
10.89323244199999
11.77515153499999
10.969517457999986
9.649749722212148
11.902217837999991
11.91545021699999
11.552280320999985
12.425991755999993
12.403705622999997
12.86122542299999
13.34208420899999
10.779279625999989
7.09990935669999
6.889655863999978
9.851225695863985
8.908638468931963
11.949272074999985
12.52135972599998
11.909606461999987
13.12462464399999
12.96161547699999
12.470453393999982
12.769145235999991
10.193693737858547
12.406971230999986
11.849505364999983
12.661164933999988
8.13064743649358
7.16350747220255
9.529379099999995
10.18282275399999
11.598798342999984
10.29295900299999
5.0229025420999855
7.604476568594862
5.559388368202533
8.050532789594854
8.427979745506377
7.889119969202535
10.684231539999978
9.863026771646375
11.321152419
9.940891564966721
9.511580763208006
9.976152938938885
7.35475002140001
6.164726963800003
4.114222862199988
6.466506173696132
9.345876142931985
7.858172517405102
9.182681962727969
6.3901507918987015
7.1791384064051025
5.066836842299988
4.869527444499989
3.254324677999995
3.9764971190999905
7.200206968699989
8.026457330303826
7.441772859202534
8.010999604797425
8.75915418089871
8.71095046230383
9.479448750212136
8.186793063405108
9.713564079212148
10.647931290999988
6.705373495499986
7.863231869493583
7.768020492594867
10.370811783999992
11.74436711699999
6.128044320699987
5.864196034199992
5.69676990969998
3.4257119872999846
4.204096031199979
4.195038082899992
5.050699726899985
3.596993371599986
3.808407238799986
4.497138563499972
7.091932058696134
7.240349618499989
6.700248870797415
9.217059483203984
8.360107015999983
7.59997332610126
8.77391468050639
8.296565591405095
7.2249802596961405
7.077170877099993
3.561856092799995
3.1817342650999807
3.414297384599984
2.5721595702999798
5.117778820799978
7.519230625899991
7.182062885999981
3.3573869994999836
5.648415743999986
4.91271178279999
4.556778401199988
4.228114262399993
8.115555470303827
7.622298294101269
5.020468077099976
3.6183757033999755
4.060398568699987
5.646375041199988
6.304475280799983
6.235854734797414
5.644329687499989
4.7496440185999855
4.424925294499976
4.783087145999982
6.445964466898697
5.070135113499973
6.665727542101263
5.210485105899979
2.5786823028999795
1.6059581344999916
2.772269653299987
3.0473413833999685
1.3498183852999883
1.0217175057282846
2.9181870910999756
7.365685777303818
10.468216062929258
8.475705351303823
7.178380569499989
8.353972570797417
8.542701771493592
9.936296562135988
6.026417825299985
5.675733531199982
4.265167817699994
4.142821833799991
3.933791218599985
4.038003126499983
5.650157444799986
6.6677268645999845
6.6537221175999814
7.937038999898698
9.672265086282865
7.148761444101261
8.087895977797421
2.383447940099987
1.5887053878999886
1.6478443068999855
1.778866085799987
3.9325594390999714
5.941677366599987
5.623806764199974
7.4784392409999825
9.65704374392926
9.14726345679598
10.102826402212134
10.229755113141415
7.308828274493581
1.7401043029999737
0.8840030022716958
2.20300432739997
5.391324311797412
7.843430297898693
3.984880763199973
3.7563731185999716
6.717432360797423
6.434056869493569
8.850589930795971
4.470825605797403
3.6275416839999712
6.0860894698999815
7.295519201696144
8.205604479999984
7.15188444520254
7.13292433620255
6.0765793868999864
7.1947241135063775
8.975671662931978
10.62303185278781
10.2731081710707
11.182934191999989
7.583356246898705
9.000657197594865
9.968798074212138
11.133493187999985
10.161581063858547
6.93278641969614
5.326775730899989
7.466658882101255
7.8410234024051
5.1853931243999805
6.476918185399988
5.657434558099994
6.662562968399987
9.914241223070698
11.797159197999992
11.481032781999993
10.302189808787812
8.441940669303827
9.89653506478782
7.951793254101257
8.626121202067978
8.050272979696139
7.130454281599988
5.976264044199981
7.933528497303815
10.713025985999991
11.768014989999989
12.22026689499999
11.87991272399999
3.5484680434999762
7.240031671101254
9.884592886282862
5.223251075699988
5.566571318099979
6.250094555699988
9.911462025353588
11.693405965999979
11.964326839999988
13.426936776999995
10.594022403999983
12.485443574999977
11.326257819999983
10.411195371999987
9.989176670858543
9.30477294306797
8.715321896271973
1.3725382827999868
2.1399591414999732
1.7787026320999748
6.438664234899983
5.585803031899981
8.253090418999996
9.225812014797429
7.96071380620254
9.477958091795976
8.106892716999972
7.7494098845948445
10.001176846212136
10.951435375999974
13.341138804999991
10.590409044999983
6.994986283898679
11.129792046999988
11.064563103999987
8.353378939797418
11.095043236999981
9.80398284299998
9.292607435717091
8.17138695369614
8.909487095727966
11.201642882999982
10.691258904999986
13.433113831999991
12.641210811999985
13.930457047999987
13.389431469999986
13.217818009999984
13.473110261999993
12.638609911999987
14.100610183999992
14.119099431999992
13.624540149999989
11.023254781999974
14.696193645999992
10.722944359999987
10.40347307600272
10.52265316499999
10.134718495141428
10.592213057999992
12.560326485999992
11.782226822999986
10.438845171999986
9.875164521863988
10.690474503999985
11.585214731999994
11.52374039299999
10.788049007999984
11.903847661999993
12.564338515999992
12.78076094499999
12.350059365999991
11.864011495999986
11.397905742999988
11.624790537999989
8.801728689594867
10.115061381646386
13.91068545499999
13.41494864199999
14.105843592999992
14.083593033999993
14.411936469999988
14.17743176099999
10.75964477199999
10.778163700999999
12.338486191999996
12.360918644999996
12.10974163799999
12.708347017999989
11.073956048999996
12.60394872999999
13.734533060999992
13.59779755999999
12.630059461999993
11.416840021999997
12.210703307999989
12.310917119999996
12.433331649999992
13.576556936999989
9.559779003931983
8.562754017727976
8.323619787594863
10.38120713999999
10.270959239141424
11.586118599999992
11.924689008999987
11.209171346999986
7.62137077330382
3.713479824799972
6.92679772029998
6.857591401696137
7.861102291898696
10.925542180999988
11.068718055999998
11.704437162999996
12.37556093299999
11.81234068634719
11.662613349999992
11.734413849999994
11.077577880999986
10.918100446999983
10.140022004787825
10.53292746899999
9.045132206795973
9.813874340858534
11.859850062999989
10.351269591999992
7.271349960299988
8.072033195506387
7.740472752399992
8.282233172599993
8.73087389679743
8.552247538797431
9.214862226898711
10.440984627999992
10.133394270212154
10.72937045399999
11.78212235699999
12.813151497999984
9.806816436858544
7.667050700405103
8.97905015869615
9.850368882858541
9.053670822101267
11.847390856999995
10.33575172399999
10.037852384929266
8.445646574271976
5.982274806202538
3.9031728881999754
7.1294390639999685
9.486198741070698
5.205592504898693
2.614113520799964
2.9399466033999704
4.009136793499979
6.432567156999971
10.756521219999987
12.899550524999993
11.052964916999983
10.227855989070706
11.946632035999986
12.930595434999992
13.011432224999986
13.300902195999992
11.612388445999992
8.912985504202554
9.641489593659987
9.331593933067987
10.985500184999973
11.373831803999984
9.1927651900707
7.978264877303824
1.6900487884999873
3.171066166699986
9.216942124929256
7.923642718493591
6.819197814898692
7.718909736594849
8.845362112405102
9.390685423203985
10.788146906999984
10.123474215787821
7.554968652303811
9.052080303999976
7.126358732594859
7.493379486101249
8.5223180084051
4.00565567779998
3.613045721399975
2.078710382099981
4.63688226320253
4.640986733999969
6.4039050262025325
8.188713467405096
5.880966891506377
3.1736155028999766
3.370305134599984
5.453103633101253
7.609658740135944
8.666827467203971
11.709568236999987
9.957090869067981
10.441325408929258
7.521947413594853
8.833745933659976
10.208139858999992
10.761260962999982
9.219178028931983
9.736959280271991
7.530077206399987
9.383825991863992
8.047469363405103
6.573376419099984
5.112943060299988
6.564111292999969
4.831647093199979
4.905172933999985
5.979810861199981
9.359645675787815
8.414422506696148
6.703267399594862
8.17614514310126
7.862243308999978
9.781096919212132
10.104351876858544
7.272338745101258
10.484340555999985
10.743944616999984
10.416263514999986
3.6299749877999896
2.2185844451999905
1.50580717619999
4.322958708199983
5.634795997599992
4.27065989529999
2.22130847169999
2.162418371599992
4.693865920999965
3.164276377899994
3.4155201858999877
5.067746043399989
7.712137828101259
6.197765344199979
6.580864039599984
6.6768396789999835
6.838106770303825
6.373121409594847
7.061625468405101
4.800735047899983
3.265081588699986
7.254776832594857
4.264773632799988
3.48736996149999
2.273270419299986
3.928437631199995
4.870803321799979
3.761823541299977
5.955073521399981
6.204154276999988
5.309693116799986
3.2275829696999834
1.980197314499987
2.3858397460999816
2.5288943053999873
3.7390496886999878
6.820837564101249
6.50193316959485
5.712052189594855
6.437263929696144
6.249522482303816
3.010683024599975
0.8094629172212056
2.376690460199994
1.4571677886999923
6.201117494199982
5.4548605391999905
3.8232833999999865
4.196760258499988
3.216052764899985
6.933422602797419
6.289395472696138
7.515830311594855
4.92780453029998
4.1889930648986855
5.863714268499984
4.383797228999981
3.6725624129999743
5.695761839299988
4.337232475299981
2.033632113599987
1.7128960174999848
4.134067245499987
4.158858944699984
6.1104537354050805
7.674924433898692
8.767687754863967
7.6138337784050965
6.123201951594852
6.062142175303804
8.683723704493586
9.35674662314142
9.30062087872798
8.470616720594863
9.469603529271978
5.657050799594853
1.9269207671999797
6.355218646202511
4.73814803309998
1.5259475310999868
2.0251202163999866
1.2839740507070496
3.278288011199984
3.9927076446999687
5.8557075851012454
10.44687248692926
5.804865852399977
7.124953240999981
6.890372680696128
6.0894809478986955
5.860829956101257
3.5398587203999656
5.83290240779739
6.708998962399985
4.09211343839998
5.473672412099986
8.021588825999983
9.339033123863983
3.6196766585999773
4.925368005399974
5.9457021254935665
6.511161791999981
5.480179946898683
8.901049488858524
8.612823655696142
10.467345951999983
10.09433931585854
9.975866374135977
9.042206344727983
5.099150935405094
1.4190279891999806
4.586904656999981
6.563320931999993
7.801119300797418
10.023377691787818
7.994261094795966
9.796154594271988
9.37065533433997
11.815479847999974
10.752885073999984
11.67259366099998
11.157026262999999
9.642188574135993
11.231580385999983
12.80413257399998
13.413991038999992
11.262165912999983
8.852281840659979
11.106706949999987
12.97897904399999
13.23498330499999
12.425636692999994
12.783507911999994
11.13644859899999
12.388754029999996
12.482992360999988
13.133284932999995
12.782477532999993
13.372146840999992
12.844890593999983
13.708329777999992
14.041740223999991
14.534579423999991
13.279521926999987
13.973004409999989
9.679785838212128
13.855804229999988
10.768560291999986
11.881228980999985
11.009923749999981
11.461192463999986
13.729965101999985
12.11259871499998
11.739339216999994
12.414267095999998
12.515129143999989
12.141420685000007
11.114443056999992
12.368439409999992
12.65179685199999
13.168725499999988
12.128359871999988
11.245014188999988
13.035304734999983
10.481375478999986
10.016826620339993
7.606422708101265
8.90876110993198
12.528355884999996
10.805954632999986
8.97924350740511
11.109066244999994
13.342612113999992
11.859661233999987
13.889513471999992
13.239117325999986
12.663833381999984
11.616515078999985
15.080170705999986
14.172196715999991
10.284459631212135
3.650846514899988
10.366654553141423
13.094177469999991
13.470405383
13.682648351999992
11.993161265999996
10.123385316353584
10.23953260499999
8.870116303999998
7.088277400199995
11.932975533999993
10.51186241099999
11.639626377999997
12.176115041999994
9.144438095101272
11.501410895999983
11.006335848999989
9.397227741999993
10.91496597599999
13.315022487999993
9.124175869797432
8.543696050999978
10.833428330999988
14.045776616999992
14.729540970999993
14.256633780999993
10.719798351999982
11.648697112999983
10.21176429699999
14.66695243799999
14.942345708999992
15.250009263999988
14.88672302199999
13.138031629999974
7.447254125999974
6.7257903304935756
9.007830465787817
11.668761510999992
13.278042295999986
13.886292270999988
12.238914087999989
10.831620929999989
9.424481899999991
13.477572851999991
12.229775504999987
9.012980133101268
10.040615194787824
11.984380677999981
12.888952123999989
12.263390719999986
14.909098719999989
8.15840348210126
9.00183543864638
6.9746230086961365
8.249324356101253
10.523188094999982
10.525504112141421
10.019541581787818
10.898413793999987
9.48939281614142
9.52598798513598
13.139658108999988
13.508752379999985
14.024054775999993
12.497814051999988
12.833420431999988
14.716478121999991
12.832133794999995
12.505793302999994
10.565720809999988
12.210329024999991
13.202581663999984
13.434191251999989
13.88298187399999
12.199471474999992
11.286539907999986
11.552013334999994
9.176411692797434
9.523576187067992
10.522547764999981
11.851937002999984
9.954824462929267
10.78102500899999
12.338136443999986
13.107757819999987
12.962582499999986
12.354155301999995
11.07580996199999
12.745124929999985
13.087050661999982
13.244217884999982
12.358956397999986
10.775748989999988
10.398367624999986
11.678695408999987
14.811625704999992
13.892499364999994
14.800515247999991
15.33322111499999
9.840909991353575
10.975920450999965
14.382924762999982
15.049488247999992
12.852724227999989
11.341231377999987
11.285952288999981
9.43950653827199
9.269454740895982
6.837411445594865
7.635529937696149
9.354915696787824
6.867861251797408
8.608888322271975
10.928391947999978
10.807752508999986
9.756730206203985
12.36533078299998
9.609883195339988
8.392002407797419
9.888998936353586
10.138892021141423
12.170641443999997
12.256902089999995
9.018365234271974
10.100311445717095
11.330115400999983
11.837409229999983
12.180245934999999
12.619874561999982
9.869623019282859
13.611639675999989
9.660356921271987
10.869569834999988
10.186627777070708
10.702921001999986
8.040400486797425
6.408405105599992
7.831728771999989
6.539009318493584
8.079235552999986
6.16751397859999
11.178134527999985
3.1829372756999867
5.7295278335999775
6.487893704202541
7.270503108202533
8.88131527399997
10.305927300999986
5.071088516199986
7.330638861101259
7.986181137101252
9.555884506141414
11.23110971499999
5.069475010699974
2.961685813899981
5.941998376499988
2.978137245199989
4.148105993699988
4.107213720699992
2.394060922199991
2.9194722732999865
5.63652937320253
3.7500382873999776
4.401055311594843
4.101391072099979
4.8139585418999795
4.038268556199972
5.277738720699981
3.9198766311999815
2.8097924987999816
3.7718239699999865
3.816188117999983
5.098292036399982
4.1681916503999865
3.141062821999975
1.130716676899987
3.5194568389999783
3.739669004799969
4.686207978797406
11.367421239999983
10.862266143999994
9.266776351931991
6.848577043199998
3.7852360885999907
3.876150672899983
4.828574725303801
6.063367173799982
2.721106533799993
3.859636953699995
5.4451369567999794
1.9825961593999948
1.9237657317999928
3.154838719199982
3.789891952499978
1.8627185348999913
4.725771353099977
2.267117779499989
2.559110189799993
3.849835975599986
1.9746742827999915
1.899250953699986
1.7339461165999899
2.7343141540999887
2.8155798797999894
2.694033032199994
2.5673431839
3.2780650985999817
3.305934672499985
5.251611801101255
4.087220556599982
0.9364491750787735
0.7118588980787739
1.5270984923999873
4.842562560999967
4.452170123299983
6.25357019959486
4.185786889599986
4.214696168499986
7.885087199405096
7.049271935999977
5.22373319849998
7.0902839691012645
4.922201914999981
2.6933066634999814
3.667605650299973
3.4016701049999933
2.776002317799985
4.17603744049999
4.833350892599987
7.504457093797419
4.580176348899975
6.707582990999982
4.0562606872999805
3.7407752624999766
7.608893443203956
9.627108648696154
7.7999391936999976
4.02054038239998
2.2280619246999827
4.538636755399987
3.6749462508999824
5.296501118499987
6.360536407506366
8.225772344999964
8.120061779797412
7.763622067303823
4.654512220799993
2.42131500089999
2.8194254928999922
2.1556118667999877
2.2720793273999798
2.0683426146999797
2.42590354609998
3.3350863616999846
7.247508114594857
3.6457090346999825
6.494520568799986
5.704524871799981
6.389525802594862
8.061497222898694
9.69648504493198
7.146681190506369
7.089770957898701
7.073435612506384
6.915709802202539
6.370858550999995
7.801760349999989
8.681240083303823
6.757550019797417
8.333126740999976
7.130978810101255
5.944366297898693
9.373275677339981
6.333117256202538
6.862512187202541
6.954505175797409
5.585786489898696
2.576731185899979
3.254098225399977
4.272659274299973
7.93195284420253
5.998565528899977
4.677945692399973
8.783343734696148
4.369204170199999
5.215677159099994
3.2340339339999877
5.482340127599978
5.900649331699986
6.829441574099986
8.194696505696134
7.116541764797414
10.938217107999982
6.539187213101252
2.6475972411999775
4.366475410506364
3.9435765700999657
10.229392304999978
10.39700176092926
6.918754763797401
5.183835322594822
8.58812613379598
6.3576164352025355
3.4492515883999704
4.449206451399983
5.087434121699982
5.990416834999991
7.6206231552025425
7.538767643699989
7.490147907999983
9.59378071899998
8.878797537202544
10.121855693070707
9.838570083717105
10.617163675999997
8.739724739101264
8.516636082506384
7.628481156898706
7.87114043879741
8.412864286797417
7.7270119918999915
8.587663572696142
10.197943258787829
10.841344979999981
11.619427807999994
11.928400759999993
9.55523334672798
10.852607546999986
10.141487174999988
8.37376595306797
6.481011614999972
9.465154225141415
12.841298800999985
6.296255491594858
9.800232958999977
8.188091915931972
2.458309713699968
5.2231068344050815
4.864749322493568
4.487290794405081
4.556661263999962
2.6765712615999697
5.560976547202527
9.649832464727984
10.109768760795985
11.50148167299998
11.89698889899999
9.682458717212148
8.255530444303822
10.427666195787817
12.714648150999995
13.858730443999994
11.771843778999989
10.990658588999983
12.947886168999995
12.146018832
13.045966512999989
13.255287668999994
12.479101508999989
12.578039467999993
11.07247594099999
11.432222840999987
10.031079113858544
9.811312992929258
5.1938611602999805
4.725381518599987
6.605266511493578
6.9360081024050935
6.580541494797409
4.672962618999973
4.414809371899976
8.625645645067971
6.238470172099985
6.859658982797412
6.046112203999979
6.86401621699998
10.290437789929266
11.755233606999989
10.39005000199999
10.455846705999988
12.413641976999983
12.413869811999993
12.15732644199999
12.86725574999999
13.594873612999994
11.857985596999994
10.85407900499999
