12.841294070993598
10.891851891479998
11.446247290999997
8.413298767899995
4.919740209799992
5.9746488517999925
4.2854864610999925
4.288614798599991
6.31052529839999
8.343428866199993
8.407608497899993
11.402069676479998
10.694830927486397
11.150464988993598
11.788681770159998
7.091237313399995
4.939676327099993
4.562434045699994
6.449849575299991
6.153873683799992
7.269753852999992
9.497428828221597
8.176612658799996
9.283106415067994
12.7075428948464
11.537005507
11.062236343999999
7.607934528199993
5.648274993199992
2.9070352573999907
3.5574283609999924
6.250309067399993
6.626843797099993
8.853595757899992
9.682265229210394
11.277609674993597
11.99478396316
11.672403395159998
12.265616843486399
8.834366697197437
5.054556811199993
3.9451812803999915
4.812564759599993
5.729490324999994
7.421454916999993
9.358536161710395
11.388410859839999
9.910785875421116
11.316112990999995
11.482994462153597
10.598752668479996
9.709776826999999
6.123071892599992
4.873290431699992
5.14600171529999
6.429064408499993
7.6431338133999915
7.416075184199992
7.124602393599992
9.541953696644159
12.0053902548464
11.745921768159999
12.007954366486402
9.304070400401278
6.506103921899998
7.151478212499994
5.334072433199993
5.386569588999992
5.485419706199992
9.96360753958528
11.67924840984
10.153066119650557
12.3939340646672
11.109176677993597
10.921138262999998
10.667399097159997
7.764210026599995
6.127924291299992
4.403673586799993
6.527343051299994
8.031193695699994
7.889942807299997
10.412920423839997
11.714719947999999
11.611008105993598
12.07814034716
10.9073764586672
10.509452995999998
5.395507409199992
5.419777103599995
4.295467704899993
5.590499391599992
7.622034195399993
7.128999254699995
8.901152313506396
11.6459383489936
12.150717870479998
9.727180846709436
10.496301333153596
9.151872741006397
7.174446843799991
5.9535452404999925
5.259784883899993
5.096866439599992
6.444989110199989
8.56764017279999
11.048861739
10.759034074479995
12.655611882486399
11.097147684999998
13.153025086
11.040995057479998
7.842030068899994
4.923943376699993
4.990544898899995
5.054137832299997
8.137400311799993
7.727206847299993
8.855144585394875
11.023707241846399
11.268722233006399
10.803002031839998
11.067624982667201
10.571965304846396
8.007749885399999
6.749364834899994
5.114196153099993
6.602803602499994
7.263813645199992
7.954896461499997
8.944707987401275
11.642061599839998
12.266492202999999
10.159178137928317
8.469506320299994
9.205603821105116
7.136607904699991
6.465283014699994
4.498440316799992
5.923591271799992
6.328926347399991
10.678989411159998
11.287796278839998
11.082202061486399
11.823814249513596
11.377555815513595
11.692438878326396
9.88900508077472
5.4202082333999915
4.332226051599993
4.4723313023999935
5.673618995999995
6.609874820599991
7.826471419099995
8.905641981598713
9.759108872289595
11.6604425473328
10.786866784153595
9.247300890227995
7.322815210999993
5.33200526189999
6.012426985499992
4.697292904399993
5.510044959499991
5.54425146879999
8.245035456499993
8.027220147699992
9.794298576653594
11.898245522673598
9.723942964738878
10.192011844513601
9.976911951130559
6.286681529399994
4.541291033899995
4.886649737399993
5.602116894599995
7.484036880799993
9.228963257197437
10.961039944673598
12.800612824999998
11.983689901840002
11.674712481673598
10.5797589819936
10.14671391719584
6.1455188127999945
4.6971634914999925
4.736723074499993
5.501444340099995
7.770715643599994
8.181371871599993
9.733052037863036
11.307799929993596
11.7787905573264
10.598618743846394
11.24948679752
8.408403053799994
5.715232441799994
4.2253004272999934
5.360237942399991
5.429298493099997
7.741325100399992
6.4501162898999915
7.953384964699994
9.829113584513596
11.449702780479997
11.023712094
10.471286977519997
9.374735768105118
6.710457004799992
4.777706616599993
4.929971146399993
7.105221723699993
5.989866972999993
7.498635742899995
9.798028232221595
12.05498615048
11.7627902686736
11.035054082153598
11.221405572839997
7.436920835199996
4.953585695999995
3.963537241299991
4.5296701424999934
6.062218961899993
7.983078528799995
7.63988851709999
9.621566159295995
10.487306543479994
12.09036086
13.209084536999999
11.681500586999997
9.083546584727992
4.713963837499993
6.258994896299993
5.4535203906999925
6.023615215999992
5.937001292999991
8.41270328379999
8.712257607401273
10.142503046355838
10.621074999833596
11.458028394999998
11.762120634006402
8.89616799580256
6.230599776399994
4.093158349299991
6.231525791199992
6.100812094399995
6.665853255099993
8.136456456399996
7.6778012014999915
10.650039347667196
11.562184009000001
11.806170569839999
10.9211091489936
8.385614176799997
6.1297401677999925
5.400590627499992
4.599716353099994
6.404556521599993
5.666745442099991
8.801697342993595
6.6156224846999905
10.160283437732476
12.256946794520001
11.2475815049936
10.847062083993599
8.600020737899998
6.757881646699991
5.653814511099993
4.564833994299992
5.7286807965999955
7.4053571432999945
7.874770087199995
9.090419035802555
10.129167399267516
10.378612980846398
12.766135574846398
11.233346788332799
10.297354098839998
7.639499883799994
6.920602108999993
6.271002088499994
6.533403199499994
7.3782328706999945
9.985320929421121
9.590506526067998
11.109085430999995
12.173859763332796
11.63830323316
11.748025613
8.681245687399999
6.262573547399995
3.985352818499994
5.300793091599993
5.374496978699993
6.223111834999994
6.9396985641999915
7.951072524399996
11.533909051326397
12.37056564616
10.797021554
10.768358132486398
9.919021194863038
4.560753276599992
5.271525379999993
5.731076762699992
7.017572953199995
7.613874059599997
7.320007410199992
9.747340590289596
10.291438627928319
12.0119734796736
11.995476208999998
10.172729703804162
8.744991860296157
5.391911739599992
3.7033172637999927
4.920549029699995
3.845076520399993
7.377832068299993
9.086712760857594
9.597320148425595
10.4182817416736
12.011415567519999
10.672612830519999
11.429294329840001
8.7716449972
4.906510170699995
5.334231635499992
3.5200790718999944
6.247765307999991
6.581192918499992
8.98657526270383
9.876313679159997
11.510656014486397
12.023709772006399
11.775969862153596
11.364168345486398
9.849736136797757
7.274987718999994
5.803952627799995
5.549699451899994
6.070635214499992
8.664614018599995
8.137939369699994
8.420960702599992
10.935473354519997
12.672971138486396
10.835647525153599
9.398315324574398
7.612809001499994
4.4759173406999935
4.7427408615999935
4.187160325899994
4.39219176799999
5.530314493699992
8.193058495299994
9.173766602499995
11.160369864153598
10.72849792648
11.211416813153598
10.265499538355837
8.051697218799996
6.426283325899993
3.0181376882999924
5.3627775157999915
3.5765448687999912
6.8555627455999915
7.836394777999992
11.101279756332795
11.518463562332796
13.101643632667201
13.378190755159999
10.807142558999995
9.061170974296157
7.07676857179999
6.240184963399994
4.264637086399991
5.093079667999994
6.117418557399992
8.398527939999992
7.407471643199993
11.47933069248
11.460845909519998
12.648200349513598
11.319522075993598
8.458726410399995
6.393799155899995
5.371524604999992
5.609740889599991
6.326161500599992
7.389273696599993
7.882116880499991
9.177677562598717
11.270462564993597
11.274257638673598
11.566096568673597
10.320554026667198
10.327683008846398
5.232026063299996
5.256130807399993
5.090969779199993
4.501835727599995
6.001186741399994
8.059690016799994
9.725937775210395
12.407851847486398
11.959995456513601
12.3545643314864
10.398463483999997
7.293523752299993
7.547695504899994
5.969489959199993
6.299308953499997
5.331505465299994
5.791607203199992
9.184436795635992
9.101276176203834
11.6215141103264
12.6456941596736
11.534299915153596
10.532642217839996
9.534667017067997
6.4737635113999925
4.816954728699991
5.127469628599993
6.701771245899994
9.070006993098714
7.993009130699997
8.569303860799995
11.749854095673598
11.752722524993597
10.879455541513599
10.8678786633328
11.573818098519999
6.854192124499993
5.775663586499993
4.7599328643999925
5.532353870699992
7.5530926126999915
8.299410060399993
9.821451446295995
10.811421857519994
11.978695650839997
13.254711442000001
10.010676383934717
9.468246233271996
5.396231361399992
4.992004904999993
5.404625237299992
5.660606449299992
6.229677479099996
8.733587172899993
7.9778852921999945
11.229490850667196
11.2443922938464
11.014498064993598
12.002920134
10.041705808709436
8.18190115999999
5.623186086499992
4.128835018199995
4.62149716639999
8.219401865799995
7.350025686699994
9.079408660605113
11.039432555673594
11.8684790438464
11.99192336952
11.723840803513598
7.512449840899997
5.462409900899993
6.816643109799996
6.052000592499994
5.886856750699993
5.272531333599993
10.369186856290556
11.126224039479997
9.977678495781117
11.562131508993598
12.6786754366736
11.370858665999998
10.165643340738875
6.773514941399991
4.820491274599994
4.810743191999995
4.530890822699994
7.6346042373999925
7.475005568699993
10.457984908479997
11.660037842
