10.987816106999999
11.885790746999989
12.088255156999988
11.077908029
12.437934153999988
12.205510692999997
10.159257552010875
8.854509678594871
9.214240631101267
9.226657669100003
9.600685716135986
6.854110089101269
6.447913502493584
5.482723379499976
10.975340894999984
13.133634479999994
13.37336438799999
12.855138776999995
14.171849442999994
13.566044887999992
13.742914684000002
11.433884774999994
12.764108036999993
6.830237373405099
11.821417122999977
11.923653653999999
12.043897950999995
11.969876102999988
8.35862379906797
12.113109654000004
12.952086364999994
13.011901470999993
11.779794880999999
10.051596320010878
12.712982763999998
12.701621287999993
12.816685959999992
12.698022844999995
13.17355820499999
9.201075035070694
11.108002587999975
13.461049132999996
13.249668264999992
12.592736379999998
12.959090903000002
12.899065073999985
14.197573877
12.549136159999994
13.052640376000005
12.905559099999994
10.715502846000001
11.818438907000004
12.245061348999988
13.664886359999995
14.367864261999987
9.722628161727974
7.660864369202532
12.097674761999992
13.672055376999989
13.287025315999989
13.429008147999989
13.405817191999994
14.236878818999994
12.72552364799999
12.434763076999992
10.515430611
12.677925287999992
10.56504073599998
11.302067414999996
10.550317598999987
12.19868175999999
12.328277830999989
12.758305747652784
11.27966735948639
10.614899534833597
10.360028814848153
8.397085664405095
11.391435261999995
12.015733660999992
11.370000578519985
11.851498284652793
11.606882731833597
11.674545040999996
10.378084490999996
9.360121304203984
5.661941679405099
7.268692114303815
8.389462971339963
11.339032384999994
10.498561286486389
11.291536966999992
10.493280337999995
11.041703490999984
11.014683826999994
10.196991178931993
8.49576233679598
9.08979185627199
9.281595947303837
8.960612510696151
6.013816371202539
8.821541503898708
8.80097018889871
9.332277564999991
13.260401630999995
11.081422394999986
8.72628758093198
8.742629734797424
10.181728007646385
11.080810415999988
8.650649130202542
10.427206513999987
8.323966136202545
9.716831855858546
11.264597506999989
10.718909945999993
9.629786236727982
10.086104576070705
9.709463790931991
9.311819135999995
10.55452486599999
10.651735383999988
9.864569023067991
8.919335429271978
8.501456050101266
8.516918200696146
9.12277117779599
8.242459570300003
8.281947364797416
5.9387116149999715
6.116882037399982
8.1554255218987
6.842816111799988
2.9211498595999847
3.673891186499978
3.410984033199981
4.485525942999974
6.204305653399983
5.995368121299981
8.624994822696141
10.681501505999988
7.315614320405098
10.354945310999982
6.244336195399985
5.98416537779998
6.528584796099996
8.953014018135985
8.214298130797433
7.853089578202534
10.163315597646392
3.851610331699982
3.207859123199976
5.040553300499981
5.517645301799982
7.166062972999984
7.631505236797411
6.977998153699986
6.094209550506379
4.904825930799979
4.0481764281999775
5.037300744599974
4.423581921399978
3.5267319945999787
2.6500622954999806
4.61234707029998
2.8110739470999677
4.767726217699975
2.9704818206999803
2.39072325289998
2.4690404799999834
2.8496774367999813
3.138571090699977
5.930618102999962
9.539552035659977
6.656228385898697
5.107299290499969
7.298221681202544
5.781105279499987
2.8049088927999737
3.4513659118999778
1.1916432319716954
3.039657315099972
4.073787135299975
5.140486831699975
5.95271215359485
8.139906910696135
3.8135560897999707
4.41571697999997
6.874326811202528
8.170278561405102
5.34866061399997
4.714550619499974
5.165033102399987
4.305258286999973
4.259730746499975
3.1944177413999677
2.700032604999975
3.1616138625999746
4.326406945799974
7.629813481099999
6.005929235799975
5.446182246399971
6.307019937101244
4.317307397499975
8.389047924797426
8.34580930630383
4.73732997439998
4.57742893219997
7.676577854898706
9.244475117339988
7.3632062973038215
6.856659268202536
7.8932432312025425
5.245606011999976
6.827127085898699
5.233137916599979
3.2420189132999786
3.674985063199979
3.7294784514999697
5.801061961405088
6.70835458369614
6.525750498999974
5.75587758329997
6.369704225199978
7.491382548493577
5.789264530898687
7.70086006320253
7.747745983898708
4.992072669999976
3.086461476099973
3.655361042799973
7.343727172898703
5.325213510099984
5.302583315999985
5.907710478199989
6.0380554778999835
6.75485768739999
9.136105039999991
6.766231430099986
5.292061074800005
4.762649848899975
7.268050830101255
10.707009047999987
6.121638351405092
4.214675245696127
2.9787965453999647
4.269972320599964
5.064397947699975
6.503795904499994
4.789797994999994
4.8702407882999985
7.675151362594853
8.336416480999977
5.817327476493572
6.850740937797406
9.056309738135969
8.463513861101271
9.899885140999999
9.538031454506397
9.653558195506395
9.951809294070708
10.862662740999987
5.8853416396961284
7.247837759405099
11.560302778999988
10.880188093999994
9.353587927202556
10.105125915659992
6.903404559299991
2.762203756699975
4.80354606169998
8.116137300101261
10.129858721931994
8.602271934493583
8.289078903202542
7.796811032101261
3.918692878699974
4.825769642594848
3.3271315124999656
2.8705193480999656
3.595399240099971
5.032227740506359
10.606031290999988
9.388730073659987
10.763067924347194
10.529848395999991
9.38721756589872
9.404187885999995
10.38268848599999
9.92141650528286
7.951369763202552
10.978194405999984
11.723655492999988
11.697831033
9.501886592101275
10.892957433999996
11.160258541999987
13.536084860347193
11.728121740999988
11.466758087
9.425650114271988
8.913874275202549
10.552978966000005
9.405646270863992
8.90230168610127
10.85865315348639
11.749114781520001
10.899836826000005
11.846508248999994
11.813783484999998
11.527106978999992
9.39087032930383
9.746600259271986
9.859758158931992
12.902852357000004
13.427386284999992
12.356353219999995
11.827821657999989
9.118209872271976
7.714626263399994
11.28282535999999
12.876496355999986
12.10900843499999
13.771334250999994
14.018848348999999
12.714017170999988
12.257945974999991
12.332610006999985
10.277340442989113
10.015757896271989
10.62772371099999
13.267546380999987
10.859906204513589
9.013420422398706
9.788747195272
10.612564745999993
11.659779061999998
11.277357491997284
7.952287823339966
11.418682601999986
12.720416973999994
11.976847507
12.665412728999998
13.147933587999997
11.216477899
12.378603095999997
12.335829045000002
12.172303055999999
12.002576136999975
13.165952456999994
10.785542031999993
9.511802632070703
7.399874261506368
6.377455923506379
6.671100773594859
6.189928428594852
9.215747859135979
10.426132749929257
12.825432483999993
13.787126829999993
13.13513579099999
13.009352924999984
10.386142949999982
11.794617603999981
13.407231263999993
13.210207755999987
12.398168947999991
14.451624102999999
14.09898661499999
12.862851574839999
12.69320024548638
13.217802535999992
12.86967784399999
12.669849639999994
11.947321731999986
9.933180857863986
11.451470701999993
9.314324035727978
8.168584094202537
5.92592278750638
10.334987339858538
11.686271001999994
11.109602472999988
8.627909387202548
11.179528319999985
9.41993302165997
8.769060031067974
9.762147206070692
12.951696660999986
7.727826219202535
8.966975242583977
12.830309922999986
12.938986304999986
12.35418788099999
12.623460900999998
12.70425922099999
12.172570211999986
13.035339048999992
12.765830051999991
10.227185243129593
9.356139627101273
9.229851591339989
11.179388634999988
10.68503310199999
10.616195475999993
11.615272617999999
11.606736753999996
12.498320789
11.474779502999988
12.345678908999995
11.863673739999989
12.463326963999995
11.868411164999992
13.162041695999998
12.594254911999988
12.807034665
12.237034174000001
11.92340579400001
10.770780288999989
12.512154249999996
9.286244598405112
10.580941771999994
11.624820479999991
12.089032262999993
11.674057686000005
13.767960534999995
13.377090118000003
13.04629006799999
14.104378907999996
13.440415835999989
12.405385478000001
12.816655923000003
11.294190224000003
13.969083530999999
13.089029868999988
14.709021477000004
14.524265018999994
13.021446514999994
12.869123212999988
12.626891358999986
11.354302692999985
11.336205510999989
11.952295508999986
10.661513727999983
7.376947923303825
7.671845457506376
11.361681132999994
11.328208625999993
12.124734450999995
11.44510568499999
12.193929183999995
12.833502602999992
11.388216463999992
9.278150059659986
8.761257571271976
11.531222614999987
12.142417697166387
9.671172665438391
9.198017262203983
9.227900698931986
8.816059829696147
9.384988128635987
10.560975969999989
8.76176140289871
8.47261663819615
9.780578533931987
9.81300548233999
10.734530387999992
9.923685572863992
9.5374284499936
5.4096011627
7.604072930899991
10.337279430010874
8.151875868202549
5.588073806799984
5.678212469499984
4.884214535499988
4.58095204159999
4.512180876199975
7.953172729506383
9.75916614521215
11.462079781999995
9.617948889135992
8.743213450594865
7.992048820506389
3.367438581799989
5.900924272199987
6.31465349119999
8.187452973898706
7.102165780594864
6.279634895303819
4.129369020099983
4.565404936199981
7.2343992888986905
5.851262361099978
5.164414401199986
5.323157847599981
8.214880834999992
9.199274206659979
4.190033747899984
3.4408871886999783
3.553743722499977
3.0771699798999776
3.0500923339999715
5.46781562349998
2.69865391079998
5.096012736499975
2.1043367309999823
2.3637615798999776
4.790668853799975
6.010097413599983
6.051560424797414
7.276868969696143
9.056140003999982
8.593680700696144
5.223178504899981
3.3922443572999783
2.6777860259999744
4.172067774999981
2.6257236449999692
6.391763221696135
7.517498614493577
2.911946092199972
2.6582324813999856
2.927586769099968
8.05361698610125
9.453132327203992
2.6956009810999713
3.435038404799977
4.476987866199981
5.63947605289998
7.727036422696135
7.669845519999989
7.092328689594863
7.5592331984935806
8.426527571101268
8.454487510696143
8.048060394303816
8.565106809999977
7.960838377405094
7.18110221559485
7.770465016202535
4.669410433999973
3.933659840399979
3.9694759917999725
2.877021372999976
2.939875436399969
6.146309945696132
8.081814857506378
6.872088351405098
8.22519771120254
6.275219457999975
2.2615357848999866
2.220463375899974
3.1404054656999825
3.4933241286999985
3.82473394169998
4.874524624599986
5.659400123599982
6.989895803797421
4.727500848399984
4.293467721599976
5.378752088899976
5.754815882899976
7.802480805999987
6.4959780486961325
9.099754505931982
7.4355018935948625
4.80352065119998
4.3985902083999875
4.575237437399981
6.29739372099999
6.121580850199993
4.474862345899982
4.792027989199987
4.412396557599978
5.271608673099982
4.395667973299979
5.8798157409999705
9.15123086865998
8.067605740405105
4.733764646899977
4.865281318699974
3.558514176899992
5.02827653499998
3.9945677581999712
2.8788158919999747
2.794667283599974
3.1967784377999684
2.8795827254999766
4.1213253707999655
5.119758091699969
6.8199223373038205
2.6886149718999715
2.4621696395999737
2.5681381255999725
2.744147303799978
2.5904782683999703
5.10966330869999
4.552984872399998
4.0021110503999715
4.227717651399966
6.784558979797417
8.427779298405103
5.093409966999976
4.6115424468999775
4.623463148506361
9.937546148795981
10.584824480999988
6.757035739101251
4.809397514299972
8.497915136696138
5.628394938696134
2.633671186799972
4.271570500199965
3.960987588499973
5.0789142731000005
5.7640573791999925
8.811902024863977
10.499767658999986
7.587014500271964
6.496454833999965
6.345345368999983
5.65568476409999
4.532896025099986
4.922302696199988
3.9343780563038044
3.833109342999984
5.471064274599988
3.285419355799996
3.1203999770999946
3.092025772099991
4.426472734099992
4.524173550399992
6.94136407169999
7.8994098724051085
7.273563574199987
7.986183633405107
10.495839602999991
8.382997886699998
8.017221548339972
11.104748626999987
8.617419070271977
2.839273321493563
4.094644023099972
8.334639527898712
9.985999021929265
10.489056147999992
10.047145407067989
8.940014668203975
9.224192947282846
10.680047577999987
10.022916638141417
10.917814424000008
9.708405079795988
8.53531472620398
7.488048146101242
6.5807888747974115
5.006615631099978
5.5886935135063665
6.036900601202529
7.654800740101247
9.456258985931978
10.387801111999996
10.735438843999988
7.356308622696136
10.438346483999995
8.805782699594873
10.424765813999992
12.412163608000006
11.089698763
12.448659607999994
12.492157451999995
10.485728832999984
11.157662366999984
11.568251124999996
11.92371481299999
10.15060694420399
9.846248568795998
10.900303494000005
10.858080031000004
11.19581539300001
11.634991446000003
13.439017891000002
11.627134609999974
10.212948266717094
12.488209865999988
11.716886716999994
12.394270909000003
11.788749007999996
12.328148711999999
13.143133314999995
14.034945118999994
13.888138271999997
11.81498998399999
12.393268712999996
13.136096849
12.657626150999993
12.674512981999992
12.57642441099999
10.290142282070695
9.776244273282865
9.652248876999982
8.549195991659976
12.147465946999988
12.909873174999987
13.63280117299999
9.33902967685853
11.929459324999986
13.804017980999989
12.14700760999999
12.020472449999996
14.135269533999995
13.721169811999992
12.500541593999992
10.991316657999983
10.337033653212142
12.172844600000007
7.901331384303816
11.007583545999996
11.137518767999978
7.444238473493583
10.703506728999994
9.370009434659986
9.606265237271986
9.971643603659993
9.361682839999993
9.91405702978783
10.52270039999999
8.088258721898697
10.504013823999989
9.638376194863984
7.564729727202546
6.668431365999988
9.138138381999985
9.94104590465999
9.147690597646376
10.23988548293344
10.343528473999985
10.226584634282869
11.270269748999988
12.520522916999989
9.889967507929262
10.781701822999992
11.26726504099999
11.361693383999999
12.075824045999992
13.363650698999997
12.41679394399999
11.623657181999993
13.026767820999996
11.541162296999971
13.294632673999988
13.95218839999999
13.945688306999992
15.95725765199999
15.41338457899999
13.047137130999989
13.521217057999987
13.888929644999987
15.044698725999993
14.75792042999999
14.45138366999999
13.72892193799999
13.488426798999997
12.976309681999997
14.35223568699999
12.708183951999983
13.671388224999994
12.856142742999992
12.243753685
13.227356780999997
13.648375480999988
11.800609220999984
10.680950345999983
12.335332873999985
14.00386929899999
12.146401278999987
12.979895608999987
13.881521653999993
14.010375556999996
13.438006124999994
11.446742573999993
11.55971061699999
11.910156098999991
9.973392417929265
10.326831153999986
12.148517745999987
11.23418520799999
7.921829983493577
12.514769163999992
12.369581954999992
11.951932352999993
12.245824814999992
12.082724437999994
11.64749219799999
12.283240225
11.499503350999987
12.458448610000003
12.886035939
13.22121782999999
13.310712507999988
13.684851868999992
13.703586072999988
12.578865187000005
12.059113727999998
12.148644480999991
13.094184175
12.86965508699998
14.143161414999991
10.992276299999983
11.293268043999992
12.117574570999993
13.02903501699999
11.909201533999997
12.803833559999998
10.216079358999995
11.264703797999996
11.458723568999991
13.317855346999988
12.554844594999988
11.864757648999992
9.837371267795987
10.156188415999994
10.178399284282866
7.62495330510126
9.24033112640511
8.580494161999987
9.23904481050639
10.47957463099999
10.856663483999988
9.943150767659992
9.913351727212149
10.830454131999991
8.74229790340511
10.656425767999991
8.986600180101265
8.004207046493585
8.836559423797432
8.663125271594868
8.731049775696148
7.26382811130382
7.492907119797428
8.480808889797418
7.930139935303829
5.015058171099977
5.565369532799981
5.875489620999998
6.164809794599985
8.513952262898707
8.729435168506399
8.99637089999999
9.070561433405112
9.394441836659988
6.526457528696138
5.166776455699979
5.61180052639998
6.413963120999984
7.685453732299989
6.4026159882025375
8.419790354931981
6.664488395696139
6.070388886999973
7.803487054405101
4.199750724797412
3.490973040799968
5.213044171101252
5.611193635594855
7.7688362548999965
8.431045921303827
7.752881719999985
6.81477057499998
2.4823394149999776
5.296974412493568
7.890946568303821
8.45443531949358
7.917012884493585
5.70882665409998
4.431950335699978
3.1549018660999817
2.695804788199967
4.732297640999977
9.250782362271982
9.43302490999998
4.84682804409998
3.0617152633999756
2.689633755499975
4.605620263699978
3.4466643874999745
4.509958712799971
5.749042172199981
6.000382406599982
3.374401777599976
4.6313462768999685
5.76253751829998
3.993383042899978
3.589696043399979
3.736418336499971
4.857638990797412
5.4833651901012495
5.578067236299981
2.938633703599984
2.431690379299973
2.945222717299972
4.036875811797403
3.7160785918999717
3.7781468169999726
7.945500511202543
4.876085940594853
8.46673824172797
6.543800534099985
7.964661883493585
8.87119182430383
9.229279954493592
5.1311332946999855
5.634337754799991
7.067262768594858
6.893452957199989
2.727643565399979
2.868447621199975
4.380423509199979
7.092368579101261
5.28686655429998
5.980608546405095
6.145357376101258
4.166826782199977
2.7898788878999823
1.7395288070999804
2.893504025299978
3.3263592132999773
3.753089279199977
4.040545423899981
3.9585702590999716
5.4606758010999865
7.290012657202546
5.3864755797999955
6.434688194303817
6.699456045499981
5.072728222699981
5.315381416299993
4.774648638899989
5.077638536099995
5.522348506202523
6.103991502405097
6.376121557594847
4.976941017202528
4.96605926669997
4.403820318599971
5.110649026506371
7.159312106303819
7.139058589202538
4.095490130599968
4.723269366499978
5.72050668029999
6.283714758299984
7.965722479202548
9.337016865659988
8.003197970594861
5.806187162799978
7.259735972594855
8.339384815999976
8.331880705303824
6.54964154820254
5.156071214299978
5.593906075999977
9.295587734999993
9.824960722271985
9.310111202999988
5.334904873699974
5.317283880594851
5.386601538099974
8.240918566898703
8.686154003898706
9.884181733795993
9.442871375999987
8.577005700696143
10.426556890999986
9.13824740906798
8.392248541303818
8.42632008669615
4.5416435073999795
2.953619502299979
3.967996084599985
5.3121000945999794
3.956631597899996
5.1370563094999975
8.557401713727973
8.222207897898699
8.878112809797427
10.543010741999984
10.348851954999997
11.332740015999995
9.945611592068
9.111664715594872
9.685261151067989
9.128969381795986
7.874995901506379
5.751717413299979
4.462245570405086
7.773553527799993
8.355403213493585
7.709558685303823
9.562419312999994
10.52659349099999
9.293203344795977
5.563871456898687
4.557125210599977
8.155212205493587
9.523890385271983
7.198334095797421
5.791570800799988
7.454224278303825
9.249218708797432
9.203994268863987
9.058700537067985
4.706790316799971
8.166050007599994
8.374042242405107
10.132554367070703
10.219715092353587
10.600364626013597
8.692403269999982
9.072976837135974
9.015571543931987
8.887962794339975
8.408419399999973
9.041711091727983
8.046368980405104
5.395900390594848
6.378325797999974
7.9890206314051
6.57924213099998
8.519135745135978
7.908037661696141
5.784473622101248
6.4096708007974
5.392226505999965
5.841305084199984
9.618487588493597
9.743220155203993
7.9624022157279715
4.028019320699973
4.821027114899967
6.844270397898686
6.2804008133038085
5.431517335493559
8.941839952101263
9.38332469627199
9.359112048303839
10.271334934652794
11.029862514999994
10.005519999629595
9.949906750339993
11.364432686999994
12.912868627999996
11.680020952999993
11.390458913
12.161510265999995
9.211206124895986
10.342862129141423
11.47115077499999
12.4223785
12.197404764999998
11.422285432
12.894765639999989
13.466159827
14.134121689999994
10.371909421999987
5.611698486303818
7.904295333898692
10.814367715000005
11.330485678
10.099184489282875
10.973713181999992
10.183243701135982
7.004847796594853
7.445083486931968
11.651334736999996
12.113205062999986
12.600082599000002
12.029167399999997
14.158385776999998
13.486619471999987
12.917648057999989
13.361646869999998
13.532881905999988
12.43473894299999
13.238363302999991
9.644562055999982
10.453675519999994
8.790481996135982
11.015914408999993
12.180195011999993
7.365236325101251
6.258425541696131
10.110593994070703
11.743157219999993
12.582103943999991
10.484670571999985
13.280495565999994
13.668816896353588
13.161276233999988
13.058652007999989
13.44532009299999
13.481750796999991
13.511514689999995
12.980879902999995
11.803644526999985
12.798863965999992
12.502123212999987
13.098156301999989
13.169573267999992
11.234221523999986
12.21975377499999
12.459011255999998
11.297884490999998
12.202177672
11.670051131999985
9.68814311079598
7.516597085594855
11.32407610799999
11.946335198999988
13.16796271499999
13.214879514
12.533271430999994
13.076512943999994
12.380597886999993
10.758423499999987
5.634392500299982
8.03509223020254
9.311454679931987
9.943918919282872
10.876034352
12.240103391999998
12.349452083999978
13.142491124999989
13.17789227
12.840755002999998
12.63369331699999
13.238492194999987
11.391862218999977
10.577414660999988
10.953765601999994
10.38229243479599
7.105600366202534
6.822130824303817
8.519637641931974
11.732500825999985
12.393577887999987
12.047634545999992
12.967745515000002
12.647178196999988
13.434898700999986
14.001627425999995
14.366343109000002
14.039289849999996
13.731419048999994
14.012118087999992
13.879217899999992
13.56406388699999
13.38950806299999
13.433222863999996
12.185225524999993
11.932550165000004
10.829753226999992
11.776112880999996
12.991735137999987
12.913916680999987
12.67572829599999
12.694397667
11.670750857833596
13.407844541999992
12.997067822
12.33829581099999
13.102640253999999
13.374903380999989
12.928654839999997
13.08459277999999
13.631361016999994
13.163734853999992
13.415088222
12.720203373999993
12.471618197999998
11.467375118999993
13.476027329999996
11.887142751999992
11.731757288999992
11.696765551999999
12.693975365999993
13.760584643999998
13.266779755999993
11.631439062319993
8.71699886786398
9.241161756931982
8.32920369869614
6.792737428303824
7.879018298303825
4.790012017799975
10.429710706999995
8.752940808101263
9.27652921127198
7.052566232303825
9.105168591203986
8.03560825499998
6.058291970797415
6.533685356101265
7.214471229599997
6.099850396700003
8.228392195101264
9.738624258271988
9.606192506271988
9.791531806931989
10.454305376994556
10.834097022999991
11.577030584999996
5.591782171599983
3.5703525649999777
5.275392347699979
6.144365731799984
5.573988726799977
6.349714303599985
5.310852400199984
4.608487832599972
6.65681867829999
5.95096083069614
7.919529186999981
4.734778268399978
3.8791493636999816
4.064898271199975
7.127312475594856
4.3683805953999775
5.9154004409999725
5.245279954499978
5.151821371499979
8.668998158303822
10.946420319999985
5.331972080999986
4.564608091699985
5.879615759299985
5.575322152699986
5.0813767989999805
5.573192434699981
2.179468888899991
2.7552199767999888
3.1851673751999714
5.104762504599971
5.238607838399971
3.677220318599977
2.767729109199974
4.2763771529999755
7.180735516405099
5.347464916999965
7.6130320633038275
5.303543701199978
6.212394784493583
9.191139088405112
6.7743745621
7.063312428303822
4.96814788359485
7.779209535202535
8.274797096303816
5.3756915313999745
1.4454082915999804
3.212425807199974
3.354317272899978
4.417951960799981
3.8597247710999945
3.42890825649998
4.979176414499979
4.067660067699968
7.277193328898698
5.810070387303817
4.979453764303814
7.673855142202548
6.832475236499986
6.286112452696136
7.983405044594864
5.703421307405095
8.235452792405104
7.358559632898696
9.624006187271984
10.17536197065999
8.486099928303823
7.037331799303818
7.043021922303822
3.829731372099988
2.502750808699983
2.5804191085999784
5.608508996599988
7.8433444901012646
6.320911657699984
4.365466882299969
6.347562152101254
5.966916001898691
5.3830088363999815
4.743017172202526
8.303433499101265
4.186984617599978
1.529422035199978
2.3045418899999737
4.022311364699969
3.525226341199996
3.3345959899999986
4.647697474696132
5.912970303299977
8.746028268405109
7.181036456303824
6.754939071696137
4.064482272299982
5.188164736898693
8.708848203999985
8.577617684898705
5.10911536099998
6.194057054101248
8.399976885999978
7.044608331303819
4.827260880999979
3.0975684890999697
5.474754060405092
3.5666974151999673
5.193823757898694
7.214714138797421
7.366275782797424
5.1037311934999705
7.679827967797413
9.220646630931986
8.128252877797426
4.280792610199981
2.95594304499998
2.5174907165999696
4.017737625099974
5.143985682699987
6.909521771199995
5.923940336599987
5.355113650499995
6.969389929199986
6.647734614594862
7.6615087646000015
6.11610209809998
7.7305460571012645
7.296521932999971
5.94163992920252
3.780398649594839
6.5103183776961195
5.940622511303804
7.546816567999986
7.730219216898696
3.7237150039999625
2.881214749099978
6.599448429899988
9.477081561203995
10.155403814787833
11.702695380999987
8.952067587203974
9.155933541931978
8.427778013727984
8.14025272520254
10.607633567999983
2.845433325202521
3.621162960799964
2.1221368789999673
2.6159045333999718
3.9624693604050822
2.2493586379999573
3.0174249129999784
5.079123277299975
4.137047401399997
7.623608738696147
8.104049987797422
10.522036947717098
5.332753698696122
6.5617516922025265
4.8077246094050805
7.160198622101247
6.943237554898685
6.053294256594847
4.714917288202519
4.387704557797402
8.538465296931973
10.991636001833585
10.773011573999991
11.431347258006392
11.991572968999986
12.463043560999994
11.28574045999999
10.957117928999986
11.917458335999996
9.131627407863983
8.879706596271982
8.492721359303824
8.788697047271972
10.135655231008156
10.291333452005436
10.073966201858546
11.018821804999979
5.967522140493568
8.270403181506381
8.64809227910126
7.081669264202536
10.830718911999984
10.61309443999999
9.56213763286399
10.43046529799999
10.630217718999976
10.98002959399999
10.846818511999995
11.494525433000003
11.637417997999993
9.006464459202551
6.112674232499984
8.567613948101265
11.259015064999984
12.189409098999999
10.05976922772799
8.837281446797427
10.185827566999995
11.073582992999988
9.851564688070704
11.509105533999978
11.748808170999995
10.981235053999994
11.890118549999993
5.767695313999977
5.395732334898694
5.720919183303812
5.0411793654935675
5.12011020659484
6.600002104199987
8.204607998696149
11.069386439999988
12.172044762999985
13.534863296999992
12.083946808999992
13.510068939000003
13.702807081999996
13.34562740799999
10.807947022999985
11.264830818
12.672234907999991
12.68879019599998
13.804322612000004
13.250221208
14.022798609999999
14.42767020999999
13.957344547999991
12.71396426399999
12.324488591000001
11.569195090999992
13.330121918000007
12.758753556999993
12.891765508999999
11.917525773999996
12.685948949006393
9.771046290727984
11.279173259000002
7.380583964493576
10.526140830839976
9.028190100067976
13.524155832
12.471603303999984
14.590322597
13.743495763999997
13.144265087646396
13.436633014999998
13.733056189999996
10.388755333002715
9.887798571863991
11.669331611999992
8.495668609601271
7.784038381999991
9.002039436297435
11.322699358999985
10.002774584999985
12.387681687999992
13.85281507099999
11.144770859999992
11.616684389
9.489171339271985
11.168980852999994
9.946948933271992
8.4677671829
9.016641131594875
8.384185044898707
9.280516432135993
9.961985861202562
11.679281998999999
12.780957332999996
12.375341315999995
14.271679235999997
12.52936162599998
12.312750120999986
11.882664657999985
11.748600022999991
12.93700626699999
13.540178830999984
12.719949835000001
13.556241297999994
14.34431819899999
14.480649322999993
13.352855375999985
7.112856993101254
9.993161813431989
10.978474761999998
9.796564082203993
11.159639903
13.173251160000007
11.641872767999999
13.41810230099999
13.579759702999999
12.813490474
12.34772924799999
12.700185761999993
12.22253981034719
12.094731937999986
12.426808184999997
13.073498107999997
11.83201572
10.676366892999996
11.080454060000005
11.248746222999987
12.647142515999999
9.64005352330384
9.821866563271996
10.865561217999991
11.656430002999992
12.843637545999997
11.203855415
11.372916386000005
9.261918588203988
9.433033634931988
9.09546010727198
10.614830500999988
12.221835544999998
12.452426081999992
12.186508515999986
12.757134667999994
13.012106641999992
12.689333709999994
12.792150243999993
11.915743393999998
10.260780628999989
6.93088612059486
8.027619918797418
6.976305885303806
12.165794231
11.402136674
11.37914842099999
10.913576681999988
12.080801693999994
11.700683419999995
10.65247450599999
11.002530300999995
9.96225552071711
9.500358725
8.467126197797437
5.7852321944999945
7.96434447479743
5.432335206599998
5.985854452499986
10.050269543353588
10.377621285999995
10.51146970700816
10.434747205999992
11.170863729999992
11.143797603999987
9.97609506827199
10.910806980999993
10.653570061999984
9.026536698929252
8.765680302405102
10.081981418999996
8.042669590797425
7.777090547202539
8.382493122898703
9.337786236727982
9.149110681135987
5.829895333899983
4.792853488199972
8.81799424120398
9.579064710999987
8.778889137303828
7.807497923303831
7.033517358405106
5.064291015594849
9.541798097141415
9.95329108421214
10.04930954728287
5.763750628699984
5.2990910460999885
5.34400062099998
5.971064045699982
5.197228892499978
4.954079547099981
8.256452949493577
7.89165842130382
5.075312823499975
3.623067472799974
5.926326147499979
6.390452603099988
4.230073593099971
4.789778643799976
3.849061663799975
5.075094834899974
7.94550112610127
8.805048316999983
9.500547909659987
3.3864708220999855
2.0521627303999828
2.5808217711999806
5.895681231699984
6.963119441202542
7.0847874068987045
7.879583293202531
8.174783232101259
6.291464822405085
8.179753683339968
10.344335581999978
9.665562963929267
7.431713363594862
4.568315121499987
5.955059051499985
2.905348544299986
3.6136938979999798
3.846397181699985
3.2080285552999808
4.009820315599984
2.8574548888999813
2.4650653365999746
4.506088169898679
4.87195373989998
5.880154865999968
10.223354511999988
5.401892190599984
0.944180723485847
2.4426950423999845
3.051239338699985
2.9411147567999865
3.985746723899981
4.834950277699984
4.776719822699972
6.247726452594854
8.289748950202549
7.437373130797421
6.547240933202536
7.9636209183038185
4.4551756515999825
3.604283013899983
1.9993525161999777
3.948436369299972
6.756200714101258
6.114286599696139
8.70635016479742
9.250110302795981
1.7839746703999984
2.394798669399976
2.016747720299986
1.265742947399989
2.1814132049999717
3.785753306599971
4.354764126599967
6.6680219131012555
6.27234640199998
7.508239578202532
8.173381971696152
7.282043836999986
5.541544952399981
7.305909338405105
6.932076255799984
5.917228129599977
7.483525033594868
5.850307035797416
6.70105290830382
5.835968582202539
4.732025039699977
6.419923565696133
6.467145873999968
7.512938905303812
4.709784570299962
6.52089629059484
6.149856930493569
6.714050787405094
5.8622927657973944
9.04965962686398
7.418778521699985
6.451490447999975
3.139937203999987
3.543114166299987
3.9241943694999897
5.118139726303808
6.731659353594848
4.571997506699969
4.84214269099999
5.899353349299975
4.53374630579997
4.91370424349998
2.9373159347999738
3.318883804299978
5.480568341099988
5.909349021899979
5.287691673303809
4.866846360799987
5.135385816999989
3.448623481799991
2.988991686999991
4.579958464099985
5.921569892898689
5.40489462279741
6.466878878797404
7.594900276202541
10.28193336185854
10.048402674931985
6.413604179399983
7.9050049805063916
8.88527906340511
8.427099970999981
7.580912148999972
8.376830635101271
8.417846719405105
7.6431232924999915
11.502999741999995
5.352374917599977
4.761410557599984
7.738865219101266
8.688260749797427
9.419104344202552
9.139150138898712
8.23939334559486
9.87052613520399
9.786365962135992
9.79806345072799
8.984783926405111
7.318759129303821
5.359302049299982
7.562231817594863
7.984262771594867
9.26845920869615
9.725761126696153
10.098103146282872
11.622071143999992
10.508816389339994
6.8636632857974105
9.498269988999986
10.001790156727987
9.576578182999986
9.97671836699999
10.081436589067993
9.839993736212149
9.988515473931988
9.395226534999994
9.323657162506397
8.634526878405104
5.528774674999976
9.476869993594875
7.604507473799999
9.529186482135993
9.714488062999985
11.455263532999988
10.551519242999989
6.046013127101251
10.263221558997273
9.822420707795994
11.3824785899936
10.752753461008162
10.086789718877764
11.321756407000011
9.966123037787836
8.743956098898707
5.66181979059999
4.936124351499993
5.0158740111999895
8.683562942493596
9.692349134863987
9.941085046271992
10.425119965999995
11.55048393599999
11.237822275999992
8.062719132999986
7.616587435898707
9.279389021203992
8.644707090863974
7.819488078299992
7.800803657493587
8.204551214599997
9.19055930479743
11.152467107999982
11.235455005999988
10.86171454015999
12.335790037839994
9.560866424567985
10.475933640999985
12.312104140999994
10.561173058010878
11.159130481
7.7547750274999965
9.493924118159986
11.858607865839996
10.824605626006383
10.314467117205746
13.081956795993591
13.788300368000002
13.639052515
12.411065257000002
13.081108769000002
12.10091761599999
11.589411144999996
13.122861225999994
12.165012055999984
13.39791207999999
11.26433603499999
10.421349906999994
10.185449982999998
10.269633208999993
10.577285962999994
10.438619941999994
11.982591478999986
10.285317464999993
11.688397428999998
9.327439862067983
9.953453738271989
11.272268032999992
11.129925608999997
11.891473845999991
11.412599082999995
12.245046134999996
12.537859342999997
12.265555309999998
12.373952748000002
12.102266638
12.848732509999996
11.641432181999988
13.218441622999997
12.407457439999991
11.406303635999988
12.540771044999998
12.751966065999992
14.03193783399999
12.301480826999994
12.749825815999984
12.95577055699999
14.87313532848
13.929296894999995
13.580042846999994
14.11462054699999
14.044471618652791
5.944776982101256
9.245807284493585
10.770594610479995
10.004780667234392
10.359332792660954
11.727813722347198
12.192056361513595
11.285199834999997
9.344247053493593
8.433429685999998
7.616408885199989
8.761346075405108
9.292416697702553
10.99060898099359
12.221845105000003
12.442220687999992
12.323039301999998
11.460576542999991
11.095112900006376
11.52599716799999
12.42678819599999
10.66617658799999
9.919607852061121
8.81024647830383
11.63325342599999
11.488990426999992
10.301758432000007
10.404121419999981
13.027638303999991
12.24670687399999
10.791819332999992
12.214241843000003
12.289484209999992
12.346754065999997
12.68594180599999
9.389123724271984
7.04826094059999
9.332473115493599
9.17228909610127
12.663226184000006
12.697349044999996
12.351334037999985
12.320718780999993
13.026256272999996
13.009810550000001
12.43611858799999
11.606203228999997
12.076373148999991
11.031105643999988
10.19961715533999
11.095045339999992
11.868513505999992
12.514361834999988
12.560006897999996
11.876356852999994
11.86355363599999
10.690664966999993
9.501488633696152
11.144369269000002
11.400848137999988
11.310148903999998
10.739681014999999
11.08743482099999
11.027262571999989
10.731848786999997
10.208371452212148
11.500022959999988
12.111968653999995
10.361959508999988
4.683183737202524
6.5518404098987
9.97141236885855
9.888486816282862
9.858550984135992
10.583586585999987
11.509571786166395
9.652634614727983
5.478297738594859
5.686062625099983
6.816357907101261
7.510013485699997
5.101673380999991
7.228731523099986
8.530693841594873
11.063760167999986
11.183794501999989
9.01969953472799
6.627869929499985
10.056788937271989
8.153085995506386
7.547006722999995
5.553020175199996
4.418453300499996
5.7640319
7.3169689925999934
11.523027710999985
9.052106710863983
9.366559559727994
4.758193743899998
3.7075460448999915
5.071666459699982
4.93326374819999
5.629030998199982
7.235713279702542
8.24445124510126
9.023679923999985
7.447889935303817
9.612736265561587
8.444010916101263
8.474012983702549
7.438282324202543
9.287314775067987
10.382668110999992
7.729310275303829
5.084328926099986
6.7489479140999835
9.352042622271991
9.922069374070704
7.6291677933038216
3.31634257969999
2.560538859599979
4.03250803219998
4.201627320899973
4.917561024499979
4.575814965799979
4.554966677899978
2.5028935912999732
2.6048805648999735
5.555587971506373
2.3499524749999727
3.9716064513999765
2.8681148559999814
4.579888502499976
6.256379237399979
9.60939444279598
8.91659632879598
2.527797824099997
1.456281483499987
2.355641270399981
1.8482297942999888
1.7942734191999716
3.250840557899979
4.449214024399973
7.660943411303816
5.275649031101251
4.709973934898692
5.356387466399978
5.339719763199979
3.7838459670999756
1.570537678499977
2.2907644088999692
2.8327160644999774
3.6595410445999774
4.265466606099975
6.774207568405099
4.541767733799974
4.224826081799982
2.8138167144999735
1.854353405799979
2.4694198211999625
6.71460714869614
7.081226277202529
9.202506724659989
8.976841123999982
8.66188040620255
8.417523300202546
4.9151986480999845
4.622334858699978
4.363252371199983
5.63169521940509
4.502318521099981
2.578744168099973
7.936528382898703
2.236803309599972
2.086033723399981
3.6582549697999847
2.5642256774999805
2.5905064620999787
3.8010322143999686
4.159656341599965
4.169635823099971
3.504125105299965
6.290463577299984
7.439339581303822
4.278580267299971
6.818025064101244
6.860033717303822
2.5484651198999706
4.008682325699969
2.481833843999972
3.6667229873999725
4.399097480799969
4.53966384579998
2.986148371899991
3.2527545363999812
4.923145954899979
4.297146125799968
3.8716481048999656
3.655328840599965
4.2759339507974
4.410150672899977
3.4379783980999736
2.2788354934999724
4.095241680899964
2.0334635482999683
2.356953257799962
3.358048393199976
4.7004604934999925
5.243946646099988
6.841930566405091
3.877887777699977
5.9650793671012465
8.206016868594856
8.334219398506379
7.3630089278987
5.424351908898695
6.017873962405093
4.718253028899971
2.4004363509999704
4.877178240999973
5.047116944899973
6.777912834202519
8.09987873379741
8.138013276696139
8.465688159202545
8.803620741303837
9.492793405135988
4.054611224399972
2.899038871799968
6.87544150999999
7.85800487820255
8.836920196659982
8.52861194610127
8.104463842797424
7.075598263499995
7.653157943700002
6.427944660899994
3.732696861299998
8.018395446799996
6.138954643199987
8.319083866898701
9.88727001193199
9.479324339203977
8.793482083067978
8.60195179289871
8.56039794459487
8.168791500898715
9.212062368863988
9.396288468931989
9.003406498696151
9.312445036203988
10.032881431727992
10.023039106863992
8.871930612202547
4.538199066199976
5.718962622101254
9.886094421282866
8.714408987405106
9.972395666646385
10.120927502282868
10.374664912282865
9.208384367271984
4.71384985659998
6.336496562202535
6.347928446999979
9.173083427282853
10.119329754717102
7.018984440594857
7.747597691303821
7.687091688493584
8.63111141199998
4.8355604720999725
6.101353570594853
5.623801116899978
5.551316583303807
6.3954841537025295
8.177765675405105
4.878070194999974
6.710566714499986
7.299513981594854
4.198449084499967
5.155365078696131
5.6111640166961365
3.421689053297401
4.953946801797411
5.020430645797405
3.1639608993999624
4.105276113899963
6.7346637649999765
10.849389004999987
8.463974172999986
7.8107076507974265
8.723219340493584
7.656562425202534
9.44888231810127
10.384318119999996
9.079579748493602
9.463247785931987
8.520078829999987
8.580092948898711
9.925369789033274
10.322542975999987
9.295536769101272
8.81015825649359
9.079815779067978
7.268754350303804
7.541710345499975
9.108522100803826
6.7186971161012545
4.918979099999975
6.4701887999999705
9.166654362339989
9.752207054067991
11.179618848999988
12.169340751999984
11.91257033399999
11.388645139999992
11.825830964999996
11.046984497166397
10.33637562451999
11.289504264999987
10.59941241899999
13.059268597353592
10.497036761353582
12.468101011999996
12.576473252999996
10.602550826999986
10.553425850999986
9.855807519659997
6.619862008696146
11.443713352999982
12.894930449999995
10.591234481999987
8.99042001949359
9.999779069659992
12.430322506479994
11.630941288999999
11.825133979652794
13.05772502699999
13.885138556000003
12.34986846499998
11.845724795999987
13.077480979999992
12.871717931999997
11.130704195000005
10.719154587999993
10.876815652166389
10.243437457159997
12.51347172099999
11.971132166993593
11.888776674999994
9.364684980692134
12.445599831999996
12.661521245993596
12.626496470999996
12.434947739
10.246589035347194
10.499378540000004
11.652583717000002
11.597606669839996
12.349834183999993
11.768196561999988
10.78350813599999
7.39239784999998
11.794055698999992
11.761171608999996
11.079466524999985
10.852590580999994
11.495618754999986
11.755104641999992
12.126769372999998
10.570217443999995
9.531505056863994
10.087070452929273
9.720085395791992
11.515081585999988
11.951896865999993
12.415576290999992
11.693964487999995
11.197876163999991
8.153435418696148
10.75038309799999
10.394881613066564
10.2316446329864
10.682321122999989
9.134204443405112
8.25282678829743
9.00147115330383
6.658457582099995
7.796202667199996
12.019439973513599
10.406956643999994
10.390989803999995
10.965192466999989
10.949848177999986
8.898591563405116
8.636815208405116
7.010714459199993
11.218792006000001
11.186594226
10.817741437991842
11.363462604999997
11.822182804999997
11.776826275999996
10.607596857999985
10.587683550999987
10.236394119212141
11.668759679999996
9.874647172660005
11.084170447999991
9.799062374929267
9.65515866699999
9.906831640727995
11.18675653699999
12.263646428999996
12.604748125999993
11.51676341599999
12.358122941999994
12.749245764
12.993821858166386
12.261975637999983
12.288486786999991
12.703371862486398
12.153786201000004
12.995564005999997
11.361437331999985
11.174631553999989
11.232606797999999
11.820825915999993
5.770620179696137
7.475068914797415
10.040102459795994
9.355195503135981
8.577111405898707
8.822894036931986
10.18104348599998
10.100313691795977
7.4958460479999784
9.768703031931992
9.55966366579743
11.346106397999995
10.322536463999997
10.723693184999993
10.820807114999988
10.13651704707071
8.957783029202544
9.337950036594872
9.181337123103996
10.179337000999993
10.788229684
11.065761461999983
11.920416733999998
11.200673920999991
9.965991091931993
9.729022204727992
7.817437100202545
5.4498656234999805
6.383665397594862
7.66324188999999
9.241623960931983
10.865923704999991
8.246162081898714
8.301903527797428
8.62804530330382
9.338499899203976
7.445284651202544
5.007864524799979
4.522146789599973
8.779667378202548
8.751903124999984
9.258891883931975
8.079634693898708
6.568354316696137
8.404942109696144
4.800961231999978
6.151914944499987
6.746342065399984
10.409595449999983
10.469786765999988
4.989483363299989
3.9113070250999824
4.674415333599985
4.52844559939998
4.7730107650999845
3.708746444699981
3.0466503035999772
2.4612689712999765
2.55315389859998
3.1238417541999777
4.564033798199983
2.6465126433999853
1.8194951720999775
2.4383826629999765
3.975469587699976
3.260481520099978
2.392893373099987
2.9292728682999734
4.793572437999984
3.8368571731999777
3.1414260756999823
2.746585664399983
2.489564672899983
2.229420600899977
3.576904814099969
4.988491830405082
6.791945770303816
7.246805584696142
5.342359562696133
5.605503700303813
4.0602287520999765
6.203106413303815
6.18288226320254
4.49258415679998
6.273986753797422
2.2271732360999787
4.015315016199979
4.659956854199977
5.40611301879998
6.599639198303819
6.133216279599984
3.3189099364999692
3.971134907499986
5.481170957899978
5.643662463399985
3.7657326217999736
3.802442703199972
5.260867837499996
6.093624664303804
4.893476193199978
4.931604722594846
7.028808048999979
7.464309304797422
4.626752111799974
5.011959545899982
8.283598158303828
7.285759873999982
6.836239311199989
8.71180408940511
5.700761827099984
5.1501391890999875
2.8573235351999804
7.677451745599991
6.154111979699991
6.209724906899992
3.0552141219999838
3.4610969390999786
5.172514988699983
2.8948533736999806
4.298164807099981
3.7701543471999828
2.259340820299981
2.551465518199976
2.0351166442999733
6.283184277303822
4.948780967696127
6.822787365699988
4.537472421299976
8.195852171303825
8.117546083101264
6.834633190898689
7.338398168898695
8.367996011405097
8.230475270101262
7.061741441303808
8.383848080405109
5.030869872999972
7.290633126797419
8.052357199101262
8.27672446140511
7.75184214479743
6.48921137999998
5.198157452399982
7.023129399101262
4.9388314803999815
5.068036735499977
9.112806530863985
7.296120684797422
6.591904769899985
6.602194901999985
6.180516543599977
5.176433261099979
2.6849039794999725
4.106512719699975
6.634115054299987
6.1892513396999815
6.638728411899979
6.069154977399979
3.6373985412999765
3.5978479888999746
4.11662575679997
5.001202722199974
6.822897538799984
6.34428169249998
6.0181116043038125
7.811116249101265
7.114251670797424
6.668589341699984
7.208387713599985
6.4745925460999825
8.504846319594861
8.436313417101262
7.25300307769614
6.833834750405094
7.113977116405097
9.546333688271982
8.537755828898701
7.673101037594849
10.179732556141424
9.952444605999993
9.343205142202555
7.949369921899995
6.3475193175999935
6.0536912766
7.020695216399989
7.868568992594856
10.306938556999986
10.738200422999991
4.737060807799975
4.134348158299979
6.914266861000002
6.929633018506378
8.233943684405103
8.171323034696139
3.3055961974999644
7.077304305999981
9.452401029999983
10.209013954141428
10.26181150814143
7.985956132493578
9.600131544506393
10.923844286
8.913026670797437
9.80584146430143
10.81084215399999
9.414193989734388
11.189062890999981
10.409457218999988
9.974666172863992
6.59415249179742
4.849294811999986
6.540275964399992
5.641285304299986
9.277263116339983
6.617533505202526
6.502481819199985
7.676150128202543
7.3404646362025385
8.622940151999984
5.557111920202526
9.969725225863986
9.468657649135988
5.4639156371999755
9.397332218905111
10.442917632999999
10.190053596513579
5.796151560999964
4.27312043759997
3.9666809188999643
9.772747674734383
8.1820891449051
8.099158897405097
8.74270948179743
10.346712636999992
11.033982306999993
8.924510316506394
7.97137041630383
8.442441477999987
12.746327133000003
6.511358660898698
5.463642686506368
7.84709577030382
8.65890714879598
5.490068923999966
2.5154567870999647
2.386984831199969
4.013588529999973
5.992857029699975
3.5699346694999656
7.3758199402025415
9.228726293898712
9.591604075601275
8.736246656797434
10.075312327866877
10.865470986999997
10.408808558999985
10.03225267320398
10.93256219799999
7.469378413405091
6.938924742101249
8.077948316999993
9.339246845999982
5.895360215797412
4.674112589999959
3.533111851499961
4.693204443405085
7.573963619999992
9.51805584869616
9.02516120759487
9.716923478687992
12.153384927
12.022550660840004
10.746439292999995
10.23377705400544
11.426341278000002
12.795044140999995
13.727716172999997
13.610357035999987
11.99352295699999
11.830814929000002
11.65100284900001
9.755170465067991
12.133433193999991
12.764122103999997
11.487874260999984
7.423926275594862
8.45982200159486
11.858292025999994
10.111015790991834
11.243785355999998
11.645067141999993
11.905665989999992
13.825077558999995
12.38603978299999
11.209460001999993
13.471150448999998
13.235442292999998
12.479144092999986
13.349743007000002
13.213874599999992
12.405281572999993
13.226928697000002
12.624807320999988
10.786148844999992
8.992732803303833
9.320860566696155
10.806840120999984
9.229604798931982
11.116204967000002
11.824779053999995
10.60187915499999
11.479047694000004
11.863383980999986
11.442759752999988
13.005691994000001
12.282815331999995
13.094792392999995
12.146514577999985
12.366721584999986
12.939802729999991
9.20032163699997
10.621031525999989
12.416064422999993
11.483775673999991
13.190689663999997
11.996092069999987
12.186008886999986
13.365449973999993
12.273011171999986
11.19370619499999
13.335373768999991
12.251250058
11.63791257599999
10.788491186999991
12.548751566999991
11.784484321999997
11.079258166999983
12.163899166999986
11.677026835999994
12.079432917999998
12.848671506999993
13.078540416999987
12.474621969999992
12.890213263000003
11.744950898999999
11.159378122999996
11.985296593999996
11.803643801999993
9.979644108727992
11.046179477999987
11.93619917399999
12.089336729166396
11.954869814999999
12.450918137999999
12.116438932999998
11.852430007999995
11.865058899999998
11.515303147999987
10.396577607839994
11.382911512999994
8.483320712203982
8.5795322768987
11.310095095486382
11.39933606099999
12.072852685999994
10.293108498997276
9.263203575094877
10.939220862999996
11.647703517
6.8474063553038205
8.264318460101268
9.641615496863995
9.784392185999994
8.086229586799998
10.205161452994558
10.73993292199999
9.726286950795977
10.697684923999988
11.802151108999993
11.365820217999994
10.21070824600544
9.44666337727199
8.474866110200002
7.60050849609999
8.436366973898705
7.923514915506384
8.559345747405102
8.226862000999988
7.953971369898709
5.937032284499986
6.638504969797425
5.016419859299979
5.961721127303815
6.556259074405104
7.466042382797423
7.463951414506382
8.664806718405105
6.960130087303821
8.897956272931983
5.40403079529998
5.5448656433038135
5.669535810899983
3.3001017531999732
7.4917703094051085
8.138627526898711
8.784701449594865
8.562915844696143
8.914251110863981
9.578349916067985
8.0147300644051
3.774425639299979
4.234256884799981
5.770905334506374
7.067511364696145
4.4173619231999774
6.503255258199986
3.563685308799984
2.659117356899975
4.138304721099983
6.3614334853999885
5.471061190799996
4.853219773899998
4.903751847799985
5.060595904500002
6.135757397506368
8.511043769863972
5.860980900594856
5.964788117999978
8.427854627999979
8.09231018220254
10.241638687070711
10.18962101899998
10.838106040999982
7.881395150797414
8.96204857030382
8.648221583594863
12.051249883999981
9.445942935141419
9.458446737795981
6.126668078594847
8.191055546594859
6.3834165054050995
10.908194735999983
6.188362365696141
6.4665126327974125
7.5447265594051025
5.807971101405099
5.087349633799968
7.561758267199991
6.287433482399982
6.944961102303811
8.155255046101257
8.812605783101276
8.525096110493584
6.585301782199984
5.214387028499983
5.622290840101249
7.687668547101266
4.344498789999978
3.5850229155999696
6.4992487929999845
6.424405412303819
4.872400108299979
4.076006347699981
3.322513854999973
2.994800971999981
2.70635941929998
1.8545869277999794
3.7921160552999833
3.0453421615999745
2.8024320968999774
2.1991150084999784
3.592316470299968
1.579852583299985
1.5311613723999715
1.4641171370999762
4.256454965199962
3.3484566039999706
7.060594282493564
3.7860485137999786
4.328943710299975
3.606979269399976
1.9282312453999775
2.0354747909999773
1.9724659026999882
2.219177249099973
3.947891247599971
5.268863174399974
5.728616624506371
5.410777732799974
3.225115322899977
3.511997488399966
3.679753431699971
4.151946241799973
3.527008145099972
4.021825425696129
3.6258651015999677
4.155808407599967
6.884995709202537
7.1517796341012465
6.910094511405099
3.296224246202515
2.8911946761999605
3.1580073195999616
2.020677810699966
3.2023073775999618
2.0048928603999765
2.324457966599966
2.894772012299964
5.064871063202518
7.448875566101251
2.960014157101244
9.039476690795972
7.671590547202541
4.552856645199968
2.0250510451999646
4.4881631850999675
9.030306127898704
8.178073327594864
7.791550497405103
7.82950104520254
6.736355517594862
8.164824456799998
7.524434091135968
6.868382200594846
7.686603025797418
7.7494964951012575
8.365122602797417
7.5807732909999785
8.56069735410126
4.879686247303808
3.0604144881999735
2.0100941482999697
2.6452695907999666
2.1944310271999625
2.947674070699964
3.9119083724999695
4.906516693101245
3.982148077405076
7.466672119101259
6.697475671405095
4.937325546303808
3.2612556106999664
3.101227676399968
4.1966184891012395
4.152753834493558
6.367874792506372
3.9454115386961224
6.842632829303807
4.565536727898678
7.188711578405085
4.7705401061999675
4.488627375797393
4.385155506898679
3.625024003594837
6.198231227101238
7.43140238489869
7.2835092514051
9.199062329101277
8.720589675898717
10.184270478999991
9.282721289101273
8.330623892202542
9.219183200067963
9.837646920858536
9.378853680271977
9.161347849999979
10.989865856999986
10.346397321010869
10.216600495929269
11.139824131999994
11.525280991000008
8.995056991594872
9.45157251743199
9.784793400727983
9.754306874067991
8.721070822101266
10.22265703586399
9.824451652659997
7.443704255696141
8.109170599405097
9.258043426659974
9.591951130696158
9.261341200203976
3.5574301589999555
5.624880726594831
7.234851286297413
10.189013870160958
9.937202868795998
10.867803441999984
11.469707707519989
9.025433799696145
8.784061563101272
8.700752072101269
6.323664712493571
8.607526393101269
8.88759424593198
8.596254699696154
7.518695605506382
6.157063734405093
6.595859977696137
7.899233163506388
8.900361108405106
9.605666111863991
5.775154769898687
6.786486111506367
5.565246841405085
6.679161430405085
9.230725498999984
7.455844517493582
9.230261563101276
9.945732281339987
10.319216548141416
6.10591745150637
5.920863590999964
5.292713612405076
6.110860301196127
6.450222851594852
5.965205441303804
5.781875819405084
5.460984025594836
7.493428553797425
9.167909823727978
9.620227255207993
10.603621430999995
10.358453417999982
3.7839594756961255
7.984787480202545
11.08644739199999
10.567707865999989
12.002009561000001
12.88894337899999
11.833012372999978
10.289222207999988
10.134020540999991
11.73408291199999
10.74361154599998
11.72420621799999
12.669698623999993
13.203721558999996
13.45056780899999
13.250944484999993
14.045356333999996
13.10381353499999
12.597766987999984
11.730318827999989
13.034883112999994
14.497844726999993
13.852319780999997
11.745926148999983
13.258365890999984
13.334727310000002
13.702273902999998
13.105838373
11.740484134999994
13.124014496999992
12.624281551999996
12.279604555999983
12.062636874000003
13.35252723199999
12.979922728999995
8.907631016659987
9.269661793493594
13.634397202999992
13.482672268999995
12.447755691999989
13.56588558199999
13.278065423999998
14.46469642299999
13.200259078999988
13.717589437999992
12.167174067999996
13.582796987999991
13.677657171999991
11.096137240999976
12.796339495999993
12.901416050999982
11.31997433199999
12.383115206999998
13.441495843999997
14.099247399999992
11.631903370999984
11.662182207999992
12.425087469
11.91449750399999
13.621578591999995
12.573899923999987
11.648192917999987
11.671892118999985
11.81988386999999
9.054696633899999
8.306627069101268
12.641675341999996
11.778205999999983
12.587664261999986
13.868493599999985
13.748485956999994
12.673288103999987
12.798435154999995
9.549971098203981
13.393043266000001
11.58382125899999
14.087577210999997
14.107908465999994
14.204932392999998
12.379077089999987
13.536829581999989
10.758010821999989
11.039344283999997
9.278963993863988
8.794967361339983
10.060599504070705
10.335804192010874
11.924261118999988
11.882784947000003
10.443297592
11.491265703999991
12.407821503
12.480443419999988
13.530008318
12.601842949999991
12.397066588999996
12.06792633399999
10.802434343999991
6.821187277202534
10.171373345929258
13.478642797999987
11.220664048999987
11.460171108999988
8.385176516696141
8.737757730101267
11.806886652000001
7.240580189499999
5.8670830550999975
9.011392143202558
9.296656791795982
11.40981890299999
10.371996047999982
10.867075263999991
8.66729645693198
12.65850172699999
8.96532767793198
9.447346527067984
6.5747038909999835
6.371072315999969
8.969318316795986
6.162157705696136
4.303787330599976
5.653981811493576
4.310654675299973
5.9172233306961415
4.667420040898685
6.984307795696136
7.1906812209999815
10.022558856135982
5.454787574797411
5.061321722399975
8.776488604795983
9.722085673659981
11.096649083999985
11.398242814999987
11.215614541999992
11.551739245999995
10.653449827999996
6.089425776699983
5.440532054099979
6.2787083816961395
8.6074538544051
5.962935028099976
6.695093316699987
2.6931700240999774
5.495367999299975
6.756572819493583
4.938764837599972
3.2913183272999826
4.272430117799986
6.042906112699982
7.1930445128986875
7.311029591405092
8.209671652199992
9.356897018271987
5.319271995499979
6.474073217797419
5.016504290799975
4.11375272369998
5.215476962299978
5.040448071299979
5.8453787704050955
6.915335177594857
6.163388967898695
4.755509202594854
3.893214985699975
3.87400442659998
2.379914935299979
2.9125346602999724
3.2415133452999756
3.340648361199978
2.999892091399977
3.372732043499975
3.067883503699977
4.390988899202523
3.668856181299969
2.6844921142999705
5.944379696699976
7.454973702999973
7.305958697493586
6.547791761797421
6.3683748443999875
5.985450817898681
4.503956924405073
4.993731562797399
4.852332516506359
5.1876313125948315
4.888711848405081
5.606687083405098
3.372713096594843
6.982785786405081
7.6913852631012585
8.030959684797418
6.666242100499986
5.744743672199984
5.034586555499989
3.7856346999999824
5.410105712899977
5.808896435493572
5.914534370405094
6.866196107506379
2.0228800536999727
2.6572066634999687
4.279334770199963
4.262333984399969
4.335935620101239
6.170019061299979
4.715588113399968
7.508172323594856
4.742394654797401
3.626168395999971
3.6809408126999754
3.143755573999972
4.8315698272999725
6.786388014202538
5.2841671843999745
7.738850384493583
4.963022991899979
1.7322414580999752
2.59808333739998
2.321824262999986
1.388515551799979
2.3777708114999774
4.062744879199982
4.961741955599987
3.619572564699993
2.5363780868999966
1.8438983870999968
2.426956236299967
3.8933456786961123
5.829137248202526
6.627487106303816
4.524201228303812
4.192598879999979
5.443141157493573
6.348300598099982
6.708416569493577
2.019740747099975
2.110411187699978
2.5787013488999726
3.395256771899959
3.5354308104999608
2.09658766629997
2.0249017150999693
5.188639767506362
7.507416920506376
6.834697853101249
2.388323716699961
4.298459510797403
3.08785752559996
4.5232344939999525
4.4439397552025195
7.128957134999972
7.286438828999982
2.830240214499969
4.266089866599961
6.358164051797416
9.060894103999987
7.918284750405105
3.193212953202522
4.22112166440508
4.4421934874935545
6.039839140303807
6.845733364898696
8.023271617101255
5.96620677950636
7.062675752303814
6.636345715299982
6.684373870797419
7.468989071696135
3.4366260955999643
5.973083531202528
8.926884686203975
9.691807102999988
7.501265304594854
4.484702636696121
7.447001361101244
5.746465095493555
8.173791253795969
6.692719268797407
7.314398001101255
3.445064839199965
3.988867636099963
6.2710675338999895
8.243141073594877
10.178570347717107
6.73227853389869
3.717034260599966
9.704919485339985
8.352873983797425
3.107153482099963
7.32127562706796
8.853775228931974
10.009695497070709
10.827829802999995
8.775481242405114
9.37378137049359
8.578863786300001
8.190120126303826
9.555527934203992
10.228114167999992
8.737834135405114
8.96765089106798
10.997247536999986
9.879936988858546
9.928284506135999
7.763715307594861
6.612382496594849
9.082407751339982
7.264399739101259
8.54620873869614
9.397633209202553
10.524304308999993
8.898700106797435
9.905748130863985
9.77307541051999
9.72646572579599
6.402898562594843
8.20367094569614
7.493136727898688
4.904538648999965
5.957859263594846
7.814444755594854
6.0442858521012495
8.192763555898708
10.233732374717105
6.330460311898686
6.22100621340509
7.5369498717974155
3.783342640699963
4.1051277923999745
6.655538059999976
6.130985850499987
5.793843952899991
7.434299786399997
9.986749909999986
9.896834237635987
9.42394654835358
5.9722677291961315
8.913160508795979
8.289307530202544
9.200712777795982
8.0721688904051
8.854602038594868
8.275031817599997
8.415279420506392
7.384839443999987
8.955339195303823
10.03117502899999
9.77682308333999
9.638607195999999
10.685518067999999
11.588737285999997
11.664830237999993
10.73429614099999
12.181427679000004
12.968215033999993
10.174415321271988
6.362694137594858
10.387091678999989
9.031155155898704
7.811843267797423
6.677703369101256
8.021766114797419
8.967210734717092
6.164606874099984
8.418231199594862
5.807659721405089
6.706450994898683
6.588373402405093
9.316487704506374
8.54683466950639
9.607310255405116
10.23248100596671
9.937625465282865
12.661413074999988
11.956135076999985
12.798883346999993
11.698288668999988
10.307809056
11.314191681000004
11.984219884000003
13.029139971999983
13.719753353999998
13.364647029
12.198660257999999
13.227221264999999
12.241170490999991
10.285405382999995
10.512853960999989
11.732293189999993
12.134705977999994
10.117209184212134
11.60776014699998
11.846821474999997
13.027459504999996
10.776057313999983
9.913280778659978
10.201376043787832
11.805830221999994
13.246646001999999
13.221048939999992
11.884207961999982
12.130553525999982
12.833140491999986
13.32798276099998
13.008790817
12.715740435999988
14.261415067000003
14.705090987999993
7.228734426898687
5.836210008202531
9.426686425863975
7.692729301506373
12.674610563999991
12.758840304999993
12.304560328999994
11.85947261999999
13.750359116999988
13.156743473999992
11.655219152999992
10.034419505204
10.844525300999997
10.900775989999998
11.71972723799999
13.514919948999998
13.42178402699999
13.480355362999992
11.688754456999984
12.750879352999998
12.60476288499999
11.21011825
12.517246552000008
10.924390527
12.111314824999981
10.873171752999989
11.809986364999995
12.203382909999995
12.862719097999987
12.890222362999983
14.620607776999993
11.866295012999988
9.59259158320399
9.45773472293199
9.25270414579743
10.324011591999998
9.13879612585854
11.506265573000004
11.89730649400001
12.285495694999996
11.861962529000001
12.526482757999991
13.461688458000005
12.99198842499999
13.128214652999993
13.981149556999995
13.500436052999992
14.015880121999992
11.68952228699999
12.070251227999986
12.654730379999995
11.947422068999987
11.872833529999985
9.188145657203988
9.572921380727976
10.79645092599999
10.344366787795988
7.7391185822025506
9.020014167797429
6.792238334699985
6.068874938999976
8.72000536027198
8.786875698931981
6.917530946405099
7.325532432594861
8.076574841303819
8.79554061120398
9.956742492795998
10.233053903141426
10.309471005135991
9.291894465727987
11.651938349999995
10.864510328999991
11.745994237000005
12.025820807999988
12.111037150999994
10.325309961002722
11.399056394999993
11.037728065000005
10.039965412999996
10.136691203212143
9.887873355067988
10.33321752178782
9.798409976141413
11.628546583999992
11.137611298999994
10.046420028795989
7.177772541797411
8.281543495199994
6.941540248101266
6.242019848594851
9.043248188797424
3.876269714399976
4.65206430819997
6.751925422699982
8.440585967999986
9.517479126000005
8.707894102506392
6.437684057599995
8.367118838493576
10.769731644999986
10.285920617787829
9.742359025727993
8.621986473101266
8.66884962920255
4.445048158299976
4.334718807999976
5.948007836899985
3.4776775344999695
6.577394151303817
3.7681784789999737
5.224396957405082
6.748987200898692
7.240196929898693
7.314553514101261
4.937870841999983
4.749753704797399
4.1217741271999815
4.696095411699972
2.8395213714999725
4.221629205303803
5.548487608299978
7.605869346594866
6.735212774696145
6.5715090896999895
5.644756976299986
3.2189264800999795
2.451179995699975
3.9629671569999756
4.163715238999975
3.324221957399979
7.2804880814051005
8.738367640696145
5.741232771303812
5.204883802799976
4.735530032299985
2.432668702699981
5.054538572699975
5.404031138599979
3.647778794899977
2.900317758199978
4.008891290299977
2.8887948684999665
4.959393041999971
6.628949906898699
4.365985093699971
4.005467584199976
3.9326108092999683
4.256819778399976
3.9754889419999673
4.98477481379999
4.509790161099991
7.929314552303813
8.31209919279742
6.9453989883038165
8.042346543898692
8.217400994898698
6.503554441799989
5.411429344202529
7.1371523818987015
7.044761720303823
7.272779255696146
3.7383711715999794
3.0052246367999698
4.984238056898688
3.8294473815999797
2.2129667006999765
3.9539554076999663
4.56892506409998
5.066275939899986
3.7522404250999797
3.6274730941999835
4.075498713699971
4.32301046139997
6.798214395101243
5.632891033898694
6.9373290314050955
6.436533818101257
2.3925752303999785
3.20687814789996
4.4809713286999715
4.520326521299975
7.485995677202545
8.765148483203985
6.826313586405094
6.6216347473038155
8.270789340202539
6.658385130303812
8.561157739303818
5.515303651399976
3.754199334699969
7.35723969269614
6.858206835898697
8.304902372696137
8.381962686202549
7.064100952101259
8.350544367999976
8.706892987101268
5.89974643249998
5.370343209799978
4.26486397399998
2.650107223499974
2.9328686446999757
2.2263867522999665
3.185715167199965
3.702098634299976
4.888444068899983
7.034606005899992
5.292443131999981
5.279099719199988
6.78671357269998
6.434664018202537
8.247516728199994
8.411035737594872
7.13812575069614
7.677484605405096
7.1526559096961275
8.652489793271984
4.9180663085999665
6.279238175999968
6.594759988405099
5.247565408299974
4.924935360699969
5.117011170999956
10.059507066212145
9.710667889271985
5.339109469594839
5.243576113899982
6.827276116898701
7.945404875135967
8.504901913506393
7.504000418101264
7.731144952405106
8.370423471101265
7.7398663131999905
7.383258048999996
5.670584410099991
3.733469935599998
6.93063548130382
8.884061042797429
9.265749317931983
10.036708244203991
4.894765486101246
5.737551641797412
6.12660321659998
6.898987083405099
3.5134326674999707
4.3864793426999675
6.41433724820253
6.321862957797411
7.728010610999976
8.637031170696154
6.623143440200004
7.504371867399996
5.311140724199997
8.194947470099999
9.007091560405113
8.827480166594881
8.229537034594879
8.098069544999984
8.769858425898711
8.810497122202541
11.276631673999997
8.31366716920254
10.331146926931991
5.400359928899969
9.394737788271984
7.829662968405101
6.236455828898694
9.703559057717104
9.283258052067982
6.317028918506375
9.056372706727975
6.7550823226999865
6.257843543999992
4.731298890699994
4.584409123199991
6.833664671303824
9.03642631379743
10.010283856135993
5.453775570699983
6.8471552016999855
6.863908373999985
7.334490914899991
7.666886491399991
7.2081596892999835
7.8386256104051055
5.292851567099978
6.8496797194999814
8.786766625999986
10.111470963999986
8.711386740101268
6.631338940405095
8.60952073669615
7.9533991530999915
9.356113374203982
10.352990097000003
11.149008144999993
8.190334602405091
9.183864962863986
10.239380860929261
10.273904850999989
11.085302622999986
11.491800785833592
9.892272291727991
9.923021554727987
8.73941972959487
10.605065255999987
10.088722772061125
10.79621461499999
11.029784599
11.97396363999999
11.108319506999978
10.730445917999994
12.651590308999992
12.352269600000003
12.417526241999996
13.215595621999999
12.034137014999994
11.276326067999994
10.860076990999985
10.007843113787828
10.966600779999983
9.979952279908323
8.720024902303836
11.149453206999997
11.699801053
10.425315378999999
11.89956302799999
11.280388894999996
12.227158968000003
11.275792437999995
11.784328487
10.173283390999995
12.76862010999999
13.403292513999986
12.368064820999983
11.607663137999989
9.093960543797442
10.962600864999999
11.96117641299999
14.362366053999995
12.528375841999997
13.456460898999998
