14.815754935
13.948146785999993
13.901815953
12.58834613999999
14.012965106166396
13.833935186646393
12.873626447993594
12.374972361999982
12.865523545999995
10.884039937999988
8.986246662898711
10.578532473999994
9.920709661931998
10.312655216999985
11.096824593999997
13.887693107999995
12.293352074999998
12.291050373999996
10.56053253599183
11.499463578999993
12.917614954000008
10.483672985999988
9.966619667070717
12.651583060999995
12.704868628999991
10.10778466328287
10.442072017999987
11.978851235999988
11.536851186999993
12.89295039399999
13.306344144999995
11.792035334999992
12.151272915999987
11.39963222699998
11.569712848999984
11.543189353999988
11.367590110652793
9.052853764303828
8.678514393594872
5.922740794399997
6.710149471999991
9.35983341830384
11.359853870999997
11.046049303999999
11.385377422999996
10.144818587
12.485161478000002
10.928682168999993
9.994910195929272
10.219214079212145
10.499269895999996
10.445229407999992
10.843158947999994
10.094242382933436
9.224051675405116
8.919914591999987
8.335507786594874
9.560760929898722
9.535039060999996
9.800450677339981
11.261114093000009
11.128904915989114
7.120373751797421
5.661556793202542
5.123847726405091
6.659290020797405
6.6823718276961355
5.30479318540509
8.236383756993591
7.392916395594863
7.268568127405103
7.618417027303825
8.536174421696154
8.446886199999993
5.268961485303813
5.6379515716961315
7.013057006797419
9.145018955999989
8.427615975999982
8.555271662898697
9.7437503844936
11.528133745999995
11.397867441999994
12.186301600999993
12.55587874299999
12.531042732000001
10.397695919863992
11.284197272999993
10.57661409499999
11.686545125999988
12.492940551999995
11.239589080999991
11.19522561299999
8.906067515599998
10.149261098999993
9.039825324999997
9.365403311135987
6.822076382405103
6.230654888898691
7.852320101898702
8.719434088101268
6.72032212520254
6.937253839101263
9.809665640311998
9.236182566863986
8.388785678101254
11.534406292999984
9.396001449727988
8.242725595101268
7.797728445405101
8.058376234405104
7.800590496797433
5.733171366900001
6.533639944506377
7.116327024797421
5.612648179600002
5.23563206940509
7.492777735898694
10.523166109000002
9.668489047135987
4.990557806399979
3.805591346699981
4.847120591699975
7.471251414506384
6.408219221506376
5.561904269405093
2.943891484099971
5.63565822449998
5.748327484101252
6.5228484192025356
7.166423199506385
8.615013949594859
9.436880242929258
5.303268279999983
3.1290737945999787
1.880721479799981
3.680262420699973
2.1632854155999715
2.736633511399973
3.7467476317999724
2.699750718699967
1.76958202669997
5.986761552405094
5.371145504797412
4.763434524499977
4.701847199999978
3.702318978899976
3.7153215148999643
5.79144125669613
8.473443305999982
6.287147616599989
6.228524970999987
7.536305871594861
3.813383712799974
4.12907654569997
3.939616923499976
4.673937033099969
3.571499024999965
2.3400882125999782
2.386179276999971
2.3447010421999774
3.2250152160999708
4.198344348099973
2.5766683288999754
1.9113167769999726
3.7286269515999737
4.151135288999965
3.7815075149999733
4.324761883499966
4.9242198195999825
2.245910295099978
3.074310635399965
2.8092609298999722
2.147167967199978
1.4508314132999913
3.4123907973999708
2.6634740523999705
3.0020434188999734
3.7101409667999796
6.765413827499985
5.795950854499976
5.257074922199993
4.343730123899995
5.146574226399975
2.2257894744999707
2.8739301787974014
4.712271200594844
5.730243327303806
6.894581462101257
5.408052850299976
3.128895941199977
3.0860159209999702
3.691285676599964
4.887255508405079
4.353773028594841
5.560926242101246
6.680282517999982
5.975495393405093
7.123531031797411
2.6911768752999654
7.083989700303816
7.00340676569614
6.2263013931012505
6.982807435594852
7.264591079696141
5.984616580202531
7.359454139696138
8.881169525067975
6.235223855594849
3.898234632899973
1.7896784743999725
0.9624825549067869
2.4579688918999656
3.992511617999976
6.157334320099981
5.991683370999979
8.940576599067978
7.485878367594862
6.330324287399986
5.994007998696133
6.631656228594856
6.292277413898697
6.2182148620999795
5.291001104699974
6.13953673399997
3.971388993799962
6.674121934493572
7.225533610493565
4.871065615797413
4.302736320506359
3.280018046594837
5.459669018599978
8.762853918339978
8.542614071696145
3.63710074769997
4.94824825129997
4.3681783538986805
5.534734146101246
5.115043226594839
8.71675466459486
9.026583503795985
5.70165280149358
4.161823928797405
6.1638739212025255
6.246522360202537
5.874672137499989
6.358329891999985
9.084398202479987
9.284439173900003
9.842343972858544
6.992563644405092
8.62773110959487
6.174444325299991
4.849224031099989
4.276060113499992
6.574065824899995
8.060309622202542
7.898446173101268
8.350656445303827
9.557202981717108
9.091137995898706
8.58654074250638
7.713695521493587
8.90052688433998
8.573936242696146
8.0113139998987
9.66721558520399
8.472558668493582
10.114483212212145
7.902848075899992
8.459586804202546
10.387312563997277
7.194029885899993
9.149085093696147
10.564274718999993
9.598862826659987
9.178249990863984
10.409110361999996
9.613924337863988
9.637484210141425
9.262064961135986
6.0276751282025405
5.12705923920253
7.458901347405109
7.562655343594863
9.209907974202547
9.959888191135992
9.584774113506397
7.635613272101269
7.767747817999988
9.96145515427199
8.142716924999988
5.312244381699979
6.472553642303813
9.08646777799998
9.020031706135969
7.3304775024050945
7.757441093405096
5.8445459350999736
7.506392925999965
10.158817025864941
10.471251981999995
10.596668711999994
7.03695089420254
8.29594942169615
9.671245765795987
10.02332735127199
6.741988272101254
6.005576383999966
8.20702429050638
6.965622112999985
8.728700437898718
9.45529408110128
9.782604118303837
8.949384416202548
9.94960536335359
8.701232096895984
10.620055219999994
10.305054647933439
10.861667574999997
12.033234895520001
11.925091114833595
10.463181199999985
10.223193156271991
10.78585067399999
7.439513848905099
10.163453643999992
10.28679482893345
13.01415336
13.098209534
13.546184899999995
12.543230832999988
13.2100634
13.191208591999997
12.44908993099998
11.386762273999992
12.205170493999999
12.801501157999995
13.120187030000002
12.76500926199999
11.677621341999995
10.513161544999992
8.883949113506391
9.886612107863993
10.675882506999994
10.664745908999993
10.247802599999991
10.064409165999994
10.878072832999989
9.822833644070707
12.507821097000006
11.345226568999987
10.72935155799999
8.865045986898712
9.620150428797437
6.487865058898696
5.8819377701012545
8.866104512000003
9.64439653168799
8.280679782101275
10.71173505199999
11.008770115833583
11.052218982999985
12.101187697
12.037630665999986
11.911625665000003
11.523061564999994
11.567861951999989
12.902143160999987
12.529562629999996
11.137075488
10.199289260929271
9.990099821339998
8.930667481999993
9.225834053000003
9.149424731405112
8.937345289594873
9.30590644993199
7.789983120696147
7.117920019493577
8.647674999999975
8.72345928959487
8.034140656999984
10.108792494141428
9.589637370203986
8.188249385101269
10.814499257989125
10.407116948999995
8.86953622279743
10.001535401931992
12.841896653999983
11.026673182999986
13.386602375999995
12.029516146999997
11.214729536000009
10.78833424099999
10.391429945282855
11.906731664999988
10.323648896999993
9.725370698659987
11.149384473999996
10.594699448000002
10.863898971866892
9.288329653931985
9.464425018203986
8.058298062101267
7.8249175628999925
7.626915112300002
8.416993232699996
9.965830366659992
10.718060841000002
10.782327271999998
10.945190546
10.628773673999998
10.04652658221215
10.460755684999997
12.004829951000003
12.607781675999995
11.562659557999993
11.259341331000007
12.024704851999987
12.280730616999989
12.884280492999999
9.400858230594869
9.73644795827199
10.137567104999992
9.96536126703328
10.910747127999992
10.743059295999991
9.209058734101276
9.086021200594878
10.10996363521215
10.601040175002728
9.825170750133129
10.621040810999991
11.347172196999992
11.314513376999995
9.671225775070699
11.575038710000001
8.4517096512
8.38034109499999
9.532831695594872
9.590911302135988
8.093749517797427
6.790096958898703
6.955972805797425
9.580699679594881
8.1523394073
8.083619134499996
5.855928420999998
7.2899131362999965
8.867633929405105
8.045135641506377
8.95059733120255
9.283756300405107
10.644257382135986
8.350628103594863
10.70159844799998
7.231230921898695
8.011143431100006
8.375581806898703
8.526163185100005
8.058535023506382
8.10855343169615
6.952019729599997
8.61350814510126
8.512334815999994
7.756758427405107
7.764929411299997
8.477096664405112
8.494289862101278
8.334286425797428
8.356091780101265
8.046893916303821
4.881858293199977
8.803204818795974
9.099645155303831
7.273592239405097
10.070032116787823
10.345665716999983
8.895989149506384
5.612950401299984
5.043980776999976
7.170289532506377
7.655581324799995
5.763239337199994
5.064483610499991
5.602213679493571
7.97143578950638
7.110432261696138
8.524283547999975
8.535402099727975
8.465096440101263
7.724965821797419
9.379324697931988
9.826805104067983
9.640457012931982
7.817680882303819
8.940898091067986
7.2180647202025385
6.256625717202533
6.528855818202527
5.182095829797413
6.417444638101251
7.407632914696147
7.816606822202543
8.028832842999973
9.035166671863976
7.52096215059486
6.261319102499982
5.823513508599983
4.299843894999977
3.6352850371999783
4.173579409799996
3.801250701899987
6.215608875999983
4.0084226180999725
5.7242870742999825
5.939247262599976
6.18657824399997
4.993982673594846
5.497450266999968
6.030371899399983
2.0362449614999747
2.7120264174999646
5.227525254797408
5.952408497594853
5.994147254899979
4.603213653599981
2.9447500472999852
3.6783816497999835
4.122906430099992
4.402410328699986
4.074620700099972
4.231895512405077
4.162352937299973
5.702338856499978
3.620703475999971
6.42113110349998
5.022535290493568
5.000890895099997
5.319142529303805
6.608986286898697
7.738194186405093
7.971755398594862
7.115546992499991
5.856138981594852
7.572126089506378
5.177289182999973
6.298085235599982
6.066727979999979
4.909086193799973
5.714962136797408
6.711610932898699
5.163543060299977
5.79716093439998
5.65259620509998
2.9396402007999782
3.8996519515999704
2.949231921399966
4.788697219799972
4.2839156066999715
4.466391348299972
3.4133879302999666
3.680136204499968
4.95001588289868
5.190386584499972
6.260247654696132
4.820286950699976
6.352734371898694
6.571973799101265
7.0167848220999876
6.687618009899999
6.0989460097999855
6.712881481899987
4.793085705599978
5.50084444119998
3.531120942699974
4.619872666899981
3.5061362319999936
1.6881821242999946
2.9817175551999746
4.449767654399975
5.512670152299988
6.606775471499994
6.505455000303814
7.082583528099995
7.599820144696146
7.695007920797419
6.425131898506379
6.3006063918986905
8.210100755303822
7.744207058696136
7.958767169202544
8.03158461459487
6.27826038820254
5.911009324599984
6.1048726119999825
6.806461917099991
6.237185012797418
6.641139771999984
4.839409005699975
2.39834795069997
3.0288143645999623
4.473762982202516
7.072329653898687
1.9392705459999644
2.851484019499966
4.270262803599967
5.627274441493561
8.156200125101257
7.045040797405089
8.473292503405098
8.963322643999984
7.613739646898696
8.719417526135976
10.233861038141422
9.306091577067983
10.208422410717104
8.506384916696142
8.96404491886398
8.848104516594862
10.03731282971711
7.985955824303829
7.7026863632
7.666206683303826
8.311414591999995
8.282759423797431
9.81613850265999
9.820558038203991
8.2035935989
7.880326582299998
7.160425013699999
6.552947190898698
7.573549500999988
8.52453845379598
9.040384942727982
9.386650826999997
8.438034733594867
7.958507949797436
6.724475125099991
7.448981935099995
8.82422667850639
7.962997547898708
9.716816902135994
7.921703068493591
7.164968820202544
6.725649668898698
6.986342803999976
5.980472230499977
6.632889318797413
8.774911546297428
9.33330308690511
7.3233943512025315
5.373354878199971
7.388545677202538
10.411335453858547
10.08876041406799
9.337025306629585
10.180852492999989
10.786169321999992
9.233464833101273
9.525076103202561
11.362008249999992
10.519360044999997
8.98575234989871
10.28032869099728
10.261517656002713
8.37975114289871
10.11947960522799
8.784502944898716
9.284465536506397
9.437314033493596
8.704524587993586
9.78121843720256
12.191529712000005
8.629041249101265
11.61597591899999
11.447501206999997
9.403270802303837
10.503405861999989
12.49290406199999
10.79624294099999
10.461167470999998
10.26421236123711
8.898197074898713
9.420772775303837
10.674117269833602
10.950762979
8.2093256454051
5.6526601944050965
7.103875366196138
8.396926510600002
8.598605941799999
9.750290869101281
9.395989474333593
8.04709207459487
9.878794377067987
8.539200266999986
9.589969509929258
10.753553632999981
10.96968245699999
10.670983845999983
10.523524025993586
9.941531532212146
7.269025485199988
9.093610188203982
9.847964518795996
9.172192401101276
10.527920772999982
11.46548531999999
9.89401856827199
9.107031013506397
9.369134559727991
11.689563606519993
11.57642733651999
9.969531343061593
11.509567167652799
13.532198650000002
12.581752787999992
12.19091979999999
12.638465403999987
12.316572472999983
13.727764658
14.189382335999996
10.444692269999988
10.490024451008157
10.602454575010883
11.648307004999996
12.83965974299999
12.706599181000001
11.495312365999999
11.903603071999994
12.444794333999997
12.402845512
13.427811452999997
11.754279743999982
10.957081706159984
12.965585898999992
11.573621714999994
11.048929041999992
12.094809160999995
11.679591008000004
13.092228368999995
12.426418247999985
14.185018480999991
11.142286773999995
6.538482293699993
9.543842784067992
11.224962067000005
11.940990700999993
10.876120240999981
6.862946021999982
5.9666709899999795
10.560291418353573
12.759614564999996
12.224770041999987
11.691762797999997
10.764898772999993
10.930263985999991
10.404221900999989
11.637074766999998
10.717847881999989
12.406556940999982
12.054175344999983
13.507652668999988
13.378930962999993
12.991703379999999
11.378061885
12.068949000999991
12.692236307999996
11.27051591599999
11.126834560999987
8.318030178799997
8.1750723434
8.414625750700004
10.521630549999996
12.053477531
12.085465150000003
11.264210373
12.414118105999988
12.116870334
11.850334574999996
10.499202363999995
11.235704906999999
13.37575242899999
10.897695456999994
10.837378910999991
12.874283718999996
11.839542267999994
10.910854064999988
11.233578206999995
12.640225265999996
10.742625098000003
12.569609322999998
13.08108329299999
13.816106414652795
12.821239780993595
13.497560257006388
13.288914759646396
8.372665927101261
9.19336183469615
10.315801989787824
11.345625165
10.195846421999994
9.049819300797433
9.298104309094878
8.60258275759487
7.8379218460000075
8.963207464594879
8.766421293601267
9.33324774930384
10.338313650999996
10.781178983999993
10.181560504135021
9.85335450293199
9.851622846999993
11.904395748486381
12.965167890999995
12.77565063
11.920714357000005
11.260778318999998
11.199390659999994
11.05770989799999
10.603836204999991
11.726578876999994
10.780023342999987
8.300136601303823
6.753789512594848
10.821908262999996
9.093894552594877
8.55306794130383
10.243435216999993
7.2831414168987
7.072688883999977
7.033982826202536
9.850355921931989
9.941794607646393
8.271260583506379
9.318839276101272
8.187165190099993
3.472378453099978
5.214650639299978
7.0460708724999686
10.55765910650271
6.393276548799977
6.530477694702538
8.633264616405102
8.646173741101267
10.118557928519989
8.883499836696137
6.986856678797407
11.078977741999982
11.67792086199999
9.566857994067997
8.58136510620255
6.493473200999982
6.607476083399985
6.855024194303822
9.091123500067985
7.692365689101259
7.803751521303828
5.988941972399985
6.397020024099987
4.692487655599983
3.4641166121999802
4.476424577299976
5.31463078459485
8.5350975174051
4.062345432999977
5.47578651120252
8.016729705797426
8.517311572303823
10.324713610858545
9.935752691787824
9.130740821863988
7.162672642493586
4.838829931599983
4.123411961405085
9.564884857135988
4.377590878299982
3.2721870330999825
5.074271977202525
7.703238011202543
7.783692774999987
6.753475083898698
8.177969157405105
8.078022502101259
7.059342329405104
3.632258242799988
4.826810349999975
5.381780888399985
5.792370338399979
5.9317109649999855
3.715402329999977
1.864498889199976
4.025260081499979
3.475546931499987
3.1205991530999833
2.382644181799977
3.5054728316999646
3.376388496399969
5.040037837199978
2.6329135482999826
2.1056910033999863
1.7339631728999845
1.6805476546999725
2.0706031630999737
2.5086587020999676
1.366448543371679
3.8274628097999632
5.024170123303804
6.872868875101265
7.493210385101268
6.329340830999969
5.544945091199973
3.8635097884999783
4.787920111099981
4.242115429699978
2.21457179409997
3.0674779006999673
3.3922140975999726
3.357800935399966
5.141766342202528
5.050808247399978
6.246849670399975
6.640221914699987
6.487496997099987
4.659437220799985
2.4410596053999765
6.532361755399985
5.265968725599984
7.721502494797415
9.036972158863984
7.084551251199986
6.598828083799989
4.884921717799983
4.735663023399979
4.928453280599984
3.151157699599981
4.05617316739998
2.063743293799978
2.8797280837999795
5.6182356399999795
6.643067492696138
5.4193141417999735
4.2095462935999715
3.8483964217999667
3.0215009047999617
5.903333467101245
8.447576634202543
5.497469734202534
3.815419337499963
4.681549247699978
4.826731603999971
1.8150691695999697
1.8704450896999731
2.7862305098999776
3.6062292418999706
5.949443922399997
5.4116230483999885
7.182837232999989
8.977624885727984
2.669420100399971
1.4743737517999727
2.2191069106999852
2.3195164000999915
2.0654904144
3.1034509887999664
7.054561450202522
6.499071571405093
3.637912181101244
8.074317285202532
8.71211661679742
8.715214817797424
8.824188738999982
8.542122680696142
8.748548799067983
8.427315681506379
5.748424882499975
5.208482157898683
8.16442693020255
9.48173012999998
9.393979191717102
8.715969296303825
8.148735835303812
9.479186225931977
8.611096092202544
7.9321790435948625
8.472764292898695
8.531756784067978
9.044748181202552
9.198435082999982
9.527110925203987
10.241584593141418
10.998503196999987
10.035888075212144
10.615348055999991
9.644455241271991
6.785980908202532
8.839686793493591
10.12409375165999
7.624379421999974
5.95783303830381
3.1265212996999736
2.1177774962999663
3.911919717405078
7.390075151101258
6.057898152202531
9.40421366720398
5.2366591675063665
4.4330138184050805
6.976014556898701
6.6986897918986985
4.3931996184999775
4.398832203699969
4.298366445899967
5.752523748797409
4.739349500999963
4.1819510483038
6.766720231594849
8.041769641101256
7.486006317099999
9.146889990135975
10.223197671999996
10.003165281900161
9.062598132303831
8.524845989999996
10.622361957991847
7.720451013202533
10.290271375999994
11.516207595999996
8.727141331506385
6.847521879594861
7.518128616303816
9.709173182635988
8.524129495196144
5.623192382797412
4.74416209720252
5.188044409202519
7.246307563797416
6.170430256696123
4.040494071999967
5.309933483898689
8.770551638797423
9.655362530646387
9.475214388999982
8.909273315405105
8.0396064087
9.76316356807071
7.575237695303814
9.573967661999971
9.391462176659983
6.259184435993571
5.541927594006358
10.111467227135991
8.896091641129582
8.636237234499987
9.352943165727988
7.066440914899993
9.862878170938881
7.27852690119999
8.330777979999988
10.471518760999988
9.00734484099999
12.200847197999998
12.014164557999992
12.900863756999994
10.546739119999984
10.306301177999979
9.73425943133999
10.854371853999995
11.576836616999989
11.620473031999994
11.292472591
11.10089874134719
12.902114884999996
13.570552397347198
13.6094147396528
13.089480373999992
13.7088861468336
11.660534536652786
10.476928844999996
11.298055624000002
12.459596846000002
12.396433273347196
10.051447956858535
10.547004435999991
12.969628225646401
12.357813134833592
11.33889076399999
11.819150167999993
14.341586580000003
12.514863636999998
12.512717678999989
13.154872085999989
13.15907359499999
13.44758426983359
12.093234623999983
12.229999021999987
11.779938302999994
10.396173473999989
12.343012600999995
12.113951391999976
12.751167417999982
11.97927287099999
13.074470818999988
12.537068790999989
11.863815587
12.647459882000003
12.516665993000002
13.514312736999997
12.539946416999994
12.688730962999985
12.29826185499999
10.817986194999985
10.247492921126721
9.70597574310128
10.650661822999998
12.339602591999997
12.057822477999993
14.327949585
12.121787155166393
12.26331534583359
13.188748659999991
13.18525439783359
12.454533232353592
11.361002716
9.44216541441599
9.75783966830384
12.068266927999991
10.948273963999986
12.366492020999981
12.764905074999986
11.84774576300639
12.20452929516
11.692596668999998
12.013264876999987
12.503651533999994
12.814831640999993
13.98712824399999
14.282946140999993
13.96767241699999
12.92541746099999
13.300636958
12.224220432999997
11.271721334999985
12.297745806652797
11.84350575999999
12.800577870513603
12.764341059999996
10.505104268999993
10.23155354299728
11.645665607999987
11.789639580999989
10.117388578938883
11.162316945999994
9.853886654696161
10.392134704999988
10.847446658000003
10.918921991999992
11.677188444999992
12.123623986999998
11.63821073499999
11.921453269999995
11.014914918999999
6.79375338289999
9.96198653571711
10.755805839999988
11.789991846999996
9.64346402728287
10.135664765929269
10.49379644899999
10.29127498178783
10.46054205199999
12.137028986999995
11.950512537999995
6.750865486101266
6.862751524405103
7.345122456405105
7.728303390493568
8.928201361101262
11.538258803999996
10.308681412008156
9.96563179793888
10.226603375061128
9.83467651210129
7.906533863797417
8.420015071099996
9.79017978814143
10.786509275999993
9.937008677787825
7.958569399999979
11.476241523652792
11.105742602833592
10.097435176070707
10.238790840070699
11.392301446999992
10.411346276999986
10.575891990486388
9.431507434230703
10.40644357799999
10.339252210999982
10.693732717999985
8.089511247303825
9.69114088293199
7.3584675338999945
7.622354728699992
10.19705297699999
11.286327170999993
9.365726852271989
8.702884336898707
8.473716899101271
9.30617367250639
8.545095149202552
7.153544638099994
7.2148423858999955
5.347953623999997
4.517770997599991
9.118444480898713
9.41696040193199
9.98818608399999
9.923074197271989
9.96943766485854
10.413570556999995
6.044346987899981
4.012654299899977
5.737007565303819
7.545072814898708
9.943064218067999
9.911684016438388
9.879854240282862
10.52859551199999
9.165581527696162
7.2009554091999926
8.065920698493587
6.367040113797409
6.961169103999974
5.599317370594852
6.884696771202536
7.453406681797427
7.594310598797429
7.20660699920254
7.934625428797425
9.167730741931981
9.839609886135987
7.955775596594869
5.322499673506366
2.112571859699981
2.572393002299972
2.6009102874999726
4.026199211099974
3.710930769299972
4.393092253099976
6.263935864303815
6.630999684101256
4.923176174898671
4.61099779659485
8.236321484405105
9.645200587353584
7.060812036101261
1.874304737899984
4.108922164899971
6.625294804405095
8.384920785493582
6.111136634799994
6.749519534303817
8.107242454493582
5.213976536594854
5.287809054594852
4.773324426299974
4.621481362899979
4.9585371856999725
4.847515121499974
3.496941261299973
5.281417953499971
5.597730934101249
5.88452311710125
7.408412443499994
6.135932064799983
3.166977642799971
2.032535530099981
1.8837214721999702
2.122178680399971
2.7256332961999705
4.151427957202519
3.062428005999973
5.006464221202522
5.669265971405087
7.543229446405088
7.168266480999963
7.78427139279742
5.766714463799971
5.729957661399979
5.799058201594846
6.52132838899996
5.040803947405079
7.555440466303805
5.046852996797401
7.8831832076961454
7.594081303405096
7.928050112898702
6.905736756898706
4.819123826599969
4.160486689799971
4.966874606303807
3.02439391479997
2.8477681075999763
3.95485085140508
2.125179368599977
3.337213175999983
6.741573094202537
6.02095641779998
4.771070156898694
5.36030651089868
7.217675587506367
7.939124732999974
6.989308875999973
4.034713388099967
4.447477146899971
5.188370974696131
7.837708666999974
8.213002345303819
8.296148460405107
7.957047987405102
8.919486570795979
7.398123789999978
4.742170281999972
3.827915943899982
4.488271203594844
3.4886487166999705
3.042899458299967
6.320055761696134
8.874436306863979
6.912530400101251
3.483059716799968
4.056340086399976
6.245492149399988
7.863095019493582
7.8009759566961305
5.750651917999962
4.637389103699968
5.118545231594841
9.228412057339971
6.217577882405087
5.831761592101255
8.530242849696142
8.277157174696143
9.028008149795982
9.284553614863986
9.002534294101263
9.081480149863983
6.671126043696135
9.260390443271984
9.039716984727985
8.88614585110127
8.019396301303821
8.340811134203976
6.532739022797412
10.071171876646378
7.392738545202529
5.036401374799973
6.661811668405087
7.087247364797413
8.308462423696145
10.404224098141425
10.371302323929262
6.833661387594854
4.348269532799965
6.150841683999972
8.219756919898701
7.205933261100002
7.658455976898699
9.651079544101279
9.100129661600006
8.689711578405122
8.568273889202557
8.407289800999989
8.868091693101263
11.15510312699999
11.141512613999996
5.033553208899978
4.667582391405084
9.920453242339983
8.86959222110127
9.298675378405123
9.699853382931995
10.068354177931983
9.80284141241599
7.580406019594854
9.347209394791989
10.871663603000002
10.555285666999987
11.316706353999995
8.751351330727985
8.542695017999975
9.773633818067989
10.97884836848
11.281622283999992
9.284495783999974
10.16068628399999
9.633707630898714
9.425911051931985
8.936100567594872
9.727562800727982
8.451941339067975
5.239792230202521
6.1528234298986915
4.548665449499971
3.9570467910999683
6.657388932797415
6.556993879696136
7.559005274999981
7.3068329268986965
6.816536282303813
4.293888375899968
4.721788282797397
4.987953594999955
4.964654583696122
9.371904618863981
8.975745741303834
9.291581126271991
6.886038793899999
6.792787799100005
6.455387564099989
5.3544916885
7.877817077599998
8.99676114810001
9.73867642990832
10.313097125066562
8.901699835202546
12.083256545999985
11.381724743833592
10.45815633864638
12.79148315599999
11.043544689999996
12.350251085999998
11.649997081
10.886662022000003
10.093833162002719
9.791276901061126
13.871016826000016
11.143690609999997
11.954054725999987
12.382098025999987
14.476678136999992
13.971571766999986
13.46531113099999
12.161499126999992
11.390354113999992
11.347776103000006
8.820340644797437
9.601286216696156
10.682680340999992
12.509072077999997
12.403380089999994
12.523310344999997
12.340921331999997
11.878304613000003
10.825954806999986
7.354213679493577
7.2767520844051
7.898003654506379
8.878510359202545
10.407853106999989
9.252347958271987
11.656233950999988
11.95921358799999
12.202048916999999
12.268134740999987
12.371300651999995
12.686424352999998
12.707123746999988
11.998822896999984
12.160983677999985
10.926468966999993
12.322971953999986
10.428755948999992
9.537844227727977
6.774624285898689
9.198071177795983
9.883709652795986
10.028684469727999
9.46913289179744
10.776366572999995
11.299454719999996
10.662471233999991
11.078319948999996
11.308316076999997
9.594347502067997
12.42762072100001
12.776630023000008
11.461233248999996
12.626988619999999
14.368292804000001
14.177248364
12.784106019999998
13.840179613000009
12.441102936000004
13.787932245999984
14.212413814999993
14.953747233999994
14.900671923999992
15.136919622999995
12.703672034999986
12.902483550999987
12.938517960000002
14.063571628999991
14.25263041199998
14.971636200999987
12.610633068999986
11.77659332099999
10.087157244931992
8.62341233059487
10.711537769
9.902661019929262
9.650978544727987
8.4383153641
8.704475396696155
9.132645721405115
9.304870626797427
12.115009151000004
12.86743187899999
11.280323441999986
12.193800724999996
12.369810761999993
11.865580588999991
11.643545360999996
8.751445323199999
7.468886276199996
10.36366174499999
11.656617908999998
11.922952095
10.221769726999995
8.424306706202552
10.585243436999999
11.443224209999988
12.180478618999997
12.543972684999991
13.072257344
12.211804581000006
12.828616144000009
12.426910515999994
13.487889400999993
12.914862267999998
14.034914543000008
10.790656215999986
4.979420574999975
5.778304025299978
11.429158585999994
9.487949426311983
11.169321074000008
10.678094837999996
9.635618066405113
8.688725215101266
8.88428025820255
8.98795479130383
8.818320669594874
8.793301533659978
7.4469399886999925
6.241128384399994
6.814336428799994
5.525619384799981
6.940165817299987
7.559287663303827
6.302052917499987
7.439119833405108
7.519710601797429
8.485829226696147
8.422422042797422
9.533809706067986
9.92769491290016
9.723300578203984
7.276840010101259
7.546896301303824
8.688189298999996
9.11055056610127
9.522252151339984
6.561415914899982
8.191074031101266
3.9375902739999784
2.452321984899981
6.813940890499987
2.052235865799978
2.8112523772999847
2.3746144668999745
4.257593385299975
5.157235555999977
3.4602698302999673
5.533032481399975
8.973945333931981
5.221558196999978
5.188010116599983
6.615269232202544
8.511939004493588
7.653142205797427
9.657614250135982
7.5990015472025405
6.619374217202543
7.594335165405089
7.441220103506385
7.944888873303821
9.17290511313598
9.422686323493592
9.239699560493587
5.862105306999985
3.966451861599979
2.5137381743999763
3.737018897999978
4.846932253999978
5.958122912599981
6.717968385303819
2.421455326799976
1.8948929152999776
1.8156633300999752
1.4983872176999953
2.1420103667999673
2.896017269899979
2.563957951399982
1.6761314193999715
3.4472244750999668
2.8679446395999726
2.432328170799966
3.6153574676961204
7.384847001594852
7.75445705259485
5.258877267506369
3.756605619799971
4.305116407799971
4.439334283399977
4.587030204799982
4.070266101099978
4.309110865799971
4.408154428099965
4.846253111303804
4.990300068696118
5.212578236405092
5.66189214169997
5.863676519799988
3.211837948599978
4.9633079177999795
2.078145484899983
1.833262263499979
1.620939939899981
3.272680837999967
2.632285938999975
2.6629556716999794
1.5508464568999734
3.520671746799973
2.679601864599973
3.2545176391999697
3.4613384078999805
2.6963351317999735
4.190888926699975
5.1096422225948475
6.493455737303816
2.891449899299971
1.5917866713999718
5.0600829712025215
8.117581129506382
6.9517162643038155
4.987715730299975
6.252142381299985
4.110692739899976
4.784325907899975
6.2439919295948565
5.749310131797415
6.6237003554935745
6.274243470799982
6.484841580199987
3.9532538756999775
3.002684471099965
5.556819453405082
4.5053431792999685
5.824298948696129
6.78089301609998
4.404511679099968
7.287620274399991
5.411295220898686
6.538988848898702
1.175814882186381
3.391495649699964
3.724202735899976
5.077666238399979
7.095213024898703
5.015375772099968
4.004176725799968
6.161793450898686
4.192245220898679
3.6281023772999688
3.1559313979999675
2.9552215667999735
4.293517274506366
9.757709832858534
10.666484952999985
9.225024229271984
8.717450117506388
5.073990507499975
5.137774745199972
6.286422270202535
7.66540643620253
8.671963638203973
7.778243569899993
7.316666329999978
6.408573304699988
7.3701733948
7.451852790797416
3.519072802699981
4.241148612999972
5.914562416101239
6.671329424999965
5.710742280599979
6.7618624648999965
7.359726563999976
8.758074856594863
8.273377900696145
9.171629238898712
6.002648120101245
8.525823326067975
9.987575624070706
8.128032789594865
8.61621497340511
8.583625711101279
7.728216926594868
7.947535392797428
6.345546324199979
6.623140505999982
6.44191413730382
5.422095004303807
7.352978071594853
4.431655448899978
3.364680372599971
5.278184922797399
5.450587675506361
5.40460760649356
8.293702029405095
6.25862678679741
7.741000097696145
8.76051332399997
6.824799688696132
2.6685867614999568
3.93358618009996
5.284128971899974
6.832077465797411
8.508148043797435
9.292401493863988
8.14887615810126
5.260027036999979
5.551449450696124
5.861706289696138
8.626837022405098
6.037975697303802
4.396598359702523
3.201147699006361
3.4563158355999666
6.87969681399997
9.753486399863982
9.990153781067985
9.78424473886399
8.384639327999977
7.9969472808986914
6.333101429696123
6.236828115797404
6.1252237136999845
7.39547476809999
8.810193646202547
10.319176859999992
7.948786695899998
10.119805137727992
10.95921033899999
5.801415576202536
5.888224797099979
6.5172070541012594
6.596923297099978
8.350530113202547
8.635350103797434
9.148301832600005
8.101885903898705
7.342551806594856
5.278728250101242
4.881267996202516
7.081437147493569
5.069260096696127
8.536529183999985
8.4710788834051
8.190470724339969
6.526899531594859
5.275286103797413
6.281437518303815
6.711005870099994
7.559880238303829
10.05590521100639
9.977497715698554
6.100126061993577
8.713249142506383
8.32886235660127
10.812814057999995
9.968235463006389
10.624495031999988
6.930200488303813
8.116816032271975
8.679960716202546
9.85902021912224
8.421022699006386
10.861853016999985
10.216646705717105
8.831171969727983
9.448218881135977
11.453743924999994
10.910070180993596
10.52341186048816
9.06866463620256
9.191708663900005
11.658842677519992
5.781341143803815
7.976390763898693
10.351845196999992
11.2095904124864
10.842138732999995
10.531193755999993
11.471488997999991
9.949888236999996
11.367776352999998
13.0151881868336
12.036181317519995
10.024986477635991
6.873161682099987
9.413185020438384
9.372441435202555
10.726323398
10.466755950652795
10.388194885447044
9.003341706797425
9.563491892999982
10.386162120070702
9.351353237931988
7.65125426179999
8.662982844493595
9.44373671413599
11.299143439999987
11.757518171999987
12.656459823999997
10.553550792999998
12.465970511999995
12.468180118999994
13.120265208
11.153403798999992
13.184181188999998
13.591593239999993
13.293879043999999
12.777245925999988
10.670686583002713
10.692343966999994
12.60122825652
11.180624239999986
10.023569929646388
11.425036467
12.821002035999996
13.006418407993594
13.406690627000001
10.180630894353582
12.197804724513599
13.452697443999991
13.452786381999998
9.917986070212146
9.101799627795986
10.409469616999989
11.242503037999986
12.127228144999988
13.356610317999992
11.825861640999998
12.754138962999994
12.529907218999998
11.961891645999986
11.600930597999985
12.49324777099999
11.191389577999992
8.119995503202544
12.043867313000007
10.786431005999976
11.645777897999983
11.707287612999993
4.386815501399978
4.737148963899978
7.660409928898695
10.21393299706799
12.750968786999998
12.36822736799999
12.464228116000001
12.036562793999991
7.28920804750638
11.989768836999994
12.316168992999994
7.257963282797413
11.103849775999985
11.297815096999996
10.133494775282868
9.069840002405108
9.620157813999976
8.866749119601266
8.740344613594868
9.76023771979599
9.669714558271984
10.13328837286399
8.308300227405104
9.452823738101271
7.2858940032999895
10.073003264002718
10.862512548999991
7.127676966898701
9.119551536727982
10.080336769067992
10.495526018999994
11.255293793
10.985682012999995
10.822073903999984
10.482115502999989
11.646366103999991
9.240200250202546
10.136011436339993
8.77960894779743
8.138398168898707
9.124397566302376
8.171552758797427
7.220409095797428
7.843767379799993
6.541482080099997
5.966877259800004
9.472362287898708
7.638013124101266
6.315026238999986
4.625526440399982
9.429500889601274
9.33643224030384
9.498162933197586
11.545800047166393
9.27296899410128
8.763511850006385
8.80762071530383
8.792362960797428
10.005088653723506
10.030850038067994
10.440318142999995
10.442308886999982
9.502533866931984
6.276496090699988
4.731663560499999
6.3614936905
5.6439447188999825
8.701183247405101
8.612520785493594
8.239923594696142
6.99300997310126
4.8713247237999715
4.567510975599974
7.970830010999987
7.199165949999966
9.661345490999986
3.188082316599977
3.278756841999986
3.872568797299977
2.5697243422999785
2.7360918273999673
4.958025645405088
4.612024610899975
4.252744110099972
4.256532508898683
6.8990429642025335
3.7485216186999732
4.129630013999987
3.6934191832999854
2.465457528699981
3.9974779830999774
5.539342878699976
5.999640321405096
6.620629414405093
7.3132402252025415
7.257795841999979
8.380197511303821
5.974876148999996
7.114167929101265
7.224391078202542
7.237254753101263
7.0387126739999815
2.7474163833999774
2.451139283799974
2.106686419699971
3.7985018660999708
2.597343444799983
2.7251690154999673
5.405981584199973
4.074330749499972
1.54342256769998
2.050661537199977
5.128330487099969
4.960357383699981
4.237667399599986
5.213184345999976
3.7483412871999753
2.781309788499971
2.3488990874999733
3.324934635899965
4.800841427599984
4.017413848899995
4.689298529099991
4.147129840099969
5.7824469115948505
5.749802615405085
8.103614825405103
2.1724959502999717
2.458013732899966
3.626342594899968
4.157906101999972
4.503005096399974
2.5710075744999745
3.9415728545999777
2.0478491607999767
3.585866220099966
4.154902082799982
2.0598233825999723
6.106307353202534
7.385495579493584
7.615574168405097
7.3174210602025385
5.532734489405093
5.128500750696133
2.154377427699958
4.201576837199978
5.8166648299999775
5.618338786303809
8.109358656303817
5.850389247101244
6.734344380202528
7.272095684797415
5.129817015099975
5.283450064101243
7.362553065506378
2.248664475999975
2.365007264699972
4.253287347399972
4.595432611099963
4.285004067999969
5.324175476099973
5.76730603030381
5.127375320405092
8.89695330806798
2.634860324099964
5.10952936399998
5.259725184599973
6.131369361898692
4.178577670299976
4.3608788512999705
3.1184628097999614
2.6749804732999642
3.0075954146961177
3.373198576399962
3.590860075405078
1.1136138462070362
3.3799616988999746
3.172302773999976
3.9460676543999647
4.8851522583038
6.205014538594841
8.756613793898707
7.821684170493583
6.899766337594853
8.124486907999975
8.68751752010126
8.627018981898711
8.968410414067975
9.999877300999989
10.980549598999987
8.104019285594859
9.47631098014142
9.683359234727984
10.197415035999985
5.909627542099982
8.29278298030382
2.461498112499973
3.0361165511999735
6.710791738898695
8.678174928203983
8.142314474506376
9.681833398271987
7.559430355797425
4.09103222499997
9.344097814898708
5.444397944599976
7.55538601679741
7.73927286830382
6.101650788898696
5.07365952299997
5.553326052899978
3.74851521610124
5.252794465594836
6.619916149898687
5.918213624594838
4.5090041137973955
5.985374911506353
7.596206491101247
8.920975527999977
9.679710914727979
7.77434137269613
7.836678634594849
7.5255095748986935
7.639911274696121
7.810419111594846
4.752378219594845
5.000467604101233
8.353509065202545
11.051493604999985
11.914194869999992
12.151481078999995
10.616926580999978
8.099171591202541
4.785109957898692
5.4413634125063615
5.327390493797394
7.896679544067957
7.398531515493566
10.149622680787823
10.37471987199999
9.483382223659985
9.17614704593197
10.350978641999989
4.355770448303808
6.377562557999956
8.609256857203968
9.40143468178782
8.599551850898704
7.282360559101257
7.015660884099988
10.642652138999981
8.546130267303825
9.679605425999984
6.843299864202522
7.708535038799993
10.251157041966719
8.24632842099999
8.639403674303823
10.34754209899998
7.8284055923038185
5.686666424594829
8.041087120101261
8.049104824863972
8.276875778135976
10.120483805863985
9.491410671999988
9.687218745271988
6.985351945506377
6.699177006493573
8.531762168898714
8.518249119727974
6.83849141389868
5.946943659999956
7.304560086101261
7.562753277594863
8.846574977099998
10.359673498999994
11.548178034999983
10.058585162282869
10.548213882
9.91827191490016
8.920696290594881
8.508789056405114
10.108311692591682
11.775417437999996
13.008623537999991
12.801404812999994
12.431035540999984
9.899582171727996
10.034971133271991
10.267876583929269
10.26153665171711
10.285624751212142
9.794267187327192
10.037481057795997
11.088621881000003
12.088652634
11.725864963999987
11.424682845999994
9.852462611282867
12.164504494999994
13.016825905999994
12.645668406999995
10.447654435999995
12.421955408000006
10.060248919795988
10.084629974271992
11.985719970999996
11.349055945999996
11.386090220999995
12.458060081000008
12.442871797
11.873941967999997
12.633128496000008
12.710916475999998
11.941549111999986
12.368923816999997
11.572119242999987
12.242019907999993
12.618526354999988
11.039332279999993
10.719720977999996
9.86056013628287
12.29125679799999
9.531251768506394
10.605079442000005
11.236530996999994
9.736529347141426
11.198810831999998
10.038011883999994
11.493092229999993
12.174083614999994
11.036703905999989
12.534747591999997
11.567491431999994
11.795372851999993
13.370285149999988
12.947261562999994
11.934885351999986
14.070068490999999
11.860778014999987
11.00262656399999
9.629573579405115
13.607816109999986
10.67646322299998
8.570921141101257
11.356442682999976
12.466589603999985
11.781137964999985
13.25760581399999
11.737345765999986
11.616394797999993
13.138632181999998
13.12618735799999
12.55599143999999
12.374232725999994
10.732540961999995
12.235775191999993
11.328960422999984
9.964739987135989
11.213910770999975
11.444910656999998
12.015739039999982
13.002717644999995
10.796100337
12.052078641000001
13.074534173999997
12.824610982999992
14.279239789999993
12.361932786999994
11.441668805
10.675050234999992
10.978362447999992
10.709791930999987
9.891902403203995
10.17100872799999
8.355395156898705
7.430056405599993
6.610801797500002
7.9212977935948645
8.209699304202548
7.5045726074051045
8.855772813405114
8.53876410830383
8.226409088101256
11.02343475499999
11.522112217486388
11.891503317
11.431156003999996
11.75918484299999
12.086886294999992
11.914182082999993
13.102534716999992
13.076450985999987
11.839819224999989
11.316222252999994
9.664652061353587
11.70238956099999
9.671522427271984
9.492038482795987
8.582755075101263
9.751931106717102
6.626102766405097
5.30095607599997
5.345070425405094
5.005656257594857
5.211520507799983
6.039336396797415
8.968722933999992
8.461326641797429
7.303641732799989
7.858518391405109
9.00861322940512
11.563417327999987
10.1563982315
9.899586842370391
12.334727836999992
11.104973739999984
11.666582093999988
9.932172335858551
5.807419731099983
4.242960931399983
8.6556704544051
8.210994590797425
4.818234039299985
5.249608572399994
4.312254481499987
4.4428710693
6.258559335303816
4.802945919799978
5.5726545334050925
10.14075462799998
10.736352799999985
7.580108668493582
7.773053082303825
6.190582815594856
6.4387878676961385
7.844128413405098
4.938653674299979
3.9669495544050877
3.3581574233999723
6.167652423101255
8.04197776489869
11.023095546999988
7.909427113303823
4.61263709409998
6.855195089699984
6.608495468099982
6.324916445899987
6.696312467999984
2.5320040969999873
3.229323207099976
4.801030226099975
3.0521319915999783
3.418991795299964
5.095863142399975
4.925364668299969
4.998978385899968
2.4063632537999755
2.8851861587999674
3.380146557599975
2.950871113599981
3.334819369499997
3.5233034026999803
4.134647587599973
6.045661454797414
3.996113841199971
1.4927092360999592
3.562176544199971
3.6326762252999676
4.198533923299966
4.2854041961999725
4.329536819506368
4.762478890999967
3.5853502608999697
4.5331807906961155
6.483531025696131
8.733337295493586
5.664833898898685
6.670732322696134
5.6864775543038055
3.351780442799972
2.126404263299974
4.274815347299961
10.487147962999982
9.800366000282864
4.200545396399978
2.3044749968999643
5.070918835405086
3.77349021149997
3.7677299895999763
3.106956971699978
1.717591429099969
3.7037534026999674
4.096977029399978
3.0493079772999763
3.3395832000999772
2.827060757399979
2.7026218001999935
2.5481681243999956
3.1578248229999804
3.0149839614999667
1.9597472442999704
3.053481368999961
4.452075801099965
3.167694471699977
4.692517831399969
8.198866168202535
7.531102738999978
5.298518272405086
7.483205978405097
3.9502693450999673
1.8378912917999621
4.082538670303794
4.236315637199972
7.623664256303815
7.581942472797417
3.2583317214999616
3.6718419173999637
3.593502812199965
3.3585075789999657
6.999829029797415
4.315328276101245
1.9448083343999623
4.699566143799976
1.9649170821999784
2.4492193664999733
4.010582585099974
3.940222839399966
4.935375131202524
7.201523130797418
6.82645923610125
6.411895323202536
5.342428323405089
4.580857528696128
5.831267195101249
6.57518449549357
7.346393971303803
8.666406045659972
8.375448954863975
9.380370495727988
8.275176365696144
7.287438557399992
8.56894812313598
6.117459045399978
7.6968664383038226
5.785155747999986
5.0318541884999695
8.163287013202535
6.178026829493571
3.215176255799965
1.684108746299969
2.0323780013999677
5.724372506696109
7.371378477506374
7.777851202405094
8.470280804405098
9.19708710320397
8.415459376493581
5.598036492898689
5.28897887120252
8.193217967202553
7.667753321797404
8.868848741067978
8.54450951079742
4.656855268898684
4.422932800299971
3.9044027511999757
7.462044724999993
8.616724189797422
9.334119218271976
7.461762718202532
8.27875256199998
5.462112467999975
6.547557995599992
3.387358546399993
5.122029013100004
5.795089991797407
4.912091027797407
5.6485617507999795
7.286324700899993
8.156028569
9.677736106931981
10.106407513133123
9.824127542067993
7.774815136700001
9.751913429203984
12.176490546999988
11.934066224999992
12.037517528999999
12.864612696999993
12.822054461999992
10.955652744999998
9.963980381863992
10.919395493999989
8.021372970594872
10.375010300999993
10.345005655999998
10.221406263999995
9.94833429407071
9.819249836787826
10.48815080999999
12.576517999
7.543969444303816
4.6933619918999785
7.226730410797423
6.062878300499989
9.623421614067977
5.535236633303809
3.805822990405088
5.419301504499972
4.699149067699967
4.534310749799968
5.404647988898697
8.07717310489999
7.603770282000009
10.927836203000002
6.35223563999998
10.245792967141428
9.045446357795985
10.882321846513603
8.18807247010126
9.856512943999986
8.618927560271976
5.3063064925948495
6.0870406585948365
6.917963661202539
10.392277570999994
12.219712761999993
12.828651378999991
10.91922074099999
11.741958048999996
12.792947617999994
11.585559282000002
9.76035853114143
10.179392073070707
6.68643681179999
6.5616677138999835
12.784448206993591
10.331604613999982
11.457393497999988
11.386647852999985
10.521959255999974
10.051713392717105
12.533107787
8.90686354679742
6.4758556365948525
7.189191267405091
12.463848774999981
13.80875318599999
11.330829244999993
10.283275360070704
9.095562315405122
9.807108726847206
10.370755438061124
9.709619343727994
11.454347112000002
10.474543323999987
13.725000341999998
14.238352230999991
15.43051980099999
12.742893619
13.334481762999994
13.402798751999988
13.134349939999993
12.044115883999988
12.396338530999998
12.016995244999986
11.527351487999994
9.80421500227199
9.548109339931989
9.697824284271988
10.392015461999991
8.785107740797434
9.45839905240512
10.153623867863997
10.168457189929262
10.870606255999984
7.871201831101259
6.529789887999977
8.4875875824051
9.188494074999982
11.607805628999982
10.917834128999981
11.584287342999986
9.855701148999986
9.54982763206799
10.378291381999988
9.21492783199998
9.976744453271998
8.084032131999976
5.43421501920253
6.453507241797413
8.43145312649358
7.133991227696129
12.06153835099998
11.892739423999988
11.876071135999986
10.734374362
10.385529517999986
11.775160354999995
11.538481819
11.594552323999983
12.59439361899999
11.533672724999999
12.333881038000008
12.215987055999994
13.769080709999988
13.213193795999992
11.687645247999983
10.361111741717101
11.893030755999986
11.185623192999985
11.221999730999995
10.767535204999975
13.026864382999996
12.734546976999992
13.010500060000002
13.13852839999999
12.624755645999986
14.056511805999994
10.375777717999982
13.100915584999992
12.619670299006392
11.479371929999992
8.381945642099998
9.68539439393199
9.575539891070697
10.498677483999993
11.464880771999999
11.664719066999984
12.147601537999991
13.736153127999993
12.608193807999982
11.675215301999998
12.64671724899999
12.543737581999993
12.473475715999998
12.446189763006393
12.158276323999996
11.726284919999996
12.281582215999986
12.428054394999995
12.65157398099999
13.202745157999997
12.746414567999993
13.583001217999984
12.067207613999992
13.159801079999996
12.135678454999999
8.237402441405102
11.937356580999987
12.63466524399999
12.309097515999996
8.881031907696151
12.39063123299999
10.19086764199456
7.941083215299995
8.883356179797437
9.275110104405114
10.385883423000001
10.995854439999988
9.498328733863987
9.486404745506404
11.495536805999995
12.502561020000002
10.767074217000005
9.088180372600004
9.454877203405122
9.497551579303835
10.686183685000007
9.374680749659989
8.092575198399995
8.306379151898708
8.249531556696143
9.28262617650639
10.335617092999989
10.487766871727988
10.157927894717108
10.830075350999994
10.466280332646393
11.460817078999996
11.834894149486388
10.280997312999993
6.658743624905102
7.141556347696137
6.371060551506383
5.709029261803812
7.12036104739999
7.988471122702541
8.717279309101267
8.596721397405103
7.206863661199987
7.370504093900002
6.746448741099984
7.82097230830383
7.950764767499992
7.9749040496999966
7.502035517898705
5.916993984999984
5.480992169199997
7.644334565696145
7.698360755899992
6.673371888700002
6.395586138899984
8.373059286339979
8.814643044999977
6.260877334594853
10.140348042203996
10.41999703699999
11.218967086999987
10.294464812994553
3.9095800338999713
6.090600636303804
9.6718810777171
8.398906706135975
7.246895008898688
7.553299034101246
8.291596461506371
8.64508669893197
8.603164704898706
9.729265022203988
10.424126551999992
9.263699198931977
7.832993055696149
7.817316430696152
7.733343279999987
3.8264096709999804
4.2052953674050855
7.660203893999986
8.723447146594857
7.896977224696137
11.929043557999984
10.68920053299999
4.391604858399984
2.1827738112999726
2.233807830799966
3.4938595153999694
6.20918965610126
9.914058969067993
8.1514695328
6.9661848449999875
7.907526090999981
7.573977156101267
5.364360047899984
2.957108174099961
7.594651278696137
6.663424920696143
7.061334202594849
6.905522988898702
6.29157493439998
5.599186978099979
5.8844335799999765
5.274328488199979
3.7130242568999705
4.057644818099965
4.7662523284999665
5.100576272599973
5.3450134734935695
7.345410458405088
7.89132859799998
4.767698963899982
6.198768054199987
6.090281137099983
3.6067405806999764
5.497140362493566
6.053826339699987
5.375544634999972
8.584706481898703
9.866872486929264
9.811192839067989
6.967357263202537
3.0808409820999847
1.6421977920999744
2.7664653411999742
2.6074334731999813
6.7936287627974155
8.182002970898695
3.9308686873999745
3.3833142089999675
4.376715612799969
7.40603562929999
9.052084594795986
7.949405921898701
7.238964904799996
6.936737995898692
8.390702436797422
6.674280900594854
3.638401301599969
7.376147958405099
8.03969492650639
8.226207948303825
7.502284056101259
7.9938070694051095
7.985792845202545
7.7269190108987
8.42432444610126
8.95041271072798
5.405223030099975
1.8990479445999804
3.0460687942999716
6.6514030594050935
8.300564050303816
7.780569186405101
5.830676136799978
5.367036135899978
5.282988105799969
7.963644883696136
8.764128503271976
7.978943304405101
6.198998529101251
5.795109080493572
1.9794948333999742
2.584434780899963
3.8722987594999685
2.3094339461999644
4.502668859899972
6.762190408303816
8.340708041405097
8.128944363405095
6.985565237405092
8.677314077797421
6.785992088303819
5.665246827696131
5.887973457303812
6.103180876202525
7.64406778110126
4.887910208101237
7.953093878202534
5.6635396194050776
8.760829791303818
9.24749689940511
9.904841999863983
9.553780219999984
8.902631277339976
8.273739651506379
7.576333805797418
7.939477777101268
10.646935859999992
6.816189639299995
7.766908975199995
9.764945936727996
8.594501277200003
7.733381904599998
9.814236820999989
9.621576852405115
11.101504557999988
10.885801473999999
11.83674886599999
9.577837950067988
10.19706155999999
10.106489913931988
10.253907151999996
11.195689369
8.528537229898712
8.876495396405113
10.802700274999998
8.97535859679743
12.152184755999986
7.307577346799986
8.667693273899998
8.409410717797432
9.91590496513599
9.12940980069615
6.7271798691012625
5.88336314389998
6.673331875594855
8.182579139696141
9.531563609311993
5.711357548499977
5.050967556799975
6.309905425999972
6.315438229399991
7.42567979579999
5.849320492599989
5.467751086399996
7.8396859740999965
9.651058949203994
9.692267746000004
12.979275599999992
7.683768386797404
7.3344620208987035
6.6513445663038055
8.579169061203974
4.786216741899968
7.785783776899989
7.852679925493576
4.092958166493561
6.429516010999966
7.974091654999963
10.325252927999989
9.404647453203992
8.904904862999988
9.21367747027198
10.112546835212136
8.716704916405101
9.254759205594882
9.22139176789871
9.831656428646387
10.172848893787826
6.688955084196126
7.827368809499984
11.608332024999998
9.276333995067985
8.683280564898713
8.36463310389871
10.356393364000008
9.403685226405122
8.715802981600008
11.039242453353577
11.186677137999997
10.105214933863989
10.240920020999988
10.886774732999989
11.032434650999988
11.607433880999992
11.433069054999988
12.628193873999999
11.287122823
13.001150453000005
10.910593651999989
11.012667731999985
11.278462008999993
10.583015320999992
10.553713785999996
10.188578626999991
12.181992370999998
12.57920634599999
9.93665591286398
9.95422779228286
10.220572875999993
11.575064092999998
12.476793255999992
12.645362001000004
11.310665465000003
10.219039310008158
10.443186208999995
10.813856273999994
11.281431507999988
10.20879648751359
11.997656635999997
11.11337848699999
11.646093647999985
10.092396144070708
9.285387806795985
11.859344945999988
11.563992146000004
10.920573257000003
10.93700768299999
11.217285767999984
11.031442159000001
9.330077215594873
9.094482582101277
10.907368077000001
11.770207861
10.70201111899999
10.76644735399999
10.371554790999998
10.028453716999994
10.1585014139864
11.613227561999995
9.137125344797429
8.525334637506386
8.57870360410127
9.39361296393199
9.270545068271982
12.514937229999992
12.045064309999992
12.690136273000006
9.453814149339989
6.556188497899985
7.957440502899994
8.450122766099998
10.68315987100273
12.498643341000005
11.550292824999993
13.005323344
12.289040389999988
12.968777550999993
11.043502488999998
9.80879612421214
12.066658934
12.609466965999998
11.899532300999994
13.033099068
14.12426715399999
12.785793807999994
12.965540119999995
12.894516402999992
13.396540635999996
13.224000716999996
12.652987740999983
11.588602485999974
14.022758881999987
12.75120409099999
13.277523281999994
12.36642019499999
12.459429801999994
12.214332947000006
10.885099694999989
11.429581814999997
8.511782115202552
9.592600378271998
10.240059691999997
10.181328605627828
8.460489657594872
8.88694062350639
10.738486784000001
11.743051447999989
8.730094201696147
10.981718375999993
11.735889010479996
11.665092385999996
10.823890643000004
8.488702423101271
9.595826246727988
9.15598168179743
8.930963673405113
9.301112689202565
9.926575099061127
8.70512932740001
8.94733875269615
9.852890902795991
11.715072284999989
10.270202002000001
10.309355465999996
11.172835842999984
11.122897617
10.040802136135994
9.413597470067987
6.467533811999991
9.479889674271995
10.939688695999992
10.697342978999991
9.224101068101271
7.535440324405103
9.115175962863983
10.61843383613313
8.88823296359488
8.382606224101275
8.32976921540511
6.488446238696135
8.482105013999988
9.49685898899999
10.767703827999993
11.467027619479989
9.755646548513585
9.534062737999975
7.758526068101264
5.260838941999973
10.09002363893567
10.62235648200639
10.624856512347185
9.454815771333589
9.726649800234389
8.402256004303823
8.155318940702552
8.198722262594856
3.0324772231999715
4.624270556599973
7.964322033702547
7.859133650202547
8.286710658303834
7.506951841696141
5.890629472399981
7.316395761099988
5.362613738999985
3.9335198531999813
4.237808103899981
3.8746988524999777
3.8307806991999924
2.384569230699973
6.428145419303822
8.730704254196146
8.647218333271983
8.353891621405106
8.51622149810126
9.599592639135992
10.008148583999978
9.455570907727987
8.25671781920255
4.976308872999978
6.295556491099988
7.1608717574935845
4.789565119899984
5.281916596999985
5.484412385599987
5.458961183202529
5.105834999099977
4.639041491699984
4.966568278499979
4.094785441599975
4.426220933499979
4.8268701949999775
3.6232794585999804
4.200072264099987
3.9737851775999795
4.637581756599977
5.724066503898691
8.78293488006798
8.504535153202546
8.185959718303817
8.807024822999976
7.906313888493572
4.689637200898691
7.473373524506369
7.739522621199993
7.198700874303819
6.781090522797406
7.0540703948986945
5.066966685499982
5.437116546599978
5.158299021899981
6.004642300405094
6.6896364044051015
8.135617449999993
7.730466961696147
6.486870864898698
4.115464343299972
2.369864222699969
3.172988906899974
4.756538323999978
4.397407913202525
7.060527445999977
5.141095298799981
4.851166555797411
6.777489703405097
6.933398725898693
5.219864752199979
6.67980534669614
6.736054237405097
6.509497407499982
5.482781243899977
6.090470774797413
7.152080354303821
5.921247250399979
5.746198596202537
5.508993983506372
6.161409924303812
5.161817925999979
2.539983929399975
4.375317259199973
6.255555038506376
3.1063092925999745
2.782603141799975
3.931645770299972
4.028643218999977
6.139578823899985
6.0156510604999935
6.200004286199988
6.906723083499981
8.593780422999986
7.139212112405094
7.157813146999972
3.6891866256999757
2.6167059859999773
3.379230355799967
2.531882955899968
3.282850675999967
7.641990423727967
5.708457897898687
4.2695820907974005
5.372178956599971
1.6698061950999705
1.5015647211070384
3.0619559783999684
3.450377777099969
4.031111755399965
7.99737547150638
6.2248474288986975
5.57042869110125
7.395513377405099
8.449771295202547
6.858707676696133
8.957980439797431
6.303957862899984
8.531179362506393
8.974491570999987
9.763428987067991
4.895467735299976
5.403326628099971
5.87618814999998
4.520023980696125
4.832433489999964
3.896897901899973
5.568533644099974
2.575565043599972
4.529215660101242
8.364037805202544
4.69751685029997
5.344165165696133
4.139156220999968
4.4236762465948365
4.477258665506362
6.4984408416999875
8.66510010830383
7.788500181599996
6.743037904405084
6.840036447101254
4.011407937594845
2.9221233581999666
3.9190062697999637
2.8246623366999595
2.247273333699966
5.598547622699983
6.46617528989999
7.264472962999984
9.216551570067976
6.507329756202532
6.3549441895063685
3.6844963775999706
2.9772020949999822
4.333159068303798
5.446862737999978
8.519491543727977
10.153795434717102
9.809702381929268
9.330119244282866
10.97015126799999
9.497893699727976
8.43636482850639
9.189629685999996
10.194893293999993
7.4112815109
9.747297076271991
7.417529275493574
4.0795982879999695
4.058996363799962
5.358447129797403
6.233802300999955
3.803697093202514
5.672689767506355
6.382532046493568
7.042208261101253
8.980494461067975
10.22490556185854
10.239567348994557
10.001365264931986
10.936881060999996
11.62603612399999
7.524829605101253
5.826300826999969
10.413281327999982
11.365701908999991
9.127649436999999
8.494651885999993
9.049820356797444
9.421743057303832
11.008454938999986
11.637541160999996
9.353416755696166
12.253006693000001
10.721795653000004
11.448901398000004
10.721010221999997
12.440402920999997
9.548502203282863
11.477966189999991
11.147793531999993
12.659475852999993
9.630662492282863
10.747547551999995
10.393018075999992
9.013910868797426
7.922213021898699
10.224398580999992
9.936686364795989
11.670508405999989
10.875833083999996
10.037625227282867
10.63693829999998
11.201486207999995
10.915890639999994
10.583667449999998
13.147572295000002
12.993236959999997
12.525996183999998
10.572326081999995
9.897714387646388
10.150416478999992
9.534231280493593
11.445504228
9.989032266141432
8.374891383405107
9.207129498203987
9.221400433311988
9.080578964135986
9.759593714929267
9.22048104858398
10.25470649299999
11.74571193199999
12.894052865999983
12.302455001999993
11.772146346999996
7.985851037594863
7.649706211898697
8.420280895999976
7.498399272202539
6.708862458797414
9.294425794999981
5.775332751506368
5.372240104696125
6.514444128405086
6.9147251663038025
8.796766816696147
11.054792029999989
11.656121682999983
12.015443305999986
11.74859279199999
12.252723311999993
11.882674619999998
12.130400088999998
11.429977863999994
9.63366322330384
10.987801481999997
9.570687388594873
11.21979313999999
12.108541483999995
12.860150072000001
11.804321118000006
12.560265763999995
13.90849848299999
12.007168126999993
11.766319719999995
12.563193085999986
11.332293116999985
11.139600876999987
11.759904578999986
12.285299621999995
10.957171052999993
9.32041920169615
7.630045915199994
7.070383096299997
7.883117999299996
9.121840367101276
8.988633492999986
11.056257425999997
8.979243135067984
10.910928765999989
12.37207639599999
12.983279989999987
13.303096204999996
13.690709382999993
12.40926406899999
12.025254685999986
12.619937291999987
11.706515319999982
12.652664579999977
14.142947288999997
14.406905167999996
14.468422964000002
14.745509038000003
13.211112587
12.541004390999994
13.682445449999985
11.214993256999993
8.166108242799996
8.296172955303824
11.37552853899999
10.624556292999987
8.718532232696152
10.555846677999986
10.430023896999991
10.417937714010874
10.35629803199999
11.053844214999998
10.357137932999997
10.736781844999987
13.243389351999996
14.077753724999988
10.845596541999988
11.287893174999994
10.846075228999988
11.11077739599999
9.31003612368799
9.604024308863988
9.651948101858538
8.760653675863978
11.807479145999988
12.171440946999992
10.819822849013596
10.160942056212146
13.142845458999991
10.921095638999986
9.778186701999982
9.84529273521215
10.835218764000006
9.516585730000003
10.596961103999993
12.666156490999999
12.572691836999994
11.559562009999988
12.751467302999991
12.794784601999998
11.775697100999995
11.411809545999986
10.17207720792926
12.509880723999986
13.37145911099999
11.530528547999987
12.671884963999988
9.688055599999988
11.01507136099999
11.406119410999988
11.647265481999986
11.095416825999992
10.526568139999986
11.166874695999985
11.301867411999984
12.732645612999999
12.124576511999987
11.649156312999992
12.331774955999984
10.482109485999988
8.218023945594856
9.904964376858546
8.392234461999989
8.583153182999986
7.405425826999986
8.462293965101267
10.750609154999987
5.261731840499978
4.31764338679741
4.2322179046999775
3.129191360499988
3.30151826169997
3.6956655182025258
2.301755902099975
3.2039623626999747
5.121366444399978
2.705981431599965
7.3138413115948495
9.64770535727199
9.041063189696148
7.8785233643038195
4.987995123299977
3.5233071380999768
6.429891883899982
6.98655763699998
8.43568859249359
7.875401455696133
10.023026382271988
7.619244676202534
3.745198240699965
4.613355136101246
4.130692669699968
5.061646685797403
8.839379536271975
10.263839932212141
10.445476546999988
5.8977963759999765
3.9386758208986863
5.023608125303812
5.766614503506376
4.009470355199963
6.06107500920252
9.529305059863981
9.383664091353578
4.418076016199971
4.768759916699969
1.9577635894999723
2.0346605086999805
2.941415708899965
4.620895242303808
5.0341059814050855
3.996814317299976
5.142512837199975
4.030422877499966
2.8910860778999687
3.8292363112999688
4.01857636569997
6.237308085594839
10.710018442999978
11.304241628999986
6.244066239899987
3.140922050499986
1.9214698546999849
2.789644943199991
2.218068327299979
3.366222431899972
3.777736474599983
3.8408569335999823
4.016355895999982
4.116890592999966
5.6460724074935715
8.129467097506378
8.103848467999983
7.245521853594862
3.782475694299981
3.2196539321999693
3.666515843199968
4.545258471699965
5.393638738999965
7.163431275898695
2.336979197699971
1.3485156280999866
3.4393715224999806
2.855384919699971
2.479649165299964
4.3895146148999675
4.205922943099969
4.921893266299979
4.535265936299988
5.67246342320253
7.851553630101253
3.7609682677999716
3.4973153029999615
3.6289879729999717
5.787418858299982
5.496545115699978
6.450750299101254
6.725145495594851
7.869627514594853
6.837559880099986
3.4296422744999777
3.4220492171999775
3.5794310363999653
5.920163078303805
6.195520815999977
3.7677245406999793
3.307728860499971
3.8414500945999674
2.4789271163999653
5.027681272898685
3.712767721599974
4.6905883132999895
4.976291209399989
8.013846401999977
5.851919293202536
7.115334422303819
4.551763935899974
2.8099728591999655
5.79802915189999
3.938999444599988
4.088199977099996
5.108343220499974
7.861580219999994
6.4927185149999715
6.471447532696135
8.76833592530382
6.013813227797413
6.728168257101252
8.296601594493579
9.108301623659978
8.61193809372798
2.578427940399969
3.5986623931999726
3.8095134872025174
8.870882276898705
9.835140809727985
9.904123870863984
5.398810520898683
6.438472389202527
4.832778619405089
2.913250486799961
4.471227453594847
4.521358166493566
5.629682220506371
5.066975622599983
5.003297796599994
3.7059784148999917
4.211693052699996
3.1211764770999957
4.4725400146000025
6.2123144135
9.063855744931985
6.000509435999981
2.882247251899967
3.773050228899963
5.640571530199984
5.675553749101244
5.69746780089869
4.76196193389868
4.831425164797408
6.573125781202525
8.624511219863972
5.472162762506354
3.6346781188986723
6.508035548405067
6.319164338696129
3.303322871399961
5.9555835312025325
4.035666970797404
3.9778315781012368
7.65577874150638
9.458471569863985
10.420521911999991
10.65956448699999
11.071884624999992
8.794351672405112
7.719556944303819
5.497013125594848
6.983350512696142
8.13191890560126
6.584967750493582
11.207761231999985
10.498275813212139
10.19738490899999
10.694937589999977
10.42902882999998
5.107464665199975
6.737519840999988
7.187742790202538
6.708154180899983
9.37519756620799
9.038478457727981
9.196536241067989
6.1313009293
6.107796086099992
7.546180779999993
7.453616293299993
7.580612734999991
9.966625344999983
10.52729880809984
8.83434014120398
7.689512155202538
10.639008817999976
7.743353047199995
11.217146876999987
11.704109237999992
6.696787750199992
8.473633015405115
12.659184490999984
9.713769689931997
9.894977723795996
11.386048500166389
10.509066813999981
9.888962162858547
9.55835493006799
10.669154514013611
8.551250402797425
10.05631189413599
11.005619730999982
12.917520882999995
10.708062444999989
11.083787543999994
12.553627394
11.763028624999988
12.586699215999989
10.639389585999979
12.395943639999988
10.28385401799999
10.531881545999992
9.218018852202553
10.890385706999998
10.379857730163677
8.678993064931982
7.2004577376961345
5.622265862999973
5.973235205099976
10.46626064799999
10.501839165999991
11.876225257999986
11.871393101999988
10.767190435999993
11.546876185999992
11.61195751299999
11.845977533999996
11.716905890999993
10.786172245999985
8.582620988506381
11.133099137999993
11.666652416999987
13.988736597999988
11.318239054999996
12.343791234999992
12.840827111999998
12.297086726000007
12.103464412999985
11.273002549999992
9.540904615797432
