12.179988622999991
11.212195517999989
11.932643390999987
12.88570902999999
13.550050571999995
14.203428338999991
12.480513094999987
12.597825002
12.613547674999998
12.324317833999995
12.875877768999988
12.580407696999995
13.030835833999994
13.855508911000001
12.77571609199999
13.326382285
12.145283771999992
12.736800644000004
10.719757621999998
11.502479986999989
11.386355150999986
13.62823461499999
13.515714642000002
13.008842415999988
12.903117275999984
12.898023873999989
13.466961835999998
11.533117450999985
13.580953696999995
13.324844146999988
13.863024929999991
12.053081026999989
10.632606211999983
11.470773839999993
9.799074389717102
10.436107960999989
10.901954197999979
12.730850030999987
13.300594280999995
13.474477530999991
13.144094924999989
13.367355054999996
14.495486812999996
14.228566465999991
15.534607912999999
13.476058127999993
8.803848310931977
7.438809034696131
9.74454695893199
9.564570201101281
9.948939822271992
9.645116694727987
8.249823498493589
9.43952236320399
7.354295922900001
6.035552487199991
9.654366213999996
11.125732561000003
10.456841446989124
10.885512182999985
11.448314013999996
9.996120250002718
10.899069773999999
11.023671448999993
11.605060127000002
10.428197554
12.990751134
10.427975681013601
12.877760773999986
13.917685552999997
13.765234972999986
14.721298346999992
13.789293741999993
14.801638920999988
13.396270638999994
10.84540728499999
9.813356875727989
9.675623910659986
10.545082709999985
10.081342944203996
9.437801563999983
10.976444669999996
13.13833943899999
11.77196511199999
11.282298096999988
12.176613250999987
10.80560403399999
9.491174876271991
10.796420466999988
11.557707407999992
10.801208274999995
8.538989170797425
8.815445805271969
9.724481123271982
12.446203957999995
13.551090080000002
12.684734438999996
10.943057616999988
11.077805900999994
9.520242140202564
8.739990580696146
8.303557488999989
8.472323670999986
9.00797263489871
10.236117212999993
8.79683217769615
5.72013014069998
8.954279492202543
9.550878333999982
11.214152584999981
11.612230104
9.075506231696151
10.142764114271992
10.667660486999992
6.576354301506381
4.304382397499983
4.363537673999982
4.273272500599979
3.5997513244999784
4.131125355499965
6.311410545303809
3.476014515699973
6.58601030730381
9.313867619203979
5.587144828797413
9.919692060929263
10.691203570999988
8.676696627797426
6.376176614399985
5.168877209499988
6.575075463898696
6.208541404696131
6.988592916898699
6.226216006506374
5.167598109399975
5.197735868799975
5.75341105799998
5.973975027506375
5.873813294999983
5.368609188799985
4.53993130189998
3.8177698119999692
4.7623053115999685
5.631453477499978
2.6674051299999713
4.69574040069998
4.469195434599978
1.5741800597999842
2.894822431899958
3.064998913599979
4.867616510000003
8.193705662493581
5.407093991101247
6.439760562101243
9.644815042067977
7.488041972405095
5.783379907202528
6.499280232202536
7.014782841506376
5.691335630797417
6.057104031405091
7.244147865303804
7.313774696405093
7.8470976318639645
8.327276104696141
9.146145636
7.4590088225948685
5.387966657999984
3.9223620070999745
4.410452941899981
5.355073380999986
5.672463095099984
3.987909872405085
5.756870864898677
6.599153227202531
5.555798443599973
7.883990930202536
8.177458700594858
8.219019810506373
7.935140034506381
2.3668736114999738
2.1518198241999618
2.2091718596999703
3.733898890699965
7.630297376999968
9.762623327717103
9.998184037863986
8.80679783620398
7.90718086399998
9.366462101795987
6.857535124202542
6.061508538799982
2.3950611953999714
2.0411873717999867
2.696171737699977
3.833178964199965
5.21150772709998
4.40090028079741
3.221230401599975
5.382321746799973
5.631441967797419
3.3558908828999723
3.6974471206999744
3.3243883193999704
4.462782307399977
3.5941008086999617
5.465260612499984
3.974784034699996
3.497202746599987
4.563507975799983
5.016523109399975
4.338237002599975
7.205667457594849
4.213486459399966
1.4550748187070395
1.9046358413999662
4.41396045989999
6.75912953030381
8.486003564506388
7.4640710464051025
7.506498730506383
7.053286309797421
5.6883439224050925
6.323919172696138
3.2241687240999743
4.971504470799967
7.012516563405093
5.130675550797415
2.740430419899968
2.5934138518999705
5.307963320899984
6.7435383133038185
6.737685453797416
6.824156584199986
6.098172372405093
5.273230630506364
1.9546551391999645
3.471882604999964
1.8978903182999696
2.521410971099958
5.242073359699986
3.247059413099981
3.2188000503999623
4.274673219303797
7.033999407999986
6.401053672797412
7.980514103696147
8.315392596405111
10.863732079999988
6.2711434234999786
3.807412033099971
4.822183425899968
4.809448413099969
6.563642591898685
8.562611540135974
7.620546488999962
4.330300405899968
4.379342150898677
10.864456338999979
9.4001437850707
7.2985419724051015
5.89801114649357
8.196792524795969
6.97495544889868
3.3498045394999623
5.347990164199981
6.412394787594852
6.2456342376999885
8.157644810506374
10.747131595999983
8.928067307999976
7.0183422852025314
8.3922736404051
6.182110627696132
8.719197737101268
9.892179255787825
9.587110351717103
9.286227134795986
8.776571768202544
9.599446066203988
7.132688102699985
8.142938658099997
10.17836399100544
10.23687019335358
11.09743967899998
9.825538464271983
7.764880055202532
11.389140861999993
9.499012623727982
5.597106486499976
7.885115547202543
7.111837004099993
6.216159202600001
7.591467854299992
7.957729718000007
6.908321159400004
10.821602778999981
10.139060880999988
12.17280824599999
11.597690773
7.436545800797414
6.655367045594849
6.991771993999965
5.880052938797407
4.813162365696121
6.852788012696137
9.009790283202552
8.343933306899999
9.285673403931979
12.226320015999994
8.865728216727977
11.003851877999981
11.375630637999985
6.794866886899995
7.448311668399993
9.895135932929259
7.572296729999999
10.926783184999985
10.176548820339992
11.43655472899998
5.571172146594856
5.447111123699984
8.776844840999983
5.15183245539999
5.767467520099993
7.3396452514999995
9.777602229203989
12.779285746999989
11.738937827999985
11.475381147999993
9.028387391795974
8.330375604202535
7.836148159797419
9.700648330687994
9.512195661929255
10.782139618999988
4.414207090797401
6.926475221303804
9.619908996727984
10.623331586
9.628005314594873
11.498812871999997
10.412312191999998
12.242112308
13.426173518000002
11.822305329999981
12.643889351999977
10.657703797999982
11.412166971999987
12.085125251999996
12.620034738
9.63593560792926
11.675178099000007
11.471072088999993
12.915725976999994
12.984404798833593
12.68143742099999
11.3640598919936
11.77236142099999
13.744659856999997
12.835197352999993
12.909383172999991
13.294025120999999
14.21272689199999
11.972064968999993
13.425058379
10.537281194999995
11.267235989000001
10.660065873999985
11.684059457
11.983091965999993
7.797971777303822
11.994275977999994
10.338509437999981
10.026649931212143
9.212486091727982
9.701515768282864
9.746564411895994
10.500737233999988
9.459123376339987
10.471436934999993
10.813205362999993
11.559989937
8.744887992898711
10.454943354999983
11.700316546999995
10.849492469999998
13.481423942999982
13.20076549499998
11.296298292999989
11.032680253999992
13.302424912999994
12.821883112999988
11.603236802999985
6.787889089999978
11.230834734999984
11.758270269999999
12.610387838999998
12.162133973999993
11.56538187599999
11.383735618999975
8.254381291202542
9.768620603929254
12.501903437999985
9.778406437795972
9.073054667795974
11.675897974999991
12.447804728999989
14.396038347999994
14.583330758999994
13.168046750999986
11.344572297999983
10.832516268999987
12.673043751999986
13.037488242999988
10.080190040717108
11.635208137999992
11.795911147999991
12.102850690999992
10.912882920999992
12.631559395
11.601889495999995
8.498535333303822
6.948075508101256
8.009475387594861
10.464212552999987
12.922253698999986
11.743826763999996
13.420623842000005
13.143193471999998
11.768547317652793
12.811632877999989
11.488389742999987
12.167428626999998
12.50056580999999
10.951181420999987
10.980510399999995
11.226419179999985
11.624543477
10.449986632991836
9.813074937271999
9.417264472999989
11.558303126999993
11.432147317999991
11.033068990999984
11.086621268999991
11.503231940999996
11.930268518
11.961506298999996
11.880941300999991
12.560650910999996
11.421646525999991
13.751029825000002
13.090422278999991
11.589827466999989
13.222880454999995
12.39356899899999
7.54428213499998
5.8116084197974205
7.885689125101259
10.424638919070704
11.302901884
4.99706247709998
4.554139300499981
3.51288412019997
3.824505058299985
4.419155516101249
8.06425058750638
8.891406895405103
8.159323553506383
6.158663505599984
7.225069584696144
4.734695094299994
7.3317650451999965
7.1857709990999945
6.1252488785000025
7.586876110797427
9.19373918772798
9.845689338795983
9.027429009999976
9.529391123999988
10.48549504999999
8.991578832999972
10.493558694353577
10.894386115999987
5.480578211999976
4.3476434615999775
2.7251482314999715
2.8648939635999806
5.319511613506364
6.862391368101248
8.892974049271984
8.70635202479743
9.881101040717102
4.707698976099978
3.924507821699965
5.739393241898685
9.351808781271982
8.622468858303826
8.823401115271972
9.86835884699998
11.079594636999992
4.50387513279998
6.365949198898692
3.2559644256999696
3.1902159087999737
2.7217456634999744
5.210355790699997
3.508169970699987
4.184764511099995
2.8962682296999778
4.055528071599976
4.528930329899966
5.897889382898686
5.5176377654999795
2.0847791228999686
2.413275859099973
3.8641128829999727
3.979119491599984
5.30757762909998
3.387168316699981
4.444698339799994
5.757372364799989
6.598836920202533
8.063905192594857
6.318924432405087
7.724386766101251
7.833355006405098
5.162306582599977
7.632866406202528
6.72053525850638
6.3812519759999775
6.2348653152025335
6.955595368999969
5.532596844506367
7.91471186369613
5.810532945303817
1.8598629134999798
1.9551057570999724
2.4857311629999885
2.2321993651999708
2.6502015609999683
4.438507618699969
2.748014030499975
4.390930308493554
7.624685803202531
8.399619210797416
6.900961421202537
7.907725091594859
9.954490707282863
10.104257211212143
6.066217495696133
6.996455102493572
6.311745288101253
7.912884805303815
7.962996546898698
7.654859738202542
9.46547537993198
9.479050161795985
9.051669209203979
10.206506087991837
5.820702569599983
7.107873609900005
7.060686686699984
6.532905932594854
6.3947845199999644
6.790816235405092
7.5394540847974225
7.782546908594863
6.786065017696138
4.088811254898685
2.9979131103999688
1.9741897475999657
4.216820013399967
4.1569507689999705
4.340676864599974
6.963122087101239
10.299042078999994
9.777949797067983
9.791488662795983
4.131651754797404
1.5863084090999764
3.2044128859999694
2.123378005999975
3.3505240737999613
4.666202860999968
6.935646108999968
7.590441375696132
8.75003446972798
6.943361344898698
7.412996116594844
6.804952076696131
5.144946508799971
4.290561442599981
4.267517323299985
4.212258067299984
6.23300064999997
6.331736904898689
6.010796650696126
7.4607972824050925
6.151135694898694
6.732107707202533
9.396927761863978
9.807398895203988
9.53262007599999
9.90391720593344
8.620002159101276
9.93007484285854
9.827928967203995
8.308160050999984
9.552581144787819
10.494977702212138
10.014932534863993
11.199357999999988
9.895380384858546
9.15448190459487
9.390375642271978
10.00548861692926
10.689383561999993
9.386949017203987
8.027359468101267
5.470502596999982
4.16745139919997
5.502353214999966
7.502340792797423
2.688644631999977
3.7929829528999797
4.5994872954935655
4.923918812594851
5.5278821059999625
10.013190364067988
9.433282751353577
9.730561177067985
10.706690558999986
10.758682519999992
4.643531111101247
5.862308328202534
4.633831138599965
8.43774535830382
9.704276811141415
10.722717534999985
10.54374548299998
9.254625990212142
10.660444898999993
12.039703695999988
7.336009516898699
9.864294650203988
11.08783501599999
11.513967960999992
5.588150228898687
7.504862043797412
8.45592264099998
8.257069691506379
8.667457612599994
8.5396021667
8.882931408696153
9.842576086271995
10.599833072002722
9.975785620067994
9.415336952202566
9.548866004931988
10.870390786999993
11.05976031999999
7.0792752136000034
9.103468875101276
9.402065551797442
9.916471316659987
11.736473914999982
9.425244058141413
12.699431588999992
11.958024006999999
11.397025374000004
11.188677056999994
9.538247314506396
6.493671743797412
5.81547600399996
2.812773812898681
5.2857298125948535
3.3665991454935678
3.758377366599967
4.169082942202523
7.591347904999985
9.22166416170001
6.9809927475
8.500943512000001
7.866416210899993
11.739573404000001
9.02275834035357
9.743991143858546
10.777670080999993
12.456525162999993
11.160083014999998
11.457584446999988
8.03349410859487
7.907123455799995
7.923881855797421
9.139972926303837
11.414350791999995
10.133777706929251
9.238324352999976
4.542569303899963
8.763046916135982
8.77438829649359
9.691008192405118
10.212014664999987
11.192731908999997
9.425580888405118
11.062205747999988
13.324428158999993
12.117593445999985
8.131917802271975
10.100682202067983
11.13248562599998
12.66227497899999
11.646512510999997
9.579802458202554
11.67026179999999
13.082335908999983
7.953019422898697
7.5583477722025325
6.626579284696137
9.86579573514142
8.771919425999991
7.358181436199994
5.87928298649998
6.8293161804050975
7.02974917449999
10.035483652999996
10.538837111999994
10.538682476999991
12.495623282
11.400542649999988
13.367048974999992
13.149935334999993
13.221413522
14.925700124
13.437050832999994
11.50040568399999
11.992896892999998
11.081507417000006
13.170810978999985
11.809616747999987
12.467080039999997
11.922683101999986
12.699796070999984
13.652789971999992
13.350304816999992
12.850975474999995
12.08609994199999
12.936107386999993
13.56571191599999
14.51376327199999
13.941542416000004
11.01264216899998
11.34141625799999
11.694483754999993
13.153720862999995
15.198837407999994
13.024378425999988
9.500603924727988
10.44185982101087
10.455477754135988
10.737567182999992
11.039600701999992
12.435484934999993
10.588184316999989
11.287742467999989
11.916027564999986
11.945039722999988
10.65999495099999
12.087393194999997
12.502524968999998
12.236515284999987
10.202881977999985
13.15409564699999
13.978722945999985
13.106825167999988
11.175407477999986
9.579211566202558
9.415328463696154
10.048483103931988
9.524507263135988
9.909917236203992
9.22144840535358
10.259248185999995
11.585474892999994
12.508101777999984
13.067197236999991
11.689948336999997
12.451783561999997
11.059226665999983
12.410339727999993
12.656068037
12.992219492999986
13.837189499
13.078095679999997
11.070670276999982
11.295482538999984
10.58710954399999
13.110395026999983
11.418307348999994
13.96787557699999
12.835910248999992
6.407904922506381
7.562757856797416
11.35485951799998
11.216694742999996
12.821641820999996
13.91418558799359
13.645023418999994
11.479208741999983
12.311343953999991
11.68685723847999
11.383423295999986
11.225254430999998
10.135809876993589
7.789696546898703
6.706806893898701
7.7788535827974234
8.875822161898709
8.61917765810127
6.6374878951999925
8.064639860499996
9.726891065999993
8.980080422999995
8.654216262797432
8.269356597898712
11.386812807999986
12.721111042999992
8.854534602405105
10.00328804014143
12.136604798999993
9.226895826696149
9.103031121797427
9.198839543135986
5.766659942599984
8.637241937303827
8.731990666202549
7.411965301493581
5.487526655594857
7.075865913405101
7.173890708898703
4.895453846696134
5.774735922202522
7.304264823898697
5.39349322199997
5.260974722303808
6.357867210405096
7.6850870406961285
7.986582215898701
5.570693464696128
4.577640765399973
3.4998221465999793
4.64120958859485
5.8474013549999855
7.0297100905948575
8.034647158797434
9.572943272271988
8.598310049271968
11.052903000999983
11.029021352999978
9.925478390659997
9.879037884646383
7.718651451101258
3.904592179899974
3.5698324508999772
4.352525028999971
5.6769770827999775
4.157875816299969
4.037890899699969
8.294040431202543
9.443925434931993
3.844818278499973
3.4988395415999776
3.844340240499977
6.578586033594844
4.856829273999971
2.657677227799973
3.73467378849998
5.003291809101246
7.7470554993038165
5.750661247303814
2.229923252899976
2.504450489799979
3.993483737202519
6.193811335797418
2.1588402007999807
2.203392541499983
2.034505714399977
1.7548865172999766
2.53972868959996
2.7150866775999614
6.554106295799982
4.390266464199971
2.396997187799972
3.5491518569999783
1.8295273116999762
2.322634628299972
3.6549992873999733
1.924088200399977
2.182213552899978
2.7788305861999625
2.200758593799973
4.792315290797395
4.778106097399977
1.930650401299975
2.5143925292999647
6.4773316375999785
5.608180380202522
6.9840850738986955
4.430781011999962
4.974268554696118
4.620173313898685
7.018935366797422
2.9084204223999723
2.3607275588999728
3.4245188659999792
3.0787861342999747
3.614862193299989
4.280986959799976
2.6539708312999735
5.424866349797409
2.9910156875999645
4.354820310999968
5.675249499499976
4.513507557699967
5.533173216202521
6.013056289696127
6.835106162999979
4.1220013320999795
3.1382309890999824
3.0863968841999823
2.105984200999981
1.9068807555999707
1.5606621886999776
2.6260569396999762
4.234047289999976
3.628857907099973
4.895622895799974
6.560670121797407
6.073683146696129
5.2154178543038086
3.893455616799977
4.441154074099966
6.044308650202534
8.015006138594867
7.0950942244935735
9.164820231727983
9.117965431135984
8.1967825988987
6.858562402303819
9.51762349227199
9.956355165070713
8.461981576493592
9.521776174931986
7.283863404797422
6.3011613495063665
5.2451920638999825
3.730926431299989
3.608961610399969
6.111255166599983
8.595037144506394
7.169759826696143
4.2607574340999745
1.8686476867999775
2.766795771799978
5.935528283699978
4.459691885399985
8.42091811679743
6.885013847405092
8.703544377067981
9.48600373693199
10.157674878999995
9.519497576898717
6.167281971700001
7.973401818797417
9.799445187282862
9.529598211795989
4.4305272048999775
2.2058291167999857
2.8421730163999737
5.379119049101255
8.165875212099992
8.242577748100004
9.396971261727984
7.378261352493576
5.145360398898692
2.33582984619997
3.636297500599969
4.1873945968999715
4.984935855101246
7.565294970696141
8.333222550999974
10.159582305929266
9.413485336203985
7.935679540999988
8.030511677594859
8.332315640303822
8.44691215059487
8.67964667659487
8.107409751898704
6.674285012797418
9.373779356271983
8.18112825469614
5.591877033999976
4.703691139202528
5.801406556696129
6.87658957669613
10.25884296578782
10.798079891999985
10.737230503999978
11.927544237999987
11.820332256999992
9.220449793999975
6.401526876797412
5.4427182434050865
8.986296267795984
6.505811085493578
8.950971217303827
12.15027967999999
10.759140981999986
8.494227346863976
6.902304719493563
7.943720590199991
9.389129125999988
10.255289022999992
11.656105376999987
9.974443278659985
11.296256486999987
11.196455861999997
11.939013067999992
11.09763562299999
10.157707584999994
9.372537303135989
10.54166436914142
7.041494207797418
4.173696243303797
8.059179344135968
10.541436652999991
12.137186310999997
12.48616029499998
11.025375797999981
7.932663508594856
7.513327886999979
8.26385859079597
8.80872961730383
9.989797975135996
11.516714879999988
12.367804155999988
11.740059693999994
10.650690874999988
9.184066949339975
10.45444308899998
10.230398800787823
10.115898840212147
8.962174603203982
8.537215838594863
9.18705623468799
10.39984113499999
9.404547065795988
11.545828782999985
9.350071737696156
10.635766984999995
14.076729160999998
9.643533564863972
12.869105930999993
13.416153254999987
12.615222533999997
13.993817182999994
10.054410557717096
8.37466729430383
10.031934701659987
9.243528391999988
9.561182189931994
11.256192248999994
11.151737641999995
11.671822394999994
11.446199265999992
11.40280983099998
8.715320771791951
10.634614417999991
12.515375506999993
12.576529387999996
12.769070678999988
12.02418202199998
12.25204816599999
13.85428434
12.425566198999983
12.015900932
11.030975744999987
10.814531940999997
9.697954116863993
9.51690946810128
12.266105413999995
14.200277862999993
11.240220626999982
12.866253402999986
13.08323320199999
10.916789905999991
12.105203491
10.493735692999987
11.72502356399999
12.440593561999995
11.083436480999994
11.733367167999983
12.796923275999994
12.845749304000002
13.390860258
11.930898746000002
13.621498340000002
13.804564023999994
14.248836966999985
14.308423777999987
14.108804110999987
12.61736059399999
13.844128013999992
15.162168826000002
13.928755123999991
13.336350818999993
11.261892386999998
9.289562319898716
10.86226253099999
9.899880645938893
9.914829225135998
10.194459988271994
8.216580705303835
10.433017304999995
10.228018908787826
9.89640851592927
10.124895292999987
10.458264112999979
13.036413549999988
12.268401322999999
11.885715352999993
12.285241558999989
12.581713395999996
11.102395177999997
9.15381038510127
8.703371232594872
9.56790714258398
10.584951659999984
11.371041890999985
11.904154520999988
12.981614608999985
12.10028512699999
13.144453563999987
11.381489473999986
10.257668574659993
11.213527166999986
12.412313086
13.16570214499999
13.23110783399999
12.426608935999989
13.13139432199999
13.96287610299999
14.265246567999993
14.660182378999995
12.997005956999988
14.027666573999994
13.434861612999992
11.732672912999993
11.807702430999985
11.544963051999979
12.031964809999996
12.209248215999983
12.628066857999988
12.273127130347184
12.116356215999994
12.257276754999983
11.360531336999983
12.63921458299999
12.976901703999998
10.93570894200001
11.967720342999995
11.840240231000005
12.675420674
12.350347809999999
11.264179265000003
12.809970827999996
11.29711900599999
12.136578908999992
13.835582378999991
11.955953736999986
11.293141019999993
12.064475169000001
11.555049925000002
9.565836720303844
7.966960354600009
10.04619234614142
11.124629250000007
11.299955649999992
12.447560537999992
12.216828127999998
11.977081849999994
14.033453533999994
11.038071818999985
7.702973527493578
4.926348197899982
4.924153056299979
4.791719769303812
6.170521406599982
6.014261862202539
7.645264735405096
9.474682847727985
9.251574638271975
9.616112545863984
8.241913687101265
8.930199572797436
10.358209005999994
8.830824475101272
10.52872354099999
11.121255202999995
10.65800494499999
7.062159211699988
9.179471285999984
9.317947961271985
9.032277516135984
8.88829568789871
9.961450543135996
6.6382654175063776
8.689930274999988
10.008344633339982
8.215284593202544
5.032081506299983
3.609428559899979
5.074362568696133
5.989866148405085
7.554131365999976
8.638225633135978
9.070637422202548
8.621574403405106
6.145922526599981
2.553691471899968
3.498923466499974
4.052427014199982
2.566615336599975
5.572715531899982
4.638365585299974
2.7316818953999724
2.67768582609998
2.3831220855999797
3.788920213299979
3.4302007873999787
5.348339395099979
2.4743582473999757
2.2713260253999756
5.730288944999973
7.015462364202539
6.780460198999979
3.245979954499973
2.0469072509999773
3.6649639983999722
4.723857670599972
6.182155837999967
5.5239912811012495
7.66937309720253
4.847155200199977
3.5769672164999795
1.8294567931999712
3.9504376220999773
3.1046337768999765
4.2443715560999715
7.070619287101255
9.178848854067985
8.36350971069614
3.7244268233999773
4.457103256199971
3.325975361599972
3.1352886413999754
2.4937465270999795
1.6652582610999669
2.0766831969999733
3.0491279098999664
2.9520503753999754
2.245009811399967
3.1443167571999786
3.475261714199963
6.4602147231999805
6.82018844910126
6.450516003405097
8.081395925898692
7.243438401797416
6.522882427999973
5.428546038799976
2.7761072448999724
4.181594930999959
5.818758181797411
5.737060926797412
2.9094815947999755
4.470275498999963
5.860438531499978
3.1453423079999747
2.9158646102999732
1.359069675914112
2.151224424699978
3.8040347335999734
5.074374563599975
5.6075458327974035
6.176453123499986
5.872189334099991
5.031334927399983
7.134806332405099
7.870807228101259
7.7283858336961355
5.04432831420253
9.103623763999988
7.7900652634051095
7.184468379202545
7.42018312230381
8.361319450405102
5.58112964939998
4.8551344100999785
7.093725381506383
8.507728565999987
5.512333799699974
3.1031867888999605
3.73472203519997
8.235671534696143
7.1074566527974135
6.640394909699985
6.650086209099992
6.956434861799999
7.949158706696144
9.186992558203988
7.449325878898702
8.265963986202541
5.686350465405091
4.679441578699975
4.58110109099997
6.4624919113038155
3.990377920499973
3.638390580699968
4.295836744699973
5.4677619918999865
5.911759246799988
6.502375546303817
7.029641320799987
6.89834494929999
8.16632227940511
7.165359345999989
6.818637948600002
6.146618188506377
8.271342338594861
8.040143980405105
8.01731884610126
10.498371320999988
8.708423190203982
9.241353994797432
5.338136419699975
4.078078858898685
2.041103228799964
4.265392895499984
6.282764005999987
6.959425491303816
5.834992748999963
2.6115747176999617
7.376504650898698
9.661278947271981
10.52324041399998
10.470967876999987
11.045006490999986
11.477585705999987
11.771648663000002
9.637061769101276
11.163833213999991
6.391188104202534
8.65007091213598
9.495606346103997
9.766464939931984
6.325150678999963
4.149852577202516
4.873496327199978
5.133284806799988
8.974589350895991
5.655773071303807
4.3145524933037995
7.717539953594851
10.845249436999984
11.042759295999993
11.731655869999988
11.023914881999989
9.298150674271978
11.518776511999988
10.935391163999991
9.468374688696157
11.561299433999986
10.408071062999985
11.801087366999989
12.516972649000001
9.571779719646386
11.560667792999991
11.045792118999989
11.826955120999989
11.481295795000003
12.29229877799999
8.633469180303827
9.256185392797434
8.953064598101273
9.710616986227993
10.742986471999997
12.275070493
12.372524477000006
14.234903234999999
10.020088360717109
9.35063248127198
9.978563160787823
10.051875226005437
10.929337867999985
12.525700514000002
11.445521972999988
8.785207165493587
11.776008742999988
9.719031536898722
10.624832361999994
9.693663853339988
12.882700039999987
12.0334717
11.487916005000002
11.475987389999998
12.995497701999993
13.198804247999979
11.826457326999982
12.519604841999994
13.353016512999998
10.10148372971711
11.040395975000003
11.551595849999995
10.442547083999985
11.750475307999993
10.648540360999997
8.688804185499999
11.671310962999984
8.304055059797427
9.139537727400004
12.912409787
13.465219759999991
10.859617888999987
8.859632437067985
9.524545959339987
7.041428759797421
10.420065239999996
7.441463249202537
7.5165194198987
10.347973007141412
10.244297799999995
9.28380295258397
10.091616103999975
10.835834379866869
12.477812662999993
12.132002451999988
12.94172648299999
11.662758877999975
10.770775504999984
9.754612107863995
11.454173754999994
8.571444929493584
7.773042993202539
7.577442977898697
10.236625307999997
9.427190243493596
9.909476963858548
9.750748985203991
10.312151128994554
7.964527763405109
10.924400072999987
10.668854336999988
11.56567587899999
12.621448679
13.328194603999997
10.179156964067976
11.810748948999985
10.535031360999982
11.552587748999992
8.799079550135973
10.767384281999993
13.836155599999987
11.10837100099999
14.037241222999993
12.458700461999989
12.625423493999994
10.504323846282858
11.346703029999992
11.439837145999974
12.930557648999992
12.924763093999994
11.926640810999986
11.349974613999978
11.470730814999987
11.54905850199999
7.289200305202535
7.993077639797412
12.197620986999997
13.142456630999996
11.347474315000003
11.274559303000004
10.919315909999993
11.149751101999984
10.305597680999993
12.557041198999999
13.514990022000003
12.954987482999995
13.99761432499999
14.261987499999993
14.65529650599999
10.824215720999987
9.580592309727967
11.957517858999983
14.835019739999984
12.874887562999985
14.271769327
10.676701942271979
8.426381285067974
11.407761858999997
10.775005825999985
10.808547088999982
9.633612826659979
9.06160939627198
9.263759655797433
10.239069874999988
10.755445340999982
11.81491845699999
13.057274386999984
13.979199634999986
13.74244694199999
13.487464364999987
14.050302100999989
14.08871114
9.50851665499999
9.285501823271987
13.59040375399998
10.691020290999983
11.388912928999986
11.856319817999983
11.244498591999987
11.674014115999993
12.564132111
11.901530010999988
8.712792391999956
9.646998702999973
10.570213358999988
11.065263920999994
8.868495513898713
6.9965127777000005
7.459991560399995
9.515233326795988
11.333663129
13.226535717999989
10.255787272999994
8.38349521179742
9.202466239898715
10.068725497122243
13.897579993999988
13.555932548999992
12.890740201999993
14.485466048999996
15.294438277999996
11.007106170999982
11.199764931999994
11.359583835000002
9.585871443135984
9.875470466727984
8.711831503303824
9.989682315070706
10.324088851929266
8.815723345898713
9.40815968013599
9.679457974136
8.875733158898703
10.099940101717106
11.135452321999992
11.300781322999985
12.459319481999994
12.309433376999987
5.764622083999976
4.614219366499974
6.160695909101248
6.634333029202541
6.565212531999978
7.870768331898699
9.818913195791996
9.419671990999982
11.538984395999982
11.631925947999987
10.483856249999986
7.121887896696137
8.232851049863969
11.43931457099999
7.3185087188986975
7.550838445999974
8.061241088931961
9.790239399795981
7.790788398696132
9.880304640141416
10.006115884271985
9.24753423306798
4.888613241599976
4.5587594756961325
5.879033857696128
7.575814825405097
4.544814456199973
6.33625552369613
4.636815461696125
3.4476972472999674
3.3843053237999636
5.034453211999975
2.856649121099977
2.641024673499973
2.5370283721999702
2.493742468299968
3.282568077099974
3.337452134699973
3.6307030852999778
4.519098919699973
4.709583291599975
4.394586167899978
3.419260575899974
3.7340041762999743
3.5853432235999785
3.459066976899972
3.1303817062025248
6.392045516999969
8.047396043405096
10.544008899999978
6.714866984594847
1.8557269698999734
2.278939874299976
3.5853599853999687
5.849599844405097
5.496654319797408
2.0588077727999607
2.998565264899964
3.692314195299963
5.720604429594851
6.134230612202533
7.446403582797413
8.442076196203974
8.476560433999975
8.023409916696135
6.0628298035063715
4.960654162599976
8.232996772863972
8.521974606303832
7.561428156999973
5.443177783202526
10.172156666717088
6.972061669898691
4.025363746599974
3.172449146999967
2.8742004363999714
2.8188080687999655
4.0383698607974
4.553375657696119
6.523951354999954
7.8410500337279645
7.021371543898694
5.331478129594835
6.406429966696121
6.767852561999981
4.309437644999973
2.7855731460999706
2.331303608699977
4.089461753799966
3.3286479552999637
5.676304688999961
8.175142585797415
5.9202943038986895
10.708381159999982
2.7265889861999675
1.6687670180999759
3.8713221724999674
6.582084867898688
8.590805044727972
6.7142401107974194
7.535688615405101
6.758830409202539
2.1700777999999676
4.23285373989997
5.984801161199981
6.16576745609998
5.562945210303807
7.636397473101268
7.170491004898694
5.865978202797407
7.889430075101264
6.776787547303806
7.740627636699998
7.948435736067974
8.406469845594872
7.98264522710126
8.18990136110126
6.885440592999978
6.796827748101256
7.3533615645948585
8.611939025931976
2.613669685399967
5.141499191299988
5.338236143499993
7.153805010999978
9.048019828797429
9.544790014727983
10.370504931717106
10.81443445999998
11.530407416999983
11.506961742999975
10.598088160999987
8.59638262479742
8.073866288797415
9.480921095203978
5.28559377899997
6.81639141079741
4.8736672592025245
7.698790902696135
10.62363035699999
9.930616043067992
9.528369705202556
3.6323728011999736
3.1840029586999683
6.063536154202538
5.111470547506359
8.22804835372797
6.793165785202531
4.582796237202515
8.185281915203975
8.10602005913597
9.876279701141428
9.124906382863978
10.295500140282865
8.89563691265998
7.842674543797418
9.141948115493593
8.46494725965997
9.607699731282857
9.843499578929249
9.630490304727982
11.22318537599999
10.617358028999995
9.960551783858548
9.147614912405112
9.221948509202557
8.335077249101273
8.35807809140511
6.483975447099991
9.140372596696153
10.358381141999988
10.049607519659983
6.745272071797415
5.7841715195063745
6.004214933799985
9.662997303863994
9.18364062806797
10.197473641999965
5.483430027799972
3.9346676970999668
6.988210143999975
6.926542175303809
4.816292835999953
7.83371943510126
7.189287832594864
6.447173268099978
5.450973934899978
8.600958590696143
10.572844886999993
8.256987173506387
6.262376504493571
7.019143292202522
7.074420002696126
8.280553712506382
6.669918019101256
5.238086294594843
5.956778472898682
4.049065353405066
4.493849433899978
7.783650033594865
4.945812905898682
6.616333105506375
7.484016477999966
5.496805363506345
7.9251791153703595
4.010049609399966
3.922930871599976
6.4150383285948545
7.9225170089999954
8.199499086
9.828725793353586
9.037713241727976
8.901647712795976
10.710256690999989
6.431240147405095
9.860279602067981
10.141751480070711
11.877376079999985
10.16556775506799
9.224645783999982
10.299620935070708
10.807474735999996
9.11706904749359
10.051868107717103
10.718191111999996
11.600962688999992
10.143557737787821
8.968333209302385
7.940536479202545
5.655087336699985
7.931755789202543
7.175116859399988
7.320010497999987
8.190392518594864
9.475528771999992
10.330585692989116
11.236609946999994
10.416995936866885
10.663858912999997
9.383849159135986
8.663347409101261
9.808041436858549
9.830245567203987
9.119816740405106
9.92997870008785
8.846648452797432
12.175517188012796
9.377300228898712
11.14030653799999
10.504886789999993
10.488666088999988
11.047336415000006
11.31492521799999
12.448100275999995
12.21403448599999
12.51848865399999
11.648761780999981
13.250550876999991
13.182935900999995
12.279371950999991
11.686330886999995
10.530229725999982
11.852325329999987
12.25313585499999
11.186072013999992
12.544356312999996
12.930272407999993
11.914283513999992
11.691881533999993
11.417855623999992
9.080380654898716
10.94655694099999
11.816527927
11.756087418999996
11.453728663999993
12.442386368999983
11.889520426999987
10.034799206659992
12.25198176099999
12.18450461599999
13.457716558999993
13.431827979
13.279831583999995
12.842044546839995
11.942199065999995
12.008951964999994
12.435814778000001
9.995888941999995
9.882319584795994
11.68386082799999
11.333508570999998
10.357530631999994
11.662146091999984
13.439704268999998
11.381027007999995
10.701217323
11.581870225999992
12.53538065899999
12.600769570999985
11.476337560999987
9.462551574795986
10.340387484999987
10.738763862999987
12.125028687999999
11.315389147999994
11.506567043999985
11.913045439000005
13.110011431999997
13.224100365999991
11.712043209999988
13.042401514999986
13.159192243999989
13.093750722999992
12.121543398999997
11.379638482999992
10.24993656306799
10.126027901999997
9.754570843493601
11.17458439299999
9.484434036303837
9.99882029278783
9.402923451202557
10.145641184999985
11.198528545999983
13.06862278099999
14.156253913999999
13.777978003999998
13.984237031999989
13.591642293999993
13.095478339999989
13.119089454999989
11.494441744999994
11.843362997000003
12.610250937999993
12.837522440000006
14.324660763999997
13.004073179999999
12.510220215999997
12.618838726999995
13.279870112999987
12.771600684000003
11.819988378999989
12.944011368999996
13.87860755599999
10.66403571934719
10.756719539999997
11.407075387999988
7.880900952099997
7.409094111599992
8.876565007000002
6.830193781999991
5.18403056489999
8.011218817099994
8.747827979999988
8.502983874493584
9.775093029863992
8.578983927898713
6.858770989999985
9.53458850099999
10.617646105999997
11.68737670299999
12.023388492999995
10.844565354999988
12.61247848999999
11.873893018999985
10.330739150999987
13.117090653999984
12.822599500999985
12.552807303999991
11.06853203099998
10.77309028899999
4.9936096206999805
5.380183174099977
6.006387025499983
6.225602050799984
6.015886224399982
6.777380262797413
9.292330850200004
8.710327802999991
9.336682202067983
9.921670291101286
9.03229603730383
8.532517184399993
8.75342815699999
5.8635491256961325
5.519684725999974
4.161572508199992
3.4075777465948383
7.267194612101259
6.827138275101262
6.7079153014935695
7.130214280696131
8.852024520898706
8.178303369101261
10.11604665100816
6.831734612999998
7.8402749419999775
7.269197952299995
7.55472581630382
6.032638674899989
6.236225871299984
7.093314479101248
9.06585241392925
8.851635545303823
9.592430419898719
10.651624363999986
10.311566007999991
8.77638077699998
8.753962644999977
7.219468487493581
9.16673772586398
9.633974148727981
9.480637278795989
4.98301326449997
6.482333648696137
8.369757835405094
8.614808596797417
8.922997807303833
7.464225292999979
9.698569198727983
6.268254202303811
8.195733647202534
8.122216987594856
8.680964292898713
7.694998858594867
7.263516010999976
8.761782698067975
9.21091459672798
8.795643514999988
10.355184545929264
2.2525809752999764
3.32392213589998
3.803206487999972
4.443767517099977
3.948398031599974
2.7860361251999786
3.164513523899979
3.358595547499975
2.61464878689868
3.327272302199972
5.153047177101243
7.4821300751012645
9.229111662203985
8.206374656795965
8.488496375999981
6.201424708594853
6.917711936999974
9.125824223203981
8.710828433202545
5.938138125599978
8.302728547696146
8.04898783110127
6.6495069610999975
6.2224134323038145
7.336491316202538
5.819549980199989
6.301413189699984
4.363337730399983
5.156092489594848
7.846162857101269
7.058091200303821
6.168179403696132
6.385175311299979
6.540411071799982
4.534859136999981
4.277446760599975
3.916243128999965
4.321987205499963
7.500562174999973
7.813269869999972
10.830941242999977
9.762140095659989
9.781758813339986
8.033071977202537
7.329973504594862
8.049309190405111
8.82477919010127
9.261650152594868
9.459145687931983
8.04284403230382
6.994670802303817
6.865636892696136
5.652797033696131
7.106957559202541
4.049716676299973
2.5541849334999704
2.252681101999978
2.0041914290999765
1.8811907302999753
4.218424822999957
8.71427931206798
8.49337326810127
3.909091961699975
4.047226948499978
3.241669001799974
2.932250347899969
3.1308692809999683
5.22706027679997
8.012738622999986
7.995337910506384
6.953829164099985
1.8918270278999738
2.947353190599976
3.1789477920999687
6.7171483626961415
7.648528170799997
6.4830218566961335
5.957559027099992
6.8879163985999945
7.079274832199992
9.245007272203987
6.778352624493573
5.432222262594849
5.8009978377974125
3.449851945499978
2.4896244582973983
1.6776775420999626
3.8004570282025196
6.358438795506374
9.633366058212141
10.686850516999986
6.534472790493574
7.182858755506375
8.639649937405103
5.645967892506371
6.174986924696134
6.4484997817974135
7.121650508101256
8.091703355405118
8.652363650493598
9.875660800135988
10.911040824999994
9.109922607405117
9.97034843599999
9.774991008000006
8.711626884506394
9.427024215696163
10.297808182991835
10.290828298999992
12.352992121999998
11.22163627599999
11.092836146999987
11.711596741999998
12.423327630999987
11.858833385000002
9.893102989135999
9.26502745510128
9.200524166898711
9.464596905493591
11.096112382999985
11.108770644999996
10.552406247999995
8.8630415878
9.197377122506394
9.457116239931985
11.770800678999992
10.886283416999987
11.574717296999989
12.0779278849936
11.473825738999995
12.126117858999987
13.302334366999986
7.475232742303823
9.271923583999975
11.651230366999998
11.494743147000001
11.989329332000006
12.391638201999992
11.132693241999984
12.30758360599999
11.833856434999985
12.547466584999999
11.983730428000001
11.573906917000008
12.43385904999999
12.57448070499999
12.368894900999996
13.363795340999994
13.388650579999997
12.41383840899999
9.361248971594872
11.919395672999988
12.741881133999993
12.588698392999996
10.81313592699999
11.690269302519996
11.639130355999987
13.000162854000003
11.807895693999983
11.423559104999992
10.873760219999989
11.587351424000003
11.123183163000004
11.201291723999995
12.31923572399999
9.121552027898705
12.361063231999992
11.206646950000007
14.073497084000003
10.752482279999976
12.067086822999988
9.344264590339984
6.48164971310126
6.32134543910126
6.429306883199992
7.711321310399991
7.460903774999987
9.797060467659994
9.994671899271994
9.954533734067988
10.244965055863993
11.433518457
10.534290107999992
11.863326049999994
9.172246743797434
9.935538420067996
9.612320976203995
11.147147362999988
12.406585009999999
12.867620974999996
12.337141875999988
13.552795380999997
13.536784781999987
12.992282564999995
13.156341735999986
13.237745557999986
13.844578257999993
13.597923815999994
12.854914618999995
13.681416048999994
11.027555315999985
12.511817380999988
12.36231025199999
13.604914379999993
11.614790346999992
11.446121912000002
12.415567119999997
11.431679081999981
8.528393250999976
12.485915336999994
12.036838106999983
12.384834786999992
12.604724729999997
12.490849270999995
12.416019549999998
10.993656901999996
9.821122670000001
11.715814510999994
10.800658422999987
11.263754456999989
12.016050229999998
13.097211902999994
12.924212554999993
13.13672033999999
11.798966193999986
10.778725519999991
9.142714274594873
8.815557542405115
9.28711117233999
9.435466464202554
10.210660569933442
11.91291981799999
11.73089022199999
11.312288886999996
12.548314570999999
11.036410547999983
11.717466735999993
13.370794763
12.263374575999999
11.646676432999989
8.707555923506396
10.180535680010875
10.0245213168336
10.62675345899999
11.57463896599999
11.73877528799999
11.450770371999988
12.394174485999999
11.061469771999986
9.668615742506395
8.946806472797425
9.021933746303835
10.110198542858543
10.391087586999994
11.440471880999986
12.243206093999992
13.428266182999993
12.252800429999983
12.23316676299999
13.334177729999997
12.783561948999996
10.84851457099999
8.536293705696139
7.123277525303818
9.141877578696151
9.930873815931998
11.062703051999996
10.480547638999994
12.876974840999992
12.709753736999998
12.559022975
12.60779679899999
12.721675927999987
12.147752698999993
9.425460465999995
9.712517082135987
10.501603622000001
10.315616264
11.054173917999995
11.704173534999992
12.866680074
13.654478641999994
12.893451107999988
12.098676298486385
7.1784588637974185
10.386649872999993
11.845058553999994
11.204262621999995
10.606593890000003
11.447237792999994
11.937706977999994
10.297117403999994
12.354650866999991
8.070501728797428
3.8123034591999794
8.872749920795973
10.765881670999986
11.886124581999997
11.24866110999999
11.741622780999993
12.628661243000002
11.61347025799999
12.875049354999993
11.010282807999992
10.093059918141428
6.711326550303815
8.694692391999975
10.622624558999986
12.682416492999996
11.379300427000002
8.022771142600009
8.274400869799997
6.370840113799989
9.48156730333999
9.923259196506397
10.287977907999991
5.942566877699981
7.395713104202536
8.4917051238987
8.6412724578987
6.236645280499979
5.607566296399982
5.606240945399981
5.661430888405096
8.856342768898712
8.40750304720255
7.095859718303819
8.530729791303823
8.650408682303821
4.931672694405084
7.725620713797424
8.932299468999982
9.19628514249359
9.653775466931991
8.86202282259487
9.804330387895991
8.996837724303827
9.38647785628286
8.860806263696142
9.241480564931983
9.023936732506385
9.098355734203983
8.197600953696146
8.703815914898705
9.377148661863984
9.138686624101268
8.905961785898713
5.995146310399983
5.341183705099984
4.142467240899978
3.58822545169998
3.20105554199997
5.941791479506373
6.279843566898685
4.604754881299969
6.821722482303812
6.692758053594855
7.125719274898693
7.676209675599989
3.911390080299976
3.7126922515999747
4.079244114699979
5.127786680594848
8.529721386696142
7.311519320699991
7.39634685210126
7.726428430202539
7.9826008835063815
6.450786756898704
4.736292617799984
2.867988456699985
2.2791734832999806
3.0188635940999675
3.1434126220999725
4.179483264199975
3.6951373549999884
4.407275939899978
2.941852114899974
4.522150051899974
8.572491772506387
7.496044058202546
8.305065586898701
7.972893998696145
8.270409277303823
5.393384246799987
5.546033528099981
7.275040135202542
5.525492034898683
7.843364952101268
6.137217590299979
7.769749731405103
5.096817845199979
4.822691154506364
7.828860652202536
5.009213316299979
2.82977370449998
2.2891053145999742
2.394622640999969
5.769156518599978
3.2140053527999664
2.63812471309997
2.764970411699963
4.396628889499981
6.0590752669999715
6.509234344506382
6.7453433928987
5.174517648303806
8.934110397203979
8.20401156010126
10.053573097141424
7.9176541824051005
4.739593272399975
5.809247715797419
5.948303504898684
8.597070352135972
8.033392590303823
6.726542007399984
6.833548373405098
7.488404479999983
5.424117900101248
8.56408187410127
8.230303018202543
9.775038670203989
6.3815907287999885
8.214471153303824
7.6807828003038185
6.432593337999962
7.798513783303833
7.7978078033000005
8.910435696405104
9.283319668594872
9.272427711506388
9.336677566659985
6.640323196399985
5.022406031799985
3.6821215087999732
6.998507647696144
7.62642804569614
9.155968292202555
7.756667239405094
7.2855942275948475
8.839266668696146
8.23757852779742
7.579964790303821
10.393684257999984
10.73201343499999
10.211024491929267
10.282622268999992
9.64880935372798
11.192582317999992
9.882645423929263
10.807169704999996
11.196075486999995
10.226001589999997
8.34661344910126
8.654811679101261
8.447256826797421
8.285671342506385
3.689257328799968
6.2945169204999765
6.667970919797412
4.865378149399969
5.226170922898686
7.159724543797417
7.38431676639999
8.743570635999992
6.250806648299982
7.568735784899997
5.880457600399987
9.321355830271987
8.640915061999994
10.650686675999983
8.76139898530383
10.781395987999993
11.98160078
10.729660889000005
9.828707714797439
11.862630315999988
10.679587295999985
7.683414254797419
3.6358895293999742
4.5940093459999805
4.9089766433999795
7.916144634999975
10.306122965999982
9.334711198405111
7.393863258405101
6.04307641599998
6.923674708599984
7.508873237599989
11.643675165006416
11.170039498479998
10.343255753999989
11.973921144353593
13.43629042999999
6.926904029797414
6.636754484594847
10.283333010935666
9.937393385203993
9.252114714234375
10.19671526799999
8.378337948594872
8.823145513898705
9.692885140999982
12.648285105999985
12.51016696599999
10.55182589299999
9.941669928
10.557942556999993
10.89412036999999
10.29306076199999
10.648643555000005
11.017029346000003
10.130315709989118
9.160352740506392
10.972264772000003
12.27947042799999
12.067360235999985
11.927653731999985
11.809979618999995
10.95270841347999
11.068250347999994
11.243640647999998
11.554638468999997
11.019852256652797
10.592217499993593
10.805732140999995
11.587352468999983
11.513329638833593
11.30605445099999
9.904415599067988
10.929992219652789
11.759707525999989
12.738417379999992
12.932316624
12.15527398199999
9.89027044079599
8.552211869797421
13.446377637999989
11.772067199999995
12.279824968999995
12.577596570999988
11.367129034
12.340338934
13.779759798999994
12.093480279999989
11.56007223099999
11.401514721999996
13.849023479006394
12.38436947599999
12.037785924999985
11.78617404299999
12.989406455999998
11.391847113166394
10.908688621999989
10.681950622999995
12.179478702000003
14.736176122999996
13.921811579999996
12.82324249699999
9.979754815795998
10.235931565999993
10.687104416999997
11.324020030000002
12.02223733199999
11.788831989999998
12.332086886999997
12.328876372999986
13.693361980999994
13.031852236999985
12.97784414999999
15.393221725000004
14.132617962999985
13.360538791999993
11.539126558999998
9.270632157898712
10.19509434671711
8.903932461493591
9.456472897203993
8.628938005101276
9.597482211303834
10.463130022999994
11.323356119999989
12.034493870999997
11.298881354999981
13.551329693999987
11.93744095199999
12.04226858999999
10.25711616514143
10.075512838999996
12.430632793999997
11.409667916999993
13.053438825999999
13.468893439999997
11.905525373999994
12.884187075999995
11.595754230999988
12.04635078
13.16201296499999
11.93811121499999
13.35576488
12.374566846999988
12.492174721999989
13.461459627999993
13.018049524999986
11.612709812999986
12.292994973999983
9.885028080795996
9.494747329696159
10.703752901
11.798940766833596
12.493704759519991
11.30716181599999
10.906192820646385
11.777988456999996
12.104384199999995
12.372827190999995
12.67293810599999
11.766934348999987
11.569142699999995
12.127883014999995
12.573536595000002
12.387189658999999
12.735097069999993
13.177075483999987
11.273668940999993
8.904493402101277
10.806166858999987
11.476054710000001
12.03762965199999
11.853263503999992
11.170085334999984
11.566085452000003
11.081629998999995
10.771722776999985
10.925110621999993
7.985179162594871
9.34737315072798
9.674556242282867
10.153884975994558
10.572143887
9.955916589271991
10.501735251
11.249850403000009
12.099207848999994
11.432808042999987
11.811473651000004
12.476997976999991
11.053238168000002
11.285490305999998
11.531037315
9.590767878795992
10.412124921999988
9.88118967740512
10.224014024122244
11.920802366999993
11.235817083999986
12.017800086999996
11.81463140999999
11.868908094999988
10.984904867999987
11.406543178999994
10.485874552999986
8.086462033101256
9.498288485696156
11.579036378000001
12.335329779
12.685448263999998
9.216672436659984
10.160899208070692
11.183086364999996
10.336318207005432
10.077813637999995
9.190063845797434
8.883162809797438
11.04345969199999
10.616615091999993
10.27296883865999
7.678025881999981
6.034184522999982
5.439698997499986
4.813433116099985
3.030954099999971
5.485840934799979
5.4766611068987014
2.5681565124999732
2.9749528244050807
4.988867034899978
7.0479586014050914
9.549434307931982
5.080864863599983
4.029720573399969
4.813645185899979
3.6967498107999717
6.054523539696134
7.742557368506374
10.822063199999985
5.368545309405096
6.753701182594841
4.662495939599982
2.341716276599975
2.181281652799971
2.656090151999987
2.9404256392999755
3.8311992064999814
5.728473333699998
6.403737182594849
6.146054423493575
6.700406715405089
7.0052505081012555
7.364168504303824
7.348086418202544
5.14445268859485
6.431770478797412
7.2607768157974135
8.582747341931976
6.466257679699981
5.172295437599975
3.1292057479999764
3.6826303817999815
3.3641326888999883
3.117768209799991
3.1524150390999957
4.606886971999997
4.1645023879999785
5.144511608898688
6.00448894499997
6.965660501101263
7.230672714202537
9.077640972931981
9.732061048931987
9.776085879659982
7.944307578999968
8.028573879999978
4.979021499594838
6.110714442399982
6.084505184899978
5.66422932889998
3.8580136352999723
4.9112855712999774
3.2988633056999745
4.298311509699981
2.9226772246999797
4.0983808883999755
5.591221139499978
2.04669356539998
3.015975653099994
3.289541061399975
5.13917441709998
4.796749888599972
6.9834233551012534
7.860086579898704
8.167503405797417
3.1501987578999637
2.4091083358999668
3.497429154999973
4.499486518899978
6.26871464389998
6.8437083968987045
7.8729795546961405
7.013198352101247
6.867965916405098
7.011179063405094
4.7512222014999805
3.863374844399967
3.791718164099963
5.909924360699982
6.728298101797419
6.343497099299981
8.093208357202545
7.849024475101269
7.64224353179742
7.015677160594862
6.156583659399982
7.3047545134935845
5.21734868469613
3.9211586867999633
4.63950384829997
4.15335600279997
2.3484982894999686
3.5436070479999677
4.650534588599973
9.23249521793198
8.743448721303823
10.408799465999993
9.359799717795983
5.037086804199978
3.0865997634999642
4.211281947299965
3.0476671386999654
3.6300312240999686
6.123101867699984
7.55870657809999
9.123955636594879
8.913468125898707
7.526310874898703
6.722371403493574
6.556943185405094
6.053351361101249
6.319202253699982
8.845825480696151
6.076466142299978
4.812839768999974
7.078139405797425
8.78389917450639
8.346539132700002
9.35391615910127
8.930001518202548
7.413017109696135
8.297953987101259
10.261285221929263
10.61102149699999
10.614238975999987
10.18343561564638
6.43495881809998
6.111438792405101
9.670222991931986
9.812471400339987
9.358918954339984
9.64285969833999
7.502274180594857
7.815400204506374
11.084027712999992
8.879990846303825
4.9950204940999745
6.900552741999975
7.891375134303822
4.6315222274999766
5.308350035101256
7.256273481799991
8.643692869594876
8.886392295863983
8.645977178999985
9.811263510103995
10.368350756858542
4.9710488906961245
6.273158721898698
10.686826851999992
11.178158115999988
9.547712765659991
8.227354963699996
5.764871900899996
8.658836502101265
10.955299253999977
9.892928224135987
8.999215943931981
5.641475202898696
5.530915466299973
7.546097814898705
7.571889161699989
5.558049276699977
5.525671459999973
8.149251750202549
8.689758715797423
8.572055824303822
8.95586511070398
6.874687196405096
8.373666799898707
10.394207947999986
9.738562654070707
10.764666179999994
11.147359220999993
9.772099041787833
9.20450802606799
7.763356443799993
8.303580850202556
10.360226693999989
7.470056162999972
9.631813760271992
6.444585972599996
3.9888429275999973
5.044293142699988
5.893981475799993
10.334544205999986
11.41860523099999
8.437191529797415
6.983456556699988
9.680398586999994
10.829763714999984
13.185996424999992
13.277328171999997
11.369818285999989
9.533471507212138
10.68312269599998
7.625463857999976
5.65182977140509
4.1803586379999675
5.084927015699978
5.20207007899997
7.450457827797421
8.514606724493587
10.60899880799999
10.646060976000001
12.452193122999995
12.207840880999997
12.770873868999995
12.477657798999997
12.752172309999992
13.610944301999993
14.245855169999992
12.992539206999995
14.433195637999997
12.05871966399999
14.09706400299999
12.443542881999985
13.20653341799998
12.261403608999991
11.151913315999987
11.377584986999988
10.635680275999995
12.300954012999991
13.542870209000004
13.087162804999995
10.293505284067988
10.38020234213599
11.091539260999989
11.047622565999992
10.739704589999995
11.205616095999996
10.284023810991842
11.645301056000001
11.87671875599999
11.617137101999996
11.462371717999991
11.432104252999993
12.434417093999992
11.667442321999992
12.460289815999996
13.007953420999998
12.189078884999995
13.293978515999994
13.46190668199999
14.706067923999992
12.747869433999979
9.137134086594868
9.201381397999988
8.803578961202547
10.880829746999988
12.78584103899999
12.571473800999996
12.69903943
13.283116956999987
14.554280767999996
14.791256334999991
15.518507677999992
14.64101126699999
13.052392090999986
12.326582303999992
11.115831557999982
8.652172120795967
10.217759249929252
10.446900715999982
7.688807824696142
6.105429174797412
6.526864294405094
9.205254211271981
9.381419285594875
11.327807987999988
11.255019979999984
12.298015188999992
12.66452027399999
12.68744607799999
10.115682201010877
10.676338270999997
10.240810706997275
9.323368510271989
9.523407708795988
10.609549383659983
10.556672265999989
8.698602950999984
9.66987135779599
9.388797816506395
10.64262387498911
11.074470157
10.256462319999994
10.722916274999987
11.03473926799998
12.123650640999998
12.58834919099999
13.148714037999992
13.138218851999994
11.619202587999991
10.689423858999993
10.996914037010871
11.85248582799999
10.984652692999985
6.20067395940509
9.513588661135982
10.254127427787825
9.614512353659986
9.031834004202553
8.305557891797424
8.386387120101261
9.04057066040511
9.015669390898706
9.89824654392927
10.666337067999992
10.904195600999994
12.515931159999994
10.884212928999984
11.573804738999995
10.032796778929258
6.691192044101262
7.013489103696132
11.62140107300001
13.45263348099999
14.457001703999996
14.439895295999992
8.322810398931969
14.085951804999986
13.461753591999987
10.667306357999994
7.079651245099991
8.160457275405108
10.77837902099999
10.876923688991848
8.765636668271977
9.868045419212145
10.499551422070702
12.75815383299999
12.241770484999993
11.833990343999984
11.825940664999987
10.626766898997271
10.29453666499999
11.085082123999987
11.176364948999984
7.9029814041012605
5.455121375999973
8.388205247339975
9.88358241585855
10.63961412999999
10.276962844863984
6.5841276458986995
6.779113359101259
6.4258954497974194
5.182311560099983
4.990521643099974
3.3803199538999738
4.608893376199978
7.302706533797411
7.300739749101251
8.18957472530381
11.000644503999986
7.500866427594862
8.009976921101261
6.2538250136961295
8.085341477999977
6.297602209506367
7.765861891202527
10.480193707212143
8.243924284405098
6.2636278548986954
5.624581451405094
6.037383489999977
8.154851620506365
11.27828605499998
5.479000837696133
4.751906533799983
4.74345019379997
5.841204942303814
6.049639356999979
5.342123387099973
7.240564930696137
10.300727641212134
10.775862754999983
7.681415010101251
9.897091067646375
8.541067692594858
8.073092886399994
6.112494134499988
3.646697917199981
4.170141419999975
4.386891047699965
3.8479680907999683
4.056450292999972
4.424179246499969
6.250501072699979
7.1221984878986975
5.301390200799975
2.812939346299974
5.630344969202511
5.717122813405097
6.412242764299984
4.7549924758999795
7.265909742696139
11.267765308999985
10.952625487999981
10.825199538999994
8.738940074202539
2.968282220499972
3.434445719899977
6.846398123202541
7.7186501541012635
8.044183105506386
9.145072425797435
8.215165133696145
6.438588305699983
8.2297598434051
6.420190028405094
10.313888740646382
11.32998017599999
10.27564969899999
9.228920750271985
9.760519691339988
6.055634242199985
3.7707481826999856
3.6859914885999836
2.788383543399976
3.5699501952999744
4.645567298898689
6.188228382899991
5.174355726599992
5.724261520405093
6.67964672389869
5.602201301594845
5.556926045202515
6.761433753999962
9.378474844271985
9.105758787493592
9.76811674028286
4.798322044399983
3.576759951799969
5.586399420202518
4.333248658799975
3.7449030441012376
8.677674867135977
1.707541007999971
2.875682052599981
3.073459405499973
3.0142379226999627
2.4536145019999718
3.1715378662025153
6.035441522202533
7.160675265493571
3.006656359899973
4.7116030456999765
2.5541136916999774
2.239248290999966
4.217124954202521
4.4715728759999624
4.695984698506358
4.633405395493559
6.433543208303808
4.61595314179997
4.761844354202532
5.617990394599976
6.790316447405097
7.520341944898702
6.903899768099986
9.135233991999977
10.524276758999987
9.276337110929255
10.150146784999984
7.305698034696138
8.284712214696142
6.9331813277999865
8.244340089405107
8.468353762797422
6.249584890696132
6.5775809723038074
5.6566042235999845
7.068110577405081
6.787760803202522
8.611451277135979
4.530454426599969
5.689411271696118
7.672524768101251
5.298451333594841
5.809382377594837
9.478800732271973
10.727700184999973
10.85596895799998
12.243664113999998
10.872879423999985
7.983779484594863
5.114311704999949
10.422908895929261
6.349671905493573
6.827624021898689
10.328778362999985
4.99818916169613
6.764955683898697
5.016118159506367
4.079435475199971
4.920187803594854
5.98173964999997
5.108677561999958
6.058154214499982
8.729967407135977
8.013771244863971
5.017000363202517
5.1861705199999495
9.699129843067993
6.954759452797408
4.884198142999959
5.450224618499983
6.914375765999986
8.71157095327198
10.361705076999998
10.575129383999988
11.12379595799999
11.356012386999982
10.98075759599999
12.235048224999971
10.91077793599999
10.321220183999987
11.787810044999983
12.517838721999981
10.799335268999982
12.42629406899999
13.176302521999999
7.590429573101254
11.84473019699999
5.895386926303823
5.075775094594856
6.02830676730381
7.858240458795967
11.212051005999994
10.32421212299999
10.831606157999984
7.915581356797412
4.966755027797411
8.99809221189871
8.000556309493584
11.999791892999989
12.810331405999992
10.615994575999983
11.65160532499998
13.901051935999993
11.267100513999978
11.329316321999983
12.158712188999987
11.386996017
12.072257575999993
14.610810778999987
10.3182441957171
9.138507192999974
9.439460507202554
8.920508180135972
10.079814526282862
9.633409956271985
10.638447324997275
10.446345254999994
10.215100542994557
12.25323264899999
12.979792113999997
11.394623777999978
12.298765952999986
13.02598897599999
12.551197838999986
12.914945621000001
12.082748932999987
12.10364452699999
10.146457167067984
10.682714966999981
10.265801733271987
10.193687191999993
12.006583873
11.191169373999992
9.623740678282845
10.153269322141425
11.207830831999983
11.311735380999995
10.865480817
13.706330620999985
13.279036654999992
15.195597937000006
9.779748347353578
9.716336041212125
10.685419222999995
10.072306240858536
9.872473513863984
10.563140810999984
10.170511616646392
10.76294609499999
9.672938125717106
13.266404220999997
10.393690306070692
9.928667526141414
8.675658448863974
7.507030702135963
11.529961890999983
12.923321769999985
13.323254921999997
9.68214368728285
11.600290564999984
12.557922268999995
12.776375348
12.890513402999987
13.785004127999995
12.413629502999996
12.865949727999991
13.578919829000002
13.952773839999999
14.267773368999995
15.232008555999997
13.758478722999989
13.679575168999998
13.034709101999988
13.970679332
12.853094512999998
10.148291927999994
12.805169063000001
13.087987343999995
12.840342714999986
13.315521369999992
12.67635345499999
12.08485960099999
11.287116834999985
11.861769941999992
12.785254950999999
9.535884764067987
9.615549024999986
11.330843160999995
13.257682110999994
12.963411702000004
14.034075917000013
12.291039983999985
11.631808684999994
10.930593422999987
11.513001574999988
11.588613057999986
9.736211370863977
10.596660799999988
11.298565257000002
12.870417823999997
11.412317880000002
13.464429470999995
12.876413224999986
13.477419866999995
11.026277524999973
11.228227564999997
11.305253470999984
11.183575561999989
12.372090787999998
10.241108024999983
8.252379476898701
7.873661701999972
9.425792300271986
7.774271226493591
9.970217666727994
10.202885299787825
9.931392684929264
12.490381569
11.660845362999991
11.616419149999997
11.032361786999996
11.944692524999994
12.258391849999992
14.524668389999992
13.212770664999992
13.58211517599999
14.226920620999989
15.033597436999997
15.831354239999996
13.839895449999988
14.373580444
14.740967293999994
13.856072671999996
12.913284113999982
12.62709725199999
11.381948253
12.421632417000005
12.256454199000002
12.185254909999994
13.11119327399999
13.329642309999986
13.727344436999998
13.445147120999993
13.244783494999993
13.423048475999986
12.259430063000002
13.376741089999992
13.301103082000004
10.864548833999988
12.194040575999988
12.78290507699999
12.710353110999995
13.157305080999995
11.452381422
11.700058394999997
11.889032528999994
13.066835885999991
13.191432157999996
12.943290387999996
9.598220167659978
9.743364906212133
11.555734977999988
11.682657198999985
8.866432380795972
12.353464292999991
6.654204403696131
8.301285462999973
11.307985280999995
12.178851517999982
9.888062565727997
12.381170685999992
12.363431803999998
12.781764718999993
12.470672877999998
9.877844734135985
10.852952643999995
8.883799389594872
10.12203445593199
10.069641960070703
10.6669634450136
8.35621051330383
9.858425514135991
9.593879847787816
12.387465368999992
11.80546907499999
11.598968653999991
9.109686666931982
9.150559417795982
6.2820628035948625
5.241827827506373
6.182773095699986
6.614953254696134
6.298447460899979
6.379262574797422
6.552842567399984
7.853516841101256
9.317748666271987
9.895302970929261
10.933425155999984
11.371107068999985
8.851819638067974
7.762679551696148
6.377880223101261
6.776049293493573
8.853419593863974
9.904238432212138
5.6919127288999825
2.1234522948999723
2.768746984899983
2.392153073099977
2.491752726699974
3.2267163939999524
7.8312953201012645
3.7640849410999757
4.72238804020252
5.246826621999974
7.498931370493575
5.631816656499985
5.761605029299985
3.9691949386999785
3.679984684799977
4.5174156127999705
5.222006684899975
5.522592814599979
5.16454893189998
8.275440502898695
10.768669999999977
6.650906237797421
2.969193267799968
3.9642816649999544
2.8840209502999614
3.8241078002999624
8.762702645898713
7.146666508506376
5.326079920999965
8.457986833202542
7.847374905405094
7.715946733101264
7.094434898405092
6.904396354699987
7.3321844497974125
6.09850153199996
5.795838871797408
5.942892141696132
5.494180982999971
6.427702615405091
5.102926785299971
6.977460319493579
5.7323802047999886
3.8606170791999976
2.3532412337999937
2.8227239211999944
2.8502320617999857
3.414487950099986
3.1780580352999923
3.3069491776
3.9897462341000014
5.365065835599972
7.19951269989999
2.8082328994999735
9.265206436135983
8.332550694303825
7.520172309898705
7.714394079594866
8.47922521820254
5.576170078999973
7.466691444405094
7.406201344303808
7.615080757101251
8.182966236898713
8.458536114659974
7.404380068999974
6.806693604999981
7.29047456669614
6.1578454467999775
5.81840584559999
5.98385170140509
5.808819547999988
6.780695501699993
4.273360174599994
6.339717892499985
5.353135452299977
7.352982725493571
7.965529617303814
5.1089635589999665
7.156155116303803
8.620050163203977
4.273820191999964
3.2756629317999786
4.6051641082999835
6.055458096299989
6.030340754699998
4.853477345299994
3.5692059234999864
4.102564060999997
6.3763485885999795
5.896545909101256
7.146050685099996
4.897471029699998
4.296226275599988
5.346557096899989
7.33668775630382
7.928053210405109
7.765291908300001
9.971524423141425
10.813979077000004
9.366238015795984
10.412953492999986
9.59258326272798
7.713341915898705
8.13510962069614
8.812346029795977
8.458197941594861
7.275451011696134
9.575623272795978
10.952045746999993
9.551123344271987
5.816589488199976
7.967730262797416
8.805983303797433
8.409062898303816
10.163496893212145
9.65884644006798
11.486001719999981
9.264070359863986
10.778892794999981
9.801925852999988
9.46035386506799
8.603396758999978
5.546935023499978
5.63500671689998
7.84359834589871
10.03863902099184
9.258771943696154
9.133824668931975
7.866983814999977
8.968861265594871
10.22873331299999
10.260683919999991
11.080943760999993
11.207931707999986
7.403478498797411
8.354108947797425
6.939077996797415
6.660178105202535
9.02078386693197
7.205042192101244
3.8142637359999734
5.359142999303809
5.5714332427973945
6.132338638299976
8.214268728594858
9.02208706968799
10.066843229795994
7.461264511067959
10.014257624858535
10.41671740578782
11.072365470999992
7.715381822202535
7.142599758898693
10.417976582203988
11.11364177999999
11.58388601399999
10.884653209999987
11.651464330999993
7.875821000696144
8.256189625493581
7.759421334797425
8.497551576202552
6.794103610199986
6.767810758999988
5.065808988999986
7.279713589506376
8.995540435797432
9.882870860212144
9.57218631727199
9.177975639303833
10.612221840999995
10.808326442999997
7.790823823493572
6.243333616594846
6.385313931303793
8.934064105135976
11.854359014999986
11.126993268999989
11.587616523999992
10.26234047699999
9.349959715203987
9.872315600727985
8.618762045303821
11.395981196999966
12.328774572999984
10.123464050203983
10.70283038199999
10.185931869659996
7.6112056090999936
9.199236357101272
11.28294398499999
12.29649735999999
9.590284370282857
9.906971639999991
9.637106245271983
9.997487681717105
10.862153904999987
10.603345070999984
11.170351484999987
13.825759765999983
12.451117438999988
7.243811036699991
11.121462549000004
11.574717913999983
10.604372764999983
12.357248931999989
9.037411047405108
10.361053147929264
12.223524099999985
12.028091846999994
13.14639909347999
11.793807662999983
13.014259456999996
12.460903129999988
11.851505706999987
12.406991452000002
11.825194643999996
12.898915111999987
12.136316836999999
11.72106970799999
11.606668906999996
11.558424672999996
12.961120350999991
11.409134182999987
12.49141150099999
11.16878791699998
10.436118770999988
10.525284788999986
10.638806719999991
10.863691810999997
11.186591831999998
11.312684586999989
10.952346283999992
8.540746040303834
9.964574798877765
10.952678924999995
12.624873677
11.587084484999998
13.453748882999987
12.234246097999995
12.635282876999998
13.890377927999987
12.809261432999993
11.443168134999999
9.647005972212146
9.93978998879599
9.27978126979743
11.132669365999986
11.947616996999987
10.947778425999987
11.30252226899999
11.091206991999993
10.65749434399999
11.752408103999993
9.659994871646377
12.515678913999992
10.837272231999997
9.074458193999991
8.211951441999986
10.286343791000002
12.174639675999995
9.90995378278782
9.373213268999994
10.047620112727985
11.837516303999985
10.821766422999987
12.070139684
11.038923221999987
12.047064745999991
7.863051107797417
12.478508750999987
10.940146500999992
10.176776217999999
9.333180065898711
12.219981649999989
11.371004108999994
11.560062530999991
11.628650274999991
13.246535514999989
14.090958739000001
12.672979635999985
11.788618436999986
13.569263234999994
12.415876153999996
13.315500194999997
14.31895049599999
13.25870928799999
10.624673296999989
11.048834049999995
9.446979257135988
10.141299165203987
9.096175564594873
9.083413220202553
8.401213507101271
9.49843663480384
9.53034518430384
7.689278951999995
9.939110717858549
9.68975122386399
12.487175452999999
10.298469518013594
11.233192322999994
9.756952973931995
10.341607022070702
11.01050472699999
11.302161291999996
11.38600641299999
12.008468204999996
11.79635113799999
13.08472152399999
12.287893300999997
9.035726060506391
7.890983650199995
8.277475706506383
7.937429775999989
9.210204527203988
11.767144247
12.690498791999989
11.839723150999992
12.265573229999987
13.19180129999999
12.58680114099999
12.02154201699998
9.653201405212148
12.013895043999986
12.751764521999991
11.331847649999984
8.496561859067977
8.298812725797422
10.570323238999995
9.590312677
11.46434320499999
9.244733137493588
6.517969592299992
8.86806192630382
7.371708019999984
7.7317930634051
8.195992854303816
8.542873738101262
9.652184443795981
11.419548772999978
10.313821048
10.511663831000003
10.744808483999996
10.663807129002729
7.7032627593999985
7.116545503199998
6.460066395599993
6.587846131898697
8.771200097696148
9.53630860599999
9.690731683203987
7.512562918101266
8.078926187101263
5.2479866607999845
5.272759605399989
4.665427593999986
5.762306953399983
8.223874827594864
8.370906231696148
8.064294177202552
9.940197528067992
9.296972499067982
8.722269900659978
9.521194961659983
8.249867982506386
9.603224226271989
10.038957205141427
7.65363025669614
8.977818531797428
9.832170576353576
11.829496589999993
10.344840110858543
5.665925942999974
8.459575067101264
6.538473220797419
4.388587509199983
5.601448779299984
6.763696572898703
5.2171228530999745
4.622260926799974
4.270258468599983
5.461493547099979
9.126301887659988
7.5310603531012585
9.495672798141422
10.022477133141424
8.871088345303823
8.509507762101256
8.73465128630383
8.557777169797424
7.832181393405103
7.746371502696142
4.8024621077999745
4.01641639709997
3.2195369216999823
4.851499357599982
7.475017097499994
7.56750290369614
7.754654719493586
3.8300361648999717
6.324335339399987
6.050421292099991
5.661121325699985
6.492936564599986
7.406890139797417
7.501370237696139
5.0643643416999735
4.899854641699975
6.054892895499987
7.337365544101263
7.077613882405096
6.297714573696134
5.080129905696126
6.735889852898685
6.631134301797416
6.137793174696127
7.365873538202546
7.084110029594859
6.279414862101257
5.82558529659485
2.7686077697999765
2.6167966369999647
2.8373927901999685
5.243388182101237
2.5982427398999737
1.9549310637999693
4.501251942405083
9.056836871203974
10.925902292999984
8.520175288405103
8.893397380101272
9.130864004493592
9.685131941207997
8.893910284405102
8.278949858101257
6.219301632699981
5.241492364499981
5.370784828199979
5.766965992699981
6.351667040999989
6.7171350204050935
7.925304055797424
7.604556555202537
8.579932353202551
7.48386415559486
7.732770773303819
7.876756574999978
2.615419175699979
2.958671322599975
2.797585922199965
3.184351209999967
6.050214152493566
6.30461093440509
6.99685670930382
9.183101469405107
9.733110208067988
9.780769872999986
9.928132974141425
10.329774319353586
7.680631820696135
2.8539223983999706
2.7642942809999647
5.292772730999964
6.304109422303812
9.275002319203978
5.159605679303806
4.8500263518999684
6.669114128101247
7.343322360135956
7.190900595101251
4.890886497506358
4.70864724120252
8.307132104506392
9.595386321999989
8.790551518207987
8.220514485202543
8.214238522303836
8.242813746599994
8.451188726863968
9.365664746067985
9.376002452070693
10.597179430999986
10.612413743999983
8.771611195271971
9.938736358727986
9.67013542320399
10.988140468999987
9.68541122286399
7.757631253099989
5.34815973359999
7.884015072594871
7.817866358900002
5.310349912999989
7.519549555999996
5.869152841199993
7.781497643999991
10.251484524999984
11.857442907999992
9.969481932070712
10.58008873099999
9.607128079141427
9.227078971931983
7.580892912303824
9.216276629727984
9.09533468779743
6.457823037699993
6.700045451399988
9.706744888203984
12.323814684999999
10.949864306999988
11.722201612999994
10.951386150999983
6.322400360101252
7.069367872599988
10.108014582858544
5.330142282099996
7.755355662499994
6.933745600899998
9.965692448282862
11.22560363499999
12.17727643299999
12.265008652999999
9.791167840877762
12.241431064999992
10.794812078999998
10.341104056999992
7.755494198594862
9.02892684486398
6.712505808999974
2.80587811579997
3.7805654738986796
4.141195292699972
6.663451190199995
8.511996411101267
6.440270400999998
8.856954087797433
9.20798469389871
8.817647167999986
6.634365867594851
7.854744488493578
9.528034571863984
11.376234331999983
9.244686152727978
9.100440846203982
6.662382084696132
10.256829082999989
9.319668781999985
9.010169241203979
9.436034812931984
9.687355261207994
9.530935610999991
8.122247183135974
7.156417756696136
10.430572327999997
11.707892051999977
12.739756247999987
13.113894937000001
14.631113713000001
11.991759105999984
11.908685737999988
12.49115450999999
13.98076011999999
14.243479212999992
14.789593345999991
13.755533960999982
13.78523532899998
13.774385056999986
10.09451779793199
13.523016099999998
10.446788744999996
10.044495641999994
9.135968518101269
11.864579769999995
10.608396036991833
10.782717550999994
10.818268957999987
11.371136937999992
11.764017910999991
11.558197713999999
11.186705951999993
13.086871232999997
13.242991660999994
13.991550764000003
12.509136606999993
11.985276540999994
11.621083266999989
10.753239631999984
9.212369461067986
11.124013981999989
12.308133866999997
14.177034084999997
13.291384414999996
13.230317084999989
14.201493163999992
13.501432712999993
8.763201650999989
9.874361639415994
12.602724366999986
11.787881568999998
11.561100541999988
12.695053232999989
11.003769653
12.507435984999994
13.280306135999991
12.802882155999992
11.737603230000003
10.075847118999995
12.276907387999994
11.496438449000008
12.13488235499999
11.923858262999989
9.493058312999985
8.359988699303818
9.194196652202551
10.07568035099184
9.651772300787822
9.995052064646385
12.004204458999995
11.952724693000011
6.915078968797411
5.835629226696135
8.170589718594863
8.875350746202553
10.50083420299999
10.040170058999982
11.459568682999993
11.40050502
12.745612043999998
12.490702981999993
11.74471557599999
12.161068480999988
10.072796745212141
9.977969555787821
10.004109678717109
10.01653834827198
10.478830495999992
11.418155098999993
11.890522237
10.178395393133126
7.149080422999987
6.887947206099988
9.080178282202548
8.93621666259487
8.975635200493588
8.770327969405109
8.957185691797429
10.55015697928286
8.439911378506391
10.405211522989113
10.958707943999993
12.445868630999996
9.309002728203984
9.66680090186399
10.736848661999993
9.766320283493604
9.723884822103992
11.203582877999999
9.172514950594868
9.98704084479599
7.525621099898697
6.4189573226961345
6.107626188696131
8.453184210202542
10.675098996999983
5.407911109898686
4.933556077594848
6.10743414149358
3.7057318267974018
7.61690312959485
10.465622976999994
10.958755366999993
10.668983565999987
11.620813375999996
12.69846236299999
13.027660033999991
13.135646120999995
12.338846363999991
10.677335159000002
8.88969804230383
10.3182833399864
10.105273856010882
11.70996772299999
12.027147182999997
9.810070813000003
7.350915580696134
2.923988259899971
5.213732456999972
11.706615546999986
8.601363099795975
8.094910891696125
8.62042121279742
7.317239001506376
8.949260034135982
10.398591769282863
7.90445566249358
8.468779081696141
9.262970892203985
7.0065967574935755
9.264047605931975
7.251830155898706
5.725908453405097
5.534638470506375
3.485742733799972
5.7862079589999755
5.561832130405089
8.069303054797416
7.766412187202546
7.057512705999984
4.66233018039998
4.567782774405086
7.339278712506382
8.792744969202541
9.034319282659979
10.450950588999985
10.39951811214142
10.974673992999989
6.7113690368986925
10.592773551999988
11.171389617999983
10.274778955070696
10.275330570999992
9.964407089141428
9.136970143099997
10.140980859282864
10.360979531929267
6.483604876696138
6.75346286320253
7.048127931202543
5.803863552899984
5.844928787202537
6.820577729797423
11.151982332999987
7.400645516999986
6.697681707797415
6.810904721101252
8.416341186493575
8.91459046927198
9.701312438999988
8.849967103727977
10.402398012999985
12.015852665999992
11.952612848999996
2.675540536499977
2.9723295028999837
2.9858536757999827
5.759294750999987
6.54395461730382
5.592803866599982
3.07226127009998
3.299836059599979
5.031220089699985
4.118214926099981
4.514708698999969
6.17630361179998
7.429669201696137
7.421969116202534
7.121514677405097
7.6595112732025425
7.270225100696147
7.315032662999982
7.6254209671012685
4.776232548499976
4.821265727199971
7.409083756999981
5.811287980699983
5.106461357099975
3.101138604699977
5.896479130599976
4.44182375489998
3.7010384688999705
5.3984488646999775
8.418102311696146
6.414067863506377
4.500446131899974
3.5324746612999727
2.765603308099977
3.318885766599962
5.41324944149356
9.031300857659975
8.050999464405097
6.405773939493573
7.233921954303815
5.150666415399974
3.0905095351999714
1.8174010894999773
2.172884158299991
3.7230886977999806
6.967833584594865
6.333386221299983
5.795806036399979
5.15576905979998
5.099139646899969
7.648256588696139
7.534229711898695
7.744906336999977
5.343595582594849
5.777052540599977
8.287642834506384
4.722997671493568
5.606532000699987
6.096514413499983
5.1181375443000015
4.30446206969999
4.4128303238
5.804367011999977
4.860520367405095
6.044800309797409
7.981359596303811
8.98932585299998
8.12580451199998
6.6298907242025304
7.8797290252039565
9.104967918405112
9.576238384999986
9.332102802999986
9.783951028271986
9.525581770203981
4.862512249799974
3.3280371155063593
6.886751480101257
3.68612853549997
2.831007574499962
2.374346934499963
2.4286801574999664
3.626496522499966
4.400665199303805
7.422631806898703
10.317778411931991
7.795348617594851
7.518933090202522
7.44536984559485
6.419739797999967
5.8591644302025285
4.493734690898672
6.672427212493567
6.385240814202539
5.06991324459999
8.259678372202538
10.339968115141424
8.377663275101256
4.76090529169612
5.0929017806961285
4.744940193202517
7.198370346101251
6.4270752014050885
10.889899663999985
9.077687257271982
11.606984844999989
10.170745590135985
11.015565607999985
8.810837318271979
5.491244557202523
3.5024122680999814
5.8510018157974075
7.159459014899994
7.758862104797422
9.375306341727978
6.522288284303812
10.781241321999985
8.967385690203976
10.178333976787824
11.071484696999985
11.059221514999994
9.565279490696161
8.562956988493594
10.776710885999988
11.261869471999988
12.422771210999983
9.561187153727985
9.648913694863982
11.509211231999988
11.540802765999985
12.571342751
12.767623277000002
11.802871329000002
10.405426481999996
11.50905287199999
13.599409087999993
11.921645193
12.047036719999996
13.480296647999985
12.961566735999995
12.743676713999987
14.396645286999995
13.37391752899999
14.347210093999996
13.977491758999998
12.422830185999983
11.880068705999983
11.374088569999989
11.771684928999996
9.75239738172799
12.352874242999984
12.627379990999987
12.420186970999975
11.137146895999987
11.813997320999999
11.627206624999994
10.67395507990017
10.15141448071711
12.029004915999996
11.173550031999993
13.196146985999992
12.215591155999986
10.862354258999988
11.067827372999984
10.632256257999982
8.554922236594873
7.373821855199987
9.603829731863991
10.72533153799999
9.84690238799999
10.529062220999993
10.345119234999991
11.901844210999984
12.59215350999999
13.634059743999993
13.525069526999998
14.054112412999988
12.91735434299999
14.66412824599999
13.976960279999988
9.674876434212136
6.2544061446961345
12.705859960999982
12.918725380999982
13.116231339999995
12.018026665999987
11.288461938000001
9.291626669203989
9.55032303172799
8.143424999999985
8.958719480899997
11.354824976999996
10.849302986000009
11.74798430900001
10.19865069420399
10.804780205999991
12.147556658999989
11.000441306999985
9.616388519203989
11.13066494299999
12.18678794299999
8.938635021999994
10.862122236999998
12.79119583000001
13.510789771999995
14.68926409599999
13.927332316999992
12.629354162999986
10.818143500999982
10.828059820999975
14.814434842999997
14.65771488499999
14.957645344999996
15.909423749999998
11.409933053999978
7.535971760727961
7.344505981405073
10.125131881787816
11.285188651999983
14.035884240999989
12.624558687999986
11.839155401999989
11.31895622099999
11.125745554999988
12.53968823399999
10.247255660999992
9.512281114135993
11.359753029000007
12.36153054199999
12.761620341000002
14.206367199999988
14.245585740999992
8.824586970659974
7.5088589705948525
8.050698811303812
9.50535527327199
8.563079467797426
9.562767999303835
10.077782838282864
9.442959957929263
10.028013347999991
11.720327709999982
12.359489875999987
14.327105726999994
12.56296476299999
11.81753223599999
13.034986097999987
14.541114475999995
12.639377609000004
12.947512589000018
11.038004662000004
14.275649819999991
13.861302491999991
13.155028849999995
12.72970231899999
9.284044039931983
11.05041383099999
10.780606984999988
10.252059139999988
11.39233394499999
12.038237043999986
12.56303970899999
11.975819965999989
11.932722617999985
10.011880615141429
10.987562433999978
12.981567812999995
12.840403462000006
11.536983962999997
12.919141845999988
12.310891094999988
13.256204049999987
12.50759298399999
9.502026126067989
11.195700696000001
12.969196454999995
14.325350373999992
13.971697498999998
13.706266489999985
14.668423530999991
11.658972284999987
13.269560366999983
14.415260303999991
14.777711205999994
11.324523435999984
10.409845156999983
9.646326698203984
9.573631597931996
9.225428054797439
7.918511787405104
9.834227168203993
7.281347813405094
6.07475511630381
8.960616012594867
10.78889454199999
9.991381159999987
10.125186849999995
11.97052742899999
9.777567462135988
10.846750449000005
10.670275402999998
10.203876185999993
12.203503534000003
11.54682563599999
10.08426786799999
9.493841325405109
11.470917753999993
12.415236486999994
12.258749953999995
10.764566587999983
11.722964608999993
13.450376183999989
11.129831878999992
11.21433059099999
10.799354913
11.168138529999991
6.276079032899988
9.011346957405117
8.859081553600003
8.530339273101266
8.28253037410001
8.034328605696146
8.900640548696149
5.121683576999982
6.819479893499987
6.118750489797412
8.463628704797422
9.940233474787819
8.773856253101266
6.7074693054050964
7.516683074999981
8.097339144895972
11.106444384999985
10.645967327999983
6.367220423898701
3.0515868697999693
6.653785157797425
3.245095664999982
5.83049097749999
4.415655374099998
4.180617040999995
5.421457592797406
9.370342425659986
4.007759190399977
5.1137894637999715
5.3142536590999745
5.3918992217974155
6.161145814493568
6.370817843594854
3.8494218535999742
3.8934331756999865
4.172524703999986
4.7717750411999855
6.79117872159486
5.656293150303814
2.63722405239997
2.5792901092999574
4.37984962459997
4.349269609101242
7.951535507202527
10.660654467999986
12.775357484000006
9.92691838827199
5.994074377399983
5.279341729699983
5.889810119599981
5.234873133899971
4.897774551399982
3.2627283706999743
4.064797680699971
6.3773582291012625
1.475202748685844
2.843147410599969
3.1239909713999707
4.045836440999974
3.4906332352025222
5.42565625609998
2.660600950599975
3.496450826999962
3.2992223082999703
3.0884657882999593
3.34289587099998
3.076911569199978
3.842138667299988
3.8631030303999956
4.1095379562000005
4.847700198399971
3.728223544299966
3.9208475661999653
6.31255741119998
2.738941613799969
1.30571735943533
1.6764118377999755
3.8608077056999663
3.861717486599973
5.830926159696132
6.319844767799979
5.668044663999975
6.471939561506367
7.806445709202541
8.427908352795976
7.476419110101255
8.132149404898703
5.697877204898688
4.038260244797402
5.419228047199971
4.073277053799977
3.344137759399964
5.4574775786961265
7.357598748797415
7.624150852999974
6.2675163834050895
5.660163093594852
4.093657002303807
4.000079989594846
8.105228309727961
8.777407270863982
8.699949743795978
4.850972288499973
4.4286989516961155
4.088418237303802
4.582697877493563
6.044383102405072
7.162014692795951
8.897061376999977
8.475904995795974
9.439163171271982
3.7970036818999935
4.178521604899999
4.328080696100006
4.230895970199999
4.324001469399992
3.8487032958999885
4.740351045199979
5.393947050506366
8.041365832493579
4.98253032379998
6.75580697629999
6.829073091101255
8.861894793795974
9.069734857135979
8.847252983101264
7.60023804020255
8.455510693405108
8.179475656101275
7.554057553099995
7.931830589299999
9.786080677858548
9.432329673863984
8.074351846303816
8.189815881303817
7.497334547405103
5.989366183506368
9.82966597293199
7.782954656999976
8.050708877594861
7.974652032506384
5.706419299303813
4.388600338699967
5.412514141797409
4.7079697616961225
7.8615523621012535
5.526956629898687
5.86354550930381
8.881261563101273
6.260242567399979
6.343840960699988
5.150697320600001
7.162854450999988
7.779265064999986
8.805757876594878
8.250983038303824
8.776848326067983
10.61352677799998
7.239415368696127
4.019388812303802
7.373131939795962
4.803611892696117
9.88677850328285
10.543003924999987
6.656358216898682
7.9829903228986865
7.016358140594858
5.882261190799971
4.552728358506367
5.886828245499995
4.323912826499994
7.120583398399997
7.9317057830999955
8.518371040300002
8.356894097898712
10.22132093199999
9.607636619590393
9.347688380271988
10.871248273999994
7.881025506599999
9.543286016797436
9.81510679620398
9.255146504207989
8.44815828699999
8.28009117430383
5.970087078899988
10.56876783299999
9.095295404101265
11.148989760999996
11.016254264999997
11.004245958999997
10.108161295999995
9.52917397606799
9.946052453727996
8.980116035506393
8.814400917067983
9.5718845277171
11.905690366999986
7.329162591594856
9.508513276795986
6.0298446915063675
4.566823185696123
5.574680761696122
5.721564811696129
6.424541047696122
5.458263497898687
3.928170675699969
6.088732281499984
8.482377467300006
9.373664903203986
12.143720200999988
10.31402006221215
8.870144432101275
8.441503646898708
10.90757518899999
12.050007909999994
13.784426897999989
12.630024795999992
11.785902128999998
11.093676261999992
14.313430440999992
12.930297866999998
12.93136862599999
12.992029268999996
14.008696399
12.822206671000005
11.28979214499999
9.84932655020398
11.196341846999992
7.079051484696144
6.791653994797416
7.564782122797415
9.661712921070706
8.73706351320254
6.464858808898702
5.072583467099976
8.66403416899998
7.256749742101252
8.054683996594868
6.546775868202533
7.76344659269614
10.615124401999996
9.19723271479743
10.649330437999996
10.756525690000004
12.441501761999996
12.315212828
12.672704003999995
15.254250252
13.342269761999995
10.973934887999992
10.343199253999993
