12.706771529000006
14.812612781999999
12.456427819999988
9.327809226999998
8.787144096405113
8.765069166594868
9.891552825931987
11.019178377999994
11.531928455000001
12.074300962999994
12.885301407999991
13.565367119999989
14.52565826099999
13.858766419999988
13.477959771999982
13.77020390299999
12.784606656999998
13.874973518000001
12.363280944999987
11.648230108999984
12.565762096999988
9.881616535929256
12.72229626499999
13.586540827999992
14.553826107999996
12.484923894999996
11.645012928999998
11.202393311999987
10.62172336399184
11.873934711999985
13.012148763999988
13.26546487999999
11.118427701999984
9.534252638202554
9.390171287493596
9.984475128141433
11.24729104199999
12.571700867999995
12.583682235999992
11.788296909999994
12.891751871999995
12.693570730999983
13.09654515399999
13.781985389999994
13.681139439
11.874388384999987
11.816123276999988
10.95327258099999
10.585022797999983
11.252462345999986
13.47904755599999
13.380898253999986
12.765001665999986
12.27940246099998
12.292555871999989
12.565092556999993
11.987371740999977
9.307772972067978
10.700012037787808
12.43289935599999
12.17443179899999
10.557964258999986
8.3741420959
6.730003302000002
8.014114349405103
11.252114953999996
10.57384713296945
9.672398590101277
12.431373592999995
11.797946192999992
13.175712984999986
14.169906435999991
11.655813898999998
9.62579455406799
10.672682834002716
8.99832544399998
8.421008030696148
9.873687878271992
10.34014782900816
11.619196587999996
12.405805662999994
12.659280158999996
11.509452306000002
7.943572213699997
7.84985682679743
9.03721449889872
11.737220475999996
11.986056811999992
12.877413025000003
13.021370905
13.551754087999996
12.229136965999984
13.19790991499999
12.046081781
12.220032270999997
10.199916913989119
10.61865104799999
11.812335809000011
10.578653386999989
9.026387271101273
9.781400160135991
9.462836743202562
10.992377662999994
10.782999663999995
10.064927714659996
9.961390338070705
8.877553857405111
5.8719770354935745
4.754219816599972
6.322449040202536
8.067365591405096
8.524370284999984
8.29010101779742
8.631497849999977
11.33603421199999
6.805541511493585
3.6782644988999715
3.7396480651999804
5.944356466696133
5.774728562899993
5.167637289400001
7.631673875405095
8.32130740659486
9.195227375863979
7.9450544997974175
9.148941520696146
6.916949552898697
2.3518692626999793
4.287980732699967
4.568559143099974
5.0448847747999945
8.604383386135979
9.45654968106798
6.500562020898697
5.938975384493568
7.711231922898685
10.539133835999982
7.0269371276961285
5.390914881898681
4.839774858101241
7.156024156202522
5.198234484898686
2.9030457412999717
2.0131169249999754
3.729922521999962
2.741211811799976
3.3964067977999823
3.756954992699977
4.491359100299979
7.163694544999997
5.212288633699977
6.142750175499978
4.679419140599971
4.403979750099972
6.158265203898694
5.003707797199984
6.460576669303811
6.400479228202528
5.054269914202525
6.567994784493573
2.320646351599977
1.9795142013999674
2.3800816665999696
3.173372543299968
4.703096960405082
5.234245460499972
5.554443449405087
3.057608210799968
2.4041091277999653
4.1968968903037975
4.324212843303803
5.740164923101255
4.499625402797406
4.276058721899978
5.499358070399971
6.008135526999974
1.1093061537787527
2.89936056209999
3.3123707580999704
5.832753018199997
5.485902075200001
7.066201718101254
7.07755346830381
7.4453503875948535
5.747255253594843
7.070034275797415
6.524787512199985
5.090960311899993
6.701791230797419
4.742641461199974
2.914340574599992
3.397660168499996
2.43136242219999
2.8631224471999697
4.169982530202524
4.502592291303807
3.4449305129999663
7.229964979594854
3.5847655745999703
4.812619035303807
6.410309713696131
7.14577691040509
8.834439527931979
6.008007022099979
4.474088398699975
6.8174289245948545
6.026321408101254
7.3217905472025375
5.829271127303807
6.718991584797415
5.842041313202538
5.189101359599978
4.031869695999989
3.198497140499994
3.7006889495999986
4.381445529199972
4.22471393129998
7.4628383774051
9.23048200386398
7.036585827594862
4.450239445499991
4.229567481999983
5.165919097899979
2.9644045699999695
3.9849233275999683
3.695189633199962
3.572477882399991
3.9149116500999668
3.1675211135999635
5.141587074299973
6.19615316769999
7.550887873797421
5.081304508999967
6.866084832797412
2.4387487899999662
6.701632403594846
5.840025715594849
3.9102275054999627
3.1489967986999727
3.414802859506361
3.3517205337973914
4.54285245669611
4.332311788898675
4.341208018499967
5.686963827493573
1.8284607802999626
3.622801007101236
4.772870985405082
6.0571576935063645
8.335289117405106
8.523801060506388
8.886366598493588
9.329167196795984
9.61178014520398
10.37242400799999
11.357270115999993
11.310390174999988
10.654871653999988
10.296461387717109
9.320865118271985
8.74671467899998
9.050697793594866
8.902850848405102
8.598716273506382
8.949157148795983
8.739223527659979
6.427112371797408
5.772189565999969
6.289185984799976
5.9765972686961275
8.777144633339965
9.111782736135964
10.693665603999982
5.3995055054050916
8.551672062795973
12.656707293999991
11.176582494999987
10.000443678212145
10.725056469999984
12.214633410999987
11.306135972999986
9.870273411727984
10.681647007999993
9.286259986898711
8.301659329135978
7.132735450696138
10.480973449999993
10.658916300999989
11.017982457999983
10.975730756999985
10.781861046999987
10.839115847999988
9.894867562931985
7.355928767405097
6.0670094329999715
10.057331530863989
9.630813499339979
7.100512135303808
10.118259068212144
10.436708695999986
5.198610420202526
5.2148304794050855
7.113794328303809
6.369335353101247
4.100430725099966
6.489261515797421
6.440164997899988
8.616686558493596
7.762775231898697
9.777202616929273
10.463321848999987
12.11233075599999
11.810729880999997
10.847513120000002
10.987348374999987
9.586351116898719
9.429976425141422
10.737839515999998
10.672606362999982
9.662166250727982
8.38047140972797
10.671500495999975
12.991800432999993
10.418634284999989
12.259678748999994
13.03301826499999
9.810891348212133
12.328728556999977
11.514604604999988
11.314603437999978
7.964375553898688
6.655447141999964
10.334282570989114
7.051887609899989
10.098685784931988
12.449772326999984
14.58469304999999
12.826572767999995
8.78900142969614
10.195271125858545
9.993115283141424
7.1303197143999855
8.59411923830383
9.861140957717101
10.445573850999986
9.234674308797432
12.681533751999998
12.815867983999992
11.293473656999998
10.288542478999986
10.129787446999991
11.239647521999991
7.788320980799998
9.506762597696156
9.992827897717113
8.802355728099997
9.042898690797427
8.94544852749359
13.06559828199999
11.956731479999984
14.003294568000003
12.739448461999991
12.373566285999988
12.113807759000004
13.060073437680003
14.303641532999993
14.076831637999998
12.934818810999998
12.370001830999986
10.274844164999994
6.2519579055999905
7.876291059899992
8.83467832340511
11.995639670999987
11.76535381599998
13.667261605999988
12.735747513999987
13.462790322999982
15.052850370999987
13.794293226999994
12.772644503999981
12.86629626499999
13.621406162999994
11.354270254999994
13.287318053999988
11.37572062199998
12.045631934999983
11.389863846999997
12.758317369
12.828935171999989
12.534692451000002
12.164956028999999
10.75162224999999
9.952110868797444
12.273140710000002
9.835521583594884
11.44868782299999
8.640822201493592
9.37504786530384
10.233944845877764
11.014337287999997
11.137646633999982
12.81436373699999
13.631362699999997
13.689263409000004
14.40650964099999
13.047607147
11.070434618999997
10.435976530339987
9.182443543999982
6.998703471405101
7.490815493797415
9.338836498999996
9.73932460320399
10.204081202787822
11.224705564999988
10.590263315000003
8.866254540999995
13.413570737000002
11.208069649999983
10.920999776999984
12.134551400999984
11.355731295999998
12.33956873599999
13.695179242000007
12.812269824000003
12.803192611999998
11.898696755999987
12.460652651999998
11.102556279
6.3271606384
7.384086366299993
7.3764635788
10.711288405989112
10.361545383008151
11.039588650999987
13.045213251000002
11.535824692999993
11.254580744999997
12.512508099
11.018829535999993
11.154532918005437
11.88121509899999
13.542095969000007
12.323956242
12.344470235999994
12.715140356000004
12.930098108999994
12.770780597999995
12.95805894499999
12.238380936000004
13.33931101400001
12.736497765999989
14.351620127999995
12.180270197999997
11.737371179
10.586288526999992
11.515948882999997
11.457700644999989
12.281487958999994
12.912353072999998
10.701871680999991
8.988734320101269
9.686482734795993
8.230015794405105
8.356082871999998
7.014034593199996
11.727694105999982
10.888176922999987
12.581935096999986
13.05471358799999
11.664680327000001
10.076610609282872
7.24604658969614
5.422879658499979
5.807004362499991
5.726888357499988
4.859468942299992
6.884504252594853
7.527546261599996
9.69363282179599
8.75706397089871
7.826550981101265
9.591974462931988
9.934582174795992
7.9363666015948695
7.0734941513038185
7.719487104797414
8.967939485135973
8.610828216727977
7.349697776797428
5.191164813199977
7.084549822999978
8.96741872859487
6.474576267999981
5.693456024199981
5.642532417299981
5.231269645699985
5.7042944793999855
5.581309388696137
7.155060807797415
7.710803271506378
5.615268527199973
2.799665772999975
3.371828601099972
2.9392861663999743
2.9773778884999778
1.9949837523999778
4.272906112699966
3.8773209075999886
2.3777649199999904
2.035910789499992
4.029714997899992
5.116579186999964
5.213513238493564
7.098274072303808
9.26756375113598
9.193764968931983
5.015735552999962
4.9339586974935585
2.7485436751999663
3.186948289499961
8.171662893795974
7.724735317999971
6.821372196999965
7.74549050899997
7.605736619594852
7.59316762699998
4.724020049999969
5.336933161899983
4.979490028399976
4.787508396899984
4.045959477199981
5.577372962999977
4.9383435607999715
4.725631582594842
6.629610526999979
7.157832725493579
7.584860131797421
6.536705288696132
2.4197808822999662
6.206900817898688
7.322758898898701
6.420576420594858
5.537619236799979
4.024904855299969
3.7055896209999735
4.2786699950999845
3.351753109699991
2.8939332931999946
1.753517092899994
3.3655057708999774
3.0654221740999628
1.6124952758999664
3.2004835357973995
5.321583172594853
3.5837310454999636
2.0966077590999674
4.024159439099983
6.668622521999996
6.059373112499981
5.254232885699984
4.264815133699987
2.9856311080999918
1.886404154999992
1.4949146651999934
4.0585580520999684
3.598503555299959
4.718973652594839
5.63998285520253
5.498481388898688
5.528128463696125
6.1503441268986885
6.815659184303806
8.043415006999975
6.578879185506377
6.5188998717974185
5.129664320405093
4.869156846599986
4.698944145199991
5.236916873199972
6.226471244797416
7.20304576259486
5.6682223282025275
3.589188252299964
2.8127132949999685
8.233473680101264
9.38555913093199
9.360742526135974
9.624686254931987
8.387172885067965
9.741409109353572
8.245630273405098
7.801653620898696
7.845335989405099
6.282052735898689
8.579038470506378
9.337953977999979
5.116630116303809
7.962407450898708
8.627026237506387
5.461180111699977
5.056998641999958
5.057281463594842
8.905549354727974
10.186544428999989
10.191340064999977
4.972943437202518
2.6939414046999612
4.228622024493556
3.6263164824999623
4.175455819699969
3.915320820599974
6.000853338594849
9.922680346787818
7.508918484506379
2.5885461745999687
3.5765012664999793
7.887417971797422
6.951975346405102
7.712437750202537
6.84365406799996
8.817401568727972
9.183826385339982
9.129388172898716
8.84449847559487
9.345168913203976
8.425595013271964
4.062156687899968
2.8467293701012384
6.052665965303802
9.392264030353578
10.763683303999988
11.650177134999991
10.217147699000003
11.301617278999984
9.238839826999985
7.240363485696137
7.314124627696134
8.725411155696143
9.854287875282868
5.248967689493562
9.253289080791983
6.975538554405098
9.453650781141416
8.614911740101254
7.962200488303832
10.153148088070695
9.647838519212131
6.439574000493575
4.190539836101241
3.6884917098986776
5.4889998778986735
10.707562455999991
11.149259231999986
4.862788478101238
8.276851901202544
9.779547822727986
12.200877334999985
13.189462276999993
11.801358468999997
8.138359255999983
7.74914947809999
11.070268075999993
13.346635100000004
11.53046293799999
11.939044979999984
12.983650876999985
10.847705321999989
10.962770420999986
11.248909051999995
10.527434435999988
12.768320778999993
11.98287935299998
11.735271280999994
14.002448841999993
12.716281908999994
12.752025832999994
9.48108184672798
9.6217862885064
6.816620893899996
5.700679512
7.722476490799997
8.686901255800004
7.848962677000004
7.361699850499993
7.35294807130382
8.01807660059487
9.251144512898712
10.196631109877762
9.040877459696153
9.66393028272799
11.175806101999994
9.253895394898715
11.039513709999982
12.267445476999981
7.8238704849319625
11.975453681999985
11.829735999999983
12.780948809999995
10.739226064999983
11.308264342999994
11.309940532999994
11.75930425899998
12.252718276999987
12.690014251999992
8.576173049898701
8.41252070010125
9.20315210278782
10.75589826199998
9.488266897727986
8.268268437202554
8.509126173405104
11.34382287799999
11.627334141999988
13.01754940599999
11.899574820999996
13.96257913099999
13.550163733999987
13.235220148999998
12.330198488999999
13.298794324999994
10.356999197282862
11.64659925099998
13.183644842999989
11.602061046999987
10.890021141
8.9900595307171
9.891741676311993
10.555453164999989
13.243695431999992
11.58008290599999
13.29849191899999
12.129111814999995
11.599285746999994
11.275985019999988
12.106432538999993
12.119221641999989
14.248473891999998
14.42782326699999
13.014584410000003
13.074962137000002
13.368297390999986
15.186816743000003
13.795962461999984
14.615287475999988
9.756072886795984
10.11716944896944
10.982475748008154
10.78645163599999
11.043407728999988
12.22896842499999
14.866334325
12.229930840999995
7.964560113493578
10.631721207999984
12.837450188999995
10.195048641999982
9.320660172999972
11.07324001299998
12.757762111999995
12.56005846999999
12.696660370999997
13.331908513999991
12.007730192999967
13.047298253999996
14.27580445599999
12.860181212000008
12.630465320999988
13.151250112999989
13.717578446999989
12.645803814999983
13.306175573999992
15.08720501999999
13.928362282999982
12.996678307999984
10.487606086787817
11.09695510999998
13.66038859399999
12.763595107999992
12.619687612999993
11.036247055
8.664508546405113
8.72102841950639
12.829547609999981
9.77328623972799
9.410878263898715
9.995844960000001
10.903456882999993
12.764017708999994
13.596188193999991
14.37567360499999
13.238212415999996
13.028226397999994
12.32907028499999
10.043962278787827
11.099856299999997
13.184619339
11.225413785999997
12.87502891399999
11.222330370999988
12.356446708999998
11.406323416000006
12.759599634999994
14.108461652000004
13.082703165999991
13.841809464999994
10.696197724999996
9.68537010192927
10.432258892999995
9.223212805200003
7.1895331695999944
7.787212583898711
9.984664219908325
9.568143559303834
10.620782672033286
12.094772527
11.786075442999998
12.431420707999989
12.314395267999998
12.594138097999993
13.539115644999988
11.76993406199999
11.338248421999996
11.184648734999987
10.227695654203993
10.101655830271993
9.787889247067984
9.15568876189598
8.573825277696148
11.019382265999988
11.384120756999998
14.585648035999998
11.666831794999997
8.18868352659999
7.821479515101268
7.368561151099995
5.786746791099991
7.229298911999995
6.1790311156999875
8.195514140303828
11.375522878999996
11.492444533999992
10.618501356999994
10.383060951141417
11.520247074999986
12.371860250999989
11.346784205999993
11.041953985999992
10.719267795999995
10.319132348999998
6.778660334800006
9.306580215339974
8.521343028303825
8.382623147594854
11.265677050999988
11.784367896999983
12.37436238099999
11.153061620999985
5.346877564999965
8.093406336999973
10.387610441999993
7.41418285220254
8.475039579863974
6.7376386734051
6.361762736493561
7.688322276303819
5.436220130899976
7.961333315999978
6.585229132101255
4.619108413699975
5.42108006899998
4.744237890599973
6.442946542405099
8.281449247696136
5.616193447898696
5.344443629506358
5.305060746797415
6.479284663399982
4.318994029199979
5.241992176797408
6.974902979999968
9.186615862999982
7.849018855303811
8.938397752282851
10.206628456067994
8.401435658203969
7.153539784199997
4.612339208999964
6.057926403797414
6.278001629599979
6.926411436506367
5.76222948910125
5.434427944899994
4.92245877229998
4.393882524099993
6.053333462499985
5.535005911299989
5.59640514369997
8.502535243135974
7.799611125202533
8.593745291067979
6.38341839450637
7.944843502797423
9.849098794727984
8.132854342696145
5.592827265899979
4.597329853799976
5.778743263199976
4.375925671399977
4.953086740099984
4.033258732599981
3.640628898599984
4.988547535699971
5.86692888789869
6.888128582797415
6.365640492202532
8.182653089898693
9.580075556929257
9.174832746931985
9.421170773203988
7.2464953323038275
6.043370846594849
5.4747695098986915
7.8675960892025305
6.373504751594854
4.697294897499975
3.3782374389999776
5.074621269199977
5.530529789699977
8.049568339659965
5.90791707759485
3.8103967696999703
3.54786198269997
3.2621905089999794
4.239813452099962
5.608442407199983
3.514610790999971
6.5594477004999865
6.350661364696128
8.602994580101267
6.95227451320253
8.239471366898707
7.092212324493577
7.530239727797413
7.584344702101251
7.192383000202523
5.754586276202527
7.639034823594859
5.626066952493573
5.307379809594838
5.797448861699992
6.972276083399994
6.598040595999977
6.929452229299981
7.3400557022025295
7.428142633101258
6.865006585696133
7.410850938405099
5.9915014617999764
5.829326727299974
7.3982097321012565
6.221274394202531
7.309282908594857
6.596270439101254
6.073720683303799
5.206069790594833
7.595056816101262
8.142783210797425
4.233696720898687
6.384397772202534
9.856784384135986
7.938082788099996
8.456403453101263
9.078811912493588
11.011527694999995
9.180741352791983
8.986800244101266
9.419984223931984
9.248156166067988
9.368711563101272
9.023286100863986
8.297975341797423
8.833339321898713
7.9898561111
6.655870982405101
8.032687457299993
7.995057171594855
8.423282856797425
10.115611466999987
5.243724308797401
10.2903216140707
7.960854455594855
9.931968058858544
9.742338856646372
9.773582765141411
9.378863067727982
10.362930392353581
10.289886085646383
10.254530541999983
8.933478424101272
7.168594963099994
5.895117224100008
7.1810286621012605
6.707808906599993
8.01936229710127
9.68336114971711
7.250417398101257
7.556942338594862
9.27359318850639
10.165914747717109
10.266979099999988
9.995807102999981
5.12604992219997
4.4057739516961165
8.053686053506377
5.948369406101249
9.90617514964638
10.148760948135987
12.21623013599999
7.808155337493575
8.205859332303831
7.7872024582025485
10.147760973999993
9.515018324303837
8.399772747797432
8.760832476797436
7.675157076999983
5.916581689499982
8.628812567067975
9.33454331820255
11.598036326999988
11.832803705999984
9.105668540999975
6.092986831696118
6.010428906202519
4.956066258202522
4.347608344999958
5.35657883150636
8.464146142594867
7.956193003797419
4.307677711506359
3.559194549599962
4.051948724405079
5.8242709395948244
6.798140960696135
7.017075451696125
9.748028301999993
10.981918253999984
10.881236785999986
11.067621520999996
11.105419187999997
11.663653675999994
13.789143088999994
12.242208143999989
12.165195191999992
12.787254273999999
11.896730193999986
9.487583198659982
8.771143612696141
10.661053667999989
10.840133463999996
10.529944170999991
11.351325115999998
12.634741663999998
12.209506679999985
12.438768490999982
5.90145675810125
7.426074639898695
9.57137039493198
10.642402498999976
11.794597997999988
13.011244626
5.2945948424999765
10.959666388999986
11.011827529999984
11.64711387599999
11.847306713999998
12.23058869599999
14.22712569599999
14.240703595000003
14.315298795
12.628483422999997
11.149687126000003
12.044970974999995
9.827545190282864
10.40636462099998
9.866154913212146
10.951142503000002
8.209411813405103
10.44681410499455
10.854988320999984
11.498535912999989
11.360702205999988
12.59727711899999
12.918896880999997
13.087459607999996
12.923867705999994
10.98700511199999
13.557882715999991
11.426786300999987
10.866072353999991
11.373930756000002
12.24715999099999
12.873737072999996
12.800006305999988
12.481625844999984
11.089536704999984
12.238857332999988
11.715284513999988
9.724259135271998
10.943182136999996
13.516822171000001
13.056477787999995
13.343684040999985
13.339334688999992
14.172955903999993
13.17761131599999
14.295540687999988
12.710127462999987
10.59026363699999
11.904849119999989
12.71459816899999
13.818277605999992
13.517753043999994
13.243999904999994
10.852910047999986
11.213344094999995
11.044811413999984
11.312922153999997
9.426048171999996
9.409712863202556
11.02987232499999
9.622554168696151
9.464656800791982
10.597252689999998
9.420507685931982
8.50453303679743
10.903431666999994
9.85191627028287
10.413774091999997
10.311848457212147
9.663756018067993
9.71300527633999
9.062460839797431
10.663236915999988
12.099395958999997
12.464635500999995
10.891279845999986
12.632315249999994
12.571261506999994
12.65130849599998
12.336953876999987
11.67440910799999
11.769763573999986
8.283931637727976
11.33206277199998
11.469701838999992
12.61482749899999
13.837893329
10.223517348994553
12.587323163999987
13.056571197999991
12.612060975999995
12.878455175999996
13.313086672999997
12.469248195999992
11.730151343999982
10.183886560067991
8.758537988303832
5.003502687099991
5.673771552999991
6.375241235399992
5.2004484893999905
5.188390484599994
8.677268157999988
9.345953355405115
10.774971682999995
10.591381424986393
9.61005800486399
6.503398959399992
7.448862731898708
8.209144599898703
10.389702706999993
11.596438563999998
11.509152845999992
10.748568218999987
11.228690059999987
9.802859040863991
7.179961337303819
7.853417765797422
5.249124972499973
5.9751817397999805
7.731092637594856
8.62259521789871
7.678929508999993
9.004974847405107
7.239509707599999
7.9478377608986985
10.696849334999992
7.563585549898698
10.324272317646386
10.519963952999984
10.85151701999999
8.379770982405107
6.929985789506376
8.067691093405108
7.704345051594861
6.582188883999978
7.473951345797417
8.859626711999988
4.512805487099966
4.3717440933037945
8.619668916203969
9.460254034282856
7.692211001594858
3.718285588099972
4.665317779499965
6.124772930899977
3.0900811171999756
3.874485510299963
6.051544177202538
8.388686433271978
8.026949635303813
6.328389689594858
7.000082961999977
9.303042675863987
9.304369380135986
9.262753672863985
6.4306423064935805
3.903798072799975
2.9933378829999704
3.8113493804999714
3.5080178878999657
3.9593813430999707
3.704360990899974
4.09097796479998
4.568463136299997
3.1632061904999746
6.429332499699991
6.457293551594852
4.549872708101245
2.9412992293999696
2.6099711165999744
2.8839861068999606
6.407265930199981
4.247912626594844
8.428507627931973
4.8697876098999675
2.8847045638999784
3.2570845946999896
3.658228225699999
4.107901022299991
3.691324641399968
3.4829303618999687
5.089445342999964
9.342337123070697
10.228007549999985
4.8614329635999765
3.35994690859997
3.979768818699974
9.035410499727986
7.897380784594869
7.780683679199989
5.851938319405086
4.986629612696119
7.172284570303806
5.4929207503999775
3.91202217099997
4.394744541899973
6.284950697303814
6.48440912930381
6.204331379699978
3.522731684899963
5.261592315699978
3.195555590799973
3.126071719399971
2.6990270507999834
2.4456877471999743
3.4148266219999805
3.3498910506999713
3.4651758666999646
4.46604879459484
5.257177169797408
5.821684478799971
6.378755773899984
4.913041722099987
3.38127638549999
3.8363717803999773
3.9308646667000002
4.3439044875999855
5.266338313299977
5.243617724599971
5.734681817594851
6.187797863797406
7.185479034405092
5.673517271405094
1.7257317183999652
3.3658778045999656
3.9766015716999723
6.571785948199981
5.726827111797412
6.620875561493574
6.097467477405091
8.192614654493584
8.278130886863973
7.425095008898696
3.5832653945999686
1.967100555399968
1.4775289107211775
3.8600710785063583
3.9422928176999643
6.518751666303802
6.342080444303807
8.376603262203973
8.285219621303826
4.747429423499975
3.6346769317999748
4.475277688599965
5.574915232797392
5.8421566466961306
3.226384609999964
3.8881353896961217
3.6243320343037944
4.894251510594829
6.899124592594845
7.972941316202539
7.35629487610125
7.841015762299999
7.314989021299984
6.120842552202537
5.192997927899993
5.096521040299996
5.904741213999974
5.4509914261012415
4.122298507699966
6.350395942699978
3.30011165309998
4.536027339199993
5.032347286999994
3.7737438247999915
6.514034985399998
10.74669960899998
3.5184750075999665
3.945832293699965
6.440473580898682
7.283846188405107
5.516293987999995
7.480497322101263
7.422529356405098
6.522430129999972
5.13547281489869
4.5346687896961235
8.114300865202539
6.966853124999974
4.951572969101247
3.9024849227973997
5.08963647920252
6.940803797931959
4.059971581999966
6.1912124419999675
5.002576469405081
7.428622050506371
7.657363275101252
6.4595647675063645
8.121431599405096
11.898250794999987
10.757798269999991
9.237466252067978
9.553405660999971
8.603737602135972
7.065837356594839
6.017884220898675
6.921101251202539
4.683128401202515
11.169029091999988
9.780186259339988
9.220862931863987
5.6814868056999765
5.909039390599981
7.112101275600004
8.48105337520254
9.029436360202556
8.19496449889871
9.553055908202563
9.682243827858539
11.255110662999984
3.8744778579999677
5.664482638493573
6.923981114199986
6.961548286399988
9.629936976594879
9.527761650101274
12.547984687999989
10.850989521999995
13.001167531
11.88167978399999
12.52903250399999
12.760307125999987
11.085582589999989
7.418605491594856
7.6922618454050955
10.081252059929254
10.827780840999996
9.18607222292926
7.9007779175063675
7.962160368303813
8.367821472199992
8.64662147520255
8.595450645271976
7.684742681898695
7.745931155405096
7.348003729202546
11.055152758999984
12.055266956999994
12.650133431999997
8.750603074727975
10.840374225999987
10.427367156999997
8.238480027797422
9.96305768592927
11.23070057199998
9.516264186103982
9.847763027999989
10.502613447717096
9.589703062405123
8.989329800405109
9.821994235141421
9.336467016594868
10.044758885135993
12.245109633
10.851062229999982
7.287282528696133
6.351949461405095
7.314674722303809
7.912173956303827
9.433407308999994
12.206599398999995
12.414049552999996
12.07091229399999
11.755386892999987
9.393113496271983
11.142142380999998
12.586816671999982
13.006390176000005
13.025730356999984
11.455152270999983
11.16312720899999
11.346688588
11.900222504
12.235070296999998
12.414754947999995
14.310070443999999
12.39988778199999
14.811872478999991
12.371798115999987
11.283228930999995
12.912443633999994
11.947402375999983
12.562407140999987
12.450049473999988
12.975346984999987
12.900051050999991
14.155437284999987
11.746911506999993
7.466516261303812
9.971828660717104
10.85087960699999
11.639240529000011
9.991670498908316
9.520473472717107
9.406757347067987
11.756716345
8.710121621696159
11.612957277000001
13.030464089999999
11.830736161999997
9.031349487203972
11.744105854999997
10.955215532999976
12.646322507
8.274024363696142
11.112271404999989
11.205917376999997
10.299798508994558
9.269930483999989
10.802658120999991
10.044987177999992
10.183186722999992
10.197599168282867
8.064875460797428
6.934702381899992
9.441361604203982
9.957636971999996
9.051413816797435
8.55935611569615
11.361241779999988
10.76377843899999
10.885567750999995
14.351483736999986
13.94765379299999
14.028452993999997
13.387213765999997
13.867957969999997
13.562226647999998
11.646929223999983
10.092675607212144
7.325942161594864
11.572454871999986
12.482747403999998
12.162397837999988
11.080394173999995
10.298873500070698
10.36081739499999
10.05420605314143
10.728933072
11.549042255999991
11.67292751499999
11.249515192999981
12.342242432999992
13.496846503999999
13.288531185999993
13.600249040000005
12.284963715999998
9.963704151929266
9.20206664730383
8.646048071303833
8.655732372999992
11.017601005999987
11.42036009999999
10.728160900999992
8.132966746493574
11.304850046999986
11.371868282999992
6.65321650999999
6.655525152594858
8.30888099059487
10.208941189999997
11.46197076599999
11.859088439999987
12.675928467999992
12.00040899399999
12.527435793999985
11.734343686999988
11.517820067999988
10.986096998999987
11.219689092999987
11.268263756999989
8.726236718863984
7.207697988898697
8.7105419647
9.774619578727991
8.020539121999988
8.65469551999998
9.804685435353589
9.533657928500006
8.26610259089871
11.081363033999988
11.124198244999985
11.531848893999989
11.33789845099999
10.597208544999992
11.604241587999985
9.713493286067987
9.275441546727993
8.551469682303836
5.768064886499998
4.255212773099991
4.1263312850999965
5.925439111299979
7.7076468217279706
10.84057648599999
10.372452888353587
5.092092040999976
6.25824596410125
7.8222960831012625
7.746002676405108
7.672213186594861
7.293427979999984
5.232138577303811
7.653078057898705
8.686613766339981
7.91327094420254
7.318645957898703
9.152153999203984
8.381926020797417
7.10040050510126
6.366500274699983
7.798180686999974
7.807341979999979
7.458153092999971
10.13549740599998
8.780341856405101
6.929106121797419
5.217968585202531
5.266421203594853
4.021808224499972
4.419142159999963
5.614933908100001
5.306317660499995
6.82256091309998
7.266714350898695
5.851456907696133
7.0567979263038145
7.251836192303812
5.040231306506365
6.14236378169613
10.239897837858535
11.625720575999988
5.905018652299978
3.3740601729999833
2.6900717254999726
2.2802640929999773
2.6371368682999807
1.8471342681999794
2.5109532683999713
4.451440760800001
4.115920953399977
6.060614099099976
2.6164060363999724
3.6388506621999697
2.8926036513999707
4.802431214899971
3.952770849599976
5.739806787101252
3.817674027999963
2.2431022338999718
3.2400154891999673
1.4316218123999769
4.0631074752999705
5.080180303999974
3.8260475387999704
4.571975888099968
5.684692735303813
5.154290743999967
5.924840609696131
2.3466057570999723
3.111217471299976
3.0093505202999684
2.2762836181999666
2.6346295226999628
3.488937620499965
3.470356509399964
4.829261827099968
4.0430990767974055
2.508150639299965
1.2347329834928964
3.21027525629996
4.686857209799969
3.4313059859999706
4.997583071898692
4.858693229699978
6.067344566303803
8.022232536303807
8.378102833727967
8.250870745797423
6.616579708898694
6.962082194493574
7.794651415999981
6.8186166701999875
6.47897539220253
8.505326072795976
2.1032945907999694
2.3547553283999703
2.472216751099962
6.429529428101256
7.05603809969613
10.662155886999981
10.309958333999992
6.639798275797419
6.462100402797415
6.42952745510126
5.156680665594847
7.642910449202533
4.6659165923999755
5.742607441699975
5.388772593696131
4.207019056699961
7.646363792405097
7.697875074797418
7.895190080303817
2.499629136699961
6.445312914999975
4.525661579899973
4.43552024989997
5.426438224797409
6.52012712250637
4.11716954799996
2.208354823299962
2.3020237975999653
2.100270902999964
1.3456698932716775
2.3798557677999628
2.4711501174999646
1.4547079399070424
2.3435055846999613
2.230697677599967
3.9707825652999835
4.015068981899978
4.864121662899988
6.056411410499999
5.7991133682025335
4.74437460329997
5.09524038239997
9.293083496070693
10.60217402599998
5.5398027802025265
5.012203517202526
1.735810818499965
2.7598043258999696
2.2144163955948346
4.984689582797386
5.5606045731012435
6.849440306099983
9.428929937795981
7.850665422101247
7.92379712986397
8.706839572067969
7.943000793506392
5.885295243799999
8.97070496513597
8.892606602339972
10.296016055212139
5.452474568202522
5.956739503506365
3.1542761794999596
5.846145544405081
7.297510259999969
9.817400797999976
10.46418579099998
10.271919409141423
11.03671005699999
12.775769855999991
12.155504067999985
10.533595692282859
6.937806037898693
7.442954482999978
7.1188817184051025
5.72483401179998
7.062616897594853
8.568427365067974
6.8143098388999865
8.475463543696144
5.179612565594834
4.383121957405069
5.773536518898668
4.6988700805948405
5.769488140898678
8.522303163067974
10.180970078999977
10.105384101999997
11.521509940999987
12.455111229999968
12.960647077999983
9.403908677696155
10.289962211999985
12.501098440999986
12.666394397999968
11.961701002999988
13.160205080999972
7.672983380101259
8.054114076202545
5.381432334899981
5.2775456664999885
5.342540150499984
7.2406989730999864
9.529814369135996
7.644402191199991
11.767492006999985
10.056547590717097
10.59060360299998
7.77626612849357
5.495307884202516
6.771468592797403
10.217175894141425
9.731641006506395
9.829082421929261
10.284279348999988
10.88642557399999
12.51155129099999
14.504971459999984
14.545186992999998
12.556696984999988
11.733165552000003
11.818465618999976
13.173158367999989
13.083460222999996
12.119287494999993
11.639990564999996
12.122850330999997
12.065076017999996
12.708052445999982
14.233215937999995
15.470967909000006
15.59344956199999
13.846992568999998
13.279166097999983
12.595611854999987
12.69140747999999
9.64511063220397
9.87614970233998
9.509790924067977
10.847771871999983
11.710258877999982
12.888726470999991
7.887267993202533
8.79474770510126
9.889089698933441
7.551388266000002
7.612399461399996
10.759409884999997
10.807916562999994
12.003024801999999
14.201888720999982
14.442427961999996
14.04372667699999
12.638342405999984
12.253524195999995
12.869983199000005
12.843464164999993
13.320547130999998
13.019711655999993
13.200126615999995
13.139377997999986
11.80473745699998
14.546665598999994
12.169526772
12.681010308999994
13.492268407999985
13.417090607999988
10.616901036000002
10.129663139212145
11.894401406999993
12.754348670999988
13.185333387999982
14.136697252999987
12.788787148999988
13.338503342999996
13.404554277
14.654572541999995
14.342057167000004
13.303476128999998
12.547565335000003
14.611913878999987
13.838003155999989
13.71633260799998
13.60618172499999
11.333331034999993
12.683183879
13.521615816999992
14.334370119999994
13.187518850999995
14.301082667999985
11.907241541999989
13.951016229000002
13.790703217999992
13.000878229
14.160238347999991
13.860278081999983
12.818901316999975
14.350018935999985
13.838049662999984
13.160962981999976
12.799888656999983
12.703035476999993
10.500084693999987
11.680808013999988
10.65187014199999
11.065430356999984
10.41476856692926
11.446398546999974
13.075458101999992
13.618033681999991
13.919827982999985
14.786680160999989
14.296463205999986
15.288854087999988
13.031283899000005
12.21269042799999
13.273060250999999
11.931076755999996
14.112697075999979
14.726735688999993
14.187036103999992
14.86785138499999
14.294176844999987
13.660343680999983
11.178355414999988
12.293789290999985
12.011919542999989
9.189908023067984
8.258611556999988
8.970289331103983
7.830792413299992
7.5163983184999905
11.680394913999988
13.88257890799998
12.271793076999973
10.050472735717095
11.569149735999982
12.799302035999979
10.558214692999991
9.169665722696154
9.409735754271988
10.462421172997278
11.32504651199999
9.355114750795988
11.549084366999997
11.156449003999986
11.372540650999989
11.276106325
10.683796091000003
11.839819007999985
11.140318163999996
11.324505169999986
10.079903208931988
7.666207517999982
8.92338634493198
9.983631713931988
10.909332508999993
10.977975825999994
11.784898920999995
11.529457360999999
11.253866626000002
10.149530787900167
8.861197454797425
7.026678906202535
9.8593318770707
9.20244797072798
9.374609017931984
8.795371345659976
10.845799374000004
10.454673044991834
12.842227564999988
12.069128571000004
12.02848204499999
11.203809304999998
10.776457699999977
10.254027981717087
7.853599200405099
7.220934934999977
5.707427838101242
6.335502491797407
8.219552098067966
9.79581109478782
12.395983179999984
12.212437778999993
5.39610244749998
3.6910053130999763
5.44779241029998
5.238107643099978
4.213568652299961
6.022282730099974
5.9783583633038155
6.141035621599977
3.2523197280999723
4.715888308699973
5.412199919101243
7.844314009067961
9.541310235727975
11.016731667999975
10.69339101399998
4.614455496199972
5.977535969493568
6.029885627696134
9.544222700659978
9.700442137067979
8.050156751999978
7.383731838999978
5.236568923999965
9.074874211067977
12.068914654999977
12.66735633199999
11.940430567999986
8.806750210717087
10.600121779999977
9.317404966795985
3.7431465575999754
6.812350778202526
7.054977917506365
10.447025620999984
10.125575535727986
7.3547514923038175
7.357178744493575
7.886269341999979
5.324932401999975
5.638523229999994
6.691406961099981
6.0441381134050856
6.328101197797409
4.732862680101236
6.3734062103037985
6.865708122303804
6.73907525940509
7.212248088101241
7.268439660594849
9.750604559203978
9.8638919890707
9.366493499797436
5.448185600299968
7.214806050101258
5.924151849399986
6.433558566303803
7.644094697594866
7.9434753768987
7.75738721010126
5.39929007869612
8.074934548999975
6.219504592898685
6.842503936797417
7.003144155898699
6.519611616499978
4.238178103599968
2.201366244499966
6.080039523303814
5.627428332493567
6.18124771269613
1.3155485262929099
3.360541053799962
2.9938886001999734
3.2281278228999617
4.551550236499971
7.245107344101256
10.001322837863995
1.217510634128267
1.4458833968999694
2.1064446853999645
2.463363560499966
2.5225134047999616
4.064805561799962
3.856354426599962
6.905499067696131
7.252915397594857
5.531162574799979
6.674903330999979
7.6619125961012555
5.270645590202527
4.754457852202525
4.78428981320252
5.922432710303807
7.432844850202544
3.710397126799976
3.0163346419999955
2.541120343
2.748179823299983
4.236846787999998
4.460252796899968
7.402027276594859
7.3474975615948575
3.5406621261999653
8.209555035271977
6.532834495493581
6.175808602898693
5.9591317306961225
5.984030609101251
5.468847825599972
6.409751635699988
6.5094923842999854
6.914897515898693
5.619908262594844
6.524023857101246
7.308567765797415
7.1993215073038215
7.585138719202534
7.572136912493583
6.715276188699985
7.236556903101255
8.968260020271977
10.85198881199998
11.024837255999987
10.941382645999989
8.714850773727981
9.745049224929256
8.333476837202538
7.429265753202537
6.024731724493581
5.897510534700006
7.067068855299986
6.699609709202536
7.39159306950638
9.861860952858544
1.7260374389999622
4.060151040594837
4.919090580699979
4.554584260599987
3.786449314899983
3.716242842099989
5.730496755999994
6.84660116879742
7.500447891202541
7.4063825149999785
7.370024475101253
7.68731657410125
8.28113086093197
6.450190551797398
6.047514530898674
4.771414210493544
6.496857298303797
7.628926086405086
8.763512098795971
12.623946360999987
6.671399604797419
4.702972804299968
6.532305419898695
7.918766255202539
7.486299137898688
10.560640507999985
11.240224723999994
10.1000862670707
10.693594039999986
12.322395907999995
8.59675811310126
7.289863621493574
10.017898164271994
11.803075467999996
11.641343628999993
8.651240112203968
10.79264499999999
10.181744659282861
10.86016146699999
6.796996411101249
4.815793731699982
3.9694937179999807
8.694993482999982
8.443827723696154
9.16443923327197
8.254808767795966
7.080811990405084
9.991213032646378
8.596680854797423
8.612047660797431
8.605691239931978
6.648052397202524
3.888265461699965
3.646731149299969
7.092333732599989
8.183034143067973
5.60012203369612
9.193615002405107
10.330958533999992
7.561708059699995
11.334977871999987
9.88721015786399
7.891313705405106
6.70783496549357
4.322280319202516
3.6927191619999626
4.32751713259484
4.9762326507973995
6.523427624493563
5.603236410493567
12.196331580999987
7.478216926594858
10.834839902999988
9.260117840594885
9.472403314202554
10.308882301203989
10.940395851
12.607848763999996
11.606649598999997
10.272983942999998
7.840799905405109
7.524780389405111
10.706409435999971
10.317780037999988
12.189669050999978
13.35995387899999
12.448401048
12.669833233999997
12.337026771999994
13.794533329999995
13.098793664999995
10.436748036141417
8.64440352179597
11.835285921999986
9.59485349120256
8.852814039583992
8.806003909303836
10.97608884399999
9.835022639339988
12.735997020999987
11.259576755999985
11.867650508000004
12.452655835000003
11.892213610999995
13.55561659499999
13.402645575000003
13.458264805999994
12.877479694999987
13.77337089099999
14.246602054
11.421607053999994
10.648430344999987
9.21896288599998
9.6709230607171
9.874698489271994
11.360084815999995
9.199323025659982
11.154524779999981
11.845196316999996
12.872458355999989
13.473510013999999
15.15527801399999
14.111424687000001
11.642955198999994
10.299963415999995
9.668209666271988
11.960783619999996
11.68052680199999
10.149153223999992
10.293679363999983
11.60986095299999
10.768802727999983
13.448251769999988
12.876287418999988
11.84327812799999
10.81065416299998
9.246663528405108
12.49572071399999
10.899246801999984
10.357427161010872
11.371115734999995
12.050231020000002
11.267316601999998
13.910968433999999
13.216037159999996
13.893715908999997
14.01879523299999
12.767722259999985
12.893966491999997
13.518899187999994
14.498257276999993
12.205326529999985
6.090759632898692
10.931800304999992
12.942825724999992
12.08423965099999
12.090917006000002
11.873090290999993
14.025628588999991
13.408176447999988
12.83904562399999
12.858735460999986
11.964715938999989
13.533760965999994
13.894039518999996
13.141187528999996
12.937153469999991
12.47860630299999
13.073736771999998
12.754031000999996
11.385194245999996
10.093753534999998
10.987068250999995
12.321424631999996
13.057275565
12.601652141999999
11.161604857999983
13.737337244999992
12.683317350999987
10.535904497999987
11.347760911999991
11.22318315999999
11.295210320999999
11.023976565999996
10.792236832000004
10.212875602999997
12.048639177000005
13.216164522999994
12.685679252999993
12.736241398999997
10.341864460999993
9.821734191931988
8.685039881898708
7.85706383969615
10.857326312
12.561365775999992
13.103055034999995
13.935064506999993
12.011715000999995
11.022182544999986
11.720562073999996
10.654158362999988
9.380566175797428
10.500585895991836
11.082501102999986
11.15827002599999
10.525626669000001
10.654469306999982
9.56676140899999
11.51120757299999
9.06926138606799
8.77609202113598
6.032010760506373
7.93634990230382
7.237188270600003
11.109467365999992
10.443606525999988
10.647101169999988
8.981310339405107
8.77305677340511
7.751187376399989
8.099711654696144
6.628867687999989
9.297416767931987
10.114649164991837
8.863361003101264
8.760486036696145
7.501797230493575
4.86675723109997
5.60614904789869
9.389423394863977
10.204502508646383
10.299094665646379
9.318721029795991
6.7461403670999935
5.461872628799992
8.404768432594873
9.031255517594872
6.641637257405085
9.974027966203987
9.009412882999982
3.494517886399976
4.5329961089999715
4.499724198899973
5.111075555399974
5.443973770101247
5.362104879797408
4.609365109303805
4.183438194299978
3.377468217499967
6.950039041101246
9.432575283863978
9.404726298659979
8.867293081795976
8.68012330320256
7.592323190303807
8.227151287797428
4.828565830999991
4.4631000182999925
3.9691089293999866
5.511456896999994
5.078951216101241
5.786486091594843
8.179506460727968
9.385643958999982
8.474356179797423
3.4614669112999783
5.359084704599975
1.6567178435999677
2.73457165829996
3.880697808799976
3.3925700850999743
3.933247051999973
5.228937316899993
6.90037580720254
4.765119847099968
6.6733542388986935
6.779186617999965
7.400573753405098
8.49641836227197
8.546845002795967
9.32638247821213
7.908625341799998
6.722953951999976
4.517242575099973
3.895665631099968
4.252292875699978
5.29856167140509
6.734205410797414
6.180781869493574
5.620527989202531
8.4393726058987
9.990820635999983
10.79935465499999
9.95683762064638
9.444458546271981
8.519671551493582
5.973587654099986
7.296832017493576
3.5238566237999787
6.734205285599979
4.5084278609999675
5.329435906999968
5.5005105666961285
5.468537115506359
6.56925712889868
6.096853446999966
5.54059341130381
3.431441911299965
7.333030999797416
6.782778608696131
7.8883407777279695
7.790776849405099
6.3138357024999845
5.629606689499975
4.093338273599965
8.575223866303821
5.551327926599973
3.7871602706961216
2.041097312899969
3.1921704604999617
3.677178964199971
3.014203362999973
2.0886542113999744
5.360503298999962
7.648283453405093
10.159890277070696
7.994251368696145
7.281635052506373
8.631339616271978
7.8792691131999995
5.579310064699993
4.113298336799996
6.277591770898692
8.13464945079597
6.515796700999979
7.496380877696141
6.684625241101246
8.10489019469614
5.70227308350637
5.748555288696116
8.551104554696138
9.012847068863977
4.340961878999967
5.717905253594843
8.050679540999969
8.91683538813598
6.976783984405094
6.392123023999961
7.697495255999973
7.32498801120253
7.230329698202544
7.824077462799992
4.0120726775999875
4.668870813000005
5.6942577529999765
7.375725274696137
8.579409699999978
7.980754009999978
6.330609905999968
6.135091767898677
6.141210699506359
3.4546926497974053
9.34612030489871
6.609258990500006
8.905582714797433
9.483720465101275
8.647890304594863
6.967698808303823
7.16667159730382
10.509412548999984
10.050545164339985
11.273412105999988
9.818356904727986
10.336057295141426
10.372306655999983
10.064476118353584
9.660598123135992
10.19457212699999
8.962954605101274
8.723118150303828
9.151732310506391
7.32926297910126
4.434248536699973
6.223357276898687
8.552879486101265
7.432880410797417
9.186398930271979
9.814996218931988
9.927299778787823
10.180975910929254
11.156939438999984
12.183499021999987
12.617336933999987
8.979600678999985
8.28473377693197
5.710246751405083
8.797010299795982
7.816041686999978
4.50322251889997
6.019718952898685
9.51196060020399
6.434005282599978
5.4744116714050906
8.186153810101272
8.514319833400007
7.71598297119999
6.506293608099996
7.866340882898706
7.075609988399991
8.858944819594875
10.977599184999994
11.825466585999989
11.982903153999999
11.053004168999994
11.879857044999994
11.073605454999992
8.563229727202547
7.801074272202542
7.0143831635063805
10.082516700795987
8.794842558300003
7.235572517405092
9.564762863135991
9.904535821659998
7.279216380299992
9.221054299898718
5.852872067303816
10.550729133999983
9.49449933010128
8.067517907699997
10.915786213999986
11.675554552999982
11.620736132999989
10.818410790999982
12.550430745999988
10.382423147727987
9.35254258413598
8.485974586506389
10.86825290499999
7.835629971299993
8.753238014202546
8.97887502289871
6.683851466399988
11.623680881000002
8.869790763898708
11.267661563033291
6.45439488069613
7.0800672165063805
10.033669192847205
8.83858385930382
10.516528113999987
11.544556139999987
11.566967959999985
11.89152199099999
11.175087035999987
13.306555887999988
12.439055195999991
12.214198633999995
9.267276779202547
7.9660748703038164
11.037652904999987
10.576167455999988
12.27529879599999
13.007792965999984
12.660028884999996
13.554411552000003
12.122184811
13.168658167999991
10.405425623999989
11.464045814999988
11.013113019999986
13.05009620099999
12.158418447999985
14.512240967999997
