11.189385489999994
12.097403545
13.33322898599999
11.800852694999994
12.963800730999992
13.183758779999994
10.37594737099999
11.411580407999994
10.376182215999991
8.196759693898708
11.440438109999985
5.8363534973038185
4.1711135848999765
4.988734844999966
10.031145600929257
12.966896358999993
13.246115124999996
13.339385634999989
14.067734888999995
13.27500831499999
13.488260900999997
12.481624947999988
12.982678155999986
9.358549345282848
10.657813503999977
12.531886745999989
12.386234087999991
12.79473293299999
8.779617471303823
11.903914347999999
13.269318706999998
12.917771842999993
12.900781095999998
10.537108944999998
11.715577169999989
12.866667608999991
12.601317231999994
13.364416831999998
14.04974413499999
12.470665775999981
12.554279934999984
12.77279676999999
14.440324273999995
13.606110601999998
12.824246441999993
13.54182257099999
14.157440702999995
13.52271387899999
13.314586416999994
12.833194094999985
12.594193015999997
10.065763679646388
11.925102184999984
13.925924274999986
14.27199422499999
11.82782625599998
6.956949446101247
11.606146515999985
13.348990764999993
14.242798383999988
12.839221457999992
13.80596026799999
14.04941996899999
13.268573266999992
12.818851783999992
10.977025944999998
11.724507367
13.45866062899999
9.811427870141422
11.47937917599999
12.375687859999987
12.03293008299999
13.24452397499999
12.192004829513591
9.036728779594869
9.668072412234393
7.920568331898699
11.185735375999982
12.384846982999989
11.533972618513586
12.112954723999994
11.42453226599999
10.920111885159988
9.312229034271986
12.257529822999992
5.249625349399978
7.464296006803817
7.798950413493579
11.738607184999989
11.396661593999994
11.33943208499999
10.77200341199999
11.316457311999987
11.665414420999987
11.231370865999988
10.726174070999974
7.59501851199998
8.901701019303822
7.225690911898698
6.455636440999976
8.676443211271982
9.94084171907071
9.376358720405111
12.403891038999987
13.295204082999987
8.024684718303824
9.187521241797429
10.274580657999978
12.178337015999993
10.348303980999981
9.983188578858545
8.218091653405114
10.09427671371711
9.53803176413599
12.007003116999991
10.526643574999984
10.233169802929266
10.61807506599999
8.552785850493592
10.349052320931985
10.537198279999984
11.77198861999999
10.020391621282865
9.77613498385854
7.95438137659486
8.967531852795977
7.175967025799996
7.652165939303821
5.482797138999975
7.563723939493566
8.148775231898705
8.096268292202536
2.191834188799982
3.0557582381999833
2.660280683899983
3.7987019378999705
4.775767619303806
7.316240809594856
7.324365847797413
11.139378551999991
7.437062657202537
9.615866250717097
7.554397256506382
4.9953753585999845
5.4470151900999975
8.47206606599999
7.6903395858999986
8.723115968303821
9.370254151931974
2.813703749099981
2.693178144799984
3.8295928695999684
4.324509876999979
5.704785003699982
7.749276148999973
6.457600707999971
5.171074076799983
5.3775041717999805
3.6835181136999804
4.512039833099968
4.962843374599977
2.7583822967999794
2.1671398406999827
5.003502656599979
1.6700385390999835
4.889291503899973
2.6478659102999793
1.6525190581999802
1.6449310225999862
2.2059409789999815
2.5416037765999797
5.839719294696125
8.995160066135975
6.332195991493576
6.719377258303803
5.972331472799985
3.9180557265999845
2.251504176299987
2.4827195418999857
1.0598774169999952
2.2568609176999805
3.115087354999977
4.994233317599986
5.784716967799979
7.287265089405097
5.291251818799976
3.8706824035999805
8.254235983203962
7.547883012405107
7.563204635594855
2.4762175460999734
4.296087684599981
2.768536016799989
2.8552646789999834
2.3386594222999872
1.742650965899989
1.9226988265999843
2.5207181930999827
7.204097892797414
4.789600996399983
4.779821639999976
6.607839144898695
3.6539662093999703
7.5894555405063775
7.8753622314050995
5.714502911399986
3.265222958399985
6.924439755202541
8.052279305999978
7.899412297101257
6.580513340797415
7.7615155884050875
3.9213337798999732
7.04303908839999
5.5033661255063695
2.26628843539998
2.1819241485999785
2.5132644805999798
5.307617314099973
6.985897033696141
5.691075482199982
4.833872753899969
5.327518432594849
5.877168905594851
5.9222277297974175
6.552294541898684
9.02904453586398
4.41198022919998
3.122852151499973
1.456019862399981
6.244620684797421
5.286737640399982
5.670413624599979
5.507458274799984
5.345880667099981
4.914971232599981
7.260821995493578
6.3963616698987025
5.105655337499991
2.9295895308999835
5.910114813202532
8.841919824135973
5.573486624101245
4.923644018594851
2.657670284999978
3.185245568797399
4.495159495499973
6.663414929199981
3.865675891099983
4.390297112999985
6.650611463898698
8.183207118135966
5.481007977299975
6.151710108898685
7.967061903405093
8.495674813797427
10.131345909070712
9.920227886999989
9.837439073135995
9.534319044339986
11.96425174699999
6.765820413202529
8.33453186027197
11.96300270699999
11.258563500999985
8.747865376303832
9.03535064227198
6.8261481566999835
3.7061233962999824
2.92219064639998
7.198623667898692
10.030544673135987
7.646389974999982
7.618937808202533
8.378119917303819
2.2661361266999758
3.3958172149999744
2.086925053399974
1.9903911147999676
2.2490878020999725
4.5261394149999585
11.084407168999986
9.826259657212143
11.234034754833589
11.449704340999991
9.208329750067984
10.47236449599999
11.179578724999994
9.681649545212144
7.788899183696145
11.79474489699999
11.978909952999988
11.99648928999999
10.471450393999987
10.791620803999995
12.687817599166397
12.78451891016639
12.34890777299999
10.901340368999989
9.427574638271983
9.01081950230383
9.657577729797431
9.485128196795992
10.061765917833586
12.015023937839993
11.718643376353592
11.096785027
11.511135381999997
12.564549503999999
11.848299236999983
10.924227283999992
9.931810798717109
9.326021246303835
12.515465369
13.313018612999999
13.326516079999989
12.635218151999995
7.163735751303821
10.27198334852
11.509175449999988
12.407903957999991
12.370593638999992
13.545171999999996
13.67571436599999
13.504212888999994
11.740387710999986
11.558169123999985
10.13792154999999
10.055726107692154
11.740886547999988
12.711166495999985
11.395854181999987
8.927192735303832
9.245459092696157
11.186767951999993
11.129116402999996
10.783532902999992
8.677038175999975
11.267268921999994
13.20449134999999
12.709321923999989
11.863553216999993
12.999630228999997
12.08304737899999
12.12009885099999
12.639905447
12.691629360999999
13.406982969999989
13.322843235999988
12.010771883999993
8.767852403303824
6.5183427215948555
7.113456721506376
5.549943174699977
7.283967851303812
11.367773067999988
11.32082322699998
13.06478071699999
14.005768493999994
13.124597568999986
13.13144524399999
11.966559311999989
10.018424253858532
14.154556598999994
14.019824311999994
11.87547479699999
13.977452688999994
13.355553463999987
11.858552952999986
11.591005230486385
13.607111449999996
12.778233373999988
13.240433775159989
12.797586593999988
9.022519850135977
11.430289074646389
9.832160284271987
9.09646641999998
5.169110157799977
11.104629043717077
11.376372884999986
12.809996300999996
12.488435105999983
11.446042452999983
11.658476494999986
8.142657577493578
9.847978239271981
14.483687862000002
9.789163108858526
8.30966232299998
12.577411506999992
12.891366186999994
13.664459298999994
12.252282354999997
13.27020400099999
12.770819021999998
13.177584775999991
12.668329508999992
10.829903830999989
8.662602131696149
8.53575354459487
11.97698249999999
11.559115278999993
11.284253026999991
11.63953383599999
11.946773969999992
12.577689873999997
11.527502422999989
12.496034945999995
12.687134679999996
12.821872730999992
12.692542640999992
12.900943329999993
12.617714043999989
13.098615040999993
12.794242368999994
12.342829098999996
12.174437238999998
12.531669503999995
10.902628358
9.694362542795991
11.117304305999983
13.14859191299999
12.754562513999995
13.552876339999997
11.56781186099999
13.104160410999992
14.603798392999991
13.032042345999987
12.949135399999994
12.416532285999994
10.515585481212144
13.988103086999997
13.581067447999994
14.550597053999994
14.63363101699999
13.530442592999991
14.159537374999987
13.450246706999982
13.317365705999988
11.018709574999988
12.544784765999992
9.945796540858545
9.118973417687982
7.136994143696139
10.141034431353576
11.320203504999997
12.459708649999987
11.85232358099999
12.096273359999994
13.094077115999998
10.770867136999993
10.583466749999987
7.837656272898708
12.150997939999982
12.935932670999987
11.479760084833584
8.197756870999992
8.83814322659487
8.87474048172798
10.298630003282861
11.46351850999999
10.784072318999986
10.063005140787821
10.125107601929265
11.225663378999988
10.118706664999985
11.178359601999993
10.66345742999999
5.096568461599992
5.09887466889999
9.76080395064639
8.111172210696148
5.138426678499978
4.129052177399975
3.05316835479998
3.006701353499986
4.193044251999984
7.621439099101253
10.165926486141423
10.855705527999987
10.15188083965999
9.296937419101273
9.422482614067986
4.097931219499985
5.383629794303813
5.525345645099982
6.889974630696141
6.189309208696134
6.009186891199985
3.5596656981999786
4.034749641399985
5.609027067594852
5.189803620899978
5.461379043599984
4.44902624049997
7.044534944202542
8.101361509696142
4.142672329699974
2.38029569089999
3.299546482799978
1.7888392638999824
1.9741413787999804
4.264000324999979
1.8577697509999853
4.397510916101246
2.803163661199974
1.588306024199982
3.6477357696999633
5.478015078696133
5.436566526799976
6.2358806930999835
9.972532440141427
8.334640670797418
3.6909393981999754
2.1563338912999774
2.4944972991999865
3.4181247878999823
1.6861422301999807
4.352250474499971
7.411205090303803
3.930534352099976
1.9442110366999894
2.3205402801999906
6.124594529696127
8.945737490797425
2.8053631591999935
3.2814453826999888
4.247121032699984
4.349572618099988
6.651788394202539
6.857506486493576
6.808309191899987
6.99716096189999
7.03998599240509
7.729184809898706
8.21213521879742
8.838253268405099
8.283218673696142
7.793513139303818
8.141025422696133
4.6972605193999755
5.021646743799977
2.6126071792999785
1.9914211913999784
1.8994600387999798
4.3036838790999825
8.807265002271983
7.004395552101258
8.218007522594862
7.701410945101259
1.8330390532999914
1.4167216445999857
2.9652782393999795
2.800778872699992
2.39066612089999
3.606067538499977
4.631199409499984
5.934312539699981
4.885235150099983
3.572552967799989
4.20298006439998
5.406204884303811
6.9650380248986945
6.174226553303811
8.696665995797423
8.684081413303824
3.442813195799981
4.3003625442999756
3.275596746799978
5.322528283696129
4.534130773899984
3.46672508239998
3.7639359527999767
3.819358827199981
4.457317407199978
3.580409338399986
4.188883586099982
6.668462292506365
7.67968656920254
3.3292317779999823
3.6669532012999797
3.0117308562999883
3.6317779311999896
3.295265801999979
1.9027230803999788
3.2889712707999794
1.9542187591999802
1.5564499358999777
3.2639766265999723
4.274961817899967
6.284313030999973
3.365342739899981
2.498868537899978
1.8857551635999805
2.171474038699977
1.456932076999974
3.82633783259998
2.2999684310999884
2.5151953689999798
3.411451031499975
5.516394415303797
8.192192190594861
5.9574966338999795
4.563305395499985
3.3881932769999823
8.532705425999977
8.607148199506382
5.971366293303816
4.405052336099977
7.070105342101247
4.841214569101252
2.0839202071999763
3.0705617309999673
3.047490103099978
4.711168469199987
3.772585456799979
8.562578503405101
10.751028747999984
7.339452329999969
5.543826014696127
5.2286371383999715
3.9132576812999735
4.7823032760999835
4.138762805199977
4.751475295999985
2.5879643447999703
4.485912545799979
3.20040129999999
2.182882517999986
2.54164128269999
4.662228138699988
3.954236831699988
5.650471699499975
6.749919660898693
7.024348193405093
7.2655015442025395
9.731258618135975
8.670217689493585
8.01998526920254
10.632984829999986
8.13112471613597
2.424880708299975
2.4642448714999743
7.110651588405095
9.282902206271977
10.691493604999987
10.040490591271986
9.551579460070695
8.646442904787808
9.96120584271709
11.000117666999977
11.68738417099999
10.762935528999979
8.551499034067977
7.115525717202529
6.1249790908986785
5.364482434101256
5.282609081999961
4.1629366759999575
6.93532995910124
8.827836506795961
11.757450123999993
12.118867555000001
8.056526409898693
9.399772761659973
9.771309452858544
11.655244518999991
12.421122127999993
12.348647045999986
11.321523498999987
13.005925632999999
10.591327987999984
11.568544094999988
12.367501896999988
12.404601684999989
11.705093299999989
10.627682830999989
10.882713640999986
11.124884925999988
12.418193022000004
11.740355010999986
13.640726150999999
11.245360630999976
9.68216767885854
12.229218827999977
12.138154729999995
13.595373714000004
12.35118709
12.900610129999993
13.734801275999994
14.863235117
13.899633404999992
12.329080675999986
12.58855863799999
12.608796227
13.211199231999998
13.250815952999998
12.910943810999994
12.86212321299999
9.936027587931992
12.340021465999984
9.753358177141422
12.29948779399999
13.520229947999995
13.877337449999994
7.205947480797414
12.21651821699998
14.720464173999998
13.81924558599999
13.173457335999995
12.942834551999988
14.705815304999998
13.941338251999992
12.481525449999987
10.341753171999994
9.223491592271985
7.596241317696125
11.255558663999986
11.704661017999985
7.68883658599998
8.355188531339975
9.857692964135987
8.719910691797423
10.06404728392927
9.552455779999988
9.610631152203991
10.42984420899999
12.070986211999985
10.143472555659987
10.722720711999985
8.373738915999994
8.582807600399995
10.786357331999998
9.29064003140511
8.805071638506387
9.585603843787823
11.867653975999993
12.975009929999986
12.189798293999988
13.260540514999992
12.129416060999992
10.380125385999992
11.700621001999993
10.774248382999987
13.10341143499999
13.24266058199999
11.61256193099998
10.185699941999987
13.968516768999988
12.664227109999988
14.61859148899999
14.457148215999986
14.305086440999993
15.980002607999994
14.546016350999986
13.96111892699999
13.04411718299999
14.873801871999992
15.855731885999996
15.334535515999994
14.677412519999992
14.121479191999994
13.708555619999991
13.26346676899999
14.290682125999982
13.654645675999985
14.349180903999995
12.96247701399999
12.74199709
12.592647968999984
13.876893720999991
12.38489131499999
14.072504612999989
12.50108379399998
13.93008466499999
10.270669685282854
13.863523034999991
14.663874412999993
15.033094623999997
13.64126990499999
12.552049138999989
13.539102421999992
10.374118664999987
9.296786970479983
8.846557565303831
12.654583848999993
12.342568525999978
7.891373783898701
13.39822268399999
11.640690416999984
11.851613039999986
13.184736260999996
12.149496511999997
12.499959257999988
11.540551734999987
12.788032006999996
12.236384783999995
12.602127550999993
12.708398977999988
14.195236533999985
14.49584379699999
14.204203618999989
14.150063016999997
13.050178861999989
11.38289073899999
12.073478615999985
14.00262032799999
13.851691974999992
13.451536527999991
11.006592615999974
12.376061979999998
14.65353236499999
10.93484048499999
11.511994962999987
11.625830912999994
12.109017461999995
12.492176037999991
12.94760389399999
13.704122194999991
11.900270557999985
9.278973144646379
8.81455264889871
10.590255806999991
8.909479132101277
7.370802691696138
9.551822006135977
9.294274432405107
10.742811571999988
9.875059321717098
9.795861361787821
10.317262546999979
10.424683875999989
9.042333958405102
10.892265983999991
8.839760252405107
8.115750967405106
9.36353145899998
9.149001614405115
9.747290087929269
6.815315161101261
6.909679910303829
6.515437972999986
8.903107545339981
4.752795638999983
4.524722198499987
5.540723182699994
5.535890020799985
6.203725453199989
8.474276713594868
7.70757419130383
8.802760610999979
8.013757600405098
6.954594601405101
4.16650768129998
4.673632835399986
5.538028286699986
6.269179394499995
5.78148625339999
7.596269200101258
6.7889381882025335
5.7193239731012415
8.760445500202545
3.964256707799971
2.3193551894999707
3.386974266099974
5.444504431199981
9.447347546415994
6.671605099499987
8.168771177696144
6.2875660399999775
2.5001736525999876
5.10168968199997
7.595354927101264
8.37534636379742
7.958547198506384
6.0140720275999815
3.6395572112999757
2.4649644072999837
2.147649124099983
4.077407994099975
8.847515626659973
9.12195890033998
4.684295207199981
2.6222472701999897
2.936658689899985
4.083916316199978
3.570838444499981
4.177166670199974
4.004221491999975
5.455141075099992
2.5419708510999817
3.117376994299983
5.887859254499984
3.8280793258999775
4.110114897199982
4.1975138305999815
4.486990280199982
4.050309487899977
5.204752867099986
3.01343370819998
2.6174850371999865
2.705352966299976
2.825468861399976
2.9032237548999813
3.120447354099983
7.579168171696137
4.839192623899979
5.877699052405092
7.228713249202543
6.360310790999982
6.829683723405105
9.207366416898715
4.519161643999982
5.323025671399978
5.8616202041999825
5.6867640823038155
2.8003823348999943
2.406127990699995
3.2145037749999936
6.077233657799989
4.951041738899987
6.309270498696144
5.659541468799981
4.068161556999977
3.152497682199978
1.0393604083999899
1.9226437362999826
3.0553161849999837
3.3414467620999786
3.236643409699985
2.7637053496999795
6.620703181499981
6.451011103799979
4.4933418105999925
5.485354507399994
6.096725143399991
5.33126298519998
5.764978593399993
4.748068771399994
3.2140489486999835
5.505164640797415
6.06518537450638
4.992697846999961
5.79763373110125
5.535848016405094
3.5427610045999716
3.4114417403999813
5.913983174101249
6.4350655257974125
2.94575656739997
3.271920674099968
5.13683484339998
5.700870721399981
7.46462762599998
8.5860203338987
7.232075260898694
5.576735116599979
7.1033983596961265
8.94853614499998
8.056264463797419
6.609004362506379
4.535911201499982
5.365109555101249
10.279932522717107
9.929274655141416
10.843829818999986
7.068038049303815
3.8411957931999816
3.6191850982999707
6.488084066797412
8.680271827696144
9.461552986070703
10.315837106212143
9.983190615863982
9.32845176699998
8.707825636303822
7.761436070303818
9.211943374594874
4.068719241299981
1.7973187652999825
2.2936839858999765
5.215776065099984
5.164167945899993
3.762455772399988
8.639267362999977
8.956018756101264
9.526308525067988
9.923116564929263
10.99250483399999
9.921218208212153
10.533557175994565
8.798378330999984
8.72026534120255
8.347807322696147
7.545063000506381
4.898410949699977
2.8289209105999653
6.0053433059999755
7.559458511405099
7.200182322696136
8.954462126135985
10.321507955929262
8.157803955101253
3.4876321288999677
2.602034875499976
7.198700558506374
7.38502163699998
5.736990185493578
4.236053990199971
6.658804298405097
9.127876411271984
7.01227837369614
8.764761489898701
3.537474369799964
7.870276045207973
8.253196377594863
11.19986141499999
11.32455829299999
10.988783993999984
10.861561800999981
9.481821624863972
10.476250101999987
7.715280085797406
9.622175051931974
9.249591111863966
9.579486035135977
4.745186872898688
5.83425164179739
9.040524615339969
10.131408938717101
8.108299656696133
9.712621282999976
5.138392034898688
4.7424700302025276
4.954713108797397
4.8814959824050845
7.457424177594859
9.457976850929263
7.926488020303813
3.7635314208999757
4.929129017601244
7.486149117999963
8.090776602129571
6.16625481720253
8.374792953506383
9.746260554659985
10.67647419899999
10.278958854999988
11.535790978999998
10.81772579499999
10.716395324999992
11.336944004999987
13.678856431999996
12.115756673999988
11.590094777999992
12.51463138599999
10.151248092999984
8.33519933620255
10.653008724999989
12.040906154999991
13.154804689
12.765753899999995
12.790223957999993
13.707870284999991
14.578159191999992
8.55498745269615
5.78773643040509
6.374580020101263
10.11796211699999
11.117481862999988
12.916379658999999
12.480056602
11.702540838999992
7.657992695594851
7.199576179493572
11.505481244999993
12.316848192999995
13.383744266999996
12.221983730999996
14.504577788
13.660064292999992
12.493135430999981
12.339717345999988
14.042744686999995
12.399597783999992
12.90334023299999
9.693686666929262
11.412770910999992
7.600752067594854
11.287285999999993
12.638565326999993
8.077772663898697
4.037092079199983
10.780170412999984
13.495927581999995
12.939593018999998
11.668151710999984
13.311470627999999
13.507457041999992
13.636402880999988
13.148539416999983
12.562860132999988
13.38534314699999
13.721672695999992
13.438359336999994
12.516226978999997
12.755342991999996
14.214786957999989
13.692227202999995
13.193745936999992
12.693751963999993
10.60670954099998
11.709660868999991
12.191639055
11.64552409499999
13.125648296999987
10.858485062999986
7.013709330696135
10.591945299999988
11.68281774699999
13.417279212999997
13.178347968999995
13.308709520999997
13.455465360999995
13.327640366999995
11.058684398999981
4.541078416399975
8.450678503271975
10.664373893999981
10.967892576999992
12.112899469
12.901809914999992
12.880532052999992
13.22267191499999
13.107912363999995
12.730587580999993
13.16846234299999
14.149021886999995
12.555145293999988
11.113830135999988
12.588154937999986
9.332703402795985
8.75856743010126
7.373978633101259
6.371998678594857
12.135017495999989
11.742034661999991
12.985860918999997
12.495480028999998
12.55590426799999
13.711750599999995
14.677088474999994
13.443646016999994
14.175501073999994
13.989381156999993
14.300566926999995
14.602762629999994
14.837501555999992
13.57627973499999
13.813141361999993
13.00735499899999
12.053325860999989
11.385392476999995
11.40164575199999
13.309750670999987
14.622897587999988
12.379009118999992
13.435180369999996
13.022286456347198
13.930400503999996
13.005367403999994
13.372869060999994
13.014442380999988
13.580807322999991
13.065646358999992
13.877906988999994
13.695884777999998
12.911952199999984
13.983493007
13.069814518999989
12.792685969999992
11.625802773999988
13.938842908999993
12.442115113999987
11.471827608999986
11.763520228999992
12.54077524099999
13.132257953999993
13.972951893999992
11.270120015999982
10.017009167353583
7.579574064594851
8.367735043203975
7.613780392506379
8.158108871506384
5.974311132797416
11.330628690999985
8.122640905797425
7.215224340797431
6.424538819898701
7.044655673202543
6.8179445189999806
6.3957081908999855
6.4133645752025465
6.14848647459999
7.062750164799996
8.028873341405095
9.266424264659985
8.398257791101278
8.21813903959487
10.44817575199999
10.511687652999992
10.35812849299999
4.274436173999975
3.94928928679998
4.735460205099978
5.102089649999983
4.395948910499977
4.988912971499987
5.227298567199984
4.060474717699975
6.745384587101261
6.023714193696139
8.285867219493582
3.70072708889998
3.059876110799975
3.44943236689998
4.598693116799981
4.561611323499984
6.161567407202522
5.492313565099983
4.311345530699984
6.821413883999962
9.854068353212131
5.593446212797413
3.6839528289999777
5.647263514699981
4.912682038899983
4.781283961499977
5.119421083099977
1.5921238418999988
1.8309344527999964
3.1875158202999754
4.47321995850637
4.36994905550636
4.941916595499981
2.74083589479998
3.21893105769998
5.938546107499989
4.127521066299973
8.979673811203979
4.0133958877999785
4.638511730999987
7.99783394010126
6.425888499499998
8.03490936430382
5.303198567199983
7.2480469421012526
8.685234437594861
10.56459589699999
1.1199516509999943
3.2676683684999843
1.9393902602999877
3.8845570342999833
3.459397434999991
1.9440928740999845
3.7463396499999844
3.552055537399977
6.290824014299985
5.70068930359486
4.9361588180999805
6.959334304797414
5.299328082299975
4.744089678999983
6.932853671303822
5.201733258099982
7.72032600099998
7.25762411499998
7.900715473898699
8.251061398303822
6.874903445405101
4.810969389299976
5.201970555099974
2.7649859542999864
1.969231307999992
2.071130177299977
4.76546021879998
5.513865280199983
6.633659834299986
4.390140655499977
5.4181672072999785
6.13108958589869
5.7456994155948555
4.636342317202529
6.92344965059486
3.352550373799978
2.11225921479998
1.6300141814999816
3.4101012496999683
3.280974336199985
2.114396391299992
3.6896114959999906
5.171154092399982
7.644857858303816
6.779398513797416
7.522368402101258
3.2755075545999803
3.157906063799977
7.020846054101258
8.155500799594861
4.508189086899983
4.842640008499978
7.6233504852025336
7.613594244405095
5.1192366118999795
2.4846856048999815
4.249904252599968
2.4349861648999758
4.339651670797398
5.771499113506372
6.934854739405094
4.972461569202532
7.105926698303805
10.492405710999988
8.176938725303824
5.2250932724050925
1.7755472320999968
2.2468702422999827
2.144963609299976
2.9203343505999784
6.622500291399985
4.989666484099984
4.426941119399986
6.597372003202538
6.877537483202542
7.667653936797425
5.545306890899981
6.373443763696142
7.242615884405099
4.532297795101251
1.4910295241999798
5.416540922493562
6.227160815405099
5.701615286299982
5.665763719199986
3.5705586364999684
2.7494743361999703
7.443241355898705
10.17019518593199
10.09811110221214
11.609790748999988
8.49079230350638
7.956727632101255
9.216764546135972
7.645281869493582
9.556053422659975
2.381364395099972
2.386738159199972
2.359979423499967
1.3507027129999805
2.3798247924999734
1.7824435790999758
1.6017793914999778
2.433553820799966
3.8517077270999875
5.145505003405084
8.269378776727981
10.763296467999975
4.022015444899978
4.673088301101242
3.515007641594841
4.7870339599999605
6.153361773696124
5.600800578303798
6.74298803099997
3.549921653699964
7.671194941795961
12.759676348999994
12.553212973166396
12.158547522999989
12.141307943999982
12.262443000999987
12.061336498999996
11.511559618999991
12.28530304099999
11.138052390999983
9.05517855213598
9.300410089067977
9.913263680999984
10.78927661699999
10.720646187999987
10.44474317621214
12.437203122999986
7.26216813659485
10.049506182929251
10.194277673212136
8.845776869135976
12.198695873999977
10.924619062999989
12.126768364999998
10.880098676
13.74338851199999
10.85317845299999
11.261618354999992
11.187387238999998
11.080123951999992
9.210973545863983
6.552943685898694
8.473969062797423
12.166886426999998
12.821127773999992
9.286755378696148
10.446620073999993
9.827503062271987
11.565274065999986
12.11674824199999
11.775811791999987
11.322243923999986
10.49070710099999
11.279539043999987
5.291958717303816
4.336248397799974
4.995606948899979
2.6462658339999674
3.42924341429997
6.411604418898691
9.712702595646386
10.296508203070701
13.221624289999989
14.69721136799999
13.34646223899999
13.568432186999994
13.213218033999988
14.008978451999994
11.377548783999995
10.036463455141428
12.308781672999986
12.435569875999994
13.733773992999994
13.717833167999997
13.68107274299999
15.459924651999993
13.809178512999992
11.293721299999989
12.010247631999995
12.281189110000001
12.869345405999988
13.27513621799999
13.054425144999998
12.248216211999996
13.175714713999993
10.643200818999976
10.43520022099999
8.908628230203968
9.196900706339973
11.723630457993588
12.378692820999987
13.555108754999994
13.400696987999991
13.10940055699999
12.648359235999989
12.971555485999993
14.254008228999995
10.11484909814143
8.678969436594873
12.159988932999989
10.682054702999988
7.908353666699995
8.0243309937
11.380347472999986
11.73744101099999
13.050831470999993
13.88264535699999
13.019301413999996
11.760396859999991
10.938062839999995
11.832805178999994
10.242633965997278
9.18744040220256
8.334687383999988
10.456234560999993
10.829299018999993
10.703531244989119
12.07158305799999
12.099612139999989
13.246053855999993
14.086594474999991
13.637452405999989
12.29460752399999
12.892670736999994
12.495541057999992
12.461230744999988
14.366338279999995
13.47381207399999
13.374242779999994
14.26764809999999
15.003301983999993
12.927948002999994
8.0181206618987
7.951938375898709
12.31456330899999
11.147595983999997
11.298630813833594
11.374241970839993
11.010779574999992
13.318609493999995
13.585744314999996
12.469045386999996
13.226944007999995
13.564758275999994
12.969991996833594
12.744870714999989
12.485805260999989
12.821123047999995
11.878691364999995
11.46415956099999
11.36600198399999
11.386943725999988
12.181142092999986
9.075060850493589
9.913507672070706
10.089426991212141
12.622121483999994
13.251836239999989
11.609758132999985
11.023054270999987
11.121256402999991
10.226927598999993
8.508460829207968
11.490340743999989
11.161880114999988
12.59837752199999
12.17134252299999
13.030563857999988
13.192755423999992
13.078993468999997
12.91080585499999
12.194789501999992
11.644221293999994
6.722932740797419
7.369044123797417
6.658154289202532
13.041812414999994
11.909434978999995
10.18151920478782
11.486004647999989
11.896594927999992
11.919748145999993
10.563113917999988
11.447056359999992
10.78587955299999
10.55075121799999
8.007711796594872
6.078129846199995
9.439888651999993
6.512578869599998
4.1437730620999975
8.315143205303832
11.351036338999993
11.399654284999993
10.06599277799999
11.187308298999985
12.132181244999993
11.205895754999988
11.099023914999991
11.140583349999986
8.610572309898702
8.078614329493579
9.575204733203984
7.976194586202537
8.207207855202544
7.65526998127196
10.864800695999984
8.040680560303825
6.306564483599981
4.155758558699981
6.94305387730382
10.59415875099998
9.519359957929261
8.034620811506379
6.11415642550638
5.010923976099977
7.755259709202536
8.884760520931975
9.22212070006798
4.3584108504999755
4.060376773099979
3.9591656737999776
4.66966914059998
6.141104519696137
5.640773176599987
6.067748419199984
7.3532079818987
3.707032847599976
2.4872284240999742
4.593267837499972
6.2569159926961415
3.8156252776999717
4.3519344573999765
3.1966666991999806
4.908383299299974
7.102111592099987
8.864013880931982
9.19766925806798
4.401978019699977
2.299512014799981
2.2340074584999847
4.597184541299973
6.637834287999985
7.462816125506368
7.79239783630382
7.36198405149358
7.7411160645063815
8.35932132259486
8.981365510727974
8.875734399405104
8.234464639299993
3.7134146804999855
5.393147674599984
2.3422546554999806
2.4747170150999858
2.8167769118999826
2.6314622878999865
3.7461636489999854
2.705887232999988
2.9105869918999834
4.624851222199977
5.8662285445999816
6.387993350202527
10.095893652212146
4.475742239399984
0.6765354188898697
2.0104825942999955
2.6129732512999926
2.5271512710999957
3.1138317351999794
3.9553184279999756
4.362570730599979
4.975622222899985
6.967599294999975
7.471803083797416
7.666258781405095
7.46914871059486
4.288454057299981
2.4581444091999853
1.6889999434999887
2.36884287109998
4.678823821999984
7.30191195679742
7.361929275493568
8.8664293594051
1.4352096024000003
2.3531672774999928
1.9797823165999944
1.0510423461999951
1.8454414718999839
1.8988986327999824
3.579278813199979
6.014031530797415
5.478238856493573
6.561560696405099
7.791407751506375
7.4214983886961345
4.969959049999982
7.177635166898685
6.878843257099987
5.430972965999983
7.00303503269614
3.9808718429999845
6.438461447101261
6.3814535324051
5.516506581099982
6.540784432999978
5.386370693999981
6.764312779202541
3.4033516021999737
6.315629914898679
6.911771514898696
6.4163648116961385
5.509115623499979
8.629306281999964
6.977822056594858
5.673592796299979
2.3049120101999785
2.9642482665999816
4.182120915199987
3.48884286959998
5.468592893999975
3.771481271399976
2.4668063201999795
5.164917420999975
3.594515510599977
4.43209196619997
2.3491240737999783
1.7946249816999766
3.7955557738999723
4.921170613099978
6.190484007299978
4.1850816176999786
4.457474116499977
4.212488062999986
2.8151729461999824
2.7394637465999803
4.64973005829997
4.521179750101248
4.868390779101243
7.791838647506374
9.936363020212132
9.294297988931982
5.0893343306999785
8.636579713405109
9.90553400113599
8.831629991101261
7.708828655999963
9.892511042858544
9.055533355795987
8.286400782797424
8.474924839863977
4.49438132169998
4.363303265399971
6.768812504594854
9.335762870863983
9.740125419727983
8.178076448101267
9.422055906795977
9.370622331135984
10.152563375929267
11.764513286999989
8.677498399405108
7.691153002898699
3.7295771956999717
5.941236950699979
7.472560081506375
9.752488188202554
10.26122066665279
10.70999792899999
11.508232955999992
9.60754095472799
6.574360531594854
9.068990974271978
9.844714642203993
8.4248073334051
8.730127371202551
8.87924810030383
9.525524076863984
10.814251900999988
10.15932468578783
9.44891111299999
9.33097908013598
4.1679954787999725
8.140299523898701
8.450882437101273
6.756851759299984
10.36883876192927
11.934715790999991
11.23830281999999
4.968912365699977
9.782242182931983
11.472877883999988
11.411379383833586
11.804984801
10.823497393999991
11.505107560999996
11.086730643999996
10.468203521999985
6.606892808499987
5.74838413699999
5.746287820399989
8.80433162079743
8.97679243159487
11.822277437999999
11.231034578999997
12.863744977999993
12.440295447999992
9.284507212797427
8.702731246898706
8.04645095669614
9.173799920696148
9.517885172999993
9.030813064594865
8.888379998791985
10.78733229199999
12.209796140999991
11.610656226999984
10.572887700999992
12.934493935999992
10.606524854999986
9.877512435929255
12.458551194999993
10.857004528999987
11.833272975000002
8.728543348696153
9.017264970405112
12.12118951299999
11.824855958839999
10.233065466212144
12.865377926833592
13.796765333646398
12.915014905999987
12.250240324347192
12.128962125999992
12.255582206999982
12.725214607000003
13.173231455999996
12.539554453999985
12.929188274999992
12.164727866999998
11.55493846299999
10.845296728999994
10.921576262999988
9.885670657212145
12.337477944999993
13.917771923999997
9.785785482858545
10.95389591799999
10.031851930141423
10.646183495999985
12.218939760999994
11.301947172999995
12.272577962999986
11.729914116999995
11.758175330999997
13.067302944999994
12.969988164999998
13.025478464
12.493648717999989
13.009907242999995
12.59561414499999
13.312020498999994
13.167095125999989
12.136895244999993
12.398981418999995
13.174842859999995
14.098264472999988
13.636277237999991
13.076610857999986
13.759583724999992
14.457095408999992
13.956476862999992
13.521212092999995
13.307693653999994
13.632979264652791
4.804846421799979
8.653431382797423
9.86060542299999
10.872747458006398
10.664234508005434
11.463188441166391
12.386111927486395
10.591600852839996
10.657558384999993
7.929481298797432
9.422728950646386
7.327522630303826
11.161093595486394
10.801925150999985
12.432704651999993
13.034372002999987
13.036392843999998
12.028884423999989
11.024455556999982
11.516717568999987
13.323355800999993
11.164842159999985
7.8402729614051045
9.299843627898712
9.886678352271987
11.46420325499999
9.776666044717103
12.796315735999984
12.792574068999988
12.276855192999987
11.184911825999983
11.969703280999992
12.803010703999991
12.013133060999989
12.664171380999983
10.641229160999991
8.675179016099998
10.34354331401088
10.153057304282873
12.22654619
12.567115583999993
12.615337133999997
12.838094610999987
13.54517398399999
13.140900284999992
13.369093615999985
12.060097730999994
12.492139141999992
11.108155008999992
11.140854505999993
10.75309489399999
11.263012327999991
11.443348754999988
13.121322991999993
12.197829659999993
12.551561092999988
12.143094054999992
9.696509139999993
11.22406299399999
11.920020768999988
12.57188769983359
11.710311864999994
11.143959908999992
11.550236770999991
10.452886474999985
9.395530541999982
12.653577073999996
12.919471143999994
10.944333152999983
4.71771298519998
7.657011326583969
10.101650830067987
10.488582298513588
11.071468859482723
11.175396798999978
10.345962308999992
10.556653347999998
6.569637928803817
4.382724191299981
6.003315154999978
7.806714894101266
5.993346377599995
5.5362560088999935
8.05106740420255
10.150088055282861
12.21096757699999
10.631883928999992
9.227894958333579
9.098342713771983
9.251808000202546
7.278296076999992
7.469829478499993
5.6837292922999945
6.169785143999994
6.9747693328999905
8.91782137759487
10.874069837999985
9.61806294399998
3.069376119999984
2.382281425499985
3.6260887938999864
5.155253126499972
4.371414671299978
5.8643767212025395
6.841705776999963
11.718757340999986
6.829947820999968
8.390571667506382
8.330722483803818
8.369924356101267
6.913591805999992
9.343989215067984
10.321142104999987
7.017295007303821
5.239362818899984
7.529507369999968
8.395834895303821
10.601137957999985
7.4379750504050985
2.447250263999987
1.6355233489999828
3.6681027266999777
4.051112039199974
5.855102854899984
3.013022729499981
4.48483949579998
1.838767619299976
2.0857636245999824
3.9332727080999788
2.5451277282999754
3.514989027399972
2.6566429305999772
3.2524835814999786
5.5629700149999675
9.50246991413598
7.646365734931964
1.627010931399991
1.4525803084999946
2.3569375152999785
1.4067374541999842
1.4902487273999896
2.7127327620999786
5.097683192405085
7.4514031174051
5.285195886202536
4.423582313499975
5.406798121599977
5.21486964569998
6.298647193898689
0.9778273644282769
1.4471471129999858
2.0002572188999763
2.6791358382999695
5.369067466696113
5.717271177699976
3.792901838699977
3.2269797286999733
2.2228753982999763
1.4659509093999892
1.2540208617999853
5.0489969008999775
6.083700492898692
8.383852188101256
8.99512454820398
7.790576002493573
7.709711921696146
5.233981944299985
3.393078178399976
3.3708260894999773
4.742082051099985
5.734997193898696
1.6945377761999851
7.623084919696143
4.4676744018999806
1.112205623064626
2.5084984832999817
2.0434345855999907
1.534631039399988
2.4159975799999827
3.5315888366999793
3.911386141999977
3.8117773331012375
6.272312040696137
7.064640489202546
5.013628222699978
5.909532171594842
7.171197305303819
2.944940530399982
3.58016849209997
1.7390826491999793
3.563374966399976
3.044021983299972
3.6744063247999708
3.2776197494999866
2.2054436141999862
3.3346171004999796
3.9667629973999796
4.012182868999979
3.1143148360999735
2.444098953199976
4.661249150099977
2.2978487365999807
1.3801710296999796
2.7194369643999763
1.7734822036999751
0.9294201680141204
2.7193108916999815
3.729482165499988
2.8189164550999792
6.008198120101255
3.0750955962999758
5.883609666405094
6.343022430405082
8.315582754493574
7.762239970405097
6.676334284999976
6.534653613303813
4.992606181303807
2.7265873122999786
5.344672807303791
4.016891419999985
6.215097970594856
8.430166253795974
7.563020945696134
7.051092530797413
8.537677690101269
7.949541329999972
4.453599885594846
1.6772874770999802
5.899287704506371
6.443920867898699
7.612394213898705
7.131392913797422
7.11058621059486
7.363098211696144
7.289108563199989
6.394200495899988
5.3497113387999935
7.633279812599992
6.326906707799991
7.125691607696127
9.31333626872798
9.71111533979598
8.061059956405092
9.21498516999999
8.124545152303826
10.193427548135995
9.157147880727983
9.635418121203983
8.939502990696147
8.830144033863979
10.087188124070702
10.014110961929264
8.719065524203977
2.889023632799976
4.77285814669613
9.753312414717099
8.052108442696136
8.082989996303814
9.868584851070697
9.11502433179598
8.982481904727981
3.20120991819997
4.785739472999965
6.296983767696127
8.661150755203968
10.26138400414142
7.897308245797407
7.971962942493568
9.016404623271974
8.654128401202538
3.2894661666999694
4.429327346799974
5.415612882999971
5.000961700405091
4.534346351594838
7.648839009101254
4.198646490499971
4.376602447499979
6.212684509303815
4.076064048799971
5.925766590899973
4.396480776999971
3.4546755202999657
1.9317071502999643
4.736050192303811
1.756238218699961
4.7950904006961235
4.912210124202524
10.670098627999977
9.542894451929266
7.95452851099997
8.696009788493585
7.5375074004935705
8.583163778795974
10.354080400070703
10.457926304999997
9.794226133787815
9.508367745999971
9.273977917353573
10.659879784999989
10.034625044212143
10.22212805599999
9.524385945101274
9.848800657787821
9.17837235406798
7.262157322696128
10.306164607159989
8.027859913594849
5.549194032303811
6.009740107696131
7.6424566817974116
10.137375248787828
10.585292538353576
11.640673177999984
12.727309235999998
11.888659780999983
12.821175901999993
11.913573011999992
11.177839674166398
11.888369510999993
11.018277813839992
12.316249915999991
11.907915044999985
11.599847422999986
12.129916285839991
10.969876291999988
10.827406656999978
10.129389097727978
6.410086000101255
10.380248889141418
13.339339092999996
12.094029607999989
10.653499825999992
9.314424423202553
11.210761329999992
12.080358843999988
10.683684679999992
13.031540575999989
13.488480045999992
11.850867515999983
10.44741125499999
13.04022146299999
13.049384754999993
11.984772126999992
11.058896881519997
11.497776498159986
10.722354360646392
11.60061139535359
12.417554698347196
12.95408262599999
8.596385646101272
12.232947011999984
12.802561410486398
12.635615679839992
12.280466620006395
11.268938414519992
11.128952323999991
10.749664437999993
12.513648685999991
12.498940524347192
11.217791509999989
8.754389205898706
5.743469567899975
12.731363543999993
12.26575774699999
11.656009984999983
11.625888785999988
12.655434022999982
11.76532707699999
11.75902296399999
11.541241643999994
8.99561596979743
9.92564924006799
10.051777851929273
11.607791860999994
12.03382797099999
12.730382500999994
12.194642508999996
10.460140413999987
8.515113124101267
9.716159094135989
10.317485485999994
9.847765823271992
11.208312995999997
9.674322952311991
8.83822783199999
9.988977793931992
6.325844453399992
6.881354180899993
10.603647824519985
11.056065404999993
10.035513058353589
11.445197031999994
11.23404462699999
9.995693243271992
9.689357528795995
7.366470548999993
10.586363580519986
10.85657888747999
9.956439460858554
9.886612918067991
11.303754484999988
11.719224503999998
11.169045426999995
9.29283965150639
9.856209583999993
12.13417475399999
11.261338116000001
10.469179368999985
11.272579436999989
9.39088348999999
11.279461518999987
9.339156607067988
10.111165160999992
12.729732982999995
13.096037438999996
13.00460217565279
12.348921103999992
13.937838896347188
12.440834329347183
12.607860209999991
12.470853589999988
12.235572332999993
11.409021283999987
12.591482519999992
11.606981160999993
11.891824787999996
12.209689768486388
8.444194644135969
7.194087245202529
10.869846692999984
8.085011849999981
10.477107377999989
9.456927625999983
11.321627836999989
9.216150254863978
6.911080593898687
9.726817924339992
9.980568542353584
11.524347580999986
11.122057715
10.63649218099999
11.998089666999995
10.581040655999992
9.33983906267278
9.688185082999992
9.349028033405117
7.412061666898709
10.57049204299999
11.180674453999991
12.182891616999996
12.087491340999996
11.141996719159986
10.621971363999988
7.245092135594856
4.817031588699986
6.1154861205948565
7.093921844506374
9.368926644931978
10.671410004999984
10.220419132999986
10.355973655787826
8.807080006405103
9.330808087135988
8.945639302067978
3.2498492019999756
5.249166197202524
7.740842484999984
9.101243069353577
10.145740484717098
8.11449139559486
8.3897777374051
8.831219325203977
5.142643347199978
6.0413076324050925
5.899024389594859
9.788205926646377
9.610998055999984
3.1690331847999826
2.9513403609999815
4.240818110699984
3.239529058799988
4.367495309399985
2.626257907099983
2.4775250869999845
1.5487781951999837
1.895861105299988
2.6068825026999787
4.544787283299979
2.494991673299983
1.7723150390999831
2.1385898986999807
3.3360589644999745
2.6790188842999743
1.5737536941999901
2.5823501494999808
5.521555113199982
3.5830766402999723
3.2118033126999763
1.6587684035999843
1.6165618880999826
1.513809358199983
2.157719497699982
4.521785845898684
7.130622360202544
6.4198931885063795
5.634644212303813
5.35273180999998
4.2248428328999745
4.949537397799976
5.652618478399984
3.5471131301999814
5.5937035934050945
1.6146466704999793
2.8639667388999714
3.667178572099976
4.96732114869998
6.516591496303824
5.022543142699978
3.798137443499976
3.739327029399986
3.9219888137999863
4.522266490199983
2.8320422744999814
2.216534603899976
2.5982402419999757
3.8512197951999716
4.378662181099984
3.8381775969999823
6.190428869594859
6.764274232506383
5.192723062101253
4.267875320399986
7.0233307083038214
6.673023495506382
7.77367447199999
6.8762109832999885
5.531860250899984
4.720938290399989
1.8397039199999905
5.99905736849998
5.7003669448986996
6.051717661999983
2.570460491899982
3.1956205337999832
4.379142974899981
2.2025095092999827
4.186876983599986
3.233884658799989
2.155514994799988
2.164145912199983
1.2279220554282728
4.226282548499979
5.674803498799979
5.890226478594856
4.352289701799988
5.315767118799979
8.062715878303822
5.79906041110125
6.450101664696138
9.276578187727983
7.7457282699999785
6.766860501101248
8.085200459303817
4.286289338699981
5.980691459696137
9.096608288727982
8.324031849696143
7.211503773506384
6.2772136168986945
4.518124801599982
6.098090501405082
4.527976827999986
2.982963523899982
7.329478521696127
7.01559045869613
7.134908750898698
7.3001047104050985
4.53091272579997
5.8982875793038145
1.9170269622999765
3.8975887664999713
5.6741575088999765
5.347430319199985
6.048592669696133
5.099041586299976
2.6186421798999766
2.241234915199976
2.3390578322999707
4.452338867199973
6.218161236599978
7.97875406949358
4.820223857099973
7.157432008405097
6.242965364101254
5.107074249299971
5.974922859199976
5.950460496493571
7.038681187405091
7.5040517089999765
6.484396339405079
7.63711231230381
7.364389573696129
9.758585018929258
8.286535668898695
6.536599394202528
10.203231193646381
10.172132588135991
9.551573551931993
8.558012168898708
6.009096366899995
5.877327563499986
5.758438494899983
8.683467306659976
10.166597494646382
10.907427230999986
4.968989875797411
2.9623889083999666
5.4858368728999904
3.697051036099976
7.224222749303814
8.220319930999967
2.245397207599977
6.520091105696131
9.72216676627198
10.94124635599998
10.840790185999984
9.825428805659977
10.33800355521214
9.7260357360707
9.138765191702545
9.711328781070705
12.299586588006395
10.88163132799998
13.223056942999994
10.578274462999984
10.42034760099999
5.999602960199981
3.884643931599989
6.5162627411012615
6.65126775209999
6.385648823493574
6.680815727202531
6.6578973801012475
6.578641210898698
8.550921516271975
8.282677714493579
4.736414968898681
10.30213563999998
11.104158726999982
7.9405652617974125
8.945807972635976
11.258173020479992
11.82212147399999
7.15952781369613
3.5315412566999664
1.9223166442999693
7.715406187405091
9.922930665717098
7.33677384950637
7.909033183203964
9.596961129863981
11.595487299999986
9.723227404863987
9.718495042271993
9.619959101929258
10.714560924999986
5.319377105699989
4.167708088699976
7.983156634493581
9.958879151931988
7.196328007493574
2.2907287902999793
1.9956046706999813
2.358246092199971
5.8464764572025265
2.752479455599961
7.437877755696139
7.2487958434935775
9.67712074286399
7.863662472493589
10.129298155307831
11.254523021999997
10.657039768652792
11.562676865999979
11.61922687700639
8.270703030405087
4.528070162999984
8.60258036499998
9.901611407353583
6.329275706506364
3.4737675033999675
2.745784600799972
3.9270171203999773
6.769961895803815
8.366158270303822
11.162609308999993
9.614498466339983
10.732861683999992
11.066194442999988
11.966873702999994
11.589415647999996
12.315743094
12.836821993999996
13.854581560999994
13.47857969099999
12.768164641999991
12.927134267999998
12.083377999999998
11.352591466
12.929489922999988
13.077860453999994
13.039937984999991
8.374105812067963
9.005106602353576
9.788576510717096
10.529120664999994
11.475540127999992
12.376577863999993
12.00100261499999
12.89792130099999
12.953488399993585
10.559487279999988
13.107294225
12.200961406999987
12.532208658999997
13.267641285999995
13.686476592999995
13.485600815999991
12.09071753399999
13.086850232999991
12.600729648999991
8.565738333101264
9.525833010931988
10.031116914282862
12.400582245999987
11.507852479999988
12.576057400999991
10.835949280999987
11.490992209999991
12.693111448999991
12.660306276999998
12.789328689999996
12.819915500999992
12.667143697999995
12.166741172999986
12.731224219993594
13.452278402999996
11.498281368999985
12.325276633999987
13.067127500999993
12.112356920999984
13.296490183999998
13.10916205599999
12.409192701999984
12.269406980999987
12.24544304399999
12.997888622999994
13.543438564999994
12.444112736999989
12.06827802299999
11.389713401999991
11.332024076999993
11.420740694999987
11.171549192999985
11.886832992999985
12.47719708399999
11.37346758699999
12.913273104999996
12.701185880999988
13.566547642999991
12.491817394999998
11.192414576999992
10.578392211999988
12.372949349999995
12.350981324999989
9.774008892858545
11.870989071999988
12.299101200839988
13.270758264
12.025495168999997
11.746642400999987
12.453929969839994
11.336964765999987
11.62681196865279
11.62449946299999
10.995118292347195
9.498863484135981
10.51556825999999
10.729324123999978
11.78203880034718
12.000002570999989
12.070609218999993
10.472148115999993
9.905545507863991
12.42934236299999
10.871091929999983
5.955435520898699
6.562929266405103
8.35965374910126
9.644653095999985
9.145702180506397
11.163672526999992
9.543350350999983
11.178588151999996
11.895369513999992
12.570908576833595
12.293864040999987
10.49069047199999
7.962784297202543
7.818174391202545
6.325792402599988
8.521519544999991
10.032297810271993
8.081796127303818
8.95051005706797
8.010091384898693
4.5558494872999775
4.675589446999979
4.456053794899979
4.946938403299973
5.678943754599981
5.500121762099987
6.27681927189999
8.02746422420255
7.157980419898695
7.967931417797417
8.371041569493578
5.868104463202527
8.15648016969614
3.137485624699971
11.626814580999975
6.460957922399991
8.831970461999985
10.324948855717103
8.524476129202537
9.899688288931989
9.004907466101267
3.270514956699977
3.4511927932999784
4.5556183364999745
5.794808305399982
4.210087133799981
5.429517356899987
2.8780100509999746
1.772720986899987
3.1997199202999775
5.471681283599995
5.036079460099985
3.9737234435999826
2.70852668459998
4.72628446959999
7.407565261797424
7.025309924303815
7.543191963202537
6.9611723968987
8.002078646931967
8.799645001202547
10.154231806929262
9.507847300795975
9.618691210931978
8.88350508413598
7.5421374832025405
8.266027497898705
10.180658833212128
10.516200617999985
10.41293583199999
8.19261249850637
8.676874409339979
5.724646131898699
10.244899383646384
5.799112362696136
4.885643946799974
6.863789013696137
5.207450141899977
5.924209568799981
8.098169029202545
6.660866180399981
6.609825370797419
6.967513835101245
8.223236791999978
8.553683267202546
7.06225484620254
4.657886056499981
3.6480674941999776
6.988221098303824
3.7321906768999784
2.3465966887999823
4.915568516499972
6.752398243696137
4.557573757899976
4.003235487399979
2.6987537154999783
3.010089575199975
2.444938142399976
1.5665586333999817
2.6662258712999876
2.7969060759999858
2.818068910199988
1.4994087478999896
2.6555363448999856
2.121681324799988
1.1053617754929137
1.1411062575999866
1.7701726180999797
3.757353538499983
6.165379750101239
4.339312187199974
3.7707396010999794
4.525873707599977
1.9426990569999831
1.685705557299984
1.6548289397999922
1.25725305179999
2.4418816298999793
4.916165808099984
4.983956173696135
5.066917867999978
2.8101512771999775
2.8854882750999766
3.7732498198999758
3.864091740399978
2.8318865981999717
2.89412583309997
3.1028662169999737
3.11874503019998
5.509590273999982
5.9412467666999795
8.446714919999978
2.3237075255999735
2.2930829436999747
1.4296964721999776
1.6197551299999753
2.540009406999973
1.0814587313787636
1.7957311629999781
2.4745150466999783
2.6072251433999725
7.400063021898702
3.7215155257999735
6.529946209696128
7.178208718898693
3.636705863999974
1.4594593657999773
2.2399094817999705
7.7826558577974225
8.937786534067978
7.847619476303817
7.001054743999967
6.920205612202535
7.038472123699988
7.763900071696135
6.561147418202537
6.6005311919999725
7.289376094101258
8.912682380696145
9.221673675659977
6.730201203898692
4.674369442699974
2.7736872207999714
1.6980981994999733
1.6271108504999732
1.678718089299975
1.9501354079999706
3.109071536299972
3.297128350799974
3.516528752099967
6.486068232696134
6.902852304101249
4.780658874493572
1.8591305846999824
1.730128044099982
2.1757695113999715
3.7456659804999712
6.426380880696122
3.9445281432999653
6.694245880101252
3.4129016921999704
6.21846192630379
5.526605824303806
1.9766575454999589
4.384255194099969
2.314510099799967
4.544832078594831
6.690082884202537
9.336457667659976
7.957460861202543
8.277329626506384
9.417007562203981
8.627557943795976
7.575547903405102
7.904045957898691
10.033232244929254
8.20715945589869
9.105110525659974
9.642421900929248
8.545956204135974
10.4518004760707
12.176834128999994
11.666214760999992
8.651015937797425
9.425261605863986
10.120260195929255
9.861622923212147
8.081677503999988
10.535906346070702
9.160404559303824
8.702704969863982
8.346784910727967
7.233103735405078
7.966046585067962
9.124666590931975
2.019639347799961
2.490162916599956
7.974034262101254
10.727912252652786
10.487199805999989
10.983141639999982
11.495011390999991
11.454757473999988
9.445190402135985
10.173493931717102
7.480191549696133
8.628192350863971
8.477357817070683
7.033266360499982
8.607139540101258
5.259210700999967
7.492640508999967
7.967522669999986
8.334723852493584
10.658620403999986
5.613615205405094
4.429207751499966
4.488577363599971
4.0189335158986745
7.216754655506355
7.330979450999965
8.685226708999975
9.611183549353584
10.954980698999979
6.752049578898678
7.616369076493569
4.487567558303796
3.8936313048986793
6.911861402898683
3.8075449325999755
4.133607685898678
5.856151240493547
6.477881118797403
8.655580396999975
10.885521514999986
10.449709233070703
11.794709557999983
2.940397935499983
4.980952984599968
10.779057884353591
10.851734347999988
11.878544793999998
13.113224274999991
13.240372129999985
10.995830932999983
10.594574762999976
11.718198751999989
12.44061001999999
13.008295412999987
12.77049846599999
13.841247318999997
13.622473327999991
12.80927418799999
12.76525725299999
13.68892031099999
13.477208080999988
11.72201098199999
13.520316794999983
15.044442127999991
14.474036124999996
10.183940505999974
13.19506122999998
12.26196657899999
13.097655485999992
13.287125469999992
11.868503295999993
12.588250814999993
12.621977378999999
12.303770913999994
11.970981362999993
13.109274634999991
13.687496956999995
9.582755021795995
8.370367588797432
14.490363597000004
13.985767577999999
12.401704566999987
14.703753850999991
12.219333405999993
13.62877128399999
13.70040188799999
14.156908242999988
11.920018026999983
13.399848446999991
13.437851311999992
9.975315553212138
13.505456739999987
13.311332032999985
11.728786701999988
11.30952062799998
13.490324526999999
14.771400574999992
12.698337989999988
11.558323154999984
12.05055647899999
12.602369260999989
12.995776497999996
13.471505332999998
13.380424471999993
14.949910558999996
12.711484879999992
9.284595979303829
8.701769636493593
11.699713991999994
12.79647271399999
12.341945962999985
14.73427645999999
13.23543783699999
14.636467353999995
14.134749701999993
10.502135604929263
11.100552372999989
13.088879361999995
14.419068113999995
13.193479738999988
14.202305752999992
11.090066700999975
13.588227051999992
11.401323629999991
10.681949430999982
8.927523997339978
8.30171446379742
10.953376497999992
10.752235734999994
11.567875312999991
12.197293967999995
10.884514090999991
12.585892660999988
11.835350715999994
12.566391967999992
14.142083613999993
12.960662856999996
12.032126810999985
13.390016861999994
12.986583634999986
7.766392283594855
9.634642369070683
14.000393413999998
12.56981499499999
10.435836655999985
11.001949616999989
7.8024887877974205
12.457248369
9.29614382779744
6.487778507999991
8.39031228940511
7.823107418797415
11.33265600099998
9.105842454646375
11.961621865999989
9.165785795727974
12.410242090999981
8.585297198506394
9.352414852931972
6.171888583405094
7.248553173797415
6.944457443202544
6.56408399349358
3.7818009673999753
5.510326544202536
3.5889848128999735
4.885547154202532
3.232292262299975
4.8137929993037964
6.101477311696133
8.850730566405101
4.401193841599972
4.204278160099972
6.409270918303809
8.742997993506387
11.242953428999984
11.22244113599998
12.207893010999989
10.795294767999986
10.816537958999993
8.892650105303828
7.593982792696141
7.26157294159486
9.27777006079598
7.49337405699998
7.5507220366961425
2.2993020995999744
4.471899226399973
7.0231302383038186
5.1043392638999805
3.2247077117999803
4.6511228850999835
5.433227137799986
5.358352757299978
5.41526111299997
7.932864326499991
9.670626020863983
5.1106704787999755
5.424241676299978
4.432902221699974
3.076165914899977
3.1581627135999706
3.988310580399973
4.802695184303797
7.237828489696138
6.021241946405099
3.539886961399976
3.82049603269997
2.909837405399974
2.0889585372999777
2.2565654601999787
2.7712485579999777
2.629770501699978
2.7342332320999847
2.2612279265999864
2.582603359999981
2.9985213561999795
3.6196201308999787
1.9907972915999828
4.255844305399975
6.231093836999972
6.252054551696141
6.067188250699984
4.224837617499978
4.794057969699988
3.887705828899972
4.326953482099974
3.6578924148999827
4.49317939909997
4.395800180099973
6.383436088594859
3.1076185576999897
4.663636071799984
8.530797666931978
7.1220309631012535
6.437760240199987
5.12476117399999
4.266932397499986
2.781728480499987
4.967599534599983
5.655814375299981
4.788004020699972
6.432619247405097
1.9504864440999774
1.4065791442999827
2.9938477309999683
3.3428523467999827
3.4041379073999725
5.415006814599971
3.337942510999966
7.4250004867974155
4.631225642399977
3.459348245199979
2.8290731749999822
2.2804595107999805
3.9820510405999676
5.588235153199979
5.198808766199982
7.970782276898698
4.323875225799979
3.288404865999988
1.7582136504999912
1.6885611342999887
1.2142677825999924
1.3595890853999804
3.595684823599984
3.8639357833999783
3.113810473599989
2.2248304503999927
1.9194737365999957
1.1514204019646284
3.5290210555999586
6.368549223303817
6.817203431696134
7.800572013898701
4.055514335599977
4.7898672211012485
6.933166511493575
7.612223034696141
2.4674060653999774
1.463940835599984
1.7492973449999802
1.6497036315999785
4.265132253999952
2.5782542510999686
1.6002949294999715
3.8380684264999676
6.326940522797415
7.110887918101254
1.3623187789999762
3.611243527199968
2.6181968581999735
3.2493280150999646
4.971195594797411
5.864891455101227
7.545755255101251
3.389580906699975
2.068427986099972
6.530295054594855
8.579934851067973
7.705659887696138
2.186154609699983
2.6572980239999704
2.957847004699963
6.276538847405089
6.109348699999955
7.3434110717974095
4.695669451899971
5.54080344089998
6.3743664383038094
5.003501031499974
7.409952963303825
2.327853042599965
5.436999230999976
7.989569830303815
9.362549270727976
7.776700059493576
2.04032442169997
6.535028854405084
6.4538191422025255
6.6287675368987005
5.6668707794050945
7.087290536506365
2.490940211499965
2.1456456008999685
4.37588901369998
8.660062435898702
8.931725741594867
6.6967291198986985
2.2096754455999648
8.308960778863968
8.315291101101257
2.0154038070999745
5.902234687797408
9.3514815490707
10.096426092646386
10.409636547929269
8.500852163696155
9.87199418186399
8.87365798799999
7.726823229999991
9.940399815271991
10.938026197999989
9.607169293135993
7.568612695303817
10.91438788599999
10.343921045999991
8.996350433203968
9.464950205999985
4.908444004797403
8.211294781339966
8.153710160797415
9.26694860220397
10.136902893070703
11.262518610999988
8.196375613405108
8.861499992271982
9.542218894999989
11.170507309999985
8.047947314339963
9.51419212799997
8.91547145693198
4.008155108594843
5.4320365905948504
7.924985456797415
6.384225317405099
7.334664199797401
9.913305137717103
6.435166891506374
6.61628949279741
8.371126945506381
2.4118249022999727
3.077609580999973
6.958142941303818
7.711002459696148
5.806214996299987
6.438364262399989
11.409959653999989
10.623068491006393
11.277288293513585
7.611966229202525
9.991354876787822
10.138290034353588
11.116334940999982
10.615788582005427
9.606981402727987
8.984371713303833
9.228360226405112
8.36371129759487
9.81546979379599
10.822129189999991
10.176710425999993
10.043723141339994
9.648325100795986
12.096574222999992
11.90531164699999
11.819652916000003
11.664054836999993
12.12325149199999
11.982095611999986
4.033509904499987
8.329538458311964
7.87472831120254
7.129401910405097
5.139593070999972
7.2931002318986975
7.515540397594857
6.937929856898691
6.869633654797407
4.445796763599972
6.626939775101253
7.284558744799981
9.482866859282858
10.58029421199998
9.613019544999991
10.393553188999988
10.665826839999992
12.351804549999994
12.947665043999992
13.15664725799999
12.157339300999984
10.802519143999994
9.556188622999988
11.016051778999993
12.828509868999992
13.773284162999989
12.997918003999999
12.280930797999998
12.692729490999998
12.74368339199999
10.540071680999997
11.304615952
11.693433809999988
11.449427471999984
9.658243882858539
9.64330647286398
11.775677418999992
12.647785032999984
12.946343671999987
12.667811416999989
11.992527588999993
12.353635068999994
13.229840859999996
13.021416871999993
12.829775236999994
13.555936541999992
13.211389304999987
14.56960471599999
13.357678618999993
14.664730811999998
14.37364523599999
14.173238570999999
7.8688159103038124
3.856065325899989
9.751367718659987
6.649589446999981
13.167621148999995
13.200464647999986
13.51995221999999
11.898884485999991
13.592569405999999
13.40024477499999
12.666599593999994
11.250433365999994
10.20149672864639
11.436840012000001
12.98237003899999
14.084676038000003
13.644159990999988
14.068039730999988
12.756726348999992
13.693682796999997
13.782014167999995
12.595516034999996
12.724924769999994
10.475415943999996
12.32382603499999
12.44714311799999
11.105170272999992
13.19837954599999
13.160618337999994
12.99446641399999
14.061921818999995
12.903663894999992
10.23013123599999
9.690025843863989
9.836827827339993
9.711806861931995
10.662032752999988
11.827072561999994
11.800733017999995
12.188952172999997
12.113751444999991
12.707684783999987
13.028297971999988
13.934544515999988
13.572663662999988
13.349995453999995
14.482783423999992
15.03751680099999
12.08695611899999
12.367425654999993
12.77827082499999
13.442048424999985
14.13490623499999
7.662984443696134
9.581716130070692
10.437067877141422
9.52842583778782
8.842186790506387
8.246481286594864
8.755393835405105
6.183014756797416
8.03278032679742
8.192294981405096
6.406899276696137
7.813757656898707
7.1357491607974195
7.527271348594852
9.704306022717102
9.096438818271977
8.60263155679597
11.306059838999996
11.483720800999977
11.525023035999984
11.060692418999983
12.502435481
12.112554180999991
11.319223954999998
10.91836583099999
12.124739063999995
10.23787891693199
9.863227230863984
10.84820349699999
10.947945087999985
8.321657917797417
11.635712119999983
12.220669707999988
11.761360053999988
5.877289480594855
7.483982072405097
6.960667082202541
4.484214175399977
8.831616207931976
4.068606784099978
5.360545587199979
6.394765467797409
8.030807124303822
9.440743658405117
8.146136943101268
6.581035568199991
6.728188769499985
10.395159652999988
10.464120369999987
7.539336447101258
7.579239514202539
8.405436291659974
5.322308315999978
4.860911497499975
6.106688650493578
2.9675700316999807
6.487368043493579
2.9000450759999796
3.714659175099978
5.677553057899978
7.485765022303811
9.317611148101268
3.698854260299984
3.6845371886999656
4.411905467199983
4.3763412414999845
2.9672336272999753
2.715370165999978
4.601727140799982
6.628595797696139
5.851780726594857
5.534731468199981
4.592072415199986
2.026131806899982
1.594955715899984
2.7611295379999787
3.7987971129999707
2.745363517799979
7.843173844898688
7.64963076630382
6.664892999303816
3.592629380799976
5.165517468299979
2.1241008819999805
2.913104376199983
3.81443917689998
3.552838925199981
2.4628800841999814
2.938236231999984
1.4053344344999792
4.494458700599978
7.0773047927974195
3.3059775100999773
3.46572973019998
2.9297711425999795
2.741555331399979
2.333754020699977
3.7495451171999745
4.243937100199992
7.449928207405099
7.749107377594851
6.444200494405092
6.7226472106961355
7.684569505303814
6.466942813099984
4.558787635799979
5.6169170745999795
8.084036096202539
6.93644614259999
3.369810188299982
2.179182470699981
3.4144005813999714
4.135485168499982
1.5110282653999845
1.7971173507999816
3.0245257522999838
3.9345859450999794
2.7013356292999866
1.9512749740999875
2.7727366378999787
3.278476600599982
5.274784771696127
7.646692974898691
5.443612779202534
4.886596931499983
1.6284623412999855
1.0169927201211983
3.777397065699968
3.344056295799968
5.852379396101257
7.8066815002025365
6.358426321405097
5.904937071202541
8.536645919863968
7.42052232820254
7.803157260101253
5.556724972499978
2.6564823119999845
6.271890122999978
5.459358839399984
7.672917486594856
7.372575711101263
7.566695439101261
8.845591059931975
7.342928333999971
5.709393789699983
4.1770711181999785
5.061335868799985
2.1511439666999848
2.1154090270999797
1.1704155717858375
2.3418879073999705
2.634394190999982
3.2424268157999783
5.632184397899986
5.2948947738999825
3.8602392211999765
4.934546917699973
6.369062545797416
6.594175709493581
8.831199450696145
8.283530078067974
7.654805969202533
7.523827496303814
7.299798734999975
2.7250091750999728
5.365349871797404
7.203945051594854
3.8830833648999756
5.107948129303815
2.35490505829997
11.131263761999978
10.827124967999985
4.7406155089999675
3.995683007799979
5.044159645099975
6.374057839999966
7.472888647506371
8.612235835303826
7.411001174898699
7.982450437898693
6.565019280999978
6.86790358730382
6.279802920499993
3.429792199699992
5.209918670699981
7.767268643202538
8.775325108303823
9.45120878299998
3.5767721129999783
4.950796615599976
5.618586032101258
5.374139849898693
3.1513141067999726
4.326692143199971
5.804078417999971
5.532465028405097
6.905311766101258
7.88722969669614
6.482814036599993
6.896906246899991
5.7550904448999916
8.464917341594862
7.731679948405099
8.68223745120254
7.564193402099989
9.812282281339993
9.966569488659989
11.279803235999989
11.154985172999984
9.877078671203988
9.711113543787812
6.8354696823038
8.379163247795976
8.68747686606797
7.201268502797408
9.641860310271973
12.357282779999993
6.182641021696125
8.707879881203977
6.803936372405102
7.344751187099988
5.58074685059999
4.411691830399981
6.400808113099978
8.348363648999984
11.44473603799999
5.55336811219998
5.655349436999982
5.2391555449999805
5.600426615898692
5.89565105130381
6.292901473999975
6.692668109101254
4.814784936493564
5.2812555144999696
9.950391371141427
9.835734709141429
11.161697442999989
5.995644372594849
8.076212484696132
8.57190723269614
9.764435862795986
10.228412290999994
11.860811890999994
9.798043913212137
8.427680496207973
10.204615310787823
11.300293630999986
12.006074145999978
11.861456371999996
11.47927594799999
10.088340760858545
7.756414189101263
11.107887255999989
10.454521509005435
10.835678844999991
11.091875959999996
12.856904342999995
11.739959232999988
12.321782692
12.891753287999991
13.637819950999996
13.949717530999994
13.404584670999988
12.648351207
12.211028211999999
12.297164743000002
10.283495029999992
11.193562525999981
10.175769015659993
9.63813926228287
10.44839716299999
12.194636275999994
11.471034569000008
12.277671228
11.690821021999998
11.944062215999997
12.588451336999995
12.009278223999996
10.931708036999998
12.291034920999993
13.667643522999992
13.065577680999983
12.79642224099999
10.760874286999995
9.747664833070708
10.38826514399999
14.564699694999996
13.109528382999988
12.889810758999989
