13.968893067999996
13.007704513999988
14.016655144999998
13.24870310099999
14.306500626999993
13.800575461999994
12.676936219486397
11.17678155199999
12.279406855999987
10.804671109519987
10.06017765199999
10.357968923999993
9.017416599999995
9.851693147203992
10.775879967999991
13.07731940299999
12.076094262999987
12.741615149999994
10.700979837
11.04637767598912
14.017665010000002
12.352251399000002
10.625540668999996
12.116358384999987
13.79950712099999
9.976332189929265
10.76198769099998
11.200750017999988
11.946344828999989
12.863520116999993
13.074023107999992
12.796728582999993
12.276001766999986
14.21206956599999
10.326071897999986
12.254929154999997
11.04082477599999
9.112836357067986
6.07582787779999
8.021362496898705
8.100976428199994
8.728261813405107
11.246797790999993
11.17619446299999
11.552310119999989
10.730742989999994
12.143613990999992
11.318474361999996
10.71806803599999
11.265322930999991
10.88296011999999
10.890338927999986
10.933471061999992
10.42705125099999
10.175110395999994
9.279352404863987
8.328234040797426
8.614804615797425
8.82471934510127
7.176242323303825
9.097866027863983
9.927522265727992
6.736126437405097
5.255017768899982
3.357061350999973
6.445394346594859
6.460967912303818
4.132452101099976
8.575305474898713
6.979197430398701
7.596192716999986
7.337703289797418
8.27951002810127
8.883447326702543
4.963378083799978
3.006475303599972
5.842961425803813
8.509256503303815
8.68636825710126
8.52069465789598
10.754014019999998
10.305610629212143
11.109304580999988
12.104640812999989
12.49323641699999
12.163459064999989
10.896046117999992
12.356689879
12.059953985999993
11.990790816999981
13.452709363999992
12.059225916999988
11.548587563999991
9.501634297135986
9.901731045659988
10.485154526999988
9.188185778797436
7.436183155797419
6.904548773202543
7.469630827303807
9.085654980506387
5.969669651799981
5.787421142594857
10.334624043212143
10.394095617999985
10.40903633899998
10.776065130999987
11.440544469999987
8.79238982999999
8.009251802101259
8.067149282797422
8.740806098898709
5.223992304999993
4.4515277709999825
6.956414515696142
4.799953236399989
4.436463064599976
7.495178333999981
9.565188816858548
9.45284575499999
3.9813342467999786
2.415523030099978
2.968023884599968
6.238102026399987
5.474236587493571
5.246829225199977
2.0003739486999756
3.683936090099972
5.165209635898694
6.291882730101257
6.629684303303819
8.566227381898708
10.46125553899999
3.6336072158999757
2.445274168399979
1.2387108153999877
2.82074345699998
2.4217729659999727
2.321947335799973
4.124490956099974
4.972987220799975
1.5805157973999848
3.789329043599977
5.275810407999983
3.5414280868999777
3.9176236587999815
3.438259936499977
2.4410023406999746
4.495448193399972
7.261765820303823
5.75734228359998
5.414236411999986
5.905002214099988
3.556497956799974
3.60692519989998
3.129577467299986
3.5309515166999805
3.6021050674050787
2.0097075042999775
2.064535136399975
2.2690300048999776
2.02064037629998
3.4420366225999772
3.2026062392999766
1.1080363605353414
3.676356051599972
3.7979117812999696
3.5651656463999806
2.779035473599976
5.333396751399983
2.091026686099975
1.9909792952999836
2.914210801699967
2.0510907210999854
1.2960393386999962
2.31006163939997
2.3252351928999873
2.075078814699979
3.280136860699984
5.0264561507999765
4.7855868697999755
4.386850607299982
2.407452029399991
3.2931631957999876
3.4733943999999766
2.4710992751999785
3.2307643233999714
4.476147650099979
8.833223040863981
4.960764053299975
1.9182562423999845
2.317580583199987
2.9547819808999787
3.729477835099975
4.84078040919998
4.711004377696126
5.825419575499975
5.2500175948986865
7.195050952101252
2.845774504099975
7.827830686999969
6.7677653838999845
5.887292446899985
6.1478061065948495
7.717835629303822
5.632335369899986
6.599475062594859
6.639922904999974
5.3741269072999795
4.255168966699978
1.4805863021999925
1.2206085906999953
1.4082861730716887
3.541531466699975
4.037328979499978
3.930071931499972
6.250525907898691
7.729013655101262
7.421495434594868
5.156481883199977
5.47557248079741
5.7341138549999755
6.265549108899977
4.344727973899982
5.152649754299982
2.7895486022999765
6.364169132999963
6.441474633797417
5.151870753499979
3.6833230086999706
2.101216517599962
4.220593264799978
8.0582550034051
8.1928561554051
3.334870466599978
4.51810419919998
4.057822251899973
5.3101051651012465
4.965619120799971
9.357134492339979
9.926635449141424
5.624163404799981
2.8797932555999743
4.967411376999967
5.552888145399974
5.034693234299985
5.7815475676999855
7.321153501898698
7.807499290506395
8.95366425020256
5.658172479202527
8.624279197696149
6.041033637999983
4.337134645099982
3.573798797599989
8.2908365189
7.649088505594852
8.563721328696143
8.977835102863981
9.730587705999982
9.731483642717107
8.478185954303818
8.75637418369615
10.456474122999985
9.801160876339985
7.52165824430382
8.910915153493583
8.45521412806797
9.531981263795982
7.107500001499985
6.862361668405099
9.713437443646386
7.001259558099995
9.077983332863985
10.345486300787822
9.52172106786398
10.141496891863989
11.029259307999991
9.723160198999986
8.843793220493586
9.710831619212142
5.83100689239998
3.788741865499977
6.687583026101257
7.7021342194051
9.181451829659984
10.156218214282866
10.71337963999999
7.365372570797416
6.8517161224050955
10.051092800929258
6.941123776202538
4.1884029845999775
4.455045838898689
8.510251126067965
10.921762676999977
6.774093817101244
6.7460313186961285
6.5723041473038
7.947406169067959
10.679416390999991
10.940065223839989
9.943871055717104
5.646631349202529
7.569361108405098
8.584499809303818
10.22210813599999
7.471460383594841
4.034212887594839
7.676900695797419
6.979488502493572
8.540829875202542
10.593410257999993
10.398474817999993
9.423864056271983
11.194545522999992
9.595064240999978
10.124113746717102
11.152660418999996
11.643531583006395
10.426696942033283
12.039692749166392
11.468108303999983
12.325232271006392
11.896046827999992
8.56001631010126
8.82954698030382
10.475980892999988
11.354849904999996
13.805126041999992
13.595138559999993
13.032540841999989
13.08466572099999
12.937553771999996
13.38532567599999
11.825250770999986
12.207369529999994
12.695882718999991
12.773611594999995
13.085102431
11.507936364999992
10.492694225999989
9.935661863795994
10.806967875999987
10.23468677986399
9.950809983858544
11.207427997
10.468929616999985
10.473626632999988
9.895281399659991
12.187197919999996
11.49293146999999
12.488868439999985
8.826007661271976
9.523740815795987
6.348934472696139
5.41947602079741
8.160415118405107
9.01876650999998
9.832232518000001
11.511360092519986
11.373923132166388
11.768603090999992
12.210131368999992
12.146107221999992
12.118371356
12.202283133999996
12.74254059299999
13.043989791999993
13.159550705999997
12.521600155999991
10.834633955
10.536109922999993
8.53277420810127
10.247110133133125
9.967319667067994
10.023429104727994
8.554852099594868
8.790229655506396
7.83453224950639
9.865929165717105
8.831727113303833
8.715883918797433
10.972729459999984
9.943021438717105
8.55870072479743
8.965678396594859
9.618312580931988
8.143223355099995
9.245163651999988
11.97007376599998
12.867891100999987
12.373022976999986
12.225550940999993
10.597996879999991
10.777548769999996
11.386343232999986
11.859046697999988
11.649644840999988
10.009367530863992
9.838275927787825
10.86453564299999
10.758218514999996
9.726041346635993
10.30134330451999
9.164110589594872
7.3219676467999895
7.088213734399992
7.72730641169999
9.464464630101274
11.419329392999993
10.77157006099999
10.479210860999991
9.614996267795988
10.674155480999987
10.59399628399999
11.66938447599999
12.931092188999997
12.117375443999999
11.542830497999994
11.523265743999985
11.907273586999986
12.985870377999994
10.351386963999985
8.675499374405112
11.172540319999994
9.31799323886398
10.226324726929263
9.461580859271988
9.95169898521215
9.487597077931987
10.044109033141424
10.196253606994556
10.327796015999995
12.640324459999993
11.934262591999994
10.023748365858548
8.399697926303823
9.941180636717103
9.507071327202555
7.232048553499993
11.671543253000001
9.08932588199999
9.071050471339984
5.7036654418999815
8.059281332405108
9.795658448858548
8.082644743303831
7.37660838929999
5.744570536799986
5.744819892899981
6.621602296405101
8.214614163202537
8.317568290795972
10.610376619999984
9.172802160594864
6.31027208710126
10.122795133999977
7.246232032797421
5.9337245757999835
6.021600663799983
7.162404840101259
7.8254315323038135
8.433967016594869
6.483733499099984
7.83831361999998
9.036287098696146
5.926473545799984
7.44492078699999
9.987053973271987
8.716135316506385
8.700598924203979
7.77650960850638
6.5591866653038124
3.483338136299976
5.908631240797407
10.365316117999987
7.626935499594865
9.875506585795986
10.71916216699999
9.778584074282863
5.919427928202538
4.665596200594844
5.122994172699975
7.10238641049358
5.511162109399987
4.39623040769998
4.619692925999966
6.532620355202529
6.310910714696138
7.625752108797412
6.983465916405092
7.653381774898704
7.865778527797415
8.481258225999982
9.418488247787815
9.319462702931984
8.402708132898699
7.965093739303825
6.23671578830382
5.771415380899979
5.141314829999986
5.15850507969998
6.167460853599979
6.912249197405095
7.208318736303816
7.827117919898698
8.697559159931979
9.325079685999986
5.541334971599982
4.606282830799972
4.175603396599989
2.919308650199979
2.9023634902999835
1.5788357757999818
4.750223068199986
2.6495226546999784
4.03788950349997
5.211342237898686
5.340548422202534
3.4551154586999737
4.039582165493561
4.669400727799986
1.4761123214999778
1.111833508685836
3.184883546399983
5.265845326199974
5.601133705099978
4.945321795699977
2.8674252288999766
3.213799226399981
3.267572407499992
3.7208899291999904
3.203677741999986
3.311137406899985
3.4009192870999794
4.335935052499981
3.1146414855999804
4.686123127699977
4.210045619199987
4.993708718899988
3.992474284399978
5.765586871303816
6.980869053594854
7.29469869840509
7.263920512405106
6.221087765493571
6.929050013696132
5.600242353797407
4.927475001499978
5.4962291579999905
5.398797672999981
4.600338023399981
5.623743719506372
6.009589755199977
6.381262350499983
4.909456999199986
2.829979104599981
3.095415081799979
2.0148604583999794
3.7581273040999754
4.064794384799979
3.265641682399986
2.316146864299983
2.7617449172999726
3.8321488585999615
5.055553533898692
5.836472799696121
4.033709011799968
4.730605148299985
6.414221865797414
5.630059446699982
6.180685093699985
4.899506202699979
5.512768717999983
4.0385112792999855
4.99899265439998
2.734464247099983
3.9575645934999826
3.2264366820999864
1.8047459197999947
1.319690049699986
3.6039652633999824
4.403043287699978
4.413269898999981
5.450920156899977
5.453424000499977
5.98667551419998
6.701770069898701
5.610306837506377
4.1796995986961205
8.73554889369614
6.886604186999975
8.286133740135975
7.874319607493583
6.878089933797423
5.948185009799986
4.787923510699971
5.967308787493571
4.914468754599978
5.90771126399997
3.798217021199982
2.3877848510999837
1.81801569979998
3.108632145699973
6.415968836999961
2.222379847699974
2.061736993399969
3.7915123198999665
4.6556758727974055
6.3746006637974135
7.113770388797408
8.319161862135976
7.735052752696135
6.594865068101251
7.221336416594851
8.362582990999977
8.601069738863975
9.505639556931982
8.094405776999979
9.614193334999982
9.373216163727976
10.301388050858543
7.797852204898705
7.24889113620254
6.860901798999975
7.78305901030382
8.078787567101264
9.03773421179598
9.369334387141418
7.962574117999993
7.183614723202542
7.950487564101268
6.850557427999968
7.152476289405097
7.813690385405092
9.250230035405107
9.99145104213599
10.31388827799999
7.728117358405104
6.897000453199984
7.243506526199988
9.013571275203985
8.184747961405103
10.195893518070706
9.257928770405105
7.3354948013038195
6.282717834506372
6.677636738599981
5.9647384658986935
5.210643131999976
8.249737139931971
8.823272059594869
7.313938316297413
4.4952578826999705
5.1901290192025105
10.430192567282864
9.210156425339974
9.049133261067976
8.906495877067975
11.490626243999994
10.29104539299999
8.92415066379743
10.399551077212147
11.294555213999994
9.623153112797436
10.806308465999992
9.863190786787827
9.739763328727987
9.117052284202547
8.215038540594863
8.453450105303823
9.592285983205748
9.283007405067986
9.704165301659993
12.389770618999993
9.23002237849359
11.562374164999989
12.655403774999993
10.861740862999996
10.890717312999989
13.18625624999999
9.985774671929265
8.746051359594864
10.777906698833583
8.636762782303832
10.138785719203993
10.426295420999992
11.197398090999988
8.563683239696136
3.974596681199975
6.41814792479741
8.731263432303829
9.367552377203994
10.052210938999988
10.60247091799999
8.976334829696155
8.625092188999986
9.443758366405113
10.637657871999977
8.992066435141414
12.449995519999991
11.504017452999983
11.45178442647999
11.369741385999989
6.74937300869999
6.541179275493574
10.970250812999994
10.816384238999996
10.661451571999983
12.892603730999989
10.96959702599359
9.455866009659992
9.447815209999984
10.57853639199998
12.029002926479995
9.89687484876926
10.20564818900639
12.624792025999994
12.965879624999996
12.965870043999992
13.619718233999999
12.611998435999991
14.155256554999998
14.213011477999993
10.185883293141428
10.390091804999994
10.56127149799727
12.408184002999988
13.520181995999991
11.888810871999993
13.713683100999997
11.678648011999991
12.618138912999994
13.146402213999998
12.571230584999993
12.096996839999976
11.967219282999988
12.62603750748639
12.420405062999988
11.169496012999991
10.559661188999996
10.763735424999988
12.456388663999997
12.719948694999996
14.17807540699999
11.18730431999999
7.6244961760999885
7.487581635999982
10.769465938999993
12.359167145999999
11.35096690099999
8.486163694863972
3.806962264999979
9.469043713282856
13.320097205999993
11.528126140999989
12.322982261999995
12.094898244999996
10.54682172699999
10.339648009991834
11.147585055999986
12.352667952999996
11.746417275999988
13.226637916999994
13.584500237999988
12.943578203999996
12.184811017999992
11.480514963999997
11.491348501999997
12.088197262999987
12.45066147899999
10.970477358999991
8.013033329799995
8.284289677399993
7.05035610049999
11.667716968999994
12.163065432999995
12.253991202999993
11.485645114
12.48165978099998
12.93555241999999
10.901566077999998
11.305025075999998
12.30615883
13.17902165799999
11.89965968499999
11.15868413699999
10.1917211410707
12.140223023999994
11.759462929999994
10.645310326999986
12.566520864999989
11.268995295999991
10.660778734999992
11.908613215479992
14.12410485835359
12.77679595051999
12.878900771999986
13.539433621166381
7.536949261506383
7.635580944797425
9.633638653717101
11.028992974999987
10.600258210999996
9.261136180101268
10.319277956010877
10.083507023567993
8.974486496000008
10.332392992999994
9.712773666271989
10.178058294787833
9.408873232993589
10.520537095999995
11.402487600486396
10.792864577999985
9.907336733999983
10.167586840692147
12.177838297999987
12.170373910999992
11.972433925999988
11.14858602899999
11.041281807999992
11.766346930999987
10.706362685999986
11.321559168999993
12.202552653999994
8.915281936594862
7.00086805730382
8.224006181303832
9.277697082659985
6.738282572899994
11.491911170999991
8.49551248469614
6.4602869307974204
7.131187622101253
9.374871922203988
9.82237201528286
9.08587021320398
9.982912963929262
9.997030236863989
2.6116635741999805
4.434433335899972
6.597833413702526
10.244172088557105
5.502167652905095
6.699656751999978
8.09216402589871
8.544778091405098
9.3220453460643
9.569591220061588
7.572580963101259
10.46386084599998
11.892165714999988
8.692290399135977
8.31928714899359
5.22773862609998
6.420673557993581
5.5038153838999815
8.510659922797421
8.789719142135976
7.834156857303819
6.3522401062025295
5.184430873099983
5.004731625399985
2.096782688899981
5.009434811399985
5.675606770303815
9.5914982100707
4.672750866696127
4.944643342594844
7.7419621779999765
6.987640800506381
10.470709371999988
9.849070498787816
10.356202703929265
6.132066337594862
3.7074383986999817
3.6458493209999787
7.914456588696136
3.8586810790999806
2.1871353927999873
4.267515866099987
6.842164054898693
9.020562121594867
5.777356758099979
8.737609887696143
8.167789765898702
7.7937330734051065
2.9258070495999826
3.054198193399978
4.407931063799988
3.9492313918999846
4.549805345199991
3.15639570769998
1.3434802245999866
3.345948715199984
2.993345324699987
2.0623242049999866
2.270552415499989
2.8477903151999806
2.56511774899998
5.763509797696131
2.099887936399989
2.2864596297999937
1.2686934493999935
1.048395794585844
1.089425193792914
1.4705373977999816
0.9410095414141312
1.749335626199982
4.8239372223038055
6.624312142898695
6.570964852898701
6.040053686499981
5.168788275099977
3.2565472899999834
3.827423724399991
3.8918958419999825
1.7211784240999812
3.010491198699967
2.7328012649999853
2.6098970672999773
4.307275152599973
4.838854110699975
4.6291645766999725
7.010958656299984
5.645837699899984
3.4306907561999833
1.4782540099999921
5.83142260889998
5.523392614699991
5.593611004594848
8.054755523696139
6.65640842439999
6.558811108399988
3.812093392899983
4.2764488540999865
4.2260023650999825
2.542891941799978
2.6403060180999796
1.437821069299987
2.0659860351999866
3.903291009499987
6.3953604934999815
4.600912712099984
3.3057846526999763
2.854060438499973
1.9687972472999786
5.16552239839998
7.600405137594856
5.5721570159999745
4.55782437129998
5.340623742699981
4.711339123499981
1.6170602965999794
1.0965040746787642
1.4239429244999806
2.348692948899975
4.899068524199989
4.118738923599984
5.406139950599989
7.787405613696135
3.1090367217999724
1.2818169723999848
1.362466316199982
2.6407594863999884
1.1603402426787794
1.7151643035999813
5.219874342299974
5.918631619303808
3.184601780699967
5.517471737696128
7.884323159797411
7.5419522751012575
8.219625010696149
8.559189297339977
7.499288490303823
7.501858370999981
5.987314527898699
3.4113129607999704
7.341768112199992
8.430395675795976
9.344623315271974
9.343596218898714
7.291775520303809
8.171153985594863
7.355625239594852
7.800843595898696
9.081720634339979
7.670178140303816
8.988998579271978
9.155705712931978
8.386735058727972
10.3758028947171
11.315664560999993
10.968636246999992
9.746488366787824
10.77305644699999
6.563574255405097
7.925942692594855
9.840698709067983
8.627066654999982
4.592073785405091
1.7094963530999765
1.5146885192999775
1.8047490676999756
7.940045248271968
7.068868481405094
9.042280804271968
5.0706755477974035
2.5858076125999703
5.702799354599979
8.50014592727197
4.878914701799974
3.0776584151999677
4.30003152159997
5.461055978399973
4.062440197797408
2.1711455092999636
4.943176847803802
7.88834880820396
7.3330997374935825
9.225912365696152
10.019631562858551
11.420552501999998
10.072581487999992
9.087867236303822
9.746458825795994
8.835328657659975
9.441043804931981
10.165087951787822
9.060927638202548
7.567734339898706
7.384637492398704
8.674376336696142
9.732187957858544
5.289031886297417
3.5485259887974037
3.9303343582025208
6.929044424405089
4.193718789696122
3.746088867199972
5.303943473797414
7.495097505202538
9.672009240787824
9.225546014282854
10.273710712999996
8.848566555797433
9.17282664640511
8.657157887203976
9.082875294339978
11.405650431999986
4.999051769999971
5.638762943993571
9.954261607276461
7.95961974949999
9.601673402276456
10.257615872129591
6.064360191299988
9.329298335203989
7.051881361405104
8.611970075999986
11.749088405999988
10.772527494999988
12.326985386999995
12.44610093799999
12.591493517999984
12.582418720999984
10.396502262929264
9.123723968659982
11.852731214999995
12.357137732999988
11.760546218999982
12.00237715099999
11.757130759999981
12.807491639999991
13.744626359999994
12.654951636999995
13.080399052
13.589419356993595
10.839191581833587
11.023461048999994
11.367706046999993
12.139317827999996
13.006934577999996
11.218515262999993
11.971368795999997
11.925932723839992
13.423868422999996
12.497844131513602
11.398023879999997
12.443414902999992
12.969738703999997
13.159808054993595
13.898140835999993
13.20710999099999
13.453730495999988
13.277749814999991
12.85353315299999
12.308728412999987
11.57100766799999
12.437690609999992
12.967946053999984
13.502943719000001
13.394845243999992
12.118495673999993
13.689681061999991
12.43119595299999
12.205787266999991
12.459072066999994
13.55485367
12.672454883999993
12.54986429099999
12.688036519999988
12.40375797399999
11.251288518999996
10.725325541999998
10.347051458787828
11.55497568499999
12.390075733999991
12.811225002999992
12.349707424999995
11.996177617999988
13.393278541999988
13.529422290347192
12.86253818099999
11.135430968999987
9.134171482797427
9.340889202898712
11.922154044999985
11.224525385999991
12.89310019799999
12.720641678999993
12.678958827166392
12.094751968353595
11.75651385448639
12.400098896999998
12.781643544
13.223532053999996
13.622983082999994
12.964765154999991
14.102917371999993
13.099155051999993
12.376484716999991
12.037015395999989
11.13127187699999
12.54487808499359
11.148954896999987
12.872430221652799
12.449953939999993
11.104799848999994
9.457157459999987
10.002419544999986
12.099364402999987
9.25156203310127
10.539640714999983
9.636130613795986
10.770657609999992
11.258010307000001
9.900257490646384
11.297306598999992
12.654355558999995
11.698126078999989
11.831863106999993
11.57428679799999
7.8056446639999955
9.477862776202555
9.39247082072798
12.129768450999997
11.427506466999992
9.517727615282858
10.76245194499999
12.00948596499999
12.270812214999998
12.40466551799999
12.092969005999983
8.938685890135975
6.375623481797412
7.350500425696135
7.347404849202528
9.266827061506397
12.433749598999992
11.06379858999999
9.61681755079599
10.477003943999994
11.179520969999993
6.524088987699988
8.480240841696155
9.564865211353586
10.41068309483903
11.988125450347194
8.046539547696149
11.440482671999987
10.593321930999988
10.599898301999989
12.73266982099999
12.383422234999987
11.491284304999986
12.377894656347188
9.512384265070692
11.055457874999986
11.428535180999985
9.760098036135986
5.961557034303817
9.34176517493198
9.036522399898713
6.525458734099994
8.473014344797425
11.371618801999988
11.023042582999986
9.912143234203992
8.346253965797422
9.767139143282868
8.507988079797434
6.987026713594865
7.474485655199991
5.734381607099995
3.843715316799992
9.311834298795981
8.462617259202545
10.654662177999985
11.290770337999986
9.771371141070706
11.455977930999996
6.902491102594862
5.0262083159999715
6.073234229999979
7.262409486405099
9.127310366797424
9.001781008931985
9.746991813787824
10.350891303999997
8.408133781400002
6.519258152800001
5.32826534879999
6.802778039599986
7.569143078594858
4.656542440797407
7.535382882696139
7.504772898898706
7.159033296199988
7.2947197342025465
7.6009292023038295
8.610963755863978
9.906263351282867
7.3859513656961395
5.019055128499975
2.823970136999978
2.315139965799977
2.6010888534999848
2.6676236220999887
3.9132722762999705
3.755183329799992
4.062609133899984
8.52850711072797
7.384210758999978
5.676466976898691
10.234450691141422
8.91962430106798
5.94619701999997
2.554866242999998
3.0944183074999807
5.244523182696129
7.669046414202552
6.685821501199991
5.076464759799987
7.690379339594866
4.802802687099977
4.871854234299977
3.892844409199987
3.2645889739999894
3.3923063613999838
5.457790919499987
2.451890536499983
4.108361506699971
4.783753720099972
5.037247643999972
7.8081226501012715
6.622360450699992
4.112094767799981
1.3428651778999838
1.1114624502141335
1.195510723899989
1.931893072499978
3.38020786739997
2.4331294921999804
3.575182638499983
4.798096169999977
7.1001204146961365
7.715862060493578
6.689410259999981
5.11685688169998
4.346548167399985
4.976246812405089
6.085142890899982
6.620673716696133
6.636246852101257
5.422193775898692
6.129929255699988
6.40251226649358
7.402353088405094
6.785296113594857
5.330717472799986
3.655927983099982
3.9083291381999796
2.0749885177999836
1.7218083907999848
1.9477037826999832
1.8548751983999838
1.469249745199985
5.598266110202513
5.620932014499986
4.547833642599981
4.973483724999981
5.1815864318986895
6.692961675999974
6.273262013202534
2.988589132699979
4.638522491506359
3.3912905562999796
5.608050207493561
7.778295782506374
7.025164732405096
6.956901261898698
8.957990331999982
7.913157473797412
6.032555926493571
3.430906861899974
2.2424516036999824
3.6354671309999795
1.3887483520999784
4.526411469999959
7.57614031369613
5.888486769101259
3.4163105468999735
1.9854066680999738
5.137790147399976
6.54452523040509
9.31277950428286
5.80430005340509
3.9824668456961243
3.9441285521999676
7.77448865510125
5.618249117999973
4.746340298499976
7.1165361893038055
8.711902011101262
8.941200918727981
9.022354164067986
8.99412462613598
7.6157368973038135
7.9914885361012615
7.788494387797407
8.099856036405109
7.9174569061012585
7.145627065999979
6.824140592999977
5.372664279202531
8.821024488863976
7.4598743895948525
3.2800252562999663
6.012073992898686
6.2019103347974
8.273227319303816
10.429267437787814
11.447870531999982
5.758449688696125
3.5709912429999675
3.8585393386961138
6.923359881594847
7.0550864379999885
6.853203056303815
10.14971540499184
8.306552667202551
8.928075974999986
7.997162704506384
7.443785250898697
8.761325122067978
10.619049247999982
11.041514942999985
3.8445272460999713
3.3416786208999683
9.727816859271982
9.633219421271988
10.204825144999994
9.757889012067993
10.226264857339986
10.671716575999984
7.567502114898682
8.63027528079742
10.554987110999996
10.925585348999991
11.361553840999983
9.492371961999979
7.162178010594855
8.601683372506379
10.914320246999992
11.672766440999986
8.841284924203975
11.157756366999992
9.856629133727985
8.039268186999989
10.093519087353595
9.978143818787828
9.20937842872798
5.514668460094845
4.162999096699977
4.6194968002025245
2.1513695373999666
5.653802555799982
5.214074075299977
7.347852653493571
6.832656117202532
6.3499442383038005
2.7744447799999694
4.243240260303803
3.8000844375999616
2.7958837188999675
9.967814637863986
8.964201914999984
10.013799455203989
7.332982783499985
5.901776304599989
7.741220196499992
6.5309438247999925
8.160465928594867
8.961964218101267
9.666314335717104
10.264227833866883
11.056597777999993
10.575283883999987
12.579680605006386
9.394336364795983
13.070480880999991
11.677115272999984
13.126301564
11.660256417999998
11.791977166999995
9.664027548141426
10.817693947999997
11.288658216999996
11.107026114
12.709100448999992
13.329678240999995
14.121535708999996
13.54438975399999
14.595947066999988
12.87573632399999
11.905724872999986
12.160931141999994
10.133808207795996
8.219908688405106
9.821815164135987
10.246006094133117
12.250976272999996
11.807994538999992
11.981819469999994
11.44327698799999
10.731345417999988
7.374059907493578
7.491714332727973
6.7605618393038105
9.694904582202557
11.977562752999987
10.453674538999996
10.734802633999992
13.034425217999992
12.591211399999994
13.08277465799999
13.103794620000002
13.571253832999997
13.228424207999991
13.029240796999996
11.64694807299998
9.80609288185854
11.465515343999984
11.99516128099999
10.028851129135985
5.526334361303813
7.705837902797412
9.507954302999982
9.950215849204
9.486059078999988
10.549577610999991
10.08667373971711
11.400136547999985
10.204689999282866
12.082720324999993
9.210101899795985
10.88547548199999
11.885173137000002
12.785594455
13.599064736999999
14.146340221999989
14.81911763299999
13.412049473999991
13.436295685999989
12.934653965999997
12.380757322999985
13.905451665999978
13.582226279999983
14.95294961499999
15.104346229999992
13.562757071999986
13.164715616999983
14.951044064000003
13.379906756999986
14.45471765899999
14.991150063999987
13.58758370799999
12.81536958499999
10.021481632999988
8.578199999999997
12.085314994999983
10.628203757999989
8.873077294898716
8.780224970999999
8.773066250594875
8.912245498696151
7.915888481099997
12.214315867999987
13.213210527
11.589151584999986
13.311094088999992
13.827106048999996
12.425320723999992
12.064949805999987
8.005171377594868
8.463089460797427
10.28053473372799
13.171437412999994
10.801776377999992
11.362339960999991
10.943856398
10.666504429999996
9.872856483353582
12.814770672999996
12.628953174999989
13.345505103999995
11.494219251999986
12.625170255999992
12.600880253999994
13.38248559399999
12.901689979999992
13.638070134
12.044466999999988
5.969289852898697
6.869107646202524
8.240797906506383
8.914635777303829
9.98181243109984
9.807200274787832
7.603371740696154
8.322630395493595
9.002854499791992
10.197229404999991
9.093636787405108
7.221814889499989
8.792029963696153
6.994579725599993
5.808764218099991
6.121673959399988
6.5316596724999885
6.893158927898702
6.011926133699982
8.38849999239871
8.581807051101258
8.388863516202552
9.21050436710127
9.00523581227198
10.747935532000005
10.356198676999986
8.06007671359486
7.153798043797417
9.701462751863989
9.337237345931987
10.03582578585855
6.033325917101256
6.829289930696127
4.082233998099969
1.8386219985999759
6.089245007303809
1.8481235396999762
2.19139967649999
1.7164663970999872
2.951700953699985
4.237062519799981
2.322412017799979
4.288447813399975
6.18141108549358
4.804152337599975
4.278030122399979
5.759615609699986
8.503134878493583
8.680160131863977
7.6187452484051095
7.693350807202541
5.976428892493576
6.069668753101254
7.494031262202536
8.0369410308987
8.620231452898697
9.381555076727986
9.475540420659982
5.688791003399981
4.14072351529998
2.3616618026999774
2.9858416930999745
4.187723185696127
4.178088230899984
5.476037153599982
3.1680479079999686
1.2565290114999836
1.8763220031999812
0.966978775306798
1.2101415587999855
3.647278729199983
2.0118850997999846
0.9581960298646257
2.058774151599985
2.580441979999982
1.638477802999984
1.9741596679999818
6.863718113696131
7.373002375797418
5.699659913594851
2.9194762344050793
3.6468217498986766
3.7145404204999886
4.101215936299994
3.101932784999988
2.7701541411999804
3.249872306799973
3.7113340667999837
5.185047251899981
5.633783624299981
4.6707408477999675
5.991574981699987
2.4481012221999863
3.4994848250999837
2.371251724199982
1.9333032836999826
1.2659056151999861
2.1393871642999835
1.951827249099982
2.4374173018999854
1.3608350280999872
2.2802049071999826
2.2887448394999765
1.3350640470646185
2.8133890380999844
1.7166540008999829
3.379337130699967
3.3437470992999785
5.331692109699986
2.4389429198999792
1.0872013396999884
2.1875326507999793
7.651698033101259
7.780634526101267
3.93889108579998
6.3337902129999835
3.6769139052999824
3.7265709166999814
5.377750036599981
5.226583171099982
5.521190161101253
5.405398895299979
6.132879943799987
3.179688525399979
1.867418530299982
4.4621077315948465
4.438046643099977
4.54866844639998
5.77942608949998
3.2447321837999787
6.528053195199982
5.501954138199977
5.937913352999982
1.4804373931999981
1.5156782834070437
3.5887130095999704
4.114942889399976
5.582205288699976
4.148470727499979
3.177660121199976
5.196212399299977
4.203430194099974
3.822357162499979
4.267539501999972
2.6605261077999742
3.099364417999971
7.896765345863961
9.33119726272798
9.266960031067978
7.64975765079742
5.531067462202532
4.53419955749998
6.570548992898694
7.499821481303819
7.820903094506372
8.75139534910126
6.924348451202537
6.750621952797418
5.180552247599983
7.293550634797414
4.0216837829999745
3.823884056099979
5.0870465911999725
5.375758027594841
3.5970721923999713
6.695952587898697
7.021092134101259
9.13045237720398
9.01502212379598
8.234985855101268
7.9539726242025415
6.743932763696133
9.411913961863979
8.117342004405097
8.122921983299994
9.031953909303827
8.275164727797424
7.485546305797422
7.289926396202539
7.390998930405099
6.51921241459486
4.108935572799971
7.3280110214051
2.9965610122999777
1.7138206893999797
3.8377123153999655
4.787306544506364
3.8043530105948364
8.802047021339972
6.714097099303819
5.7680421935948525
9.724957655212139
7.114682794202528
1.3470948379646082
2.0533804580999573
5.856532870506374
4.601187005599977
8.290227185101259
9.404627087271987
7.784821562202547
5.1387135741999765
4.680370844999972
3.958612385599964
8.198356051727972
6.608569465594854
2.389923252899968
2.963979431199968
2.31980785219997
5.074306993099975
7.7957086745948585
9.280541226135975
8.919206141629578
9.038275895629573
8.401346087594854
4.784660484303804
6.31534372710125
5.711203843699977
7.977560485797415
8.958637890594863
10.340577865717105
9.500868641696155
7.816976368696142
11.720509263999993
4.883100045799985
5.379844911199974
6.274158126797412
4.943165833999968
8.93134662013597
8.600564855999986
8.376527094999982
7.680705885303822
6.949702326999968
2.7041263762999628
2.676150125099962
8.322622077898695
4.95587539369997
9.655155453339988
8.958089414999977
7.551993273898697
6.438725974999971
5.508628028898691
6.585716004905094
6.86061333619998
8.61328538669615
8.305126365696143
9.779905212431991
7.09587760930382
8.745944670103977
8.555942309727977
10.672789197999995
11.286704635999993
9.367222503787815
7.96517624659486
7.091975367696126
8.746628236282849
10.211630624282865
8.090412115506386
10.63998002499999
11.583533208999993
9.993598780858544
9.763515721237106
11.816572489999992
10.845998198999995
10.351684203010874
9.941367442364
8.232420002702549
11.615021809513596
4.067578593399977
8.604472865203977
10.84908334799999
11.399915262999988
11.583972448999997
10.55756067999999
10.90316233099999
10.641908423999993
10.772634522999994
12.693473027347196
12.540958436646392
10.968306288347192
5.757507595799982
11.028864236353591
11.207080162159983
11.9070501588336
10.583703501842711
10.629215136833594
11.085328908999992
8.451768040506385
11.342009896999988
9.138512881506388
6.774648725899993
7.1249552260999955
6.976003677399988
9.886445799311993
12.88353783899999
11.88741020999999
11.593949664000002
11.989315624999993
12.446375258999991
12.409234772999994
11.424559685999995
12.330604845999993
12.582495450999994
13.409764014999993
13.008906127999989
10.758318332006391
10.623730164999998
12.580530964999992
11.573012922999983
9.277598181207983
10.28928024951359
12.022741912833595
13.292840859486395
13.184499494479999
9.685165556372137
12.744541502347191
13.118093577999995
13.112191524999991
9.956847422863998
8.097715402202551
10.024845060795988
12.126605076999997
9.651947000070699
12.852404218999988
12.601163173999996
11.79353265799999
13.419356911999992
12.350725768999997
12.647543400999997
12.877912850999993
10.671397121999984
7.340428478999979
11.244011980999991
12.777308472999987
11.920972083999992
12.187756031999989
3.3471117095999774
5.212243615699975
6.680173702999977
10.69805964499999
12.742108674999997
13.342745858999994
12.44352442299999
12.758008852999993
8.063492948898698
10.89983737899998
12.884084786999997
9.607577810787813
11.32014552199999
11.151520756999991
10.850166298999994
10.221432797141423
10.438080559999984
10.61849981199998
7.925354794297419
10.406313364999988
10.69393123034719
9.984556472863984
8.874632292202547
7.87376624150639
6.420141448999988
8.042291453594869
8.42378867949359
6.926739103696141
8.577525633202548
9.329185070863975
10.51346517499999
10.566136100999987
10.723928270999984
11.286782512999984
11.311830651999987
11.528408996999989
9.794258995067992
9.987150413646386
9.012983782999976
7.093470770303814
9.32771864620255
10.457781611646384
6.798555423006376
9.039201988196147
7.4035170227
4.67132309569999
7.853379920999987
9.99929946735359
8.27753264310126
3.5306318572999738
9.140963215590384
10.327378416155522
9.190634252931977
10.918956095999988
10.176178121652793
9.323373393129586
8.209179481493589
9.682230404787827
9.372952278227984
9.859482957353588
10.15561249999999
9.819807556141425
10.351507351999986
8.21079378969615
4.938076798999991
5.047474015800006
4.962485723899998
7.97651493679743
8.165980058303827
8.59647089230382
7.697790142797411
4.576171610999979
3.845491929599972
6.616811918594854
7.006180879202536
10.43432109099998
3.194493826299979
2.933373513799985
2.473144779999986
2.3330467742999756
2.172953474399982
3.7629054275999763
3.714092683399977
3.1154320525999766
3.168552357499979
5.357234268199973
4.747558200099975
3.1692892592999815
3.0386910994999794
2.7152967864999793
3.376395465099974
4.6296242751999825
4.577143482999978
5.797199143999979
7.851932713303813
7.935299423202542
7.966991233797417
5.547205425999987
6.334242875696137
6.781482272303821
7.303428454594856
7.448372817999979
2.3046772887999767
2.526898759499982
1.4762151305999796
2.5109638442999707
2.35714262999998
1.9885346190999817
4.576780821199979
4.575461466999983
1.0148119644141265
1.6083816955999766
4.0864507003999755
5.042124481199972
5.323161846899981
4.376456085199986
5.327788516199982
2.5443696380999703
1.8829435058999773
2.18658053439998
4.794187078899974
3.6929858748999855
3.9332832931999873
2.568717015099977
4.220322279399971
5.78618649439998
7.908048965506371
2.593617408799973
2.29565785679998
2.479987228399964
4.692614695696133
6.146165454101256
2.9263334029999815
2.954518916299978
1.803272476199977
3.6078173964999722
4.3930259215999845
2.3460043288999715
6.4093838057974235
8.362290498405105
7.670860824594852
6.992982385303817
5.868807928506375
4.675675839199978
1.509588883999979
5.12878591310123
4.45519974209998
5.070634680199982
6.5282460219999665
5.607097586101258
6.880778538493573
7.1468622681012555
5.588803892493578
4.830621597299972
8.088771141101262
2.7205637725999825
1.1287587617929122
3.1540869475999744
3.9498881408999678
5.4045658661012475
5.417032598899977
4.546061802699971
5.6285585738986805
7.581045709202534
3.7059597304999756
3.5753179839999807
2.740882530199979
4.051368411299971
4.112368032799977
3.9789232268999797
1.759134326199975
1.8685243072999826
1.3218003951999784
2.4207155441012373
3.2532023955948435
2.175733344999972
1.7398648955999796
2.2055145080999883
2.7413318953999806
3.618237834199971
5.751736621101257
8.652507453898705
6.521496931499978
7.480000483696138
7.549073968493582
8.549735754405102
8.734261791999982
8.819560154795978
9.777747511203982
9.547197657863983
8.227557992594855
7.807022135898688
8.521674890101266
9.039164021203979
6.678487765499987
7.00398891749357
3.4800670287999647
1.8697151183999827
6.116979620405081
8.016724804696143
7.491828982493579
8.836759628203975
7.970296716303817
4.5111013534999795
8.497398074203977
4.025782521099971
5.351987889101253
8.590031330898702
5.979704684405099
4.2044700988999715
4.593303959696126
4.242771517899971
3.308152519199964
6.032432691999974
4.522005754101247
3.3141401656999654
3.4739097838986814
6.583240415999967
7.976199098135964
9.09639443979597
7.834715426727955
8.85536034699997
6.585138024898678
9.498271763717087
8.318542405795966
5.673391291797408
3.047954342699966
8.64254192659486
10.739211118999977
10.986558223999989
12.106257227999984
10.11718873292926
9.102712458863973
4.251158624299968
3.8615217651012435
3.521251484696124
5.798058612101249
7.207817280594848
9.547500396787816
10.725732644999981
10.366935060070698
8.31406246799997
9.946807342659982
4.896817784101251
5.080709107999956
9.748808816659976
8.494572355696143
9.085035061727984
7.337696495101257
7.511231419405098
10.263304751717094
8.249196232727973
8.647857075666378
5.6168715744050886
6.150185533101242
9.816405967787821
9.937591789141425
8.997793719339976
10.945085567999977
7.199315776101241
4.786667791696112
6.449886001594841
6.111649455303811
6.8771391265948445
9.489306809999983
10.336856435999987
10.379108606999988
6.79196583710125
5.766968589797405
8.02785443879742
6.138018220499976
5.735661378506361
6.3137688934050855
6.699740600594841
7.33545266569614
7.51176020969614
9.326513418727977
12.273587631
8.50224801030382
10.582749317999996
11.226067356999991
10.468143706999992
9.53440700993199
9.201678041067986
10.82945101199999
13.063803547999989
13.794178711999995
12.761507171999991
11.460526421999989
9.95112489313599
10.29000336899999
11.01562379799999
10.330942829929265
10.566904471999996
11.035338541999987
11.625996821999996
12.642268872
12.868968171999995
12.781645616
11.23331360799999
12.664881701999986
13.116821079999994
11.678508452999985
12.790438057000001
11.865604900999992
11.680182938999991
11.584599474999987
12.090089008999996
12.481413248999996
11.790131423999993
11.888318538999997
11.96698470599999
12.456546445999994
11.965841810999992
12.90342647999999
11.55847272799999
13.172832996999992
12.62998019299999
13.664158021999992
12.966883378999992
10.330085267999987
11.428743007999989
10.025811308212146
9.923495773212146
10.324452298999994
10.042027355999986
12.016929021999989
11.797596959999986
9.881026899787829
10.291322860787826
11.29943263199999
13.190986628999998
12.405504270999986
11.770523517999983
12.269247707999988
12.644567238999988
12.86997480599999
13.493235119999985
13.41072726699999
14.155589133999996
13.896970133999996
13.049189713999992
10.890945962999991
13.601811037999989
9.289817678863981
8.94823259420398
9.197349470646378
11.861755390999981
12.967881626999995
14.668349666999994
11.864559717999988
11.575761554999987
12.375683458999989
12.823799900999987
12.885644391999984
13.402820664999993
12.641359889
12.959018532999997
11.697190358999993
10.753664972999992
11.279618528833591
12.980671078
12.435235567999987
12.612798733999986
12.273025524999998
10.881667302999986
12.399428785999989
13.116317997999989
13.025074570999989
12.87229378399999
13.161901606999999
12.171975129486395
12.985887682999985
11.772343313999988
10.23061207721215
9.320682444797434
7.79481522220255
7.3573383864935895
6.104675762899991
7.682636666898703
9.210416661103988
6.280117784099987
9.079082698101269
8.35619219359487
6.682665080303822
11.91244243199999
13.583415561999994
11.085217843999981
11.934533057999985
12.413540954999991
13.220685050999993
11.970869271999987
12.186299018999982
12.229472146999989
12.179723018999985
10.387948287999981
10.824786162999994
11.770042975999988
10.706637754999983
12.57011671299999
7.882282597405091
9.963323098858528
6.9838115311012565
7.078121108999986
3.5651076598999736
3.98915977629997
5.420961991898694
5.785565051303818
8.766166119405106
7.350382125898699
6.233279640199986
6.44156439819999
8.622421133405117
11.688597843999984
9.686136083999994
11.168222480999983
11.586469495006387
11.213483286999985
12.345643357999997
11.667990357999988
7.400557716405104
4.267576966899986
9.372520590135984
7.907978324898702
4.372287771599983
3.3787526488999924
3.168409815999995
2.8357962432999906
5.990011431899981
5.596631030303815
4.511911959799978
10.202844778282861
10.062219969141424
7.358217791696137
7.750329363999982
5.146902026399976
6.001575016797415
7.523181381202544
5.988005061303822
4.14357184749997
2.926720626799975
6.659452711506367
7.0943971221999895
10.161321559070707
8.28177058259486
2.8742796309999763
5.766364143405089
6.363227122506375
6.198832134999978
6.854091656506375
1.8339676467999886
2.315455989099972
4.966216883899984
3.350697807299986
2.3561860381999833
3.902052426099981
3.8192182494999773
5.163541331499975
1.546883245799977
2.657655932599979
3.746755268899979
2.3492531310999847
2.405688879399985
1.8056668288999858
3.0101547027999818
4.301752497899982
3.3800101272999785
1.1827552245999828
2.827172271699985
2.9743173034999817
3.5234955062999687
4.8940127700999785
5.55376504359485
5.7100742675948535
5.183939819303811
3.27337131959997
6.401204254202526
7.92659671630383
6.260842436202533
6.401020568797421
6.020523873898696
3.5330929671999725
1.6191250548999754
2.8501110869999717
9.391772364863977
9.107551394795978
4.774576924099976
2.8077011794999693
3.853580204799969
3.4964366317999747
2.6810779571999768
2.874549510199979
1.1088863616929125
3.3418819381999674
3.5879121856999845
2.1758990600999817
2.2528373641999826
2.2466018752999823
2.057685218799991
1.8748762801999928
1.3380249343999893
2.2549778563999796
1.570172303799979
2.3093902099999832
4.315939305099974
2.8221605971999804
3.181316772499985
7.183160438493574
8.151613229405095
5.6967453521999785
6.729198272696136
3.417081182899977
0.6537198006716933
2.3551264815999717
3.3097513167999795
6.638695921303809
7.570990937797414
5.1744042098986895
2.3832395095999734
2.27492174379997
3.4336416854999703
5.841545190405095
6.1778426575063765
2.9879567779999743
6.243400459303822
2.0267255645999724
2.038394337499986
2.90318220369999
3.89009680939998
4.01986755369998
7.083295983898706
5.75803790439998
6.833534806797416
5.275921517899977
4.532034786999977
4.080706523101244
6.7983420624051
7.035620750405096
8.429618409795976
7.658634666405088
8.933443701135978
6.527228172303823
6.8415820084050925
8.294637812797419
6.675658253506369
7.080882099898698
4.64673899689998
3.8662376525999846
6.906024130202538
5.123070231594852
1.6979896697999692
1.8572423995999714
1.5273795028999833
3.727866923493561
7.457217701696133
6.403190862999978
8.57322460320397
6.973055770898686
6.9109834517974065
4.773592533899975
3.673553250099966
8.839771191405113
7.595798788506374
9.462153144858538
8.568366233863976
5.802113421599972
2.6449518660999685
3.2863949538999675
6.04240716089998
8.237972439727974
9.542152575795978
7.598883947797405
6.850895651202523
5.348585725399978
5.3592543990999815
3.7413812987999875
2.957124130199988
5.225357647699978
6.033488198898686
4.63775704649357
6.444705000303814
6.852249175999973
8.475697039863975
9.008350277696143
9.387066297931984
7.8981664626999954
9.987393618858537
12.47063667299999
11.539644527999988
11.753281400999988
12.73010262599999
13.396566866999994
9.531982763787827
9.791752281141411
10.256825501999986
9.769118537929266
9.748713578858547
10.858192881999994
10.986694651999997
11.404353832999988
9.308595167659988
11.933542669999992
12.316087076999993
8.512448881493572
2.4995772307999826
8.455618104583966
6.268932510399986
8.249233250405107
5.72738152469613
3.6797470305948403
4.564060452303795
4.127021386699971
3.2962956832999692
4.304585124199967
6.045695498699975
6.276453623999992
8.815055728067982
6.254729197696135
8.492667690999983
10.222539317212147
11.700970761
9.441824461282856
9.934378706282866
8.671144151203965
6.496172611999962
4.866137847898686
6.1816931564050766
7.901819216898701
11.676165717999979
13.104444665999988
12.020875030999989
11.84014753999999
12.127106458999995
11.910641952999997
10.857418572999988
10.533166878999987
7.292738677999992
4.659951357999988
10.554491320999988
9.672994871646383
10.753835732999992
12.442640330999996
9.334019894271988
10.0345062257171
11.570482371999994
10.462568527141412
7.860970349103962
6.998461823999975
11.408645160999976
14.077292856999993
12.077171520999984
10.19389470072799
9.56860063013599
9.91116940471711
10.456995110999985
9.69287525927199
10.770375463999997
10.640992438999985
13.276348014999995
14.618828934999991
14.997742222999992
14.003568390999995
12.960351664999992
12.998883333999991
13.056413778999994
12.592725464999994
11.858461559999993
12.165493462999992
11.46426989099999
10.667344146999989
10.814020296999992
8.897007340999979
8.73444711910126
8.940764234898714
9.153916551141423
10.089514454795992
11.05260070799999
10.902192376999993
6.414343965101256
4.996119612101257
7.808139717101254
8.755431062303828
10.73463737499998
11.523974228999988
12.73294473399999
10.41263297999999
9.774888085931991
9.467786343282864
11.007485233999985
10.111685261646384
9.585113487141417
3.4194250030999656
5.704659051493576
8.925368626271977
8.640978305103971
11.792210880999985
12.238446100999989
11.558653063999985
10.830180092999989
10.104436582929265
12.19545022999999
11.27236102899999
12.506896561999993
12.409732567999987
10.95138512599999
10.940555454999998
12.969239467999989
14.641799096999993
13.57833017299999
12.353980112999992
11.317529403999993
11.378866529999994
12.095679114999982
11.631012081999991
12.310761789999987
13.15867712399999
12.438168442999986
13.238585926999992
13.422283674999987
13.620043201999996
14.234029961999996
9.015276463203978
14.280591028999995
11.09558424983359
11.577291897999988
10.71182888799999
9.144989776594873
8.573119853202554
10.59840866899999
10.266488995282865
11.794914664999988
12.073531379999991
11.697426452999984
13.524189391999997
12.197092864999991
10.845366443999984
13.099864911999997
13.039317260999997
12.29456115699999
12.942029215999991
11.701000539999995
12.104313213999989
13.684235053999997
13.180311521999991
13.166148812999987
13.329981959999985
12.50843957799998
12.551724772999984
12.968424782999989
12.123396789999992
11.188244108999987
11.596936423999988
13.09888122099999
11.402079447999993
9.013487768594873
12.418223881999994
12.139054626347203
7.983840057399992
9.65714679713599
9.433377012601275
10.391682514999989
11.001243778999992
9.69265282427199
9.68650281986399
11.813448992999987
11.996029024999986
11.091583965999996
9.306651815797434
9.38626876530383
8.755135276797422
11.351794443999989
8.996723294101267
6.832023962399994
7.793342471303825
7.186558372506382
10.00450586399999
11.672686538999994
10.766018885999987
10.961714235999988
10.053485168353584
11.444514289999995
11.141794736999989
12.339459895347193
11.87634363099999
8.751537171931977
7.659555748006359
6.91176837309999
4.60710518489998
6.3860760941012575
7.124306318696148
7.512490528898702
8.509484875506377
6.274131285099985
6.34077372739999
6.439005171202543
9.66970302113599
8.471964936797423
8.801119967696147
8.972574191303826
4.660185810899976
5.7323956695999945
7.032773060599987
7.889293299899994
7.689747557099993
4.089167013499987
7.048544189506377
9.876724418717107
7.156553022797407
10.084284416141426
9.7686940230707
11.58848781099998
9.931604139787819
3.336227546699978
4.945570390299984
7.521350785797412
8.713670953271976
7.9948919127974065
7.854054522696129
8.296734757999973
7.71851471099997
7.82452268679741
10.152267864999985
10.653545423999992
10.063761602858545
8.458638142405096
8.091023814405101
7.229369927999984
4.051562516799981
4.293228810099971
7.533204960594859
7.643133503696135
6.281830998202524
10.396321798999981
10.53554690899999
4.540192364493569
2.216605029299984
2.440723298599986
2.2303321135999754
8.184193643135965
9.10937722020255
9.749504144303838
6.561892716999979
7.981554669202541
6.977218234299989
5.798464552303817
1.7225083053999837
5.744940847797397
6.443981861899986
5.845530534405085
6.8027003295948605
6.688628091405099
5.097261991899984
5.059727137799976
4.72052672419998
3.199544070399975
3.7522347060999675
3.7011647551999767
5.22803222499997
5.9678865920999815
6.66852621769613
7.73045726930382
5.411782943699985
5.960298385599985
6.953422445696136
4.4553616851999776
4.258475538599983
7.393476072696134
6.252860864303817
8.427701997405094
9.333156193659981
9.44187760920398
7.2553217345948555
2.1974379973999727
1.9004253035999819
2.3391659591999803
2.5377274856999743
6.93568711699997
8.15058867799998
3.731721096799976
2.798853039599974
4.1247665526961255
7.196945814499989
8.276530386405103
7.533176432797422
7.3425378158999886
6.208157105999974
8.164665077202535
6.376331144696134
3.192555844099972
7.9214147903038095
8.175280738797424
7.689537741101256
7.46444450230382
7.089550868202548
6.7686023635948525
7.408818083202538
7.6626619307974195
9.71074067993198
8.081931063797425
1.0004083318787789
1.7673686828999842
5.479705007898685
7.839479960594854
8.485121279898697
6.227831623797413
3.7935758529999797
3.8786591414999667
6.902023318506369
7.583712664797409
7.596633486898694
5.569129388405091
5.374734565696131
1.6445804717999897
1.848247456399979
2.8150857772999673
1.1984529591716886
2.8483571273999666
4.658055316202524
10.162412181070707
7.929693559303816
7.011631484999966
8.741540748727978
6.437792175303815
5.585290014594848
6.330711622594839
5.025946050999959
7.256756089797414
3.2207997786999694
7.918983767696129
4.692338275101242
7.846740765405099
8.145408480797418
9.80588303214142
8.385323971727965
9.473284069863979
9.443579611135984
9.126320059135974
9.292034817493601
9.86387585599998
7.728120010399991
6.986612020899997
9.807916702203983
9.499279624898719
8.382895434594861
8.197875204506378
9.021257072405106
11.383962649999987
10.632741945999987
11.09665459299999
10.47693524899999
9.958953250070705
9.485371267787814
10.80773150599999
9.74424533085854
10.648933779999988
9.662551853931989
10.561894397999986
10.791857938999991
10.858129070999984
9.888859477135988
7.176357682797416
8.45231600489871
10.191702662795992
10.70263405299999
7.17220781250638
6.8394314682025295
6.024005967696126
8.401800439339972
8.45882654879742
6.72232300420253
3.8177545302999745
6.38882955469998
5.625588519299979
6.493219107101254
7.587095303303829
5.88406907809998
9.341625865302388
9.597937477067982
9.377039970271984
12.559237562999986
6.21757746430382
7.9345093184935775
5.986261926303816
8.908787933203966
4.047321632399965
7.136697466999972
8.33098792579597
5.521296551493564
6.255701135303818
8.004373652583963
10.933821868999992
9.05154815369615
10.172928889353587
9.434120577999982
10.694748881999985
9.858576888999975
9.522203434863984
8.702482434101261
9.867269317717096
10.542777131652786
5.543267343101246
7.875177253702527
11.20950165899999
9.53165318599998
7.935895339999978
7.654361711101253
10.2321103
10.069552056929272
9.726658302303836
10.948787169999978
11.245915552999993
12.138604361999995
11.562745504999993
11.292515239999993
11.679781897999987
11.646424921999996
11.470402440999989
12.183812290999992
11.47834952999999
11.734616236999994
12.002504247999989
10.910064750999988
11.350805463999993
10.512138543999988
10.879248380999991
10.675235022999992
12.084967106999988
13.30594621899999
9.253206845070695
9.307014413353583
10.972014285000002
12.243630889999999
11.961729320999993
12.819559777999999
11.656237256999997
8.676140365594872
10.001484307931992
11.175023110999996
12.22648183599999
10.214150069993591
12.131782303
11.984467765999991
11.641703934999985
11.303961056999992
9.886544401727988
12.901229976999995
12.148441717999997
11.549064928999995
10.210447682135985
11.351255109999991
12.216225185999999
10.733105279999993
10.901438273999997
10.082843562203998
12.007453682999994
12.019164393999995
11.708563787999985
10.65228778199999
12.139118297999994
11.354329938999996
12.289671880999993
11.156163289999986
10.507569889999997
9.213322302202558
9.959835234067981
10.368218296999988
11.716747835999994
12.693964272999992
11.766815946999987
10.59205076599999
7.075032229599991
7.902663706999992
8.152440248099992
9.195876985202547
11.78352224099999
11.930206720999987
13.730040500999994
13.064826212999995
13.271570357999993
12.20195555299999
10.84907167799999
13.307727384999998
12.478652425999991
13.199703614999995
13.319638906999993
13.326031948999994
12.998798539999989
12.780674660999988
12.77003818999999
13.600129671999992
13.533058611999992
12.37665736399999
11.60591458899998
13.843885766999994
13.710844851999989
12.497772262999987
13.192461748999992
12.32115126299999
10.826086255999988
10.047543339646394
10.47508095348639
6.670426788299998
7.619281071499991
9.669218110787826
8.922948472727986
7.436794502299993
8.282248695405112
9.868181924271996
12.502997097999987
9.732876782135992
10.502476719999988
11.71284444599999
12.247488349833592
10.915631968479985
8.462591950999988
10.926112848999988
9.574648908999988
9.022199305696155
9.259031587135988
10.051020944135992
9.00127504879744
8.902512586999993
8.995116442898707
11.91358608599999
9.660337289405119
11.10758700399999
12.406888799999988
11.669707235999986
10.305446516282862
9.732702615271991
6.26649926909999
9.677646821727993
10.350952612212147
10.795662256999995
9.736368649212146
6.586910859696142
7.76192057949359
8.69415987240511
8.643522593700004
8.48914004820255
6.118971417199989
6.62624349820253
9.124889843863976
9.014774536067982
10.598245110999985
10.666459100519985
11.08499574264639
8.577726745594864
8.15062486109486
5.5717044601012535
9.941887753212146
10.62091653116639
10.45377167048639
9.27672910606158
9.536624031227987
8.338792697094858
8.997877883898708
8.063010401898705
2.578534884599975
4.035233215299978
7.2398236297974154
7.674782681303821
7.466441786199994
6.312063424699988
7.395532330303821
7.001033628797422
5.2213361876999835
3.603119335899986
4.371197920199982
3.9374042327999765
1.7706280303999844
1.94041158749998
4.24719849849998
8.138940254202545
6.81952498930382
9.026698084993587
8.660361698905106
8.172760176101267
9.88285529014142
9.343497389135987
7.008767391999985
4.413066130099981
6.026775082399981
6.862595579493585
4.582294125399979
4.02291435239998
4.507036796599986
3.806401167299981
4.245588600199979
3.9074327788999867
4.006536158799988
3.1110726134999815
3.387549475099983
3.935694497699988
3.6737157744999824
2.4981987502999763
4.3118705153999795
5.307507849099983
4.7762848525999795
7.6673600127974195
8.730196087594864
7.673268305999983
8.5325607254051
9.070409574931984
5.3224899444999805
6.520684640493572
8.743300007594867
6.163910868799976
6.667417376699983
6.729069221499982
6.1118720871012515
5.103840333599981
5.155827357499985
4.911824488799977
6.78311925050637
8.441276708999983
7.24017427520254
6.054289654499983
3.711241911299977
1.6819397399999845
1.7102996383999873
4.277639508101241
2.581994638099978
6.065211245699985
6.250896411099985
3.5291425170999844
6.13278520659485
5.5789791594935725
5.641993498199978
6.891856291202542
7.617572915594856
7.380027835101261
5.360665461699985
5.288297123699977
6.461636798099981
5.987832794199979
4.759986332699978
4.753818066405087
6.073935734594849
5.330687176499983
1.598138238499982
3.0550313064999792
4.919827026405082
2.5476725249999888
1.8300108931999814
2.3233784774999813
4.090594560199968
5.8904769698986925
5.425856402599989
3.9668395019999756
5.387902812202531
7.242184243797425
8.81074065399998
6.187520584101257
4.964855572499976
2.233606530799977
2.690813761899954
2.8622586501999776
2.0019576552999765
5.277486308303813
6.00992351230381
2.1344915328999674
5.241344525099975
1.7373621215999775
1.0472964247787615
1.30046801871412
3.4079609725999758
3.3673465835999683
7.5292528518987
7.595335980202536
6.375755117797412
6.370607554594852
8.041208409101255
7.882482920797413
8.835264977999993
6.172419235199991
7.10269603120255
8.785081387303823
8.74255563810126
4.446757238799982
4.5762443604050835
6.397849876405099
4.659986469999977
3.2112507430999755
4.191185047898653
4.127127307099977
2.626729873699977
2.7249456008999724
9.040007800303826
3.9783208617999795
4.167319518999969
3.310187156699975
2.6662241729999727
3.463892694099963
7.167653221101245
7.9133096893038255
7.725767112696153
6.856839047202531
6.540111535594857
4.733818341099977
2.3515653441999684
2.0327787902999637
3.615658535799969
1.9687862990999807
4.143361036699973
4.9503943557999746
5.463425448599984
8.74485781706797
5.93238418730382
5.73462719120252
3.886531301899966
2.294430889899967
4.764490679899974
5.5378432387974135
6.014098895303816
9.66337415479598
9.954565740999985
9.670050927787821
11.231211390999988
11.376798256999994
9.63774035193199
10.43811013199999
9.733709596203985
10.442906258999992
9.691469985999985
8.203919787734373
3.3363862380999634
2.039670608499962
2.971220365899953
3.2215503814999655
1.9615921111999648
2.92553562469996
6.208547927898693
7.426374192797406
8.475792697067961
10.021596827787816
11.917327422999993
9.479300123727983
10.642188715999989
12.245104203999997
5.00668828430381
6.18586475520253
8.524876814303816
11.324955713999989
10.82785190599999
8.095644316099994
9.550514585931989
9.710908193999986
12.245993269000001
12.977186986999994
10.869902033999999
11.093893957999999
11.347149495999986
10.871342267999992
11.665574241999995
12.32171245
8.569330435135972
10.726379439999985
11.336558062999988
12.543127993999997
11.521459275999987
10.413274755929265
10.242681983929268
9.75707818133998
8.0565536194051
9.735872590717102
11.043799329999986
11.638812911999985
12.287158199
11.207508950999992
10.287899711999996
11.214619976839987
13.450513173999997
10.679737638999994
11.79238105899999
12.267043709999992
12.835047545999997
11.015489660999995
9.368880715931988
9.16187302859487
9.78605489499359
10.825849488999989
11.476654297999994
11.326896424999994
8.516456588696144
10.68745329699999
11.060056571999995
10.155097776858543
9.583773493999992
10.939634504999995
11.470557784999992
13.039579407999986
13.555983208999992
12.962713793999988
5.35217447659998
6.983401342797425
9.07743522933998
6.501103074594856
3.7014816283999727
7.644136556999974
4.725632008399977
3.2401366454999674
8.669160206727977
7.417789771999977
9.377069950931986
11.637283166999993
12.368446038999986
13.099483594999993
12.841599601999995
12.181778835999987
13.040651780999992
12.757927016999995
11.847963680999998
10.28928561399999
10.507809534999986
11.026316536999998
11.559622149999992
12.417038747999989
13.466113331999995
12.269837002999992
12.149408751999994
14.188217203999992
11.22706713099999
12.167090615999989
11.977006357999992
10.872751516999983
12.426991492999996
11.170752327999994
11.943104043999988
12.722440041999986
9.318213970895988
8.690044903594876
7.790851652499999
6.497014222699992
10.228782282999994
9.115765481594872
11.206219883999996
10.753113477999994
11.78473032999999
12.124146027999993
14.014000442999992
13.491560009999993
13.616927930999989
13.738363502999992
11.321293844999984
12.985083541999987
12.038673333999995
12.150201246999984
14.346143241999997
14.807577219999992
14.503170472999988
14.335793940999988
13.672700600999994
12.899110328999994
14.041880791999986
12.278794495999986
8.994597001594874
7.4284293075948655
10.895915940999988
10.398710355999988
9.056769667101273
10.4104451720707
12.568698382999997
9.944997097863991
9.841775894135989
10.411981234999988
11.467715328999988
10.145130783070702
12.394904911999985
14.248057151999994
11.769470556999988
11.16099017799999
10.390688466999991
10.897627013999996
10.116168196067992
9.325814410282863
9.703643273929268
8.663269070405107
9.250201856999983
11.976901368999997
10.357550007999986
10.118438435282869
13.619346607999985
12.856763086999983
10.325393050999988
8.668820295696156
11.44254898499999
9.645102508659992
9.95217039793199
12.143354615999982
12.514214783999998
12.10984514499999
12.889893865999989
13.212568448999995
12.777574407999992
12.263248131999989
9.98005892792926
13.416844915999985
13.390902472999983
11.939966448999995
13.250485837999985
9.880402766271985
10.97670221599998
12.80118403499998
13.079054621999994
12.421996232999984
12.077614976999987
11.467533735999986
12.779455477999983
12.054853605999993
11.93203475799998
12.958151462999988
12.055689084999987
11.54775643199998
8.28145754089871
10.46182403099998
6.282537736499987
8.457852940405106
6.740580860898701
6.90708943329999
9.65309156964638
7.164145446797413
3.8889153304999726
4.071830833399973
2.6793971221999855
3.610392172199984
4.544483471699979
1.8384593032999823
2.363101330599979
4.557536523399975
2.8836768371999684
4.530442956499972
7.973520204199994
8.8066885238987
9.083666743339979
6.732368693493584
3.1867442092999725
5.880148843399995
5.83437950130382
7.108647039797424
7.115867098999973
8.35637552030382
8.284210316506377
2.9401724166999683
3.5342857543999826
4.995280445899978
3.8839255065999767
7.939169166594854
9.760467933787815
10.32371081092926
4.7463866668999755
3.756588859599977
5.49720204769998
5.935565432699982
3.6236054748999744
5.484341581696127
8.203491854898694
9.024470008931976
5.365470979303811
4.53895145569997
2.8880437789999718
1.2940940566999855
2.28413023379997
3.8614536162999733
3.9390425796961273
3.3756671065999764
4.061120410199971
3.071715489199973
4.049602244599973
3.527203849799982
4.8199017684999745
5.499473181202515
9.688142088212134
11.812285299999989
7.6987393935948605
2.854141506999987
1.8386422194999925
2.034279461699995
2.004069825699992
2.601144708299987
3.2188571776999897
2.3773402831999912
3.0309389037999868
4.397616744999962
5.658753131099979
7.1641715697974195
8.2003095778987
7.533920375101267
3.4047384856999816
4.111978988599978
5.053458058199981
4.983204426599978
5.585983511405087
6.621217274506371
1.5153570556999794
1.243582807899983
1.9243077743999872
2.502563264499981
1.1725217429141281
2.454815197799988
3.1300316451999803
3.43031499789998
3.201649809299981
4.864841810599976
6.658741986101257
3.1892912566999794
2.517684088099979
2.8902731429999715
4.635629716499979
4.609769926499976
5.617661073299972
5.723269178797419
8.075477014202539
7.086607591199984
2.7901128127999746
2.818581350699985
2.4653316283999804
4.140381489599963
6.590305288696143
2.665982229599986
2.484911558499981
2.395252209499971
1.8659584411999706
3.0395388976999698
3.3909457488999823
3.804956358299982
4.199220773299983
6.933756471303816
6.313013664199981
6.0536088974050895
3.876741383399971
1.5480807174999742
5.448423266599979
3.317748409999989
5.24225181119999
2.797423747299975
6.110132820099981
5.4318268249999715
6.816414865101256
9.872366210931983
4.8400743255999785
6.732994161999968
6.938149568202533
8.340161346271971
9.253078829999982
2.937807673599976
2.2522467177999723
1.8849324172999686
6.734491773999974
8.105390132101256
9.185312857067975
3.9577989928986796
7.027196379101241
5.871461506696128
2.220983940099976
3.7355093795999683
4.591432401999973
4.1926488692999735
4.006600013699983
5.474207199099981
4.255956806899987
3.857073272699984
3.6300028930999924
4.052019573999992
5.21571259919999
7.591267796303813
8.014766795303816
1.9554610061999755
1.8410489745999719
3.627390194699966
5.3482528060999845
5.27273134610125
3.690782673599974
2.64099686279996
6.605137084999956
8.668393704135966
3.8185581557974007
2.1892255904999662
3.5617973998986834
7.725645672594848
1.9351550872999659
8.130475057999972
3.621508868399975
3.7113828902999626
7.14126077730381
9.709974693212136
9.546658555727982
11.809548287999995
11.536918107999986
8.924647010797427
6.27950760349998
4.6813138259999745
7.653560690303822
8.47166341710126
7.365186215202527
9.535661389135976
9.48461786333998
10.517717441999988
10.061778590282865
9.314839338787813
4.573018955999953
7.415931603999983
6.686840183993579
6.886791390999983
7.3096744034051016
7.75377217710126
9.24712292926559
8.589574699399998
7.112270143099987
8.604149449135981
7.585210884101261
6.264840223699976
10.810161547999986
10.20105128621214
9.363061001727974
6.5181305511012475
9.9182573457171
8.78618759159487
11.492023449999987
12.470044088999995
8.699355520594878
7.562334240699989
9.453087489378534
11.743263660999991
10.514949222991843
11.494291373999987
8.981489308135972
10.144758335931979
11.814549432000002
10.611277657997277
7.937915628099992
10.132019930999988
11.820881080999987
12.614600951999984
11.22636287699998
13.292687103
12.037009702999995
13.211330425999988
13.461170238999996
12.809324659999987
13.130112664999988
10.732436248999988
11.382045269999994
10.733950910999988
9.473281497135982
9.108263412506389
9.304801457135989
7.024316871594854
3.1272631926999743
2.6754131972999793
8.12265175320254
10.930305237999992
11.311144651999985
12.54511355699999
11.748715688999987
12.693959408999993
12.965215635999995
12.108522503999996
12.403374598999996
12.350048290999993
9.564575715717098
11.45459266699999
11.056332265008159
14.920123098999996
13.468182114999994
12.655065726999993
12.982509070999994
13.162188938999998
13.163274158999997
12.275809690999987
8.31069576259487
