9.76777770527199
10.616610299999993
11.205763640999992
12.415920756999986
13.446185366999996
13.421964625999994
13.004663451999996
12.015665935999996
11.218652491999991
12.485418984999992
14.080013746999997
13.364584008999993
12.087386275999984
10.553374668999986
9.57653988341599
10.109925007999994
10.337305601999995
11.719442763999993
9.397011994931988
12.092102829006393
12.40988837699999
11.317269379
10.93938308899999
14.031187717999996
11.572909742999997
12.67282674999999
13.375584797999986
13.052986486999988
10.831504731999976
14.587812214999989
14.530491051999995
15.362560727999988
14.383934398999987
13.363893882999989
11.593306148999993
8.838320988506393
12.326658257999993
10.702135218999999
11.105791244999981
12.444459510999984
11.544507131999994
10.679312023999993
10.188926653999983
9.239526722795985
12.624871990999992
11.59537513899999
13.582425455999996
13.417900593999994
13.931867844999992
11.904412293999984
5.084762237499976
5.172770408599974
10.148241195795991
12.264713193999992
12.477479978999998
9.835154098646385
9.288826507727986
9.80420671528286
13.065431873999998
13.103230047999995
12.329067461999994
10.574898813999994
11.869240442999992
11.793984696999992
10.75233245499999
13.595037067999991
12.741558301999994
12.847968412999995
13.026640481839994
14.162801309513586
13.833301638999995
13.091241343999991
11.843644227999995
11.47461691999999
12.374082567999993
12.804423539999979
6.945523895299987
9.970781677141423
10.828440210999982
9.993297169353585
10.874360972999996
10.290417736863988
11.678459772999995
12.300696749999991
12.13259686099999
10.988373009999993
11.818996012999987
9.575694027795986
12.958014136999987
12.240413283999985
10.354968618999987
9.581489295999983
11.373618923999981
11.095798157999983
10.610337408282856
11.817436797999992
12.71298391399999
10.742726861999987
10.784474351999986
10.1723168717171
9.572818974203981
10.105638801717102
8.582634669506378
9.828050411999971
5.161036657696118
8.61968709406797
6.077298858594851
7.401790331999974
10.954547915999985
8.521126788303826
7.600040791303829
7.987821484399992
6.14439983369999
7.7709416931012685
10.152506617999993
9.725857786727989
9.133718244898716
8.497730148303821
10.681721071999993
9.619034895212145
9.83912045593199
7.365531990101261
8.207343354797414
6.754855155898691
7.2432484389999745
6.579322788999973
6.778261354101257
5.668655395499987
4.431785641499972
6.8287926818986895
10.83035272399998
11.334062951999982
9.863699581929268
8.447994311493577
8.875637828067985
8.604941171203983
8.905073954863974
5.647746729999973
1.9173637710999996
1.5941695327999756
4.330917237899982
3.2720086913999826
3.7986067382999846
4.493710987899984
1.4821960586999783
2.3042938598999783
2.228723712199978
3.5018498931999815
5.192706106599987
5.278540435799993
5.235688835099986
4.355621148699969
4.557791117899972
6.597734521499991
6.783672227506381
4.743405221599986
2.6282666915999737
2.9909582656999762
3.4580884719999783
2.8559756499999764
3.6561884307999652
5.9223592255063675
6.071770661898685
6.123970130899983
5.20380188289869
8.912659539863963
7.048790516696142
1.722645121799978
5.001637405399983
6.593346212797421
8.149077548202534
5.2972823592999765
3.6859237197999826
3.3566750106999765
4.2301642669999815
4.5340563857999845
2.4200265319999823
1.5054331252999815
1.0735299722787692
3.885797788999971
5.7061707794050935
6.733681375101251
5.71431371769998
1.8382672912999893
2.9395706099999876
7.078166490202533
4.294071772799973
4.750750923202522
4.152925160199982
2.9020712569999776
2.5767709746999827
5.461782987999974
4.627048370399986
4.458308023099979
2.6600975921999788
2.472290272499982
4.575152099594844
6.347786823999976
6.01436908720254
6.270651046797406
6.71329622799997
10.245878454717097
7.145164735405107
3.416829473899985
5.396468099999978
7.4911429397974185
6.796009271202537
6.4056831817974125
6.9705141067974115
4.595840470898687
7.7660428237974095
8.688842956659975
6.7890527893038115
7.447168757594856
7.9307225342025385
5.694927969405088
3.6922764831999664
5.143544119303804
6.524550534101251
3.227140328999981
2.404853057899987
3.0153412963999844
2.0852562545999906
3.028020162999983
3.379863804599977
3.926534223899969
6.919982632399981
5.093094071999979
8.73683051449358
8.751966845696149
4.357321322599976
1.470165586899977
3.122096067799969
2.3700825652999784
3.0293034484999604
4.2609229034050795
4.808410401898691
3.958980404699973
2.527672480799967
1.6423997176999714
1.3525963546999773
2.304318930099964
4.7152726256999795
6.891579731797414
2.522344520599976
3.160125060999975
5.061322820999971
6.080958534199979
6.7771843688986975
6.104391039999972
5.292615228303813
3.484341389499967
6.619573953202532
7.362960888696135
5.846093522594856
9.970068398999986
9.753884184203983
9.341841165135982
8.67377535859486
7.184627876303828
7.157607459999987
6.047413392594857
3.1852994658999774
2.527920616099975
3.719736166399971
5.608555160493566
5.163015139797406
6.804609643594852
6.863194767797416
7.562273637405089
6.717648562594845
6.784372268696122
6.687673377999966
2.3808046630999646
3.1790585341999624
2.35224355009996
4.72049358369613
2.044233248899968
2.825930874599965
3.887902481101242
3.1145309005999597
8.961796514898701
6.925520475797423
6.368780636594859
8.187588766499989
8.8362180634051
8.496276249696152
10.319576655727976
11.163306141999984
11.061567652999981
11.733220469999981
12.098897004999989
12.017808622999988
8.182970317101265
8.171496125797413
10.061390533282864
8.698792587203979
5.105262823499982
8.382368446405103
8.521476538101265
8.563719695999994
6.888017143202532
8.075023741101264
9.666189428795967
1.9139596785999562
9.647664680339982
11.052402654999984
10.3062950517171
11.213380091999989
8.434589555271971
2.847996501199971
2.858992817699962
3.7911970046999626
8.008773785405094
8.850982830797427
6.865824130202521
5.049074203506359
6.0561021544935505
9.02027139420397
10.378823455858544
10.735322498999976
11.554980459999985
11.574196352999992
11.545887970999985
8.799720477203978
11.082386037999987
7.656381536898697
7.89869103393196
4.510626249696122
6.082068302898683
5.361557899506366
8.437631883135971
9.292521241863982
11.176804908999982
10.717474462999975
9.657491419999976
9.710529704203992
10.03603129421215
11.43300436699999
10.203657255999993
12.031764130999989
12.77277266399999
12.57828207699999
12.238206359999989
11.26129209699999
11.194361440999986
9.808009451212133
13.601130076999976
12.30921610999999
11.120606202999992
11.916470295999993
12.286270624999991
13.38974758099999
10.678990590999986
9.296893708858542
13.781165659999996
12.865406542999997
10.94679035051999
12.079837847999995
10.02537807613503
11.724095284999995
11.17590650599999
13.383586739999995
12.320509282999986
9.920753897070703
10.341222403999986
9.681126892070708
10.677545969999988
11.787286974999992
9.896971054070704
10.019843121212142
5.787593527202531
7.423994630405099
8.975434051493583
10.436124982999988
10.953675946513586
12.721734148999998
13.235096885479994
10.345508685378544
10.49718483599999
10.448352513344474
11.776896535999992
13.276280547999997
11.91130221899999
10.305325191999993
10.231801160008157
11.537027068999999
12.915694182000003
13.575916170999992
12.433892237999988
11.812372347999986
12.430092333999996
12.163442660999985
11.01632720499999
11.839176899999995
11.614048899999986
12.894942299999988
12.37084973099999
12.079133443999998
9.346476060506388
6.363270957899991
9.28790272669615
8.973078192101276
11.308833442999997
12.396198679999998
12.606800721999994
11.742143496999986
11.879664719999994
12.24901448999999
10.420721648994556
10.011922993339994
11.086984574999992
10.02578394006799
11.06332572499999
9.289592236203989
9.758418205212148
11.07080884599999
11.454194596999994
11.565029033999995
9.64172496020399
10.93794125099999
10.725946908999992
9.347696864303831
10.45860237599999
10.181633774991838
11.02016240099999
11.377584841999992
11.365229673999995
10.792837955999987
10.345944108999985
11.404908642999994
11.443551197999987
10.521567840999985
7.042544029202534
10.381904213999986
10.940365043999988
11.32797003199999
11.05870243099999
11.656315162999991
13.09124087799999
11.251976606999992
8.933387823506395
7.875777659599994
9.69444718620399
8.508317716999988
10.047100158795994
10.081850237999987
11.17488329499999
9.169861823999987
8.961542759696147
10.099700062717112
10.792549226336325
8.739727461196157
10.476508002994557
9.665410127212144
11.782754990999988
10.42680121499999
9.361901718067989
8.254526698297433
7.763516146899989
6.9466758895999865
9.199916845795983
8.205058460999982
9.200913688696145
8.405437873803832
10.41572445499999
9.804081524787826
9.33308811799999
8.784036352659976
10.873686335999992
12.160418245999987
9.341073551929258
4.13061330719997
11.241261458999976
11.63857844199998
11.542999377159987
9.7057130357171
9.250037602202552
4.225897447199984
5.22558415069998
7.404145666493591
4.556885855101247
5.102660212699978
4.0883604644999805
6.84862628169614
7.744627197303817
4.553377821399977
4.6628593063038055
3.401816178899977
4.183045968599975
2.338520085099978
4.98720044859998
5.656202435299983
7.427553372202532
8.696991415271974
9.460178666787826
6.913961918599988
6.418520912199994
8.139747491506379
8.241880194101258
9.929339091353585
5.541004579199978
3.550067605599979
4.733865914898688
5.4839805602999805
6.000573229999976
5.068836192299977
3.192075910899965
6.401558100898694
2.652807351699982
2.6327357528999733
3.9659454482999794
2.925173956299983
3.287965467799983
2.8426216628999805
2.4472481109999835
3.944065670799979
5.321139829999969
7.8239797821012615
6.659027313202538
2.6947823791999834
3.88233603819998
2.2654420714999715
2.2934790969999788
1.371543444799991
2.688009152199979
1.6818012176999864
1.5575666610999892
1.3110232375999908
2.1761151717999803
2.9565693068999797
7.532433798202528
6.0026129119999805
5.142408100899978
4.2738466369999815
6.381659576405094
9.443064944339977
8.51018078159486
8.686875257898704
5.921173287999985
7.454282409696138
7.317262159696145
6.991033558696137
7.127964923099989
8.377847245797428
1.8038576522999838
4.295736874399972
4.259371227999987
3.566723294099977
1.8406756881999837
0.9995252169717016
2.6925914748999853
3.9278012023999804
8.197188960303821
8.83616987299998
8.917968745405107
3.089566723599988
3.1041576186999604
10.497441578999986
5.6434135192999895
7.350402094999981
7.70161866759999
1.0800912734999963
3.018683206199998
3.4887427093999888
2.0291885833999848
1.8080806762999888
2.496988941999976
2.5776216689999805
4.7604583526999695
3.282061775199977
2.132708355699979
2.1377869887999728
1.6977622008999829
1.5329578338999865
1.4192353637999808
1.9907527389999777
4.718846824599966
6.202460163899982
2.095102920499978
5.333966552696122
6.742908665506371
7.641821749898697
9.654815162795986
7.1980676834051
8.282967576594862
8.412846351594863
8.3757357834051
3.1398148879999668
4.561464341696121
3.1890375670999886
3.1255901046999863
2.150518919399997
5.96300641169999
5.420438149999973
7.558382691999968
6.133871198999965
7.776630111795965
6.203432504303809
6.1274986999999745
7.931663726797411
5.563900958299987
3.5619062133999844
4.942292097499974
7.093275993303815
4.510948445099974
2.664754959099976
3.8637322829999743
5.291831469699982
4.094403124999975
5.273657949799981
4.981555171199974
4.196013482699968
7.4567955382039575
7.674673701506377
6.811249923696133
9.056348490931972
7.443551600594862
2.992524044799964
4.511197717299979
4.043333482399978
2.0951900847999885
3.2454343047999923
3.8843592956999875
4.525779525799992
2.556611361699988
3.337444290199978
5.599320432999986
6.268115785202529
7.211731259202523
6.454917390405089
7.016866934202535
6.295478930696126
3.745899290499971
2.446440483099966
2.381904765299968
2.6455895019999702
2.119589067099973
1.4734461181999676
1.9239632094999743
3.2085425567999657
9.804404766858546
10.694311704999985
2.8070562255999967
1.8505656875999834
4.190870339999961
8.866219267303823
10.480459977999999
5.704667149405087
6.845589294399983
7.862692645303821
4.573800144999974
5.323268467699976
6.930563650499973
7.784020246898701
4.902602812202533
1.819829211399981
5.470606338499973
7.468519892898698
2.603939561499967
4.7372765166961175
9.054919848727971
9.997780781727986
11.160781609999992
10.091447233717098
11.985887728999998
5.698916403202533
2.0611860564999747
4.871360809297406
6.679861779803804
5.750695504803816
4.220929864499971
4.12333585659997
4.351356077599972
8.171841403202544
9.592095834271989
10.639684560999992
11.449092804999989
11.623214325999989
8.40561303710127
10.681218751999998
11.30149807999999
10.934422399999985
11.773969614999993
6.391266619898696
2.986221925399976
6.693251469405095
6.298647688303816
5.321730654899978
3.689455070499975
4.750057022099973
6.473705522202529
4.981234083599973
6.6180863982974
8.231812864795971
9.389991569493585
9.989122225833585
10.928766260999984
9.092215846311982
9.722815846363984
11.260312588652786
4.671079173303812
9.58801909179199
12.47150016799999
11.266856194999983
11.646556022999986
12.69809429599999
10.980829069999988
11.457260914999996
11.554882699999995
11.748291643
9.990517581141418
12.368296486999997
11.92514107199999
12.854158426999996
12.825238610999994
10.759311405999998
10.891908754999994
11.063630227999996
10.932899910999996
12.096650882999997
11.42157857699998
11.50727743999999
10.72000666015999
10.148699259762871
10.224416415282871
9.511836552438394
9.80510790406159
10.956463276999992
10.438743674999992
10.951762961999993
8.448111700405104
9.112753410303824
9.58280642399998
11.973598398999993
11.856198981999995
11.060326691999988
10.86222659799999
9.441139376797432
9.610330139135991
10.012036811863991
10.789229987999997
9.753258224339994
9.033747637898708
10.367388260999993
11.46728747099999
12.579968072999998
13.125406814999996
12.793049360999992
13.716920650000002
12.617174427999991
9.809193838659988
12.595203066999991
11.253183913999997
11.635369926520005
11.824836957999997
10.735497255009118
12.406377616646395
12.146039018513589
9.58069081130239
8.523882102999995
9.810595114067995
11.864131896999986
10.692613262999988
6.657085432399992
6.693280384797417
7.409869770799986
7.948392434696148
8.079541470299993
11.999068422999986
5.807373770101251
8.189511027493579
8.88930729830383
10.184401592999977
10.273742483646389
11.828864080999994
12.165688323999994
12.044928805999985
12.638891213999997
12.851329220999988
10.450238665999992
11.700975533999994
12.437767461999998
12.374913859999992
13.12650774099999
11.39326401199999
11.70644413599999
8.28957698820255
9.542197381727998
8.92217188569615
8.61328245850639
10.901512908999987
9.272760903931992
8.826972454791976
10.801124859999991
9.694191603067996
9.837379893339994
11.42059819499999
9.292596626203977
12.11957093499999
10.957496331999991
10.029761617999986
9.914680061212145
9.633049037135992
9.536253224202554
9.547922163265591
9.666350064067986
10.62961115599999
10.78195250199999
9.922628608795991
8.093201628099994
9.616146070931997
11.233004415999991
9.84475497120399
12.350986212513591
12.546045594999985
10.31120633215999
10.366502075141423
11.388404743999986
11.40496846899999
11.811512694999996
10.66420681599727
12.20595529799999
9.680621748271976
10.348364743347185
9.356892401067986
10.023647654787828
9.271242024135976
8.390709223898694
8.362536369303815
5.568006945797415
4.253073252899976
5.906915821799986
6.995169869999971
8.324551602141407
9.507234867929252
11.466039904999993
9.734386259519995
11.260972219999994
12.597068032999992
5.662188589506373
8.08643874506157
6.8977352996961345
5.2502251755063725
6.012189771999976
6.122485223405092
6.276162114006368
11.793730004999993
9.797806823787827
10.679753705999993
9.853603311135991
9.005286404271983
11.121452694999993
9.337969482415991
8.139678158594858
5.930805546594858
2.6020810134999803
6.789662960797409
5.922568737799981
6.108805097999979
10.356036184999983
8.111222038303826
7.2590004989999795
8.05247669069614
8.842842541659978
7.2271675323038265
5.332411166399985
4.420080923499977
5.051215371696126
7.353275122101265
8.020757714797428
8.557161717135973
3.677753753699973
2.603446917699975
1.2253470351999782
1.7449285628999844
2.008608453399969
2.6916307769999674
2.5809456069999688
3.1529598113999637
4.115705053699972
2.3235560378999747
1.1359147733787671
2.582816224699977
2.9756329193037967
4.606332392898688
3.0570916274999664
2.6653526107999777
2.912404548599977
3.637480223099969
4.2820731734999775
1.701619909699975
1.3928251433999816
2.813799987799976
2.303572965999981
2.6701115111999782
1.361092297399976
1.6407489623999751
1.542180479399978
1.815448736599982
5.688889959699984
2.5249876357999788
3.550864215099976
2.407139912399985
2.8272109923999915
2.3091103454999797
1.0883980978999825
3.280026602199958
6.7631957535063725
5.991733558699982
7.167257286101258
3.6907823089999905
3.088122192399992
3.928149146999979
3.379517922999973
3.8980072768999845
3.5005335860999853
2.890400799599976
1.6906233382999771
3.748047531099978
2.4265887862999738
5.376001513699987
6.543490913405103
3.5593781249999985
2.8134501801012304
2.1529202422999734
3.8681284926999635
7.92056542813596
8.068489472999975
8.678681578067978
8.488448338203971
6.190491363493577
6.404725678999974
7.360880935696139
7.390226226797424
7.201343817101257
5.713575488299978
7.371436358594855
4.9225442733999785
1.3998600280999733
2.734234077499978
5.859227712999981
6.266719589199983
7.276850941506384
1.445283946199977
3.6586061751999632
5.446928962699972
3.1316649001999814
3.347571951299983
2.4166593215999765
3.45094523769997
3.492591561899976
2.0363666564999825
2.375588172899995
1.938437403899995
1.4154578277999779
2.982395062299973
4.028132405099974
3.2078586547999715
3.602254540999972
4.393385487399971
5.393768337999967
4.551778034999974
3.406310133399972
3.60523085779997
4.3637840743999705
4.474377761797401
5.281774685696132
4.8466958022999735
5.131285871898688
5.9155984939999655
5.042482061797409
4.7968408554050885
0.8295398673070516
2.4564144210999816
4.760322355699977
8.98538529206798
8.810443862931978
9.252534301863982
9.354994386203977
7.8585106461012515
6.573081057696128
8.401932235795973
8.276822517405103
8.53237900999998
9.698143037282867
8.723865321271974
10.410465661717101
9.970580708212143
2.528657873499985
4.901412049898686
8.872577629067974
9.885877644212144
9.41547358872798
10.536889062707182
9.998885864212143
9.941800022929272
11.288677801999988
6.001988204999969
2.9719191024999683
3.1826055297999587
10.014294747931974
9.9917910460707
2.564723152199968
3.716151879898682
5.348460507202526
5.784514894101242
3.59351540069612
6.984968362405091
4.490813778696128
9.03760519879597
8.485559356795976
10.433522003141412
4.911437008699974
2.0673992644999726
4.746432115202529
2.688091249099961
3.508008402999959
7.19357239379741
8.13672161869615
7.4320594131012605
7.472620552101258
10.648585640999983
6.478589457699981
8.665677940399997
6.856784208699989
7.95363137969999
9.180396198999984
9.917195895282866
8.360316970863968
9.437031217999975
9.632709605271975
4.729439065594845
6.1072103698986835
3.547711413594838
7.133478160101248
10.065898791646358
9.183389271659985
10.917356016999996
8.722498464999983
7.8409294951999895
13.476781003999992
13.779693050999986
12.154863257999983
12.389458451999987
12.011365139999995
9.836373046929259
4.967969471696127
6.835430523696128
4.209238961797399
9.078951643282856
12.74369233999999
13.948598375999975
11.67620689199998
14.800099546999995
12.520234122999993
10.445501711999993
10.342150974999987
12.49576528799999
9.932828829999988
10.266991642858544
5.841410043299991
5.173839300499988
6.16648035579998
10.291985223282857
8.758979148898709
9.303063337787814
12.157113837999992
12.208403327999996
11.687236205999994
11.364944024999986
13.927344553
13.009965467999987
13.685977950999991
12.36981437499999
13.226385958999995
13.820631644999997
14.319059598999994
14.552806232999993
14.457914763999995
14.154225663999998
15.299577305999994
14.032926005999995
13.580866157999994
7.425011859101261
8.695690411405101
11.49509236299999
9.358742507931982
7.909498538202534
8.170825572202551
9.795867352212147
8.968500213727982
12.202245185999988
11.907752747999982
12.038046114999997
13.659123208999995
11.828999476999995
11.210596105999995
11.251249071999979
12.352983343999984
11.145482131999993
9.633834011858543
9.457016949519994
8.322558305405106
8.714482401999978
10.36845869799998
10.468733498999988
10.022457635353584
7.707419119303819
11.421396052999993
13.44988358899999
12.852919025999986
13.398095992999988
13.521377950999986
13.180410326999997
12.348904772999983
13.838691150999992
10.39039152199997
8.434273474101271
8.378289826999989
11.545530616999992
13.878484015999986
13.47002941399999
12.005580279999988
9.045743412797432
9.567587307696156
10.081110534787832
11.631780164999995
11.138099389999983
14.413088824
10.496900265999987
11.714638466999993
10.977405268999991
13.737209517999986
14.910091378999992
13.062128321999994
9.304136877405107
10.314493223999989
13.401004915999993
7.7758250548986885
13.765846226999988
13.770895102999988
13.57864444699999
13.984372086999993
12.914661307999983
12.831607987999988
11.072091765999978
11.820071361999988
11.380425113999985
10.925037220999991
10.349669018999986
10.65193343199999
12.926180204999984
10.918478945999992
13.242841834999988
13.946381495999985
13.365280710999992
12.361553524999989
12.485021572999988
10.965923458999985
13.285221380999982
14.911416222999993
14.471815871999997
14.241739249999988
13.989970783999992
9.532120486519991
7.126257293699996
7.362204269399996
6.243273385599986
7.733670672594866
9.535762133858533
12.470979006999992
14.079396325999983
12.919787607999988
13.15966689099999
12.665667330999993
9.613471195999978
11.184142486999983
12.643298392999988
12.43634995899999
10.999630721999985
11.42535516799998
12.841074152999989
9.960569657929257
7.023645790101263
7.9960217269999765
7.641845613101256
10.702835715999987
7.420387496899994
10.807876360999984
10.024655187999981
11.915317023999986
9.481597474787804
10.662831672999975
11.501026258999984
10.331594299212142
10.1998818757171
10.51311125499999
9.92020860128286
11.448500565999987
12.118618705999982
12.615716897999985
7.065793937696135
10.739098090999983
12.784606461999992
9.823501472353575
8.780751798999983
8.449356927506392
6.902066549696144
8.828959735103982
9.69907413927199
9.810790156727988
10.340813919070701
13.159860453999988
12.16309010299999
9.603710395858535
12.81559072999999
10.303831598999986
11.700025495999986
10.236613076999992
10.806227451999996
11.729645865999991
12.115387667999984
10.116871130282862
7.488284727506377
7.819214498898698
3.7820279448999767
5.668983946202532
6.217164170799985
8.26865224459487
10.209797714141425
8.3824304748987
8.476405044594864
8.529783399999978
4.990421598797415
1.8276043609999837
1.7720565993999846
6.755802226303806
4.6762610152999775
3.5453891997999754
2.9869054610999783
3.7268655028999818
5.037101995799981
8.512070727659975
8.121961221303822
10.499149813858539
10.666131135999985
5.27850349579998
2.8327993606999824
5.58655544889868
6.04210842439999
6.460190005499988
9.758454911858541
7.917668846101257
1.4526983397999915
3.082338345299962
5.081855784594849
5.636532888797415
7.430659002696141
6.889526078797415
7.984394825696136
9.884338198929262
6.823317947405094
4.840237995898688
3.4485571456999753
6.491013420099987
2.1294515868999926
2.1183932967999897
4.262806005899984
5.86540038299997
1.4101126372999764
2.583280352799978
0.8636299400211994
0.6937046544999957
4.1952172881999745
2.1265145049999843
3.5878615676999863
7.669832832303808
6.411917457599984
4.9107952163999835
5.805456050099978
7.734734120202529
8.870874404931982
3.3529788665999822
2.8953113189999837
2.6417963256999757
5.580591686999976
5.116993936199974
6.431373930405097
7.519309840405096
6.900992216506372
8.358906735202547
1.3140647582999885
5.815970948799978
8.005794384797428
8.001334628303814
4.714416351303812
1.1779349523646203
1.346652416999985
3.1296712096999912
4.515326150499973
2.1434568892999817
2.954566038499982
2.0792252547999803
0.9146283353858403
2.2268594359999763
4.969929528797411
8.263906259202534
9.849187263353581
9.166956808339982
6.08398068239998
5.770153315699979
3.202745707699989
4.565511152599986
3.8084419555999856
4.701511326599969
3.2919600554999766
6.249370642101249
8.008998632863971
6.760154415898705
1.6416363280999873
1.3581277373999807
1.70719912719998
4.388998135399977
6.255918745405093
7.766774526999983
8.899513801594871
9.568773023999977
10.155559092787827
5.093470625303804
8.727869210863973
6.159472712696139
2.596517869599971
7.862623428203967
2.2140919280999674
3.5227138457999727
6.762131457493575
6.220641574101251
6.823182882696141
6.671466789199981
5.380061775199979
4.904440711999981
5.176230117799975
5.178111735499988
10.35679888606799
9.865018188353584
7.395908569303813
8.46533889006797
6.122037205493572
5.981912068199978
6.00263449549358
8.011320785493584
8.491662194797431
10.108196746858548
9.995838986141433
10.459191984999986
8.620190153646368
10.187502975353578
9.483523033067986
8.559901652493588
8.871508007863978
10.83887628899999
8.751044439795978
8.02741083986397
10.525736109999988
9.569488114929262
7.958876313797414
8.240352598727961
9.56887912899998
7.198857748405096
7.75593117830382
8.787222097797423
8.287820286594862
10.306843948282856
12.171397352999973
8.58154359893195
6.207728163101235
3.02569438169612
2.952480540499962
5.089370974696126
10.03012029578782
10.818341207999971
12.179951575999992
10.700200484999984
9.520008796787813
8.610534770135974
9.334721998727986
8.641392912303827
8.656762408271982
9.578457725659991
8.173640327339966
11.380955247
11.271389190999992
9.79307421885854
12.376106045999988
12.019614068999985
11.086479633999984
10.756013517999978
8.765005674696146
8.260585937493579
9.012886895858532
12.583263688999983
10.248486748999984
9.375638009717106
9.467647874339987
11.991092078999992
13.034013779999992
7.872616354405092
6.183857191506374
11.460966533999992
9.17713981486398
7.855084767202545
10.398943288999986
10.098574096787825
11.583874207999989
10.929082699999977
11.75910715799999
11.477975582999989
12.786067920999992
8.608944760101265
10.016384265070705
11.07567109099999
10.3680995040707
8.806715306067975
11.902927715999988
11.020807194999996
11.780863660999994
11.878384644999993
11.124355085999982
8.12365748599997
8.740724816929253
10.537300634999994
10.556148870999985
9.304173367203973
9.96060854192926
6.97231979520253
5.97895041659485
10.727947339999975
9.345223838797432
10.020665998863992
9.979553257863989
10.645823147999987
9.857347804212147
8.293027253699996
11.767725454999995
11.326039461999983
11.700987795999984
10.162888506999996
12.232077419999987
12.137801980999988
12.20421172499999
11.025497123999992
11.992292231999995
11.268559951999993
12.85112913699999
12.554705378999987
13.094763959999995
13.239222834999993
13.445400005999987
12.880281336999989
13.055488808999991
14.188328998999994
13.262656687999993
10.888197942999993
12.176443874000002
11.617222083999993
13.005600573999992
10.987976053999995
11.66058978599999
12.214223556999993
14.602637338000005
13.384119187999993
11.741511460999991
13.240224733999996
14.05693874099999
12.799469311999989
11.06180066999999
12.38824123799999
11.467860491999994
13.181493296999998
12.815608355999993
11.404342248999992
11.891658231999994
11.778773014999992
12.884351504999994
11.04352725099999
14.094786225999993
13.119799962999995
10.263273893795988
11.141029696999993
8.524475355493593
7.9055153792999935
13.136545220999995
11.983127143999996
11.43643005099999
11.055635372999996
12.217217042999991
13.68167245899999
12.244349280999987
9.13463356320255
9.788147198339985
12.936750216999993
11.083284723999991
11.838541251999986
13.134999283999996
12.337052729999987
12.122953844999985
11.84304910299999
11.219380019999987
10.15606054828287
11.269004873999988
12.670070056347194
11.041066602999988
10.54961226299999
10.158619966070711
8.987944398506386
7.549565148899993
8.430761633303831
8.601124375900001
8.89467110599999
11.063307174999991
11.227180549999993
12.423411381999992
12.546940976999982
10.25223870499999
11.037666742999985
11.701872181999988
9.804650135858543
10.833113913999988
11.587029758999988
12.307660702999991
12.71024572099999
12.962507995999992
13.027215935999985
13.009445069999986
13.03553888199999
12.124391623999989
10.748199358999992
10.375716680999984
7.2907968627974205
8.263015908797424
8.378069444303827
4.259219905099976
4.957105798299978
6.647853819299993
6.946196746797423
6.835164688101261
9.062759103405108
7.761618579101267
10.331299274999989
11.14279488948639
12.055003279159987
11.32945339535359
10.518476746990878
11.154208971999992
9.553902857999988
11.323783133999989
9.029872311405118
8.065854313696148
9.860654411203987
9.274972531234381
9.743864906212144
10.389665394999994
6.413555033898695
7.742331094405104
7.118624867202547
7.404621926898703
7.842946279898708
7.648678048696148
9.267818778999983
6.908552249101264
6.806035411099987
8.476870080594864
10.80842856799999
6.6081445678987025
6.331451771493578
6.691548229999989
3.572136579899979
2.9365463180999773
3.1847705932999752
4.398886453199977
6.0653022063999815
8.663451411405106
5.078723706099985
3.294612629699972
5.223564964303815
7.598481701696139
5.6997308516999805
4.956599620101244
5.075448722799979
3.381446490499973
1.8859822234999806
1.5120628844999817
2.5686360137999795
3.533112940999987
3.7976144561999807
3.6977167785999776
3.656176460299974
6.23978744050638
3.6227615584999713
2.598547187799971
4.289375814799972
5.251501925699982
6.737998089594855
6.756882246405094
2.8194294204999846
3.1525210357999836
4.221306690999976
5.19300971069998
3.036323968499992
1.7090343535999852
2.3079661849999815
3.584558492999987
3.438786195399972
3.639241238399972
1.8350434874999784
3.3184525496999804
2.802955056799975
3.5706768004999705
4.414098345899973
3.3292708968999776
2.2517948806999786
2.8673239974999873
5.157973277299978
3.8711884963999847
4.153630340599983
5.164817930599975
7.502708320594866
3.6970112258999723
4.137648940999985
3.2613322692999804
2.4889061065999796
2.46687996829998
2.490929536399963
2.63289425809998
1.7595430953999887
1.0581499068211984
0.9314286828999817
1.1376027050999826
2.1643401793999715
4.187585317999971
5.375596760599979
8.115091000271969
6.757977076696131
7.133803794898703
6.3946176314935785
2.5177757476961116
4.723290830999961
4.915459565696129
5.0370394896999775
4.083245344499981
2.5231417281999793
3.1793982970999863
3.3454685134999735
2.812235342399976
2.577008433499979
3.1097750472999777
6.716859008799986
5.958239283797415
3.858850117499976
4.8923136687999795
4.283207376099979
6.10139110569613
6.258404017594854
4.808978393599985
2.0473565886999845
2.5049888854999858
2.0849574660999934
1.386869035299993
2.486376066599994
3.003642164599975
2.9847499145999663
1.7178611403999737
1.8359848800999736
1.9114992171999796
2.710519914199969
1.2964677688999804
1.4477493895999793
2.1322944167999762
6.43963339230381
7.558646028101256
6.9962875304935785
4.810513168299978
5.136792658999982
5.702926319899983
4.079207601899977
4.163814149499979
3.767036813399976
7.747564396696135
7.0581428817974246
9.367309646727985
8.581368687405098
9.644667420999985
8.144047843898704
4.7078098952999845
3.4698528701999907
3.6424773757999875
4.507226739499975
5.2206399566999755
5.319282813999979
2.6283291961999806
5.43136371769612
7.339622030599983
4.510905148299969
7.363818344101244
9.312834149135979
7.669230232202541
3.577434866299976
6.147119973797414
6.932124035599986
5.559532891799988
7.07403028259999
8.175514041101264
10.094488490212145
3.2176727431999774
1.90290231319997
5.3337843521012545
7.070326606797416
8.427674597135976
8.960253338594864
5.148386007699984
4.254836440999968
6.172450471499982
4.963213447599975
4.927082788099973
7.5721019256999975
8.362519369659974
10.038611286929266
6.544588287405094
6.747986975101256
4.553139840699971
4.208809883101244
7.906054606594858
5.449479765299983
7.200154176303819
8.71521825879598
6.942558204696137
5.319719175696122
7.298498985303805
7.974146321101259
7.555913825999977
6.354413207999975
8.761487345931979
8.46588774259486
6.810049534594859
4.090963786299974
6.8398033278986965
8.296212107863969
8.320564108203968
5.0124072097974075
9.239680686999984
5.642615019202527
4.495371710202525
7.393727357506369
7.6085207733038125
4.3442927031999705
1.5369127028999707
3.1850238632025185
7.007526716594849
8.462649746795964
11.019421636999994
5.657068403594851
4.067342527797394
7.58380766299998
5.274790272499981
5.733487229899987
3.765564013699988
3.596619758599983
5.341234785499982
6.172113906899979
8.658743095405104
10.325053455999988
11.048373369999995
8.943891451999985
7.315719871493579
5.863995730594849
2.818085543799977
2.9999167235999615
6.530182913202535
7.865978158594864
6.765563301099985
7.546444355797414
8.931616465797424
9.116846179141412
4.832892324797405
6.257843728594854
8.219612689207969
8.658096578999986
9.461746290727989
10.0237753020707
8.133423207101256
6.3141655578986935
9.105359323067974
9.031934199646377
5.061453446999966
3.060027687099985
6.052212358101244
10.891975858999979
9.604223022353573
6.719920333898693
6.886198530594855
8.601331803898699
7.526323258999978
8.29536291050639
10.092649949717112
11.88891766199999
11.30049344899999
11.953125641999987
11.94932229899999
10.869558918999992
10.642074605999989
12.034911080999994
12.508584443999993
12.944004558999994
13.087677311999993
12.702112969999995
13.134320436000001
13.067763793999998
11.304277274999999
11.213674474999992
12.989981977999994
12.73521565899999
13.281840592999995
13.570593520999992
9.869183134353586
9.38466386256798
12.631207503999994
7.62926396479999
6.581925077799998
5.670318112199993
7.316802839699992
10.64640310399999
12.278106090999987
12.722374651999992
10.474942051999989
9.969316931135989
13.58854689899999
12.811025544999989
12.668113093999986
11.594449619999999
12.607794030999996
11.665440545999994
10.48754429499999
11.791425055999992
11.355272390999989
10.97372054299999
11.558898047999993
12.647063094999996
11.437722983999992
12.243161707999986
12.732712166999992
9.22302767489871
11.237796584999991
11.62564497799999
11.780295481999993
12.662489000999987
12.825965728999986
12.843023501999994
13.615227987999988
13.68689863099999
13.000156260999988
12.020815870999987
12.012855883999993
12.070471251999995
11.858213234999987
12.478201558999997
12.469746111999997
11.192892306999987
13.241831186999995
10.28417103720399
10.638420627999983
11.67782990099999
12.553931714999985
12.700854754999991
7.758664233405107
10.942674711999995
11.514425544999991
9.319148489405112
10.292223440717104
11.747140116999985
12.493924050999995
13.132501893999994
11.552001548999984
10.218687268067992
8.407301786797433
7.9719929854999965
8.446164402799997
8.253152633699994
10.796152878999994
9.664050500339988
9.537870140067987
11.974025997999988
11.22572175799999
8.503033320594872
10.605148150999987
9.689953480659991
9.968059867931993
9.89713605799999
10.378997899999987
9.848091253787828
8.585071113594871
10.700637575999991
11.886914490999988
11.594627503999984
11.652452060999991
9.733354643135987
10.915284166999992
10.921135573999992
10.00717420499998
11.986268104999994
13.879459887999996
11.024143300999988
10.722500329999992
8.731682513405103
9.750729347141428
9.468296762067986
10.79000017499999
10.80978215599999
9.698009457282865
10.53886866599999
5.470629988101246
7.987096855202535
10.749388105999985
8.35913608699999
8.508473550405103
5.3541384353999835
7.108690872202539
8.694415959202548
9.574768951282861
5.890653024303813
10.040525163212138
8.916401014696152
11.069202793999997
11.602219336999985
9.794603729135993
9.571339207339983
10.544160161999997
10.230120972994559
7.234765464799999
9.211138310202552
9.131983669999983
9.408537034727988
9.663580335999985
10.17450378714143
10.357301616999989
8.93358131879598
10.348186095999989
6.396315887506373
9.501948405353584
12.129768238999992
9.696694943141425
6.051622572303815
7.359358732594863
8.552454742405114
7.662137899797414
10.407749764999982
10.088373698271994
8.412888383506388
10.394362673999982
8.866937504727973
10.704938733999986
9.832487602141429
10.655663282999992
10.054047512858547
5.059070138499975
5.494629208399986
4.428706639099988
5.111314633199997
4.652323911999982
6.569913401799983
6.336651882899983
3.7782060653999823
3.52589285739998
6.210416378797412
4.604999601699978
2.1889660979999794
5.7782223083038184
7.989526278696131
10.299073168929263
10.547062842999983
10.475677453999987
7.08877606050638
7.2257971236961325
6.688352935797425
8.300794825696142
7.023214672898694
7.3474069777974185
6.556953214999981
6.204194256599983
5.824886260999975
5.3559123046999835
5.467980235299978
5.812842546101254
6.7833058669999815
6.798566569493583
5.4777128112999804
6.702524122594864
6.883456733696144
1.6053762313999758
4.861981437699985
2.586466096499984
3.65931648249998
4.177017370599983
2.8331608840999793
5.447933274799978
5.790792069999987
3.1204981032999792
3.110877458199987
4.6610807921999795
0.9676064615141396
1.6298737624999928
1.3571134932999807
2.510468119799986
2.4385232467999867
3.1030378249999795
5.46333268130381
6.40059838410126
6.01144581599997
5.56528016359485
7.113211769101261
3.2908490203999787
2.93849409939998
4.896996794101251
3.708853704799982
2.5649801848999916
2.2818592589999906
1.2837237884999908
4.4455507888999835
5.15737106169998
2.211049610899979
2.2373025435999825
4.418739584399988
3.7803771926999743
5.004876319899981
4.331292385899982
6.36509640959485
6.3213142241999885
4.481631671099986
4.834139060999981
4.448548364299972
3.2055844451999755
3.330605168199968
1.205712291421189
3.4119108535948417
5.369692643699976
7.108479139696131
4.049687232999969
1.155533138571691
2.129537953199977
6.407176333594858
8.632125099202545
5.911374084506372
6.363643086202539
6.216375663799981
4.701064627099978
1.9072558837999753
3.410417837499976
5.509667242405091
6.744855009506374
3.774340760799978
2.849597634899974
2.9923271621999668
6.277383409101236
7.2173282058987045
7.662235407999997
7.796354717999982
9.106167527863983
9.589704464795986
6.400732353199988
6.014973832699985
5.734776281699998
6.207528887899989
7.701692715506376
8.927871064863979
8.581967181405101
7.4835215239999755
9.85147324986398
9.080938696212133
6.737876621999977
4.377590426594834
9.022904551795978
6.869595143101254
9.440314636202553
11.508715037999991
10.515743320999993
9.480616123999994
10.282900350999984
5.447763021898691
6.969043644696131
8.299492233303816
9.772372389141424
9.997708573929259
8.00435080869614
8.81022519679742
7.647036146493587
8.809228002898706
9.993793073999985
7.925217182898692
10.008776603787815
10.75680061199999
9.736255123929263
9.16168471686398
5.2135545928999765
4.957276498399971
7.781261917101259
9.631825445727983
7.7996957885999905
10.173239082212142
7.691094767797415
3.6440305327999747
5.327930876202536
4.836127116405093
6.777359184303819
8.96862231765997
9.729737162858537
8.886972997999974
5.915491451999975
8.073147763101256
6.122717646799972
8.195694842493586
8.109828594999984
7.665921484405107
3.680897520399982
2.5630210753999823
5.258171511799977
5.998105474898695
6.2206716582999775
6.012140368699988
7.91058590999999
9.10194836886398
8.775769201696143
4.575358657797396
6.738726962303798
9.694878390646362
5.13271280669613
5.851731468202529
7.33168490450637
10.258270436070703
11.051481498999989
11.910398443999993
11.352639707999982
9.385154150415982
10.175124110282862
12.114214351999987
9.602974937282855
8.078116256696132
9.968589382969439
10.233065153646377
10.764968549999985
11.938321801999999
11.115697306999996
12.683282107999993
12.057787566999991
10.685477472999976
13.150205790999989
12.873355584999992
9.920446977141426
4.278137347399977
3.8183692931999786
11.690017731999985
9.870425762929264
9.442833927931991
8.842222811898713
9.34803477169615
9.706322578271987
12.07218498199999
12.270463181999993
11.653851870999992
11.589201521000001
11.69913364299999
10.787338639999998
11.261062049999987
10.386903144999991
10.527488024999991
11.227809714999992
10.898505427999993
9.37915219730383
11.942519578999999
12.250157046999991
12.270775991999995
12.276553287999993
12.062164423999993
11.70353879099999
12.28938079199999
10.953065286353592
7.414883550999995
9.77543875120256
11.53413214099999
10.81402835199999
10.98788422099999
11.804329809999993
12.410395333999993
12.351397100999993
12.755831911006394
12.858550911999997
12.314939808479991
12.279207842999993
12.621627954000003
11.794000407
12.24641167899999
13.060504555000001
12.371550028999986
9.897166198795988
10.741850387999992
10.915579246999993
11.621938985999988
11.18454031999999
10.301674422999989
11.48533361399999
11.973932049999988
12.272029368999995
12.243265493999987
12.087708690999987
11.11129828599999
10.928459411999992
10.88906257199999
10.346080523999994
11.569740354999986
12.633656922999993
12.717590845999993
12.719460174999995
12.061104258999995
11.512370574999991
10.310170226000002
10.913895095999992
12.61716773799999
11.57098774599999
12.648807334999992
11.761012822999993
11.588684707999992
9.977233819717107
11.467623258833594
11.18598418099999
11.41421225899999
12.275809809999993
12.283083977999986
10.762714049999989
13.087289712999988
9.110641581696148
9.336247067212145
12.650765040999993
11.041854163999998
11.86826077299999
11.993933574999994
11.428726787999993
9.130025350999997
11.299092786999996
7.65528776399999
8.809537383999992
8.434320179696153
8.289479679899996
8.580996997101266
9.811270513931989
11.247810961999996
12.360199825999988
13.422487122999991
12.185601529999987
11.869700979999989
11.597910277999995
10.43512204999999
9.008613528405116
8.617779566999994
10.780810932999987
11.985956486999992
10.734401317999989
8.989143690506394
8.30179821620255
9.22197992250639
9.28125943599999
11.19643825799998
12.45172507799999
13.476766904999993
13.25208516699999
11.575587156999992
9.820612918067988
10.010982224999987
10.345071393999989
8.694377006493596
7.432562925699992
5.695294372599995
4.43196319429999
4.084163456699987
5.37059407349999
6.709429130599989
6.756558877599994
6.7407604232999905
6.644047077899988
11.404129888999979
11.766888640999984
11.92656988699999
8.00709365999997
4.507783883699976
7.595920667999973
6.099190801999977
5.544728950499982
5.449757780499981
4.530992712399969
7.317148353599989
6.090932008399983
7.736801299999983
6.279796481299981
8.30263507079743
7.867669380202537
10.079308590787827
9.652329571479989
6.989866410797422
7.295292672696137
7.807357052594868
8.48725033420254
9.228956892405114
8.147369140594856
9.21020984193198
6.4513270659999815
6.760416500899984
3.322919390899984
3.601450385999984
3.3763992888999814
4.6498807036999805
4.209276548799977
7.1245342467974195
5.067656198101243
7.511317839101262
9.316761215202554
9.113044020067983
3.978371685799973
3.064197251899976
3.9837802581999786
3.93948689419998
4.322421380599973
4.293833891299974
4.66705276789997
5.7355256561012515
6.836661234999978
6.770885581999981
7.309387841797415
9.047020989999975
9.213799159135982
8.750432640101259
3.1601531981999877
1.7401601455999993
2.0607393508999747
3.4114576949999753
3.733020260599982
4.026611856099986
4.864156355299974
7.95075746920254
7.7078842696961445
2.5768616088999767
5.160564263899981
7.13280283199998
6.084426393101259
8.211163659696142
8.142967657506384
7.803220445303826
7.345343252594859
2.4194840499999963
2.048492857399987
2.6704223281999906
1.3866713530999883
5.2423461135948495
3.2931748809999695
3.145382336399974
4.107616461199971
5.571945275899974
6.793498490898698
5.428021580499977
3.9617890868999837
2.3262081801999788
5.154159622202522
6.779173942594852
3.140883268699983
4.401888906899985
5.308343560799981
2.9101968795999866
1.9022481826999835
1.7663293380999883
2.608527806099983
2.638889269999981
2.226242985499983
3.3033802321999777
4.895533680696131
6.958507076999974
6.962112722797424
8.232889569101259
8.87773308410126
4.41631826929998
4.446931654399988
6.205577477999989
6.102216693099982
6.598866735797421
6.448977133202542
6.29853732449358
4.604730387899977
6.770891953999976
6.938543934594852
5.5814905151012555
8.332047848493586
7.009896054101261
7.272634162898705
6.69451521299998
6.630860205101252
5.379374664299985
5.511673234599982
6.030527087405093
4.299135862699965
6.140736718797412
4.797970268199982
1.9203439498999793
2.4748048797999767
2.935156985499983
4.873243173199977
7.415900930797416
4.8775418975999765
8.137633225999975
4.994520777899979
5.281811070299978
4.53610683139998
8.68921816265997
7.136883276405105
5.0996685531999795
4.723709344506365
1.4033939788999903
0.9751894392999834
5.379935407999975
6.743546588101265
3.8745992507999776
5.323607394405087
7.849840826405093
8.602254873795976
9.50939008030383
2.3132088714999783
4.9239003281012375
8.894578736898703
7.76201598659486
8.127444212303816
7.678380439797426
9.785812037787824
8.670026657101264
6.578303312696136
7.983294596898702
7.952786674506381
8.361586383101256
10.962467951999992
9.718984854070703
9.82643809806799
8.180381375101264
8.173715298506378
8.374098174999979
7.316681793202544
3.4049422790999837
4.675869328299983
7.563238624594846
9.057301449727975
9.695275985787832
4.111023982199982
3.614202749599987
6.869397691299992
9.664211289999978
3.730963940399982
2.7891062636999884
2.9736741225999785
5.029187075799978
6.693527397199985
7.918648768594854
7.504169619797418
4.025257856799965
5.917708189399986
4.444902294899978
5.86513032529998
6.562589271493573
4.075278797899974
2.1721936736999745
2.0572786315999796
2.121733258099968
4.633840779099972
6.087574574303804
7.867044941696141
9.02134506827198
10.05674882199998
10.770790066999988
8.637567004271975
4.926337062101253
4.5860892075063635
6.626634828202535
4.151963357499968
6.037758647202536
6.441854817202535
8.317021350067973
5.224393615696125
2.9448577254999666
3.736021307399966
5.206257838405083
7.87988913720396
9.747353025858532
6.604619003303804
7.1437966018986945
10.156772898931992
12.718901626999989
3.688709915199971
5.058956420898692
1.6706178161999794
6.295856075999982
6.564109443696126
6.944315545696135
8.213216867101254
8.54755652159486
9.303436242795984
7.917005393999979
7.502627458196135
6.170821676594843
5.376852902202528
10.269399356033281
3.633931643699967
6.873378514101252
8.584875408931966
9.129913948067982
7.8317866759999895
9.101042810101267
11.32743454699999
10.084917301929265
10.3556286590707
10.866405790999982
9.684995951863987
9.059028781067978
8.165800857659976
2.477895060699977
5.105809338405085
6.340958845493561
9.348608641067992
10.249181645135995
9.876907673727988
11.33451786999999
11.588988555999983
13.602854188999991
13.045849389999988
12.733527105999991
10.376230071999991
11.340268061999994
9.813652156067988
11.631906684999981
9.181177325271978
5.40756644899997
6.185603922999964
10.50271932099999
10.369353698999992
9.631715870635992
12.009197802999982
9.083590675271985
9.419607466070696
10.756818603999989
11.512962058999985
12.053056438999992
8.871673858727977
12.07519077499998
12.756664686999992
12.310287998999993
12.757072991999992
13.661526655999998
14.089515119999996
13.57596072399999
13.394420098999987
11.824192446999984
12.158226621999988
10.810613811999987
11.552322577999993
11.103545650999996
12.114964293999991
12.43251534299999
12.827454093999993
13.745483739999994
12.03176188699999
12.223398496999996
12.946312571999995
13.359367881999988
10.444199569999988
11.550608666999981
12.072417960999987
10.824890320999984
9.901631468141423
7.567044872999978
9.810172264067992
11.452427144999987
11.712629577999987
11.905627562999994
11.734714232999986
8.833920181311978
8.150109736594858
11.38706051199999
13.088894663999996
12.262318816999985
10.93133262299999
9.219543325797435
9.503664208999991
11.626102436999988
11.812072265999985
12.131057181
11.991197544999993
11.844759052999997
9.232409451203987
8.695363671898713
9.102987562727984
9.925555865353587
10.649251906999986
9.520143911787823
13.04581208199999
10.644234626999996
9.60260834499999
9.547725422795981
11.798433942999988
10.250347674999988
9.187682994067984
10.637832447999987
11.930192450999991
10.856951055999984
10.890812172999983
11.00510252399999
13.291945312332796
13.090478777999994
12.521472710999983
12.578990613999997
12.244455158999992
12.872696023999993
13.383196761999995
11.931649495999988
9.761803172203992
10.708365128999993
11.778938198999994
10.703938280999983
10.457567470999988
11.939932422999993
12.048502384999994
11.414795505999988
10.97125070999999
10.850755860999993
11.320637492
11.271407253999984
11.564407380999985
12.64633756099999
13.237396589999992
13.939040391999992
12.664011254999988
11.53464515399999
12.70479117899999
12.614269603999988
11.38503806499999
10.463357651005431
9.525756861929244
10.459523665999996
12.210982133000002
9.243850172271987
11.261847675999988
8.262932167099999
8.994760610999993
10.329508048999982
3.519033979799985
3.627102287299974
5.601476872299979
4.8028905913999855
6.579279739405093
9.91700146928286
10.149091361999998
11.017869494999992
10.670636216999984
9.86651018078782
6.083176457202536
8.070463084271944
6.981377293405104
8.056828205898707
6.394466859405096
6.57706771550636
7.88855428769613
9.728476281795984
9.505999897797434
10.732331203999983
7.316321055594863
5.658376080299976
5.746123739599979
2.1919660537999763
5.8127423507999785
6.216160517898697
6.458145875493581
6.648516566506375
8.164658793727973
7.03835993039998
6.382525140405099
7.199393695101259
9.309941470203986
7.382371652202546
8.014519374101257
9.430622952203988
7.509129334999983
7.116403572101258
8.922579644797423
6.933481909202542
7.010262513696131
8.276823503101268
4.969178083799978
6.348918841599988
4.021017376699986
4.343825697299995
3.9666914916999865
1.6384819182999886
4.253173954797403
6.375446186799984
5.638738929699984
9.63271620185854
7.796478280594867
3.5629770369999805
4.263266932699983
3.1335276153999834
3.0792666030999816
5.3631213302999825
4.430637496899984
2.8557635665999888
4.185439393599974
6.028538349899986
4.864266783099981
3.518741030899979
5.172269102499984
4.502989720199988
3.2485358657999863
4.145206516999986
3.2700152663999797
7.068293493696139
6.865448330696146
5.526111169399985
6.025898213202541
5.0703284255999845
2.7985472030999774
6.382572842399986
2.7481617537999847
4.158685157799967
4.122115599099991
3.9264112426999875
4.142598651099978
4.981285349999983
2.560933875999982
1.3762338607999864
3.2863143279999845
4.483670573399977
6.791021682696141
5.677075413499976
7.024582705696131
8.653512443659972
10.19503256521214
8.010805654898709
7.504048902898704
7.570229907202532
9.021960914727984
6.554679408303813
5.197820794699979
6.511299626199989
4.195012823499976
5.945806333898695
5.423235584999981
8.251395748898702
8.392200250202539
8.394386677727976
2.447405580099993
2.7711660872999864
3.6280436889999823
5.3246281525063655
5.51532039789998
7.114882740797413
7.4995672562025275
8.13742725513597
6.76657396089869
7.161089364594857
5.170978082303812
8.22866850279741
9.358829690727989
7.438482025101257
10.103579922339993
4.6380462462999885
5.681011704999996
4.274763082899979
6.121054106101256
5.526117950399983
4.3194574492999775
4.262691206399973
8.190099085999966
5.614488679493568
6.993032923898687
7.527805918898693
8.23982160493197
7.681267710898696
6.245390046699982
6.310891795303822
9.037917159999978
6.523141413898683
7.60090166469613
1.97749898069997
2.1327686187999637
5.308120675699982
4.6310606934050895
7.782967475898692
8.299177543594855
7.7236576614051
4.595790257299974
7.996225915493571
8.31376960599998
9.414287916727986
9.327313801594872
9.323552786203987
9.671122579999995
6.149793067898698
6.956318318202541
5.540589221199983
8.704054736303823
8.744010176101261
9.130043533303834
9.908601417646388
9.541768650863988
8.180351208506387
7.756073582506384
8.983082041898705
9.236178013727981
9.55522404486398
8.521294735696138
6.83177995910125
8.955179457067977
6.840596575898687
5.976626657101248
9.614312443659985
7.622498121594866
7.407540740999977
7.397918327303822
7.087178066999973
10.550749050999979
4.695265396099981
5.225134721399983
7.38898073430381
3.549700401299968
4.98195214389997
4.8888538238999715
5.083755595399977
6.097891584797403
7.919373185696134
9.876570373646377
10.700648060999981
12.047714893999988
10.558580170999981
10.001849374282857
11.953704087999986
10.878956678999991
10.934792515999984
10.705309469999982
12.763115406999995
11.311147335999987
9.573433639659992
10.546717281999992
11.591204076999988
6.393504902594853
3.8726516311999832
6.239679089405092
9.288656614687977
9.461279724067985
9.429185101203988
9.020073472727983
7.141757179303822
6.897986892696125
8.534403242339973
8.632925956696152
11.202409583999987
11.406156400999986
12.359815949999991
12.580558858
12.469534314999994
12.163519970999985
11.224682290999993
11.806787140999992
14.605566804999988
14.109260415999994
12.360039324999983
12.641821615999993
12.908545110999995
13.172544192999991
12.100254551999992
9.27016559433998
8.540482727101264
8.573047827101275
10.180656172141427
10.993473523999997
12.97381041899999
13.168234110999997
13.550176873999996
9.831048837212139
8.615359489271972
9.764461492929255
9.127474218797422
6.945835159303804
7.238201985202532
8.81374122779598
10.726806110999991
9.593257331863983
6.98570798949357
9.852181924282867
10.533212459999993
13.142608808999993
11.825728910999986
12.659577279999992
11.573399090999986
13.229102636999999
12.768341739999993
11.383858846999996
12.244711609999994
12.37242172699999
7.4824825241012585
7.961704550202533
10.934997217999985
12.814881470999996
12.918968541999993
14.03572757899999
14.042058333999996
14.380747924999993
13.580424692999989
12.620615482999991
11.550729787999996
10.845592194999991
10.663529555999988
12.27389308899999
9.992248173659991
13.01058801899999
12.704316045999988
12.143650600999992
13.200208512999987
12.603900116999993
13.277513315999993
14.42753639199999
13.130170958999992
13.722738471999989
13.231444126999985
14.994392183999997
11.782756612999997
11.393209070999985
11.155840081999989
13.152451626999992
11.826822242999995
10.133354851999991
11.723014475999996
10.538642899999989
12.461407944999992
11.97882703599999
11.145787279999986
11.458598096999987
13.147966335999989
13.60592625099999
11.068320745999989
10.13794899292927
11.41298162099999
10.50896021599999
11.197809150999989
11.254922140999993
10.605551616999984
12.683109339999993
13.83776127499999
13.511800001999994
13.818746317999992
13.179598266999992
13.043671540999988
13.431340751999993
11.975420907999993
12.175231107999988
11.168451304999993
11.07888389999999
11.269982084999992
9.966832633999978
11.265614223999997
12.163338982999994
14.652602115999992
12.92816748999999
14.536162557999987
13.82112314799998
12.939737952999982
13.986847065999985
14.876545231999987
14.457409354999992
14.275290870999985
15.035959282999986
10.82859730199998
9.908608082717105
13.071809929999986
10.085444200070704
8.891195199594861
8.438220599405112
10.550042425999987
9.330730094931992
9.547619586135982
8.67788534699999
7.127690052797418
6.7906449004935805
9.92980266413598
10.678008440999987
11.420012836999994
10.65470750899999
12.84163563099999
12.277413085999992
13.49544400199999
12.798795835999982
12.951045041999992
13.44334949599999
12.31128295599999
10.842712372999992
7.227418389899999
7.521608297696146
9.400416189594877
6.397793870499984
10.19806155533999
11.768861017999994
10.97065465399999
12.676597197999993
11.53874672699998
9.14809363710127
6.9411351409999895
7.788482443202546
6.712671360799986
6.343286495999992
9.734830039999993
10.955772155999984
11.287363881999985
10.877942666999997
11.900746422999989
11.259265839999987
12.015503405999988
11.209859446999987
11.297693328999989
11.43936163299999
12.053323520999987
12.470182297999987
11.686964173999986
11.062832595999987
10.791296442999986
7.763454582202541
6.76304127959486
8.596095150791978
7.3767472426961405
6.656566299405096
7.633057365405101
11.523769526999988
9.232200735339978
6.996255924999977
8.34117383879742
4.087343611099985
5.270690679899988
4.060157527199983
5.897806545999986
6.665568348696142
6.6594705153999865
6.818677960199996
7.131821679696143
4.259903347799994
6.936567407202537
7.1228774734050955
4.954773561099981
3.90557218319998
3.2230268844999794
3.368135812399975
5.163455685405087
5.006092492699975
1.6389539382999774
2.7217192595999764
4.608166328405075
6.972375749202539
5.408420494099978
6.370956669599995
3.06671027979998
5.4610838698986965
6.3157753158987
4.123577430699976
5.434778016699987
8.184119035303825
8.023387002594859
3.7157612533999784
3.260962249799982
3.8442395156999836
6.778681840493577
7.8738646407974215
8.601533842506385
8.026379162594854
8.49638942110126
8.24780520486397
5.956390127594854
7.727568154898702
6.576075506594861
7.905742378202536
7.81413556059486
7.688196737696146
6.420931661999981
5.999821452303814
7.462855110202536
2.372862557999972
1.7660458404999804
3.8873641540999757
7.342788392594855
8.631891297898708
6.764367903101254
7.339949085999982
7.339375881999976
7.542643009898706
7.039102494797424
5.600513661202539
3.3519878158999745
5.773372582999964
5.905710798594856
2.769629754599979
2.246935592699977
6.263511849999973
3.7822148482999842
3.167099404899982
3.4481890548999767
2.841085928299981
2.67413869929998
4.9229487105999725
7.3007524414051
4.918534992999977
3.9048298552999756
2.0749356307999944
1.9067809859999845
2.8500847716999784
1.0484052629353477
1.4243103042999763
0.8531984702099987
0.8675017546795977
1.2145265456999952
1.165674014864625
2.6170830260999742
5.378811613499972
3.611982574499979
8.907346627863978
7.8693812271012655
6.922239327999978
8.13913702550638
7.583599940506377
6.836580454999992
5.253863484199983
5.0369744842999715
5.367680731199985
4.990378376799992
4.5049816161999745
6.355364544699977
4.869340180999975
6.62563911589868
8.33738508449358
4.689475393696131
3.6986237227999665
6.0132998717974075
5.64300179599998
6.345943107599983
4.195036619599976
5.010865708899987
7.326655886797422
3.498293717999989
6.9576353821012615
5.820247718799989
5.0334961638999784
6.962143768303821
8.709717419405104
7.4800437468987
8.218419630405103
8.246815583797419
7.501204919405101
7.019000814797428
3.563214182999981
5.592107202101247
1.7463530364999758
4.203009239199973
5.462509316999966
10.125241497858543
5.693910646101255
2.1621097060999808
1.634998518399986
1.6180335555999967
1.6393114426716737
2.475621166999969
5.109835023499975
8.782193473863975
8.300487304696139
2.809730303999966
7.97164875789869
2.9183532256999625
3.6766785659999575
7.093652084405086
10.043738825999972
7.793241877696134
5.239419161999971
9.818186819353583
9.244663928135983
9.01671806627198
8.943233839271983
8.734127835067975
3.422968681299971
5.850734687797395
7.890080474898695
6.271243466199986
6.066603382898697
7.628046983303822
7.747887409999992
7.881821153299993
7.718061871299989
7.895450080899991
8.008135803199995
8.232005396999979
8.66312734520398
4.931264015202532
8.134265119898698
6.434884530594846
7.612188851898692
3.746496543899972
3.80256919099997
3.8853615874935605
7.552682463101246
9.225098966999976
6.574109922797415
2.104031439199975
4.728136479202525
6.068247332799988
9.575929788135985
9.841224134858543
8.8491942138987
8.929441258202548
8.666937727271975
11.822505480999988
9.648426777727995
8.606022549405106
9.110865118271981
10.757329278999997
11.576067588999987
12.612767724999989
12.917972643999997
8.953484263717094
8.641250251797432
10.39100311728287
6.5588229491999925
10.81666881699999
8.375304911797416
4.254251557899979
3.7992332869999754
8.500414913898702
8.418886891196152
10.2624401567171
8.604555154271974
5.26413632659484
8.394991714506377
9.037631976203981
10.766515272999973
11.504446958999988
11.11462149399998
14.700718662999991
13.940413286999993
13.624331437999988
13.024844434999997
13.269461510999985
14.079269167999993
13.447287166999992
12.213657226999995
11.531386078999994
11.450965668999999
13.494760973999991
12.916851432999989
13.236406554999991
13.479731997999991
11.334823914999975
12.915723325999991
10.658158719999978
11.106099665999979
13.685498559999994
11.289868882999992
11.682641549999987
10.583625803999988
13.027154906
13.482969056999991
13.046934864999988
13.178514626999993
13.695351381999991
13.591289936999999
12.60638344599999
12.997773548999994
12.324286643999994
14.107696326999994
13.452255858999996
13.44572820099999
13.27221529099999
13.118278684999991
14.061215478999992
13.314870843999996
13.047566742999987
13.358142473000003
