13.30192092999999
13.52253984799999
12.780650585999991
12.466962018999991
13.548274991999987
12.925737148999996
12.786131539999989
11.222340161159996
11.42357382699999
11.435092822353589
9.367679812727989
8.744972917202556
8.217080751
8.778171586594873
9.323788740493594
10.883249431999987
10.54129898499999
11.600924987999994
9.804170855795997
10.394420247002724
12.883469613999992
12.133526697999992
11.094596961999999
10.065066896070709
13.043875918999992
9.715503375202555
9.720471495067992
9.099745655797426
12.135293601999981
12.733122753999991
11.665324769999991
11.865001874999988
11.154061092999989
13.044185221999992
8.675800585898704
10.88101042499999
12.284129529999992
8.00956003110127
4.528955221599995
6.689607444799993
6.399524140899993
6.815921705594864
10.332682568282864
10.940142492999986
11.187697817999988
9.55637200613599
10.781299373999989
11.454253267999992
10.947261616999983
10.649358960999987
10.153676127717109
11.396088994999987
10.560848949999986
9.13788104250639
10.480713546999983
7.741400857493586
7.9417574692025426
7.32496809230382
7.407157740799997
5.338750288399992
7.737862591599997
8.357170611594869
5.951574020405102
4.782140356399988
1.9025062453999768
5.043421891799979
5.189008669999996
2.948327467299982
7.057893113696138
6.343018321199989
6.137858111594859
6.70853459009999
8.188371629303823
8.992769160519982
4.174862313799984
1.7816039336999911
4.64166403809998
7.77252647089869
8.417907101405095
7.835545277415978
10.23840280499999
8.971345628405105
10.131462425141427
11.712468230999988
11.555684276999987
12.229018422999992
11.644230405999995
11.232377996999997
11.302105555999985
10.423464556929261
11.710263828999983
10.05773096778782
10.037684751929266
9.066641982999993
8.668924061594868
10.06153026113599
7.247645434600002
8.004013035594863
5.884448104899983
5.321292826797409
9.953284481858546
4.649763825999991
4.724264958199987
9.724631411795972
9.20235941469615
9.199675390594873
10.227253108135988
12.132862349999986
8.04643030399999
7.517551591506379
7.282894079594863
7.110439266999981
4.208652760299996
2.678119508399993
5.505606317099992
3.9272603820999974
2.6483924468999867
6.356836064099985
7.9012370696999925
8.983717900067983
3.3284835982999925
1.6291755401999954
1.723165505999991
6.158811543299991
4.7084106475999885
4.983841392499985
1.7889399260999925
2.912799685699979
4.9250452102999835
5.2926875945999825
6.293208421303816
7.170827888499999
9.032212824999997
6.848754151899988
1.6954166595000013
0.7715544805493577
1.9588503341999999
1.7426022994999968
1.6254519318
2.8635299544999846
3.2055952559999876
1.0021913716203983
2.188230987499993
5.4541846146
2.5697235122999933
3.2204301696999953
3.5079785141000004
1.7220512420999987
3.323222956799986
7.298797923303825
5.513191503899985
4.991412760899993
4.981157463099995
4.023514126599998
2.7390809921000017
2.2150637482000013
2.101270080599987
2.618837141399963
1.3283165421000018
1.551613290400001
1.4159047744999982
1.4365349410999944
2.9322281890999777
2.544712251299999
0.8099743130699993
2.741580102499974
2.588335736099982
3.026060874899992
1.4631074218999935
3.916584608499973
1.988400660699997
1.1277233704
2.9128301406999917
1.5692812118999988
1.050253981300001
1.5363717254999736
1.4714450333000013
1.3989585418999948
2.7293409820999845
4.276541224699989
4.382757139599985
3.5801287261999915
1.3898006316999942
1.5115862884999878
2.7892991073999984
2.4861056029999977
2.399563230899986
3.6364989806999954
8.310393487659974
4.761513149999978
1.6815541686999975
1.2521194625999983
2.6235178985999985
3.13055210719999
5.218934736599992
3.834164361599978
5.371047384594853
5.405056413303814
7.6040661376961305
2.502823873899987
6.279160040303803
5.97337168269998
4.93661869659999
5.76092747499998
8.356201188795971
5.199080963099996
6.065580361899986
5.950790939299994
4.393825839199979
4.341998495499987
1.0616267964117134
0.8510052692400005
0.6649550304405085
4.021893067899983
3.92789475859999
4.548493649299987
4.8419488662999814
7.778424980202542
7.3513560714999935
5.321768490599992
4.794087722799989
4.69406845859998
5.613706964099983
3.5700302947999933
4.272380162000002
2.0389563064999967
4.842953532405082
6.2510408629999885
5.1094148559999875
2.8801720963
3.290778765899974
3.8472669097999868
6.772852610797423
8.39365232699999
3.1939044204999907
3.3021328856999914
2.1266201079999822
5.280171844506358
3.835826623493569
7.842954676797414
9.110688342303824
5.438241857899995
2.370603843700001
2.4341194930999825
5.2577593643038085
3.9510288390999913
4.402673660299991
5.994964765899993
6.525538168300006
7.680532258600006
5.003192024199984
8.405613436898703
5.452889405799994
2.979980334499994
2.3345091400000064
6.446851791405097
6.5931030014051055
7.320470992999975
7.51767753749358
9.056081915303828
9.68865288393199
8.282790801999985
8.771375707999992
9.370027360493589
9.59519589999999
6.540617889399992
8.454357714797425
8.213875804101258
9.765027448999989
7.469394561797427
5.5875074737999935
8.4524810348987
7.1147882187
8.289038999898708
8.457232527202544
9.203943774405115
8.670271829202548
9.825358851727989
9.743359754929267
5.991682293699988
9.25570137186398
5.926987980699993
2.3087225036999866
5.039730062899985
7.388157711799989
7.860902954101269
8.579524880999982
10.572900561999989
6.395141850303819
5.852271464493579
9.082023042203975
8.214215855405104
3.242889141799988
3.019657415799985
8.112856922898699
9.619363607863985
7.916214038101253
5.8831041611012544
5.013404699696126
5.025983520493566
10.067807563703983
9.873849139405118
8.493579925493593
3.947821206699985
7.8891155594051
8.043342521696138
9.59960592499998
7.23611382599998
2.3790550048999872
6.482673060594842
7.148391952493585
6.955193722499993
9.668431794794229
9.90777355799999
9.633713253858545
10.464829210002717
8.810182580594867
7.798106906101268
9.854696064863996
11.950267203006394
9.07908753969616
11.161572135999988
10.840094486833587
11.934190941006396
10.652985858159994
8.041138766499987
6.742732240303818
9.341824146999988
11.158329665999991
12.584169103999999
13.207483413999986
13.041761950999987
11.961612731999988
12.713785734999991
12.566924059999993
12.487875351999989
11.18008240399999
12.795455098999991
11.839021396999984
12.813853719999987
10.85157049399999
10.510268352008152
8.898257945303829
11.42669313799998
10.064203143203985
8.295277386506385
9.461648655696148
9.834249226282866
9.539129763863993
9.411457347101276
10.670466005999991
11.037526236000005
13.098574817999989
6.775222070303803
8.990587699898713
5.767411947599992
5.717130024699988
5.854803283699986
7.4243417708999875
8.678308392303839
11.007928413159988
10.498312569008151
11.843903847999988
11.332880269999988
10.331595043999988
11.660238961999994
11.365276577999982
11.363515603999993
11.924984488999991
12.594362354999987
12.163627729999995
10.367235271008157
9.532185208067986
6.429533695999994
8.435061898800008
9.397630326791987
9.786194993727989
6.50093389429999
7.535010552999991
5.853645248399995
7.894135655202544
7.484789796400005
8.866551469400008
9.381059809931987
8.792646699493584
7.601891209399992
7.216567607099995
8.22391016689871
7.997327693199999
8.603102561999998
10.688910427999986
13.620230559999989
11.068905884999987
11.992135798999993
10.476327422999985
9.698680743415991
10.803221216999988
11.231478782999991
12.033338462999987
8.924246797202546
9.659523362795992
9.93232167506799
9.390464918493603
8.31251594390511
10.069388949557112
8.733944389303831
6.507916281099994
5.265615864599991
5.947829382299993
7.662536997999991
10.171500357070713
9.643120599282868
9.798441181931995
8.83588640750639
10.424485926999985
10.087612306141422
10.754785572999989
11.646231028999992
11.37796725
10.270810181999988
9.957547726271992
10.79247985799999
10.96489953299999
9.252882430999989
7.458574752799993
10.952498423999986
7.908533749405107
9.09330322879743
9.558107861303833
9.156869779999989
8.303494172696148
8.819199343898713
9.281288209493601
7.8341521087974275
11.078947881999985
10.236158478999995
8.174371075405107
6.733195608499988
7.342833286999975
8.689410734594876
5.792261491400006
11.611929596999987
7.56726710210127
7.83426478420255
3.9327013411999885
6.681050819399988
7.703331552101267
5.61603939509999
5.344435629299987
4.440886614999997
2.7899247603999857
4.243009509299983
7.05797713010127
7.465361354101253
11.020563863999989
7.736625132797428
5.083600959799982
9.252980763135975
5.9284832213999925
3.498638706999981
4.556115435799997
5.345770263699988
6.5077870224051
7.683672892799998
5.488758769199986
6.89333808140511
8.57186542210127
5.070961183199998
5.782740585299983
8.479573252898701
7.812472920202537
8.362340992696145
8.752942120405105
5.714601744099981
2.853701432799992
4.671766593898686
10.094116908212147
6.66950379489999
9.026355448931982
10.892757604999995
10.74900586199999
5.878563059999985
2.915001995799972
3.5107895203038098
4.857385127299972
3.974952261399989
2.4924148635999885
2.618975184599978
5.900000649999978
5.376084550499984
6.82484716489871
7.015654148899993
7.537999800101247
7.888058952303816
8.428816015594865
8.207641160594859
8.395266526797421
8.783238792405111
6.793754673797428
5.507390847799992
4.552811740099989
3.779063046299999
4.0739919388
4.636875599699983
6.2313516448987
7.137349758898706
7.436310707101269
7.662994210797423
9.364580673202559
4.659316117898695
4.101934762594848
3.317702777099999
2.0108784423999917
1.5700383040999852
0.7033223154999957
3.270753346299999
2.2535362380999944
2.5567385039999775
4.52477092589869
4.508575077799992
2.8335995299999923
3.0088003020999707
4.295505660999987
1.8662796889999986
0.6703670600898707
1.8852601730000031
3.597608479299987
4.877276934799979
4.814391180399986
2.511538455199999
2.4149062056999986
2.7670151215
3.396899876400001
2.8583171874999977
2.5766672255999987
3.027870219399992
2.6448173644999975
2.4605897628999984
3.5772823409999894
3.6812781600999966
3.8848865691999883
2.56569174039999
5.370930520599993
6.3172647902999906
6.907448413101264
7.004799375898699
6.120051170303815
5.568015615797419
5.228699583405091
4.534505621299983
4.740081597899996
5.491474374399997
3.827270951799995
5.386087628202531
5.7710027923999805
5.359758950799998
3.8129039199999957
2.6857774322999997
2.1143408142000006
1.6990429626000005
2.7158430877999757
3.558893336500005
2.2511625106999973
1.8381266112999968
1.7067960357999858
2.575563125599974
4.271638348399992
4.453538038599975
3.296395240797401
3.359771841399997
5.159811772199977
5.143976014699995
5.4891862563999885
4.890673396299994
4.529410185199987
3.3215540816999973
5.049395921299994
1.6877340484999983
3.1259419829999926
2.190435253899993
1.3005939925997256
0.6754017952899989
2.8097024718999966
3.7540341292999897
3.624070196499993
4.378250944499988
4.845210786399985
5.612750299099993
6.063097621199988
6.105779914899996
1.853590597499993
9.061910488898706
7.14207283020254
7.354433290101266
8.657490037493588
6.4281395614999886
5.1460998259999995
3.1512937957999765
4.634676525899981
3.825818136599986
3.8274334365999794
3.197430387899989
2.1964778121999995
1.1199024489999994
1.6700076430999986
4.3482046981999725
2.63938008879999
0.9407224771339862
3.1455088927999806
3.8342007995999836
4.672914382899983
6.414421025099989
8.203805544999971
8.633663531506382
7.931363075303825
7.868054521202538
8.672076707506383
8.639883715797422
8.434672561594864
6.494242233299988
8.547832667493578
8.878984637506383
8.779340663101264
6.968528956594863
5.081357473799984
4.98145339049999
6.305780303999981
7.13602623750638
7.258939366101268
7.343162785303815
6.811554418899986
5.379138008099992
6.595952023299998
5.508183714299987
5.6455138884999805
7.662750279202532
8.095809570303818
9.648592463795984
9.877754872103996
6.997653724696143
5.66874866329999
5.719118804899994
7.970255038506386
8.24785001679742
9.478477456795988
9.232636366303828
6.580895243797419
5.190448205594851
6.449973452803822
4.83532849879998
2.8972378249999937
6.897088813799993
7.73445338130382
9.849784857141424
3.480288818399969
2.9486549743999793
9.460343800271975
7.792138279696147
8.785051086405106
9.556631391931978
11.126053997999989
10.056992489717109
7.519887763999992
8.44413220369615
10.669644765999989
10.107655647212152
9.87639388586399
9.095821038797428
8.282725692696149
8.155388629202541
6.651445292696144
8.851134713696146
9.707345150870387
8.123457481405111
8.45024919889871
10.836658095999988
8.866316609202546
10.55342036699999
12.649010866999992
10.40876721599999
10.432173374999989
13.269083127999993
10.021759045282867
7.5081856338987
11.62798424499999
6.942459339899995
8.17407195130383
8.630035742202558
10.108703341794227
7.03567729799999
2.366828189099996
4.306255660999968
8.002284741207978
7.37418105159999
8.180065316797425
8.809506520101264
8.737862235999991
7.2458060027999895
8.680738265999992
8.322820790101277
7.094245368999989
11.781637775999979
11.133893818999985
11.84511112965279
10.386343996999985
6.69583003229999
4.825353605699992
9.68056084293199
9.622914016696155
8.489241781594862
12.521465685999985
11.100810355999988
9.053113388101272
7.156311567699985
8.008753108199995
11.868973877993588
8.90939219820255
8.565140016196153
11.699791340999989
12.34556056499999
12.830274123999992
13.008217083999991
12.027642698999994
13.68477179999999
13.30029854299999
11.276536789999994
8.743154869101271
9.232973854101273
12.058349759999997
12.526578502999985
10.552402521999994
12.100465767
12.36657682499999
11.858318006999987
11.753731821999992
11.129961367999996
12.55018235199999
10.197775459212142
13.468450332999987
13.246461901999991
10.29790639027199
9.098835823101272
9.977720300203998
10.460859913999991
13.566458483999995
14.46420126499999
11.49871406999999
8.15407710420255
4.971025692699976
9.175306367506385
11.090161667999997
9.54120856320255
7.260326592999965
1.443736581399996
5.626957978797401
13.131555672999989
10.879626078999992
10.76743655999999
11.409678492999989
9.692640762212152
9.192560125696149
9.67281166827199
10.858975164999983
10.559418731999987
11.897475620999991
13.880653844999992
12.186574271999989
11.676596946999995
10.971358964999999
9.832337470999999
11.96138546799999
11.864810174999985
10.459465986999987
7.3679519408999985
7.243295335399994
4.702438951099989
9.742127459787822
10.202182057135992
11.221439528999994
10.324167411999994
11.500975420999984
11.988953560999995
11.073933861999995
10.394944018999988
11.295407766999983
13.352746013999992
12.269020749999992
10.548760180999993
8.109980413797425
11.943182931999992
10.751094953999987
8.929423786898706
10.970650687999987
9.09436715849359
9.009551486202552
10.381779690999988
13.718766183353589
12.416861584353592
12.227898363
13.295188723652782
9.406108888135977
7.734823896797426
8.670535661297428
10.27750609599999
10.45248906899999
8.659224957303826
7.982246273797425
8.410762258898712
9.094731024202549
9.21528064120255
8.463785607898705
8.58176876069615
7.546133854696153
8.963721565196156
10.42299212200639
9.124227067717097
8.863392578101262
9.855559892203987
11.871715577999987
12.015950808999987
10.510511736999987
10.800066433999993
10.06008552699998
11.049892667999988
9.685128535506394
11.269681296999991
12.016888462999985
9.001560777303833
4.7297115996999874
7.010138040199988
8.361047804303832
4.745623597700002
10.304138685999998
7.625539385999983
4.733428958099989
5.097013619999979
8.390511672999978
9.458924722203987
7.753504098493581
8.713921765101265
9.580768977271989
1.8002520904999952
2.5049528457999957
4.414990783696131
9.231833195499979
5.325846636999986
6.419415953101249
5.678168272399994
8.188661105297427
7.098390174898702
8.33422120359487
6.666613967898703
9.013113005067975
11.455662726999977
8.469983439594865
7.225284211699996
4.1611393142999935
5.678248193399995
4.064760517899991
7.236825811797428
7.979182980303829
7.090946974202541
6.0159605208987
5.224286216699982
4.055037292500001
1.004954105385855
3.1110729415999896
4.577204179399984
8.389180212405101
5.532609104899979
3.5575053664999703
8.558084991506389
6.368398994399991
9.665036383101281
9.391119598271985
9.976234501727998
5.916523576399995
4.014773609899991
2.119566328399992
6.376137387101259
3.8309707442999956
1.3711393645999999
2.527350225800001
6.288190327499987
9.542836372405116
4.870534071399994
8.350840716594872
7.104167727696147
7.229138528399992
3.3666618422999903
2.250160960399997
4.103150440999993
3.1492754958999973
3.3942310271999996
3.099496389799994
0.8231468549795946
2.472862655599992
1.9993700317000003
1.679758058199999
1.9864242064999984
1.6931619155999997
1.6909400894000002
4.3814371489999635
1.5499040679999945
2.013717242400001
1.0467681930999992
0.737258163069999
0.6670287248594865
0.8842902562103981
0.4884529606799994
0.9625435758717045
3.4250910476999636
5.950755281101251
6.615271606405099
4.437603427099988
4.1216399810999835
2.5527389342999993
2.9233749741000046
3.5201246613000046
2.4813282226999966
1.7410653701999805
2.141649760400001
1.9985842040999975
3.2493896804999913
4.159361393699981
3.834697784399986
7.334462484696142
6.286053860499979
3.4840350646999805
1.1751901321000002
4.512732417299969
5.812831845100002
4.212353543099978
7.312820133999991
7.054516206405107
6.2239354462
3.8811324523999957
4.117507940700002
3.5307265045000005
1.6276626662999996
1.6034733657999918
0.907899918927197
1.0943159645999987
2.8008866546999993
6.00966554569998
4.054785150099994
2.8789582213999965
2.6239323958999976
1.1391390860010855
2.8577616942999877
6.686241062899991
6.184562568699987
4.101824868799999
4.150072486899989
3.788724050899972
0.8912708892858532
0.444253313829999
0.8529636818899995
1.5793695922999778
3.2457821074999793
3.298368835399995
4.074875726299992
7.464489163202546
6.567462008699984
0.7560784345594868
0.8221657430727976
1.686567979399995
0.670125880909999
0.4860919267696124
3.465224479699994
6.024404069493578
4.114211906399997
3.980406120303806
7.8234056548987025
7.572521403493584
6.6740162978999935
7.89809858399998
6.277982252499992
5.691651097099993
4.644767600999984
1.992219161999995
6.487905187999975
6.928840405303823
8.925566343696143
9.806542884863987
7.171107482898695
7.835766163599993
6.302151525899992
6.455330941799986
8.464823431405103
7.236781332399989
8.074455302405095
8.593672392303821
6.9840438965063765
9.50633966985854
10.616841959999997
10.024161105212148
8.149702780202551
9.876741284135983
6.0406516723999815
5.605233608999986
9.185469963067987
8.175952229303824
4.564892057799982
1.5484772689999937
0.5603417978299978
1.2134822936999974
7.245004190099993
5.115392564399985
7.301317282101249
4.358179836999979
1.4916133052858283
4.178915011599982
8.132930609101262
3.542162033099981
1.7729899077999918
3.8792979934999825
4.207497335799984
4.590506050099986
0.9229151629271939
3.3450051330999733
7.395886601303813
5.39885955659998
7.7356001418999965
9.78102041479599
10.30407152899999
9.736087020929261
8.109716235405106
8.611205816696152
6.605944752499984
9.209630027797427
8.966835678067978
9.598947369282861
7.975423469493589
6.9746661071999885
8.145370324696144
8.561254882797426
5.737080383299989
1.809611555499988
3.217463911399984
5.92758765559485
4.271413674899973
2.7137099669999913
3.7971700133999846
6.047732745399989
8.708215248101276
8.53198859249359
9.179339981101268
7.7530014267
7.320378344696149
8.167682240303819
7.052148168898704
10.210577143999988
3.99316347049999
4.209196339399982
9.54788371436398
6.52636231539999
7.954045042398698
9.05000188899999
6.0489123947
8.104668795797432
7.974448817405107
8.970043356303824
9.904482121203994
9.198687354999983
10.904660051999997
11.722082541999987
11.63710656099998
12.014969385999995
9.789008163339991
10.821880883999988
10.590851592999988
11.645504752999996
10.742087702999983
11.83387513099999
10.84219697699999
13.54826976499999
13.60572742599999
11.57315798499999
12.183183181833597
12.738298701513592
10.715469284347186
9.75032118828286
9.743218331938392
11.614556094513594
12.164173305999991
10.515599631999992
11.517435739166396
9.589947782765591
12.146056434839995
11.49458277099999
11.401191144999995
11.374367295999994
12.130214738166389
13.013210804839987
13.79195281799999
13.369770725999992
13.671870241999994
13.447593194999989
13.015198980999992
11.946722411999994
11.719869980999983
11.425575303999992
11.749027494999986
13.859927192999992
12.826999230999991
11.785195945999993
13.62606958299999
11.479366894999991
10.538935111999988
10.742805112999994
12.16183087499999
12.153186539999993
12.25118360599999
11.200547199999987
11.102732384999985
9.99339935472799
9.67195854031199
9.21091174469615
9.773350082405116
12.712216038999994
11.84080017699999
13.374212624999991
12.05517654999999
13.323520794999988
13.10694931499999
12.67425194099999
10.637274035999992
7.739590406799992
8.159148863202555
10.497271648999984
10.493351688999988
12.10164900199999
11.641811443999988
12.053669561486391
10.793309848166386
10.663602253833595
11.740450554999995
12.269820659999993
12.274943084999991
12.92442891799999
12.32671023999999
13.463921125999992
12.919816738999991
12.367422597999992
12.37992784599999
10.718191878999988
12.215296223159989
10.49025949899999
11.884853799353593
12.514380995519987
10.990598702999987
8.204871041898713
8.069948634303827
11.06056417699999
8.00233752140511
8.847207531696148
8.451411105303832
8.775066119405107
10.44175355199999
8.190272299202553
11.126478332999987
11.681853547999989
11.62660750399999
11.50159293399999
11.093395383999992
8.418117187499995
8.433956332405106
7.952326492303824
11.555958588999992
10.930383098999982
8.552748586999979
9.863412448067992
11.745729969999983
11.666751114999997
10.07794065399998
12.136806115999983
8.344064607202538
4.678933218399984
6.380422773696137
5.977009143101256
10.215531483339994
11.760339652999992
10.098789120353588
8.154210960405107
8.666240571594875
9.678032159271995
5.153656549099999
8.236116046101277
8.01650712889871
9.121359378101271
10.694071244651836
7.724276715099996
7.164511213687966
9.338284146067988
10.316449846999989
12.322757593999986
12.340995913999988
10.485216085999983
11.711176659999985
7.577700794999976
9.558417748999986
10.283722527999995
9.179329049795985
4.7318477035999855
8.044576487696146
8.694164976493587
5.011424929799999
6.332852004999987
9.976174449141434
10.791768401999988
8.292529688999993
6.265035249299995
8.19550305940511
8.665478337101266
5.50601709289999
6.573095658899992
4.6156621505999915
2.2178232558999964
8.297681803898701
6.745294306899992
10.377654966999987
10.639434606999993
8.250890306101276
9.892292909141432
6.71994302979999
4.1447812102999855
4.96484112089999
6.125983084099992
7.2804024353038255
7.63942486269614
8.917300129696144
9.323212550405115
8.289328628500003
6.21369292910001
4.1849875961000045
5.868628668199995
7.016647543299989
4.288251277199991
7.372348605303817
7.259641020199992
7.446804388405112
6.907819036899995
6.004638421599998
8.227198602303817
9.603869430659989
8.032164154101263
3.6168222640999805
3.992397969099983
1.333392291299993
1.8606094848999961
1.800281607100001
3.293845432999967
2.514879386900002
2.913832344099991
7.847570254659958
6.25851793979999
6.101494709797412
7.261911347999959
8.77736610713598
5.201477651999985
1.9620058181999998
1.950029901099993
3.969056343099977
7.0864751877000005
6.324299087499994
4.114361988799994
7.306401167299997
5.120717233299992
4.391540771499993
2.7073487777999974
2.2479657546999987
2.6114966980000007
4.406123307800001
2.1519971618999936
2.475965336599979
3.8078068267999763
4.667158328202537
7.419218043493588
5.2918854918999845
3.9633237288999896
1.0966234051787804
0.6726258132000007
0.8333460203199998
1.429182583599984
1.7457328933999778
2.4958701812999933
2.975739599599999
4.832699905399993
6.007582519499987
6.758169790599988
5.693249797099985
3.856544900499981
3.801640095499994
3.724375067099977
5.107597437999994
5.420770147699988
4.9373109969999796
5.706262525898696
5.53343305359999
5.727665525799994
7.060886178594867
7.358502391101266
4.1849395325000005
2.918236236599997
3.008503935199993
1.6413387786999978
1.2599736480999988
1.0142894896999968
1.708453752099998
0.710843541340511
2.9389621306961247
5.664985121199992
4.17442234949999
3.8838383880999974
3.9715801177999936
6.108337336699986
6.26730146939999
2.5875541320999984
3.4027885619999654
2.3933325774999963
4.5880403838999735
7.157492204303819
7.450110501101262
5.797334660303815
8.983032873493588
8.132719836405109
4.548968695099989
4.01366302639999
1.3500176314999999
2.5968541564999947
0.7723529422799992
1.78304895939998
6.518249873405102
5.47198664249999
3.3214008422999997
1.006135913479598
2.9969986602999765
4.922986216699979
7.619177546696148
4.699955570999992
4.774074291999984
3.8608828917999913
6.839115328999984
7.200901969898708
5.086965319799981
7.505174183696134
8.494117980999981
9.378416110135989
9.144506066898707
9.376367848135986
8.104173748797416
7.9142410645063865
5.559049626202524
7.228465263399999
6.075122611999973
6.113582250999982
5.599175996399991
7.007202584797426
9.048377320931978
7.223405779999989
2.4248680633999884
5.3477356338999895
7.684080448898693
7.689328831506368
9.293531996135973
10.981185868999987
5.502378610202532
2.463824766499995
2.0904294951999756
5.043977500899978
5.885349522399992
4.90309589689999
9.692602348212146
7.199657553099998
6.9270813843038255
6.82678729399999
5.13840665439999
7.6835254470999965
9.506802905203985
10.94668485299999
2.0335010848999917
1.7106890471999876
9.245919576999974
10.61882233099999
8.85138334050639
8.266146969594871
9.20139811872799
9.87629119578782
4.680769744899976
6.221407572898695
9.377718287696151
11.610200428999983
11.506054152999988
7.337648251303814
4.7882212371999895
7.3585457076961385
9.164543075727982
9.222720141594873
7.101201380899986
8.897808689898707
8.15857431789871
6.644135107405111
8.278598673999994
8.968382997103983
10.20610021978782
4.48258946839999
3.55421509699997
4.339439414999989
1.5567326507999921
4.064341453599994
3.9762506377999944
5.660159616099989
5.473313406399986
6.012746577499986
1.1602802398999916
2.6143871764999953
2.4717141494999644
1.5604213576999701
8.188207807931972
7.873886207594861
8.57110935359487
6.034936123699989
3.720737429799992
7.2583246048000065
5.699145034799991
6.6977009459999906
6.701263500999985
7.8715389725
9.023300378405116
11.024278231999984
9.126038096594868
12.201617941519999
7.535950413493579
12.733447043999991
11.028897765999988
12.691452584999999
12.322175445999997
13.021519443999992
8.021145423898709
9.833520494067994
9.068811010696157
10.315027794989113
12.723232854999987
12.731943305999987
13.26061969499999
13.323987783999995
13.892923240999986
13.016677627999988
11.183549647999993
10.68906895099999
9.360789201405114
6.323073173499988
7.371095271299992
7.059751654100002
12.756369698999993
10.982466245999992
11.11372156999999
10.860600161999987
8.895038395696146
5.8150549346999965
6.163368597399974
5.272146470599981
8.157735722405098
9.917305500863987
9.488670803797437
9.161657241797428
12.22578754999999
11.643997638999991
11.920968114999994
12.156782007999995
13.472476241999992
12.870158622999984
11.444073990999991
9.756918077070699
9.008049047895984
8.976426248141419
10.472763883999976
8.474222116101265
5.5781543258999875
6.386659909099994
7.653974822999988
9.02562776030383
8.576390454101265
9.331263299594873
8.55738751369615
10.462516533999993
9.60953872078782
10.982932659999989
8.936026820405107
9.051291979999998
9.429876386999997
11.596272889999996
12.766367359999993
12.922019077999988
13.166664885999992
12.747943149999987
11.436848774999994
11.237067165999996
11.455802582
13.536590616999995
12.425260673999986
14.076197872999991
14.10285695799999
12.710446862999987
12.13216984399998
14.790426973999992
11.479807667999987
13.886080700999981
15.911335819999993
13.84706958599999
12.161690412999988
9.344157688898713
7.235992149400001
9.545076950067985
10.42495021399999
7.973210900899995
7.53477145389999
7.242378910799988
7.595570304898709
6.222585566699999
12.714587931999993
11.649882143999994
11.067889019999985
11.967039159999986
12.98193932999999
13.013181714999991
10.710182030999983
8.100039501999996
6.606730036899992
9.335460150101273
11.311622315999987
9.44838816213599
9.958909228659987
10.153889117282866
9.306911134303832
8.014153495797423
12.509349888999994
11.993914698999983
12.855726542999992
10.730644455999991
11.355129365999987
11.676796459999988
11.976132799999991
13.43300020099999
12.637452317999992
12.173172776999987
5.536710414099994
4.415298550399974
5.797692918399981
7.055122605899994
8.598074723797442
8.900159779405115
6.383069696000001
6.555633749400004
6.935532824699999
8.02689254459487
7.7642410843038245
4.844959634399987
7.643429403696148
5.508565446499991
3.6997895492999935
4.888303037999987
5.303540382399996
5.326925627099982
5.104511349499987
7.805067867999993
7.393287054405087
7.955483509797424
9.382797895858538
7.56645688020254
12.298677974
10.177545231717104
7.687806867999981
6.277397270199988
7.31285653079742
8.790126652493583
8.786562548797434
4.88349880679999
6.495539474506359
3.433886292999988
0.8345956112899994
3.7758326690999744
1.159815228299998
1.1723237991
1.0984276718000001
1.7908254486000033
3.725598693799999
1.0865348433999982
3.334482174699975
6.145507333399987
3.9964625106999794
2.675092661999984
3.7924792403999894
7.8951119597974175
8.051340959202541
6.734760064699999
7.220847088599997
5.596320811499984
5.227710346999978
7.1403010452025395
7.673105630506383
7.517955232202539
8.694144099405106
9.455849571141423
6.268483598299986
3.2481264251999926
2.1634708007999874
2.158445683299987
4.015667517099975
3.3736963866999905
4.3372029021999845
3.9522955367999915
0.8190731783898708
1.5924441010000023
0.8582882240299995
0.8919197794000001
3.120306944299993
1.4013432175000007
0.7638504966699996
1.0181029838882898
1.7890032166000005
0.9680700067479994
1.6062472672000006
6.081938981594857
7.003747967493584
5.905237774699984
2.2982208632999668
2.62734784389997
3.1212384551999883
3.0156817580999995
2.2243935120000002
1.9423419478999924
2.434941467299982
2.916849063099992
2.854167745999996
5.743611492899983
2.871904429599981
5.1155295196999955
2.0619664229999994
2.581932141099996
2.6094441513000004
1.528356877100001
0.7295003053699994
1.2242549957000008
1.6157079604999975
2.1686892212000055
1.3596596893000008
1.6645935164999937
2.0297732727000013
0.9379348490795995
2.0380069472999973
1.3276270156999985
2.261881814599984
2.870629542499994
4.53752079929999
2.651884826699997
0.8740355671899999
1.4546019515999997
7.560892256202532
6.737259670999992
3.5309779647999955
5.694742510999995
3.9165715056999995
3.0549755629999957
3.960180258199988
5.906195411696136
5.4443106017999785
5.717865631099994
6.381722825599991
5.229390505999996
1.0995819733000007
3.1660740264999725
4.583182884199994
3.9127081511999977
5.574416041594852
3.5349594954999963
5.738750695799986
5.814960295099985
4.996360612499996
1.1497160525991834
1.1913692274067906
2.929514022799964
2.811396047999989
4.418847323599979
3.6175494780999893
3.1393232146999983
4.156431100499981
5.107559582493574
4.2575722854999904
4.273322157299982
2.6433292800999992
2.5335270034999917
6.3530425034050895
9.356015345863982
9.313309870931986
8.111816802999986
4.733990365599985
3.550809124799983
5.581622746299976
6.2136666503999844
6.833465936303816
6.742530371101263
6.215319766199983
6.396011300699988
4.193402192700001
6.606126341202541
3.7927573806999932
2.713046447799999
3.1906236114999844
4.279909710696122
2.1502039061999856
4.200813662699976
5.416947276299991
8.593629707303826
9.163406181203989
8.431867803999992
7.006878907799991
4.198026023899985
7.590277796898709
6.722143373099982
7.5464433776999895
8.760041157493585
8.564922488405108
8.5785758804051
5.585528518696134
6.394605837999981
6.011019020101254
3.725605430599989
6.177455378699993
2.5517055983999977
0.9942225704141432
2.482773973099968
6.274730142199984
4.150866990699976
7.8434927002025505
5.678626760898704
4.3238085967999735
8.35271897130383
5.992468482999987
1.6797771483999904
1.0329928062271876
4.2755521132999705
2.8328261794999903
6.563578845202543
8.343348933405105
7.729079852303826
4.569807243299993
3.4180236525999863
2.5453141204999854
7.322222834797411
6.898797309898705
0.9793248255787785
3.204365972899988
1.6799512237999936
4.483591935699977
6.546149430799993
9.032674739067984
7.248865010099994
8.633239764405108
6.4130585479999755
2.8158004638999885
5.4377676650999955
4.987192556799988
6.699634788493579
7.797112422202537
9.654227432203989
10.285998356999995
5.228991090399998
11.107150940999988
3.64876223909999
5.038833859299977
5.175029199199981
3.46724424589998
7.598865989696135
8.6515275268987
7.509633358797429
6.984394988999986
6.107152525299982
2.160111695899982
1.6000721221999847
7.211866650405108
4.3773016067999855
8.353893772898708
8.1456989348987
6.561508483899982
6.091303131099988
5.398511657699992
5.051291909799988
5.458637335199979
7.507759922797422
7.24044992219999
9.835472976795996
6.752214742999988
7.221287902799988
6.837447531099978
8.899635519405118
9.276485639999988
9.314711492931986
7.208733930999984
5.632957231099987
7.851526866099995
8.699300912506395
7.516163464399996
8.681839721696154
11.682769036999993
9.550212448067983
8.574257931493594
11.490817992999997
10.566854755999994
8.794603384405116
7.541308515899993
6.9512118744
9.058646092202558
2.0898826705999904
7.886450466898692
9.560486946101273
10.760279894999991
11.494099029486396
9.757789472999987
10.772648102999987
10.414062923006387
9.099604536405117
12.065042563999986
12.443329464999985
10.898829851999993
4.369022608899993
9.772952409442867
10.266218708698542
11.567785215833588
9.085401339696151
9.18216281429743
9.046030607594878
8.367393653898707
10.914419260999981
9.033029946931986
6.527230526700005
5.933863345299997
5.564464654499995
8.956430516101278
12.358688445999997
10.303603493999992
10.954966662999997
10.135917828271994
11.84641387499999
10.903234992999996
10.298448293999995
12.591675687999999
12.156380298999995
13.165216887999993
12.63923389999999
11.34106103664639
10.161752503999997
10.770294405999987
11.682127261519991
8.692211973594867
8.206753683506381
11.072346915993592
11.928218157646395
12.113134555159988
8.680877897583974
10.737645066833593
13.066064400999993
12.749198198999995
8.352244515999997
6.666696098299988
8.78813602140511
10.739239022999996
7.57437536159486
13.809480880999992
11.469942684999996
10.233331199717108
12.552564100999996
11.44913937499999
12.237211289999987
11.962300184999988
10.250172156999994
5.816677729799988
9.948011236717106
12.36998595899999
12.26895638399999
12.706992701999992
2.0335193526999853
4.440310189799986
4.672175369299987
11.230426500999982
11.974842702999993
13.552608098999995
11.389024827999988
12.083166521999994
7.640156771898698
9.392671099931984
11.526284821999988
9.277278041070693
8.66454458010126
10.744701056999991
10.29784658799999
9.324722328135984
8.918958061202542
11.347238072519982
7.2884349135948705
10.665345099999989
9.59723916931199
8.717965689101264
8.632977178999987
5.852049114999993
4.707922096299995
6.6876757720999995
7.028488588000001
6.8208487502999855
6.7715348815948655
7.781983592202529
8.650118382311984
9.086917729202549
10.125012519858549
11.492103585999986
10.48151873178782
11.414145757999986
9.411613404797441
8.437706047101264
6.441568441797419
5.039860392797416
6.577765945399989
9.165579484601276
5.793202558899985
7.148662300094861
6.56993760990001
3.056391340599995
6.596321858199994
9.723614228797436
6.723145408594862
3.0894701644999913
7.301898385590376
8.678082110600004
7.28164713289999
9.75474427643199
9.036877958696154
6.837835906999985
6.779451563999992
8.020545140099998
8.00217534179742
8.66045877989871
8.83366934359487
8.858169042999986
9.70732830672799
6.0675206664999894
3.19052886199999
2.7809686279000085
2.9607739807000066
5.950796139500005
7.274166770899995
7.785492031899998
6.3720800293038105
3.3037066985999863
2.905202935799976
6.082526531999965
5.248422422799993
11.76252593099998
2.1078597381999953
2.6024665817000017
1.6066745743000017
1.890484085099994
1.4828371475000004
3.3574355544999976
3.350551180999994
2.429467395
2.2643427794999953
4.767195678699977
4.659207179299994
2.042233764599994
2.313861070299997
2.3782799804999963
2.5553573592999896
3.4761348220999904
3.4906929610999926
4.294978181499996
7.085641601594862
8.538084312405108
7.265357728594865
4.924818522599989
6.1565454955999845
5.860063789405101
6.656766336101262
7.252556980899994
1.6255305388999959
1.9306163527999964
0.9516533139202561
1.9420697951999844
2.068317515599985
1.5608248229999995
3.8547808150999914
4.302343504299996
0.7791419430699997
1.0155255797999931
2.7427510787999885
4.481803599493572
3.953701840199985
2.994639027399994
5.085408451799996
1.4176275298999916
1.6643945342999993
1.433720800799994
3.3801876418999686
3.0991823058999914
2.5480971953999907
1.403940077199994
3.2620076354999927
4.655541816699986
7.1769612578986965
2.122716415399989
1.3385941448997458
1.6527080214999907
4.76738356629999
3.1311136962999826
2.8800958405000014
2.0248179412999914
1.257304287699998
2.5337566634999757
3.535270507799996
2.5548849578999935
5.053472024499992
6.655232603506376
6.476020170594852
6.713764407303821
5.7651619644050935
4.403808532699975
0.9465780373727998
3.6624754699999613
3.858603889499991
4.742563028000001
5.807481143199981
5.676158399999987
7.437240214493578
7.337635971101262
5.647567294299987
3.3159057815999753
7.828833290101274
3.0306086425999976
0.5673792916303817
2.5177862487999874
3.044632192999971
3.608294012499974
4.438020945699982
4.308234381099981
4.358657226599975
6.175785176101256
4.829090655499993
2.83757733609999
1.7903076598999954
4.694585327099989
3.307046188399984
3.458724800099997
1.9944243392999987
1.1800218369000002
1.1648908812999998
1.4698889693999744
2.629018402099972
2.15345210109999
0.9004135538067966
1.5379433365000008
1.688155065899999
3.164690444899995
3.975081838999992
9.011460940727984
5.885928958099989
6.973002223202541
5.99414073179999
7.987903454599993
7.0726763595948645
8.142601527405105
9.030088642898711
8.429486134303826
7.612009992999981
5.203837577797409
9.126516924999986
9.063936418135981
8.626679887405102
5.67091338199997
5.818653524797409
0.9395131628999986
3.6496324676999707
7.794882307405106
7.679849357594867
6.305123471101247
7.458506780999978
3.5161330810999982
5.923146612493565
2.5967994964999845
5.16773918149357
7.973519456506385
6.203539822405101
3.6359030776999797
3.7735337188999747
4.080741148399998
1.3712735320999911
4.790833097799976
3.4472057250999866
4.0195052733999965
2.597645843499996
5.0284861815999795
6.728304232799988
8.939773474067982
7.788536921696141
8.227546980303831
5.606753422499985
8.53876302340511
7.139530818202535
4.812895460493572
1.458451022299982
6.09807638239998
9.209148095787818
10.12011696190016
11.706620447999995
9.315606767203983
8.58061622310126
4.639478855899986
2.231849864200002
2.479223913599982
5.318740878303816
8.26868954010126
10.037005970858539
10.0959083787171
9.477190805067984
7.432080389405086
8.622281237797427
4.895116760299991
2.975904498299977
7.189256991594849
8.731738183727979
7.9541659728987115
6.823957597405104
7.102351666303829
8.598943611094874
7.7019713593038235
8.73495154279598
5.485825465399987
4.401670721405089
8.658074400303823
9.074666845795983
8.088915429696149
9.371384959271989
5.695255680797417
4.343221279899973
6.941909670999973
5.096731300399989
6.612604342696127
9.326917573659985
9.555978947271983
10.877127413999983
7.598420121797424
4.825725778199986
7.867622898898698
4.353402766399991
6.63757399749998
5.048082827797404
5.711801362594853
6.048516181899995
5.721423591599988
7.777006150799995
10.680016601999993
6.14792207179999
9.525720315727987
9.669509632929262
9.02351836399999
7.407767492696151
7.310179185499992
8.749488374303825
11.525909673999994
13.220062353999996
12.488032215999992
11.159672057999986
8.136976856999986
9.58044144427199
9.72867332606799
9.405458950863988
9.426739228863985
9.603458186203989
10.174677602999997
11.513859473999995
11.781859453999994
12.210340552999991
10.558938723999992
11.138451844999986
12.270775292999996
11.014869584999984
12.201544289999989
10.885672010999988
10.25860690599999
10.88097128899998
11.122349744999992
12.06549259499999
9.724314997929268
9.809927470271989
10.225837135212151
12.173762273999992
10.798726835999988
11.140367621999994
9.814779573067991
12.428980074999982
10.994944820999997
11.761356583999989
12.148776980999987
9.812588128795989
10.172125271717109
9.368460891795989
8.633641021696144
9.458657394271988
8.537652552797427
11.088769199
11.290620003999981
9.135253715493587
9.027117535405106
9.410266017135989
11.611379423999992
12.431345963999986
8.920586021405105
10.203677726787827
11.422335319999991
11.512561019999987
12.734372933999987
12.244290981999988
13.752744426999987
12.994542145999983
11.387225773999994
9.305738159202546
12.001007639999997
7.821323265099991
8.713105836339981
8.735859890795972
10.762304528999985
11.989062800999996
14.237143638999987
11.032957886999993
10.388186150999982
11.157761486999982
11.67313320799998
12.353269930999984
12.04545745999999
12.472035918999993
10.875435169999992
11.756632883999991
9.535670211863993
10.104693299929265
12.946570751999994
11.549722391999987
11.009105672999985
10.642398827999994
9.33894596099999
11.23226436799999
11.828062687999987
11.715849729999988
12.549080471999995
12.086887751999996
11.219067760999993
12.618954188999988
9.370255953999987
8.55756926879743
8.090963148500002
6.5977230636999895
7.235874375898708
4.296517695599986
5.871496134899987
8.25620030359487
4.531844226099992
7.271257086202545
7.085867924499991
4.7397100341999945
10.163436075989118
14.186459769999992
9.863978297282864
10.86360857799999
10.830727787999992
12.789833970999988
10.274370805282862
12.363118769999982
11.764769205999988
11.825400164999992
9.137683908067983
9.989689997929267
9.935383549353585
11.62868583399998
11.805541079999989
7.080579070999975
6.779646801797397
5.968887440499987
5.939736115999999
3.810769639599988
3.350471386699973
3.7561149215999787
4.625514176899978
7.429975726303819
6.163984036303823
5.139111674499996
4.687958007800003
7.176860905500002
9.89318889479598
8.653309054594882
10.333451194858544
8.8168975188987
10.426502585999987
12.00022494199999
12.117229567999988
5.391149771099987
2.450429560899994
7.129651986696141
7.260904421999984
3.591027563499995
1.743816719099996
1.7602483185000062
1.0466659621999963
4.707493713399988
5.749206242399988
2.1117935164999966
9.838581590203981
8.897088923594863
7.2273505477974185
7.503353239405105
4.804937515299987
5.508096728499985
6.163458456399995
4.881054589799998
4.703751953099991
1.9200165038999892
4.637946116594842
6.561096603399997
10.000020002795988
9.083970111101273
2.4903162108999872
4.495326756299987
5.535090861499977
4.843921417199982
6.423733479303819
1.9101540527000027
1.1465515120999947
4.404097177099983
2.8932377974999883
1.915481549100001
2.8116059998000025
2.9985399154999928
4.390825967399983
1.422950750699991
2.7782486236999846
3.644221501199986
2.286593717999996
1.6119624724999975
1.4147399611999996
2.6543951477
2.9683669174000005
3.2665723067999988
0.9205767430212136
1.8810823348999874
2.2259290633999926
2.771839372299965
5.333210200493568
6.148994187898692
4.157671876499979
4.85640460359999
1.9783973174999774
6.066775558506368
6.719000320399988
5.869761663799985
5.703822154202533
5.008114050299988
3.467320259099995
0.9025583566696159
1.6051063277999817
8.009747355696136
9.175678053303832
4.5301844970999925
2.3449963332999904
3.4632360167999723
3.6289445678999797
2.2530206634999965
3.0757769683999934
0.863991069506796
2.946596861299969
2.808891569499995
1.9591123809999837
1.5956376372999925
1.8316536193999968
1.3176618148999988
1.2093494185999947
0.7221347704898698
1.4239483291999933
1.2819499481
1.3874151610999934
3.9433566619999683
2.600252882399997
2.2252704680999993
5.877344467202536
8.538070021101262
4.905218557699991
5.633367556797419
3.423613212599999
0.7695740736999974
1.5839614150999892
2.7169553176999792
5.051479313699977
6.639989654493576
4.4325127395999875
1.9528246871999948
1.8989683761999874
2.7501779845999823
5.534775250199984
6.742300683599991
3.2092097960999975
5.743959757999998
1.8274952514999934
1.1165979635135885
1.8562693817000033
3.7380705719000002
3.131664575199997
6.441092160000003
4.805140733299992
6.5525312775063815
5.026981820699998
3.4141631743999987
3.2823241790999784
5.301999856599991
6.479809724399993
7.3405420914051005
6.512147437999983
8.385126061999982
6.783687420696146
6.039461984303818
7.256159909101263
6.264118507405101
5.3111141585948545
4.317848715199992
3.2842344039999944
6.094123890699991
5.948394622799986
1.7602002166999917
1.256890429699995
0.8890670288100009
1.9759068145999878
6.885724815399987
5.463446931499996
8.076136505101264
6.613213194303821
6.837010217303819
5.1838197570999895
1.6965130980999894
10.378368393999994
5.45146509699999
8.596212469506378
8.018542259202539
6.717123707599994
1.6410999709999903
1.3804841277999815
3.772827313199981
6.693846357699987
8.402526777594872
6.17084736019998
6.889983111594839
4.629317692599996
4.839133108499992
3.153588833599996
1.6822870376999988
4.556091992200007
5.308961608899983
3.900429246499984
4.83322892609998
5.641355909699986
6.8385574508987
7.323457432594861
8.100584977696153
9.169429731797436
8.567616664101264
11.80147418799999
11.74973199599999
11.40899892399999
11.827826818999986
12.300946055999983
8.201485299696149
7.971470983898697
9.500344381795987
8.217185148594863
7.765304345696146
9.693892361339993
11.814271065000003
12.733246401999992
8.230650776696148
9.619858598203994
11.824995775999987
8.831362823506387
1.2239513991999995
4.8383229263037935
5.040183752399992
5.699481182900002
5.764443797299989
1.7063439116999912
2.4577469115948274
2.424034350599985
2.5524188964999635
3.318324909999962
4.326753106699977
4.941403514099991
8.3175035782
5.498220648199984
6.928045304898699
9.339863699203987
10.146105886858548
9.37028112493198
9.115076737999983
7.848106622303809
5.5324968596999815
5.692318238797413
4.5833507964935585
5.829695773299991
11.133162488999988
12.19931493399999
11.952531116999987
10.60927797999999
11.506270702999991
10.928135615999995
11.06661892399999
9.677797552339994
7.176450448599994
2.6244340377999977
9.551204112141425
8.5894667098987
8.961483915696153
11.214381946999989
8.662412022405109
9.450268926999986
10.739298432999988
10.14536861414143
8.34695444640511
6.57491241910126
9.652471502795974
13.663146454999989
12.416506412999993
9.125736793493587
8.317673229999995
7.426445611600004
7.437923304696148
7.425391607699991
9.328867793303836
7.99111507110127
12.533832355999989
14.12304508399999
14.198777283999997
14.131718982999995
12.144100643999996
12.809169680999993
11.806891169999993
11.864795104999995
10.76892431499999
10.967956397999991
11.849009470999993
10.851477228999997
10.04580339506799
8.359738014202547
7.067183387797418
6.598109429899987
7.442151164202544
8.937407212797432
9.028881678797434
8.851317039506396
5.97628582609999
4.689677279696136
6.929082859797421
7.339560967999996
7.840594964594866
12.985090555999989
12.76794597899999
9.71436469279599
8.333821321101272
8.076879690594868
10.321214359999985
9.733261653070688
8.685643113696145
2.5114989119999827
4.627891053799988
7.763271229594859
7.049157820101266
11.111999077999982
13.060247822999989
11.234659896999991
10.179257383795992
8.85636527710127
11.624420749999988
9.921897558727993
10.866028470005435
12.103652038999991
10.223194723999992
10.323527968999995
12.040196016999996
14.47329826499999
13.397965535999989
12.288443468999994
11.051356063999997
11.20715925799999
9.764135133282867
9.54055431378782
11.920656829999986
13.679987269999991
12.149563509999988
12.291668773999994
11.386896438999987
12.72135124499999
13.290459771999995
8.999248486303832
13.097926786999977
9.877599812370391
10.856568183999993
10.120870828135992
8.662284707594873
6.764115878299991
8.672019323696155
8.73848551179743
11.22710705099999
11.59803364099999
11.602452909999995
13.07797153799999
13.219365301999995
10.226785398999992
12.10654546199999
12.566640140999995
10.983075722999983
11.790013154999988
10.866457325999988
12.078438724999987
13.035042330999987
12.399445202999985
13.616273050999988
13.392030611999989
10.668393586999985
12.730056722999983
12.768501929999987
11.246178776999983
10.557869506999985
9.48705204614142
10.839481447999987
10.014535815271994
8.419406886303832
13.362699965999989
12.258226401999996
7.195305306999995
8.56061908870255
6.927028317299987
7.590640042099997
10.119287246795993
9.367213650659988
9.700470443795986
9.920341125353584
10.38031904435359
10.361889562999991
8.403133671594873
6.31936579899999
6.717129316699989
10.76538745899999
7.394888412506392
7.886881567405115
5.9646756087999835
5.947619854699988
8.793723881493593
10.405778159999986
9.20603358459487
8.655321617103978
9.362558727999987
10.382783213999984
9.78104136347999
11.796780625999984
11.296481501999986
7.458226742594865
5.205727192699978
5.030603366100003
2.275018885799999
6.555837924202523
4.672570741299992
5.30110681609999
7.640737454196147
5.197150492899991
4.865830625899988
5.504039759799993
8.204183232101268
8.770357842999983
7.741134593196151
7.720958802797428
3.266783793599985
3.6019370070999877
5.005297491499986
5.439829630999992
5.5447092498999915
2.0927059432999906
5.110389448499986
8.251094004797428
7.538649302699988
7.710036540202543
8.842169001797423
10.934664873999987
10.694327495999987
2.9840580916999992
3.3104407897999857
6.088322575399988
8.27937341920255
7.962265257303825
7.535110855101263
7.426003025797418
7.669968824797426
7.3417820876961475
9.33893870089871
10.401594643999992
9.434438731271989
8.41019662779742
8.2994254684051
6.995354806499989
3.6996250899999987
2.799903135699994
7.159287057506385
6.902816468799995
7.162394682303818
10.594787833999986
10.955753316999989
8.184000462303826
0.9155061851659967
1.7681687225000018
2.0780143233999957
5.28630234830381
7.745137155202544
10.109096520999996
5.692939353899981
6.798755485493581
6.625221194499991
7.72305765840511
1.2374051818999985
3.802674131797403
5.631271154799991
4.291613699299984
6.438579000898696
6.665034638999989
5.053679238899992
4.478601251199987
4.323697463999995
2.6214365600999887
2.42731250609997
2.7269643111999757
5.447969752493573
5.330234490999991
5.401566392499983
7.105325559999985
5.344750567599991
4.428258108499999
6.173056098898688
4.763714468399997
3.0365883666999873
6.473334835797413
4.940370411699986
7.742040013101259
9.05185519572798
9.82548187406799
6.457722647099988
2.8514903136999807
1.199824327901359
1.172215194699994
2.6664420562999966
6.105801061999972
8.222689744594865
3.539142884799981
1.5509463469999805
2.789754328899976
6.845984268199994
6.824959048506379
7.505527009594862
6.87815746609999
5.8468476455999845
7.574252596999977
7.787062033101253
2.800809677099979
5.9582639296961295
7.74552811579742
7.09591757349358
7.569527526898699
7.114468341099989
5.7196277434999825
7.218348760999982
7.566723112506388
9.677083851727987
8.373552023303828
0.50302194881
1.3013151153999996
3.6668416884999733
6.437021719405105
7.358045342999983
6.909928814696143
2.5581058837999935
2.0742276351999753
5.543630355797414
7.2405638794051015
7.510292983999979
4.152749885599983
5.474828034999984
1.049010961899999
1.0791963714999981
2.187025865199976
0.7832800643933245
1.2950419685282761
3.2111944838999755
9.323812780863975
7.274054635594865
6.036648634303814
7.142198548898691
6.144293231199985
5.5751247420999865
5.145990673797403
2.7447200759999744
6.235308970594855
2.812915463299995
5.358843643199989
3.8795792067999915
6.734763989303819
6.79311609039999
8.271026556405102
7.912725530999981
9.098068911795982
9.966658804203984
7.945173339797425
9.104476177999983
7.335259713696139
7.359190150499992
4.6879615813999935
8.238531556696147
8.26434010930383
6.747302038594863
5.873836651599991
8.097424836696145
10.338006738212144
10.675223128999988
10.168623438999983
10.949313378999987
7.917608636506386
7.579178820799992
9.351149279797426
9.605146684203987
9.451389784135985
8.61389662930382
9.715393075594873
9.530466601727984
9.28554396210127
10.114010252271983
6.880665444898705
7.198789163199993
9.514891967863988
9.354759236067983
6.2315380645999925
4.11937518309998
3.4314114898999826
8.165917022696133
7.66005232389871
6.329446752898699
2.506264573699986
5.042440182506371
4.750037412999985
5.005586013799989
6.29188635249999
4.590815219099989
6.418793096899982
8.368339985696142
7.800331991594873
12.213906537999987
8.171275562999988
6.321370996099992
4.1483421920999906
8.125386161797422
3.408630047599973
4.762891484099973
6.4138052062999895
5.353815782199984
4.098556823699991
6.938461582898702
9.823830657999983
7.810280548099997
9.44487768233999
10.181718061858545
10.222792849787819
9.218874972659986
7.983912396202548
7.120335890199996
9.138869419931988
9.780808451863988
5.704472650099981
6.182269424399983
10.176719589141427
8.486971249405109
6.693519535797419
6.872383865405103
9.990093365339986
9.443455149863988
8.868600582898706
8.838842259202561
10.554558208008148
10.860262446999991
11.166800046999986
11.756841770999992
10.92643806599999
11.238445565999987
11.211592322999993
11.033404867999986
10.406937224999986
11.076704056999988
11.821973185999992
9.871328738271991
10.179802926727987
8.691491476405105
10.605168001999989
9.725554202203991
10.833841421999987
12.076136062999993
7.7524794845999905
8.683898318506387
9.565829373135994
11.720174158999992
10.734418586999992
11.61078284099999
10.095235943999993
7.780566886899994
7.477073431405108
9.714621446202559
11.53116409099999
9.27106030720399
10.591199372999984
11.471574178999985
10.712484984999987
10.331321827787825
8.99231472630383
11.787732027999985
10.657467574999993
10.84460604399999
8.883176441999995
9.854822732659992
11.793818598999996
10.152251284999993
9.658140815795997
9.296045761101272
11.323663621999993
12.165595263999988
10.457073061999987
10.684230687999982
10.536046146010882
9.581692762797433
12.015210096999988
11.139435525999986
9.403620675795985
9.98979724721215
8.768651209999978
11.179605837999988
10.77288263199999
12.452351671999988
10.613081986999987
11.37460130599999
7.530530924999994
6.664124629199989
7.215266197199989
7.044306468199991
10.595969280999993
11.58607490499999
12.773240468999994
12.683845060999987
12.783112102999997
11.721005636999992
10.22615392607071
12.401788756999984
11.02149952399999
12.34159901399999
12.818195261999993
12.570775271999988
12.808939675999993
12.124599688999988
12.287324209999989
12.788015217999991
13.42514778699999
12.06468591599999
11.203068401999987
11.252261319999986
13.84055559499999
11.485436783999987
12.60129845899999
11.548703692486388
10.057864793282867
8.686824008202553
9.326652931135989
6.222601194799996
6.873739472999989
8.58384056240511
7.578842369099994
7.219391261299995
7.799188345299996
8.68296111449359
10.398958079999987
10.43035791899999
9.13998853610127
10.47065437299999
11.523133380353583
9.671447862295995
7.385225414999995
9.934644186282865
8.520080647303828
8.271067187493598
6.6577867843999865
8.374742634594876
9.059074238727984
7.958736778303828
8.20852133330383
10.297951076999993
8.17814439389871
10.348908074999988
11.282390957999983
10.950305939999993
8.675144262696145
8.406652571101276
6.6179009841999985
8.849933776898713
9.55809130565999
10.817248980999988
8.795070150791977
5.822299110399993
6.123867578099996
6.8223439803999915
7.536784246800009
7.497389692699998
4.544992018099999
5.728152070599981
9.619777795271974
7.9077028564051055
9.664302088931985
9.893702285863986
12.032121927006393
9.789944605993586
8.975417272905105
3.7268237746999766
9.48839048762142
10.637486273166392
9.334449980196153
8.1816170608987
9.26928286289871
7.85848826899999
9.19401918490511
9.045276536594864
1.3558523498999806
3.4537895827999914
5.617127432303815
7.282116673299992
6.597531613199998
5.6626311370999955
7.380154367099992
5.6495459395999905
3.5078152663999975
2.2168178024000014
2.5442093184999948
2.6431661818999843
0.8961672266999978
0.7344515543899992
3.25542723689999
7.136420657299998
5.255473391699994
9.257119184931978
8.731071815506393
6.323733544899989
9.024204327405116
9.964826782135988
7.389262380999993
4.046383084099994
5.269655387899975
6.077751065099998
3.1001656051999906
3.191428025799986
3.338520983899989
3.0100894332999895
3.065030094899988
3.3488776519999823
3.371742648299992
2.395865406799999
2.5580297439999953
2.896483746299977
3.800880476399987
1.711669741799982
3.854002365099979
4.65137193149999
4.213884504699973
6.839386857599987
8.531755253594863
8.009077636696139
8.1926093994051
9.036108111594867
5.6478684157974115
5.830015872199983
8.532387173506383
5.840851721202537
6.798808953899994
6.374051074202528
8.301014129727974
4.299687234499981
4.259944734199986
4.277379109199986
6.414208926405092
6.799066360506372
7.341004966696137
6.094315493799992
2.5917604110999903
1.0322798964999993
1.1624531203999966
3.3471192703037964
2.331243109099986
6.0263680832025255
6.354313803101266
3.2919410994999962
5.897211892696131
4.876268290699982
6.339025578299987
6.385692625399994
5.499776477099976
7.160880676303821
5.605403361499991
5.16379480589999
4.946401155099989
5.0170071761999795
4.123877691699984
3.9774232863999766
5.471199763506373
5.780355744899983
1.865765118399997
2.730997206099983
4.395278288303805
1.556080483201359
1.433249085599449
1.7715531905999988
3.18097825619997
4.478411096199976
5.41474297329999
3.249651031499988
4.25251483759998
6.209859680199992
7.929130493202551
6.252473744199987
6.3693969939999855
1.6807911620999942
1.120821998692911
2.3091730087000046
1.2990121459999995
3.5717992019999896
5.8858665816961375
1.8502359160999882
4.8323649551012515
1.4042946532999998
0.6824148405999988
0.5659882947899985
2.8279400466999913
2.2894393828999706
5.259651185594847
7.216366128493584
5.506558375499983
4.823783308399978
6.978569998202537
7.407012177999977
10.078399072203995
5.450228211999995
6.9689581055063865
7.6967967055948625
8.21251245879742
4.375979276999993
3.2690725631999724
6.427653083797404
4.621655688499993
1.6462455977999948
2.1672664840999647
3.7181499465999734
2.012816307099997
1.7152349242999927
7.108481159999987
2.9465792357999923
2.694218196099988
2.5223135085999946
1.446670240799996
3.1472618682999918
5.020224143999972
5.993609022499984
7.011243954499999
7.293046678199993
5.1284755752999915
4.341040046699992
2.3518804076999955
1.3808924712999955
3.989076512099983
1.2285285003999988
3.090347140499975
3.3525259841999864
3.629677947999995
7.36074378359486
5.410837512199988
4.44091515659485
3.2905534865999764
1.421194029199994
3.7261933715999813
4.75858525239998
4.666340779099993
8.557748957797427
9.308481866339982
8.787307965101267
10.004620048646384
10.109342945929258
8.917265708898702
9.711005450271982
8.294354956101275
10.003963725203993
8.050547079506387
7.684332171594867
2.3291580138999923
1.2514791843271933
1.5476865073141228
2.281593989599996
1.6081915206999966
1.3674037005271864
4.446851063499988
7.695166621405111
6.093081426999962
9.465513629135977
11.444689889999994
7.742947335799993
9.170342840594875
11.56174939299999
5.8981719710999805
3.7552544738999822
8.386670164519977
11.054785364999985
10.79055402699999
7.187898908999995
8.270939007594873
8.06161452479743
11.381501325999995
11.21565610799999
10.122776287858553
8.49878631289871
9.89536472785855
9.868925614931992
9.571249253858543
11.112571624999983
8.618634889202541
9.03543714599998
10.456410373999985
11.439162325999993
11.204187394999984
9.012638818405106
10.43871520099999
8.392051089506394
6.690553466799992
7.752063627594853
10.321264768999983
10.703830689999991
11.099383324999996
9.763338059999997
11.056034871999985
9.66205500186399
11.397071790006395
10.638088744999989
10.824667353999994
13.052961191999996
12.181493462999988
10.306846755999988
8.433406925999982
8.56463866119614
9.01458463119758
8.697921142601267
10.399041505
9.992959968717104
6.437834864799984
9.094521469067988
9.38659295810127
8.835228315696156
8.165048513797426
9.085017990101276
10.562167788999982
13.11543504899999
14.01419347999999
13.332267215999986
4.507120603899987
5.582309890699993
8.116931639101265
4.6919693313999895
2.6694173446999767
8.109887611405098
4.0550533339999815
2.140221935999986
9.289454699795993
5.896654569999985
8.463400839202547
12.009465191999992
11.907301215999995
12.60444040999999
12.970218442999991
11.830658671999993
13.09059620099999
12.097800791999989
10.904744504999995
8.781894302405112
8.935068588303826
10.788758230999997
10.63799558599999
10.798545641999985
12.339621975999988
12.007875017999991
11.426175265999987
13.414004423999984
12.018754947999991
12.649572436999993
11.806931301999992
10.353096184999991
12.167029142999993
10.076577555858549
10.43503289799999
12.311629806999985
7.979595437594857
7.100292661999995
7.562314292899998
5.3412779952999925
9.303958413795991
8.159741560405113
8.772988717696146
10.185588960212144
10.94670562699999
11.283502448999991
13.964168847999991
12.68776689899999
13.185231281999988
12.686563680999992
10.007063561999983
13.04468359499999
10.848154644999987
9.981028643858547
14.829496671999992
14.414632456999989
13.175587531999986
13.992045186999988
12.988951865999988
12.958364296999996
13.855327436999989
11.917942733999991
8.377900186202549
5.220900599699992
10.432760947999993
8.508357408101261
8.741747167999979
9.38182209921214
11.691454473999984
9.93793410627199
8.412458741797426
8.989493977405113
10.031055006282871
8.484562626594869
10.703596760999988
13.684547168999995
11.956425121999988
10.942462645999992
8.923593664594872
11.183713157999994
8.642702824405111
6.679753073101263
8.941141528203978
6.880696749899994
8.252248829696153
11.06763082599999
9.899779338067992
10.149476414353582
13.305440612999991
13.381037131999985
9.158228303493587
7.790789079300002
9.73443642886399
8.850001698303828
7.617950344797425
10.085257273929267
12.020488726999991
11.782421341999989
12.26120551299998
12.273812012999986
11.964494558999984
10.425124025999985
8.978321055727976
11.731090931999985
10.797676580999985
11.496023430999989
13.950305326999993
9.613400718795985
11.312869092999973
11.964678286999982
12.920773600999985
13.12369785799999
10.997101087999987
11.513180787999998
11.226298243999986
11.346853060999992
10.297227116282867
13.28535578799999
10.491972182999993
11.270353794999963
7.102083529696151
8.269901788311973
4.893740850799994
7.082014347797422
5.803073860202537
5.5335593689
8.21849729159487
7.7812185593038175
2.666475147999992
2.597694033799994
0.935354172230001
1.9162794586000045
2.7256630402
0.9166679117200011
1.3624857589999921
4.2411043883999815
2.1878035552999933
2.5212004088999884
6.257531388899993
7.324814610299994
7.995096269202543
6.137360937499998
3.024095883199996
4.799918148799987
5.23034850620254
5.02410126189998
6.77840032959485
7.770738799999985
9.004236895797428
2.5936819228999926
2.437885850500001
4.284181787099997
3.8875741211000014
6.817888151594848
10.08976687478781
10.902389632999974
5.198954882799987
1.7019721312999914
5.116055822799989
5.358951579299992
4.001447772199993
3.2428580993999723
7.520385598797407
9.052785859795984
5.084012533599976
2.331394114699985
3.4240480376999898
0.8853444003099997
1.115256503299993
3.426231968699995
2.6818940413999903
3.014427777099991
3.040686486799977
2.845926869199997
4.364772358700001
3.018674670400004
4.011503686499986
2.461630723599962
8.717904760696138
11.395645557999982
9.227709164271982
1.9938148910999993
1.1259638332991835
1.5551176636000015
1.440744065900002
1.6826946959999987
2.7542737899999983
1.3570006667999985
2.246618388399988
2.4131875838999783
4.782991381799984
6.830947340405096
8.39601070099999
7.427971116599993
2.1477812423999945
3.500584100300004
3.7466535567999975
3.939067736800004
3.803216319299981
6.638288111898678
1.2500493963141384
1.1868944579999976
1.0805586226999984
2.4867450683999954
0.7830543864299988
1.4368087365997262
2.490503121899996
1.9244036651999914
2.5051201476999903
3.938702088899997
5.647981115696135
3.7149358993999897
1.8055332091999956
2.3808403228999806
3.207831040999982
3.9511341811999885
4.335521313499984
5.411398609899987
6.964328436303818
7.1130131072999925
3.5426312896999943
2.4715215865999998
1.954544502299992
3.0451702117999906
6.523917147799985
2.307091557299989
2.273588214100005
1.7207060287000013
1.931070272800001
2.171241070599977
3.3736761962999995
2.622922740199992
3.053780636599993
5.534114179999978
5.367561076399982
5.853469784493574
3.032809051499991
1.593558579999995
3.444870436099986
2.604557823199994
5.014018908699991
1.9140889754999968
4.893501252699986
4.61447579189998
6.6096398177974205
8.858458357202545
3.615755514499986
6.2702521956961315
5.564129046594856
8.927821749898705
8.412359252898707
2.7865150405999883
1.553192811599991
1.6308957076999904
6.641914974999975
7.2455161376999895
8.320505511506386
2.451444142199992
5.15464992979741
5.1556944901012525
1.631071667499999
1.9631249297999938
3.1905158965999973
2.681561662299995
3.069288246199996
4.104759170499988
2.7014105605999887
2.5168415893999923
2.404936857599994
3.269454046599996
3.796928111299993
7.070586393696139
8.477038296493578
1.8132083632999931
1.3453643020999908
2.2190622161999802
4.589218295299996
4.327307118199982
2.9984361892999782
1.279265144072792
6.656842979405084
7.705758256493574
2.832991828899986
1.7918378936999946
2.3519217498999914
6.672893095405095
2.1050221160999936
8.440603709405101
2.546984345999996
4.010530122399983
5.480905082696125
9.646420825141423
8.39714561310127
11.096058458999993
11.866977955999987
8.515513256797428
6.645660327101264
4.826181014999988
6.0066126098986965
6.106617550696138
5.425747634899986
8.434133683863973
8.550969102506393
10.174949803141425
9.649634373339978
9.236054273999985
3.1617945952999786
6.75266292569614
5.015616143799986
5.721005631999989
6.249625611899997
6.854520497101268
8.357266665594864
7.851280761699991
6.399309103400003
6.952892123399987
6.097711158799999
4.011059802199987
9.981010836858546
9.993133187931992
9.529456431727988
4.976820486499981
8.911796231103983
7.780039724699995
10.128831094282866
12.146486078999988
8.272484269699998
5.9424403426999906
8.03285965120255
9.823483843999993
8.049630734300006
9.788985612339996
8.173169781506381
7.598757337999982
13.456580044999995
10.188325417999987
7.640933612100001
9.450733137659988
11.197013596999989
11.667602065999986
9.939512927135988
11.309585224999987
9.947489048858552
12.96683029199999
11.461672471999991
10.41156456801087
10.267007530141415
10.205813996999991
9.351336820999988
9.389020809931985
7.835766690101269
8.327976397696146
7.170328277594863
6.023635369899984
1.3313085525999968
1.9683601211999942
6.822189559898695
9.859814950727992
11.087505141999987
12.314432714999988
10.349001852282859
11.720635991999993
12.612177307
12.139924650999987
11.924111892999985
11.27377793399999
8.870167848202543
9.228500450101276
9.987077613863995
13.44147348799999
12.77918684699999
12.063710621999988
12.29398724999999
12.434355092999988
11.96492189899999
11.804697272999986
6.895534590099991
