12.957615781999994
10.346955313067992
11.431882502999986
11.855549576999998
12.419067243999994
13.363157944999992
12.326385152999988
12.318011023999992
12.49737185499999
11.396401694999998
12.600920307999992
11.39442447099998
9.548513931303836
12.356735036999991
13.143420878999995
13.046153664999995
12.33602165099999
11.244934800999987
12.18697767499999
12.202893743999997
11.12419065999999
12.59980436099999
12.99706446199999
12.702694640999994
13.713989460999986
13.40852580999999
12.859067591999997
11.002716797999984
12.659812050999985
13.748763054999987
13.199316363999989
13.31009224499999
10.196657593999987
9.069822796594867
5.987063575699989
9.61446081528286
10.290782213999982
10.64199677899999
11.463491842999995
13.63817719399999
14.25558485999999
12.358257732999983
13.563577364999993
14.892319509999995
14.089834186999994
13.557834617999978
10.51722310499997
5.093952990699977
5.744474526999985
9.247555686999995
9.068462841797439
12.501218770999975
7.812609112493584
6.2516202941999905
9.156949609405117
6.893349287399991
8.032638005101267
10.650590433999989
9.554476316797432
11.048802237999986
9.654590460135992
8.853178237898707
9.454317405787823
10.090241542070705
10.492474447999983
8.683378407303827
10.687835390999979
8.873553907797428
10.89521766399998
12.568803447999985
13.03425865499999
13.743602923999989
14.226129567999987
14.00758807099999
13.139627596999986
12.957093412999987
9.832275692787825
8.611710914594862
10.453310422999987
8.525988056898711
10.567863292999993
9.624350320271988
10.93925197599998
11.938067495999988
10.697169307999987
11.954747541999987
12.113234287999983
9.95539662178782
10.629301459999976
9.461199604858543
10.865225255999981
7.20556867069615
8.91573799289871
9.355786511141416
8.261350454696146
12.277384163999987
11.332988056999989
11.912242301999996
7.305656274399997
6.684282745399999
6.621805056799995
6.99616518549999
8.240813273594853
9.510371650795987
9.204855873101264
8.866459956271981
3.1135330718999885
6.148513249202525
7.4814956145948655
11.096204538999979
11.73042969399999
6.212661956799992
7.5886151397974215
10.271301245070703
7.613376283303824
4.080692742899988
1.7071942168999974
1.9278522368999993
1.2505261940000005
2.5883628066999917
4.023618795799987
4.150985789499991
2.923323213199986
6.837520489493571
5.692236225899983
7.125072778303811
10.166567015070699
6.641739891099985
7.520162863202542
5.544952928202536
4.307232562299992
3.969701641799975
6.1892030701012635
4.466741050699984
4.257578144799998
2.881608799699989
3.427676942399976
3.7096540038999795
6.925660842898693
2.9809189391999893
3.310148628199997
1.5966156478999844
3.4164512984999797
4.133693551599987
4.598088967900003
1.969904542499979
3.0464445785999983
1.032569879164638
0.7644331743199991
2.840845669599991
2.873831635999989
4.814830659500002
5.9112618148999925
4.3847656829999915
6.476293815599998
9.618168046727986
6.980560615493581
6.45261305850638
5.014551797506378
5.017378968799994
4.9878578445
5.275836544799994
5.994310986299986
5.915963774099989
8.482471087594869
8.12281464689871
6.277169668599988
2.901201885999976
2.2173691176999957
1.8276312301999986
2.6256063567999948
3.5373103591999886
5.534729379299993
3.9742593551999894
4.629161000099977
4.0323115111999766
5.978212022405105
6.536266549696147
6.331352464303822
6.739138809200002
2.2677781188999933
1.1251231536999982
2.00696675259999
1.800369099399995
3.8288799224999672
7.793121823101257
9.467905668727983
7.696616319299996
6.060089366101261
8.902310060101268
6.082988201899994
6.134140685999982
4.10509321139998
1.5179332519999995
1.429412107800001
1.0905023916135965
4.363000129699974
3.314217916900004
2.647603137199996
2.7048392684999856
6.084645275899996
2.5508485703000017
2.9997160461
1.900592565899995
3.5353666595
1.7599180861999943
2.1419630477999796
2.7961760756999876
1.470444372599993
2.3816004531999937
2.8388268126999887
2.9981098021999815
5.2955057692999805
4.387078805499991
1.5506767196999922
0.3446105666199992
0.905842288785837
3.5669101088999753
7.4162761840999885
7.391089172399989
6.475209118699986
7.503226954696137
4.046871993999995
4.501997730999981
2.5788906554999915
2.7100109008999715
5.058799844405088
7.269817878699988
1.5660705001999997
0.9831913939339904
3.261631764199986
3.6987983779999953
4.669962022399996
5.020155337499984
4.938065003999984
4.004886932399996
0.7930956764199992
0.7821119105299994
1.6406151427999953
1.5338795791999986
3.913836216699979
2.1055463286999974
2.0433552749999953
1.7688257995999899
3.670928446999963
5.08820524749998
7.183512332202541
7.063079551700002
9.744637954795989
8.644082366898706
1.5835949401999978
1.1317382207931914
3.787440504499978
3.7070925429999844
7.615347764594861
7.656037304696149
4.570328562899976
1.317170335399996
8.263866397067964
10.090324058646383
6.525171208202544
3.4356479354999916
5.005052651999994
6.628450607303821
0.7131403415795957
2.2301250472999863
3.9729799560999743
3.941727302599985
6.303318257101263
8.616871958898706
10.810540064999982
8.07996558530382
8.033503517202533
5.795998971594858
7.006848034696139
8.748893453999981
9.193383378727981
8.720831436202543
9.583465599070703
9.988063217135988
7.178010888699988
6.918494876101253
7.974459547405105
9.219927061339979
11.670394495999986
9.826978416271983
5.359234786999978
10.105059733727986
7.359556277506383
3.3374326842999875
5.1610988311999835
4.267656860399988
3.675619782999986
3.5621793579000016
5.522901121499989
5.552006076000007
9.509918365339983
12.394973343999991
10.943544478999984
11.056914850999986
6.3396357772999785
5.915563404797413
5.235449552898691
8.221606463594863
1.5967463225999945
5.021778710899978
6.733820474202541
9.55006201786399
6.922565446499986
9.500955062898717
8.900038534493588
7.797036160303823
13.382208983999993
10.361148211999993
3.9681441895000007
7.741597671499995
6.054005029299993
9.059394468795977
11.706028586999993
11.022969570999992
6.938415490696135
2.5425976684999942
6.155510751303813
6.235990629599993
3.572758848599994
4.50928424679998
7.930880847202544
12.10831887399999
10.508769930999973
9.003485317999985
6.792882781999981
8.326268176303815
6.840691197202539
6.867945005797419
8.382365568493594
10.777301182999977
4.094101237499987
4.08871167759998
7.290293344101255
8.698312475594872
7.455128622405108
9.526653860339984
11.274633379999992
10.630805768999998
12.158775806999994
12.340402552999988
12.34899652899999
10.047661167929267
12.778765105999993
13.517801618839997
11.194920952999999
9.941751148999987
8.487238765006389
12.188959420999991
12.742259121999995
12.32336680299999
11.822968578999992
11.409891226347192
11.31066514699999
12.432383442999985
12.195381960999987
12.47534004999999
13.424354967999987
12.462425484999994
14.290259568999993
12.421911092999995
9.37024857940511
10.214402985997278
8.51177357030383
9.939983833203993
8.002726090999994
7.086545501696139
7.346145553583978
11.305122133999994
10.088377136141412
9.187179893353576
8.08406048579742
8.216919209303821
9.712095146135995
6.9851912917974275
8.451196070898712
10.769356151999986
10.826553251999991
8.972293618797433
9.197857836898713
12.399227889999986
9.208314215101272
11.530922048999996
13.102781455999976
11.340145646999982
11.010706490999993
11.559915557999986
13.211272053999997
12.969472750999987
7.071874888599999
8.560502317797413
11.875363621999998
11.844727559999992
11.929072541999997
10.195735517999992
11.070286620999987
10.104069082717107
5.031869964599985
8.985177856271983
10.919451238999994
5.776180975299988
10.092517336999983
12.624549477999997
14.385699273999993
13.066852187999991
12.173041111999995
11.36226178699999
13.317343989999989
11.12312732399999
13.237678614999998
8.588429154999984
8.394695123303821
8.722448074303825
10.804596433999988
10.479471013999992
12.065363341999989
11.666208727999983
7.189234712202538
5.611328408799987
6.115794238303813
8.129657743797424
11.406092864999982
12.18502258299999
11.410560227999987
11.415114701999991
11.98052351799999
12.52679135899999
11.885937481999992
11.80316420399999
11.723939364999985
11.828368683999987
10.17740165871711
11.406582136999987
10.688421470999986
10.15098140407071
10.172452963203991
9.791746302858545
10.47569420299998
10.63449937599999
11.133748023999988
11.391614382999984
10.98855665599999
11.060386558999992
11.415013193999995
12.497575983999997
12.016112240999991
11.680523121999999
13.179260383999981
13.148743528999995
11.05663017699999
12.889524816999987
12.018739312999987
8.775862599202545
4.11167769009999
5.430536685202535
8.159141021696138
11.487900545999983
4.556598834199989
1.934677970900001
1.6493450515999966
3.3969470580999905
1.8075975036999856
4.1270256011999935
6.621554843099989
7.032695669594862
5.609076469399993
5.301072871399989
6.754808053600012
3.8779430007999873
5.2643139831999886
4.242730602999993
3.207274645999992
5.322360212699991
8.913026893594873
5.822870815999988
7.9983290085063965
7.966903433202545
7.465984585594874
7.806128527797416
10.604745633999986
5.974821572898694
3.376278199799968
2.1473346724999978
1.4075234604000006
2.5335467194000008
3.572011740099996
6.494993083202538
6.886742132594867
8.047678716999984
9.59771539772799
0.6594518353519966
3.8302815612999694
8.849854836999999
8.52213334050638
7.131409645101267
7.672706582594865
10.253117298929263
3.5531383361999915
4.276624075299989
2.1653004134999936
3.7544776092999927
1.1403152244010883
3.712907524099978
1.2023264525999977
2.863399906899995
1.503974168399992
1.7585224471999923
3.2621473617999923
4.389366546599994
6.361125830099995
1.0864147535203965
1.4342951125999923
2.311023594699987
2.5242508880999868
3.6999564223999717
2.9671256775000012
2.949802307100006
1.8414545928999866
4.106516932699985
6.555426367199993
4.736863153099989
5.7866451614050884
8.162653283696136
5.847029266399997
3.7551456664999834
8.876070840506392
5.9197161697
4.971204864499994
5.062757070899994
5.023037982199998
5.581164414999977
4.353498626699984
1.6913899535999986
1.320902893099999
1.5583260880000014
1.5571863678000004
1.3553253890999997
2.0072011764999864
1.9868891968000004
1.6982654387999967
5.264755038499992
7.441266320797429
7.45585038599998
7.494275537101271
8.721468452506393
8.975741719101272
8.279244956999989
5.463379838599988
6.202395381199995
5.7669937697999885
6.588463464405098
8.240610165405108
6.9566211745999915
9.34476998127198
7.8972133758987075
7.038676942399991
7.154450378405107
4.751793768299999
4.354077821399993
5.345857357800002
4.945341223099998
5.203239775099988
6.84573467710126
5.6548830933038206
5.7697214644935775
4.8316345626999935
1.1947834289999968
0.9651374498122248
1.5170633513999765
3.3636194702000015
4.028185002099999
2.871023542800001
9.408883131415987
8.820358413696153
9.586883489999996
5.013269915799986
1.588283129899998
0.9931182442795978
1.2938594024999974
0.8701180820339984
3.2487539123999656
5.3170819183038125
6.525974099696144
7.169776753202541
6.620469930999982
3.70192731779998
6.003832389797416
6.285794329799988
3.5941951934999996
3.1577654799999935
2.674496397399999
3.5702468017999722
4.3588961287974035
4.559613528405092
5.281784036303812
8.553917292797419
4.353863471999984
9.107729447898702
10.347156568929254
9.869594285727995
7.786224330101273
7.014339218101265
8.170076032999987
8.596814665202537
8.851652767898706
8.744934335303821
10.344554743999984
9.030813946659979
8.691054281594868
9.103692973203982
8.52732868959486
7.370859104898694
9.362936839203982
7.960871502699989
8.616088311797432
7.5590719054935835
5.309802625999992
2.1333165893999992
2.737469027699985
6.335208808899987
2.693637423699985
1.0042678233030569
1.6001628112999986
3.939359472699983
3.626091722099975
9.089570005797428
9.70259189133999
8.989443206797421
7.105414240999991
10.044355593929263
3.840380970799986
4.992661622599987
0.9310027149141399
3.701704113800005
8.392505351203967
11.245710114999977
11.423076296999984
7.791512310797421
11.335456710999987
10.380847878999992
10.08030681299998
6.969366751101236
11.495060198999976
10.894273627999985
3.8606058227999913
5.483018292199985
5.715988954199982
6.461971060202543
7.366247695898712
6.085907337999989
4.997735917699988
8.474411692797421
10.840867383999987
10.736985111999983
8.91590811920256
7.79317675020255
11.090482808999989
11.263917660999985
9.115543617202556
7.271709043899989
8.393591369594866
10.718004065999981
11.599846366999989
7.8800473693999935
11.968804201999983
9.532991523696156
9.827990060271995
11.454392443999996
8.062189767506387
8.21233568730382
3.4564861297999836
0.8434170532202537
1.0341846557999985
1.8270544372999926
0.8715565593787801
1.5194656280999919
4.573024085999994
6.718977116399992
5.645205169700001
6.8348919266
7.500981722999995
8.428867887898706
9.919116662717103
9.460010366858535
10.035009608353587
11.682359640999985
10.96236482099999
9.76677559507071
7.82806435999998
8.198518058797436
6.616464446999998
6.594648498499989
10.314660747005442
10.387729307999985
9.57394008485853
2.882592243999984
6.489337988299983
5.926375573699993
9.792509774863987
10.333001638999997
11.104564300999987
9.472305004931988
9.886251235999985
11.008630587999985
13.879724941999983
7.256000213594859
8.33748957206798
9.493249006795985
13.113901966999991
11.578981423999995
8.466453282202552
9.840092399728
10.565870464999987
5.980523355099996
2.5926168014999926
3.9159981460999918
6.8879847396961384
9.603813929795987
8.406879676863975
4.614735769699988
4.635317312599983
6.3969511519999855
6.616102061499997
10.555477334999987
9.833783239696162
10.768911629994555
10.310617793203996
12.546179772999993
13.198782322999993
13.588876404999997
13.821279157999992
14.116144178999987
11.854509229999987
12.126768755999983
10.13184626472799
12.168547490999995
9.860518443203985
11.748406487999986
11.142493567999992
13.861595167999988
12.84319953899999
12.731644411999989
11.719170957999985
12.00472681899999
12.52666447399999
13.434987906999998
13.56440283699999
13.302376957999986
10.504718039999995
9.53367545786399
11.305615954999988
13.174362308999997
14.102496146999988
14.70302368599999
11.249358407999988
10.51883541999999
9.422835093696158
9.950650241070704
10.650001346999987
11.761269704999988
12.760289348999992
10.207167994787822
12.301076180999983
11.16605949199999
11.457823557999989
12.097560259999982
11.893110161999994
12.896985268999995
9.579355207863982
11.941993630999981
13.24272854599999
13.234200873999992
11.591133851999986
9.807734486271992
9.970900103863984
9.27293052369615
10.610144451999986
9.86529677893199
10.988971290999986
9.469046261717104
9.083372956797433
12.559244900999987
12.341088808999988
10.827052785999989
12.360843601999989
13.13335160499999
11.997966723999987
11.986776565999987
12.991756981999988
12.93638364899999
12.064758933999991
12.820690458999989
11.193756498999987
11.247565178999983
13.089253461999988
11.488715423999999
11.177583771999986
11.799585924999995
5.495288389599991
6.826279156499991
7.7561657439999765
10.54171226499999
11.513492321999985
12.481892192166397
14.088607972999991
10.975385393999987
10.859250864999996
9.50310234820399
10.070634645070697
10.497444086993589
9.248574851999994
7.114074320999993
4.708155401599997
4.559203672799988
6.823599999999984
7.647525474499991
6.177097709699999
6.088090014599994
8.26206661679743
8.949977004999985
8.470413696303828
6.685525215099994
11.436804246999989
10.94211897099998
10.724267815999982
10.82113910499998
10.321293331999989
9.371550202931981
6.4584938140999935
9.198487161203985
5.478205367999986
4.954975660700003
6.7742045562999955
4.66539097899999
4.288541007999991
3.1576748061999864
5.752027813699984
3.578902607699994
4.187158486899997
6.032795700099986
4.341608615099988
3.226803443899997
3.4501920150999856
4.261800958299986
6.8785664046961355
4.989459503199992
4.705568305999993
1.3743545593000006
2.1003110702999996
3.002627851899973
4.43573784639999
7.134140031405101
8.579487278696153
7.517017430101266
8.34232536320254
11.87837446699998
10.057400527999988
8.048417207303828
9.345590795931987
3.101486161799974
2.4962163588999964
2.788462033099979
4.545445382699993
3.164226304599996
1.6820000503999786
4.528040592999981
9.163213700931983
3.1509040038999947
2.4573010467999983
2.1267442551000006
5.150464221202515
4.712926611299988
1.6143089538999857
2.246622802699987
2.4707675414999954
5.449848023999999
5.301973023999992
1.349324517799995
1.0488418822999985
1.97641489409999
5.056748617599995
2.2189557647999973
0.8630844502399999
1.0521161362000002
1.1152161899010855
0.8103877222999988
1.4597662185999964
5.208594404594841
3.0100765685999944
2.4458267257999964
1.899606324799993
0.9510532791101285
0.8708196824999996
3.133973342899979
1.6314429336999976
1.0131325717000013
1.1659604720999992
0.9796747387931998
0.816434715471707
4.229262748699978
1.5541645369999941
1.1367071120999992
3.748965486099988
5.179215893599984
5.987884101899988
4.941303272999994
4.124543666099996
3.8085431960999947
5.462284689303809
3.9111665084999974
0.9101533186931979
1.9906490142999944
1.9467073456000004
2.019226562499999
2.232206314099989
2.324340277099999
2.2453135024999713
2.6726173751999998
2.0117852553999818
4.417957235699977
3.7012078231999945
2.734337327599987
4.677002801499986
7.3550514556961435
3.4595565581999996
2.2931081528000012
1.4197463927999974
1.1447583710000002
0.7009901219399998
1.5552757354999993
1.0918021738999968
3.0559442916999933
2.551238322399997
2.5171475158999965
5.322354659999991
4.979681329299993
4.239055052199982
2.0895207412999985
2.2142189605999723
2.634664091499988
5.525028965799988
6.07572065279741
7.658437356594855
8.83833388679598
6.955005245999986
4.6758732329999715
7.634158058202545
7.9739561446999945
6.766993516499995
7.489954006999987
8.11837710269615
5.479341969299983
7.033187516797423
1.9127422194999995
2.470596125799989
3.888528529399984
6.220713987696141
5.046014747599988
2.910330200199996
1.9015516845999911
1.818683096299997
2.244780421399984
3.6618928191999984
4.6388510039999895
6.167656404099984
7.065078271506385
8.860847558594875
9.510392617863982
9.14944266049359
5.878134927399991
4.754745069899987
8.493229226696144
10.000067344787828
5.627856867999986
1.7739938750999955
1.8658510361000027
2.3424331039
4.803551885999993
6.896679232797422
8.051932910202549
6.129939083899984
3.981277886999993
1.334540162699994
1.6455425490999855
2.6180055556999955
2.286358168000001
3.4689275939999735
6.079062501499982
7.870433961506379
9.901204029863985
9.91694379421215
8.413448818999976
8.42906280359486
6.654509744299989
8.000516761797424
8.960528094506389
4.454684417699991
8.2589118728987
7.7932447783999965
3.543448234599996
2.0791287017999958
3.1070119613999934
3.5834146728999885
7.965678553797428
8.479072415202538
8.409416726795966
12.212609456999987
11.055071233999987
9.187889176898715
7.583099032594862
2.631446861299987
6.307953439303794
7.323305573999984
3.816061209099987
7.666401760898709
12.72583572399999
6.654105851699984
3.877589685099986
7.032777554303822
7.720781169101272
10.86568810399999
10.378710684141419
12.015518912999992
11.623384733999988
11.230087661999992
8.025891926594868
10.404315986999983
9.011987628202554
11.144326772999987
8.65042701869615
7.497447355696137
2.0487660293999808
5.246176078797411
8.791653329506389
11.536995080999999
11.744974613999995
11.575606333999989
8.213930416898698
6.127099201999973
7.832606011999981
9.115845893898712
7.157012760899987
11.046768683999987
11.500968905999985
9.75765694420399
10.649371859999986
8.163217040999985
7.559784896899992
10.13631578821214
7.946136538696147
5.526726040599986
7.0121882263038255
10.303848656999993
8.769725451696145
8.963703431696148
10.656905785999987
8.309146159405111
7.750846237199998
12.181566034999989
8.778291043101262
10.369975873999985
12.707763611999988
11.742233220999987
13.65045913799999
9.679342196787818
7.72931526951997
7.943437829594859
9.447838487141423
8.37381749110126
7.1779164398
9.102564402797432
11.010377289999983
10.47593870999999
10.871404764999985
7.733840353405099
12.46214379399999
11.373253370999993
11.075776404999994
13.583119188999992
12.74134562199998
11.611531272999994
11.25320911599999
12.061614379999991
12.78467889599999
11.23284403399999
11.256219144999989
7.556496704101264
7.895444476303825
8.90636980130383
13.694918007999997
11.134011287999991
10.340508163146398
12.83875043899999
11.765354786999993
10.600019323999991
11.639389568999992
10.488736936999992
10.184887029999986
11.896447895999989
9.82686992964638
12.775178432999988
12.186450193999992
12.731743254000003
10.587045207
10.644298958999988
11.430901169999986
13.28601830399999
14.016187099999984
13.728491535999993
13.11787138699999
12.140517809999993
14.288283440999997
12.554736216999986
12.597479162999988
10.35465796999999
9.23956004021214
7.48616273959487
9.126646789594876
8.039782289101266
8.056047006202547
8.937774458303828
10.073413297999998
8.638479812594866
8.047713001999993
9.349226011696153
11.094562645999986
11.491919799999984
11.326488646999987
12.674132921999993
11.87908720199999
11.380866346999987
9.55072491299999
8.518812261999978
10.275731533999984
8.906383145101259
8.287563442999973
9.885421578999985
12.329567377999986
10.72923548599998
13.515060358999992
12.568469674999989
12.237851871999991
9.544597857795987
9.210508154203982
12.63384936399999
12.944820006999993
13.155829128999999
12.978508400999985
12.748365471999989
13.488189435999988
13.756336356999993
14.258521460999985
13.464829920999989
13.610261442999988
13.59525999799999
9.214241245999991
10.876612015999987
10.326693208212136
10.014466033929256
12.28976057099999
11.14308897199999
12.005332610999986
11.859287746999986
13.039385242999996
11.65950395199998
11.746008057999978
12.104450020999991
10.784113752999984
9.856428443931993
10.874825062999992
10.219466244646386
10.892492530999986
11.636549088999994
10.264038261271986
12.266865932999998
12.912684505999993
13.55051213699999
12.621864489999993
9.93089081886399
11.224606162999997
10.71739226798912
7.489273377999986
8.22494877930382
5.015925190699982
9.93819732979599
10.236087716787825
11.644936257999984
11.711212908999988
8.352008811999985
11.31074356099998
11.177327874999984
8.44009205930383
3.0497926436999783
2.2548789931999993
3.0758440749999933
3.577742227199974
5.39436117710126
5.010581585699993
6.850902526899996
8.504571472202553
7.7708674239999835
8.555800460797421
7.215947177101268
9.065020550493594
9.663514340141424
9.031934866303828
10.14817075971711
10.04652423399999
8.339806674202542
7.823377287303824
8.431386370797423
8.489014221202545
8.468345158405109
9.057410256999994
5.075869647199988
6.510090331999992
8.380512963898717
8.936641090405107
4.2717653975999905
2.551938410900002
2.101579333499999
3.7658497176999988
6.512348753405092
6.073491535899985
7.650428410303821
7.350141747999983
7.7757707703038275
1.820079040499997
2.5625826339999973
3.1121542739999786
2.854454742400001
4.541490359499975
2.328174438499999
2.1836894668999953
1.7497144042999968
1.2700392974999977
2.0257156218999963
1.5105948897999986
3.0584575606999973
1.753782383699992
0.5765650590899978
1.9339939605999845
3.8559513335999758
6.196745532199992
1.7004918868999992
1.6218744887999959
1.175752322399998
2.894310075399981
4.859889565999992
5.2029076782
4.745162895199994
6.225900973499996
3.039946369899995
1.053636486298912
2.542297000099996
2.0625363738999973
2.2488274550999936
7.483726351898693
8.515618904101265
9.385424487203982
4.467977976999989
3.296423002599982
4.034364285299994
2.7771380249
1.5348890991000008
1.0052730110058572
1.558173672500001
1.217537089499994
2.1279405333999963
1.9860231154999988
2.5580215636999846
1.1120329973141387
3.841509129299975
6.326627165199996
5.107616485599993
6.139902732799983
7.488360079999995
6.79430910949999
4.8312765884050854
1.771856655899993
1.156660794099996
4.599802322399997
4.062160856599987
2.9426202346999957
2.2382873153999783
5.90077819519999
2.0371812972999996
1.5007361862000004
0.7842172438600005
0.7541318947797429
1.352000239599986
1.8394654159999775
3.457947605899999
4.135709851099975
3.267105689999984
4.07139035799999
5.205241940299979
5.612879045099988
6.094023480202538
4.82154010309999
5.033087335199987
7.396087202506387
5.3360086501999975
5.8356659546
8.173622575405092
7.690968147303829
3.4934349441999877
5.882364601099991
7.281702322399997
5.8775430115063765
5.650970086699988
1.3759082937135914
6.599864298999975
5.519803472899996
6.065762693799995
5.376500160199996
6.1828691147
7.456901122999992
7.290568650799987
7.839898500101261
6.107027456699983
5.834459324599986
3.7466930144999964
2.976018189999999
3.291936172499989
3.5754913680999874
2.7502781096999946
2.8161103088
2.631276724199993
3.29689232029998
3.932132897899988
3.7118631240999918
4.359265663099993
6.453780172699983
6.229521934499986
4.999728816199993
4.438232704199995
6.789560815399989
8.42087912749359
7.563100974999984
9.796263900863988
8.94457064969615
7.2074971648999915
4.989134916699992
1.7453048278999956
1.1244088901010876
3.1957957137999897
4.457988502499997
5.512195962499986
8.890476213101262
1.424227255199991
4.7239618056961135
8.439015054303836
7.355252893101263
10.966238532999986
11.174246792999982
11.44700656899999
9.541528489696152
9.256768191493597
10.88811924899999
3.0101788680999944
6.656971292101239
6.755953710899992
9.269324223303833
4.72114956509998
0.9638365817999935
1.4139629506070506
4.397828681899996
6.887008079499987
8.383822784405101
1.9909197707999964
6.310978333999967
12.86373484816639
12.250310544999987
10.957629195999987
8.980032705696146
10.540800596999983
11.617264303999994
11.253972013999997
9.234263951101273
10.244765592999997
10.602055286999994
12.359476887999989
10.037133784353587
11.279939534000004
10.308927324999985
11.775951238999992
11.511373713999987
11.333603580999993
11.664985404999989
10.936068352999996
7.071957739299991
9.104852829000002
9.783788279795989
10.269681986999982
9.549337391696156
11.318602894999994
11.917363935999989
11.85252648599998
8.757846163898712
10.90264000499998
8.64001032710127
9.726843316787821
10.821232714999992
11.699282219999994
7.380864494303819
10.630278144999984
9.441095597863985
9.220192318700011
11.498639496999994
12.429182940999983
12.14114214299999
10.139485956999993
9.417142878696154
13.341552497999988
13.73454334699999
11.63993543699999
12.587465062999991
12.36972954599999
9.465945150858543
10.560452349999998
11.463662816999994
10.892926693999986
11.510703454999991
11.277202083999988
9.007660264594868
10.030676078863989
9.552075733898713
6.592327261399987
10.833787421999991
12.50983899999999
13.25964396499999
7.797332270797429
8.69063533330383
8.977605041493586
9.073669386303832
8.172018186999988
7.233026284799998
5.233667874099981
9.571518658282864
8.314762774702555
8.164978169303824
9.659090826282867
11.339554130999995
11.71993814999999
12.664681139999988
11.247132079999982
11.037401053999984
9.923849513135991
7.747561885099996
6.977550074797426
5.601951493797417
6.799154684405108
10.082290008659992
9.49970373693199
9.191221960271982
8.919471420203982
9.710280721999993
7.572381828303816
10.325324946717101
10.703019394999984
9.363641557303833
11.979915004999992
13.291960705999992
11.267770315999982
8.993993730207977
10.541609697999984
8.62245317379743
7.798347856101271
9.79937166128286
12.755250835999984
11.276548900999984
12.972202949999986
11.88763321799998
12.576959249999994
10.85222097899999
9.186118954506393
11.660786503999992
10.734727562999996
11.588701168999984
11.294064393999989
11.377000164999995
13.187938970999992
12.325157573999995
6.512882893399982
6.0354460051999865
10.95833243899998
13.252178251999984
7.359281486493588
11.222159672999979
12.194318317999988
11.72799890399999
11.086106804999982
10.466038111999985
12.373961585999991
12.711052201999994
11.88302799699999
12.698469153999996
13.971899552999988
12.607514341999986
7.778500279202546
12.90684727899997
14.390613047999977
14.390855289999992
12.912638743999992
13.460879699999987
7.74906725769614
8.321351792898705
9.839601753141428
10.14101197699999
6.784392559799992
6.833358583099994
8.014345402493587
7.812909527594871
7.400770216405102
10.05283111399456
10.583120237999989
10.645358544929246
12.828416205999986
13.822645421999985
14.263083562999991
13.504895272999988
6.265214247099984
7.507117605594866
8.573027305594863
8.95047230379743
11.386929108999983
12.361111542999986
12.067790156999985
10.483488820999984
10.976554299999997
11.984939689999997
5.971340029898693
9.399160650727993
7.886997077898702
8.761878431696148
8.480494305405113
4.773832177699993
4.351338230899994
7.038973762499999
9.736080462594876
12.275079253999994
12.71448799099999
7.545237741101267
6.6331592392025325
7.962556039405115
11.035020736999984
14.382315941999993
13.717148014999989
12.926861439999989
14.29691088699999
11.950282421999985
9.235029002405117
10.200662110929263
10.17304363699999
8.734764799506388
6.834789341696145
7.975100416599999
7.394597766101253
9.414498411727976
7.823083010898705
8.973714724795984
6.535636025999988
8.161649531594868
11.898124752999985
12.688668915999987
13.088095214999983
11.726465973999993
5.005369518999987
2.370325813299988
2.596386672999994
5.815691668696133
5.598119715900001
5.8948273696999935
7.5104774582025415
8.335407270797418
11.623268487999992
12.558397910999982
12.50592301599999
6.952301805101262
5.591893598898698
11.669981002999986
8.187934364299993
6.583397190899992
5.217220928999994
9.136224340797439
6.951318582199996
7.234789482099989
9.299658248931976
7.867749941999983
4.391911061099993
3.0572772842000004
2.458015470899984
7.2965574859999975
2.2435643676999977
4.710717652898693
5.3909953307999965
2.5296145369999756
0.7277001751899985
3.7788782836999744
2.2332946151999993
1.7233104645000012
1.6774711226999974
1.1745808258000008
2.5665698775999886
2.3994988953000043
2.7798125060999874
4.276003875699998
3.7955043136999977
3.132114653000001
2.2185121581999976
3.0321734649999956
2.6167449356000003
2.313515898099997
1.794024517799999
3.3811805404999777
8.146237327594854
9.457529069646377
6.05931996610126
1.1211885222999984
0.6170544090299989
1.7485373534999935
3.1848522948999936
5.834517761200005
1.663883201599995
1.3923056586994567
1.4486652694999989
3.06166683959998
5.213592803999971
7.549924322493588
8.699830662493577
7.858606309493585
8.715827394101268
7.306970896899993
4.744109834299995
6.066537751797408
7.835147457898698
4.802945501699994
4.972166526799998
6.954727621506364
9.23326918640511
2.9821469910000005
1.3126577255000027
1.4942221832000016
1.4637572678000028
3.5143479079999933
4.2866828765999925
5.1811359389999705
7.444200582898681
7.126800187696147
3.487325189199999
3.6229755462999815
7.767305348202542
5.719943264799992
2.720294107099999
1.392116946399999
1.7570235625999848
3.4282809952000046
2.441337351999984
7.45051905059485
6.636165539594855
8.624427444339977
4.463128585799985
0.8652463923339953
0.9436457482212119
3.419265559399967
7.7587824844051
7.5683259064051
5.800571421797419
4.579730314599996
2.258560929899997
1.9253369796999926
3.1671864150999856
3.349902387999995
4.451086602799983
3.9774837203999858
6.449912068202543
4.785807034299997
5.167885052499983
6.219135557599992
4.712581332399991
5.251275570699983
7.428359245303828
7.365590064999978
7.549502288797431
7.112236798101259
4.45560137789998
5.3044725631999885
6.50612324679999
2.0985092284999927
1.8539140868999728
2.2029252318999837
2.7152134185999883
8.691028631594865
8.693570959506381
9.58782702628286
9.786752716070698
11.616506801999986
10.783025959999977
10.81085033299998
9.343587010202548
6.967356884799988
9.879501730212148
4.316578092999991
3.4317179534999855
5.008292674299981
4.752957939101241
7.092954872099994
10.597135006999993
8.734196203594864
4.777629925499996
2.3577882385000013
4.3665650283999975
3.2091152694999914
5.66978805389869
7.37338231349358
1.8830464980999921
4.8912382918986825
5.465675566099989
9.04813798679743
8.791367877135981
9.999030796858545
7.356022979696141
7.491206303405095
6.758204934699986
8.556855436696143
8.93880571593198
9.563795880067989
7.321306739797421
8.668373467999983
9.428638757203986
9.979868591212147
9.675357928339984
8.914914077797427
7.491031466696149
6.842735900899999
5.222908607499989
8.213449070699994
9.168614971931987
9.701771755999985
6.054943003797426
4.9193404265999945
4.467100781199984
6.4977070678999835
8.59301411130383
5.718087727405094
7.7601578628987
1.8609748275999924
4.763199977099985
5.23381801759999
0.9242823045795965
5.144316151405058
5.75070122989999
5.413365812699995
4.061852159099987
6.0776954497974245
8.261348419202541
8.662281190506379
6.139705830399989
5.691449212594861
4.399248385599984
7.564331094405106
7.285314190696147
4.083962876899988
5.717427847299987
4.131983714299972
2.3941789061999894
6.326965615797421
6.356645573399991
4.2713719192999875
6.182166596999985
2.2262857941000003
2.2205260695999867
2.303625567599987
1.1815887502787767
3.2241885863999875
5.3044198119999795
8.485517982506385
10.424906640999984
9.170883015271981
7.66429642179742
9.342727624646377
6.580218324299988
7.06773285220254
10.824113088999985
11.460524923999992
9.631270524717102
8.826459439101265
9.559776634141425
9.407987184101271
10.013654879864946
10.111834942717106
9.536051538067987
9.366375823833584
9.159737452696147
7.413394859303823
8.60297482599999
5.233963362099994
6.177113922099984
6.636019390899985
7.366364019799993
9.195130895999984
8.601541717493589
9.619244822795988
9.59922097313599
9.288508416696153
10.442246401999995
11.437958126999993
7.6773926879999905
6.964496356202543
10.09778283221214
10.668958159999985
9.243937310863986
7.140834023999987
8.324551975999986
8.684404014594875
8.972031503303832
9.03810393979743
10.807311228999996
12.437065185999991
10.86706410999999
12.416369498999991
11.88510018899999
12.702230375999985
12.25183356499999
12.597656881999988
12.40240254699999
12.199958783999989
11.851436582999987
9.937744229067993
11.389855726999993
12.023169764999993
10.682236414999988
11.235394929999991
12.337317116999989
12.933503690999993
10.944262114999985
11.009024389999988
10.001563539067995
8.287795432999987
12.17330646499999
10.972329075999989
11.47284276999999
12.117837436999993
12.024896886999992
10.493731756999988
10.034343897999989
11.385014026999986
12.882299860999986
12.946048642999987
13.128127755999985
12.835746734999994
12.547414803999992
11.18608115699999
11.261179976999989
10.401255883999994
9.55436219186399
10.160158268787828
11.696356678999992
10.940089536999992
9.386638952727987
12.513741793999992
12.407731025999986
10.481421963999988
9.501387408271988
11.546382886999984
12.785940645999991
11.90742788799999
10.451342048999988
10.958108355999986
10.208185108929264
11.12712713199999
10.685788166999988
11.212268548999985
11.88957165399999
12.341092644999994
12.867222728999995
12.764479050999997
12.574525142999985
13.113940458999988
12.872867675999991
12.274439614999988
11.190515670999988
10.416462855999987
9.331897009203988
8.960106137101267
10.168330139135993
9.96144483493199
8.189265087898713
10.630727933008151
8.636040232797423
11.421852981999987
12.022121879999988
13.542008881999996
13.265320586999989
11.573943931999986
12.717410022999987
13.33596998699999
13.019404535999984
12.569295371999994
11.17406811199999
9.842887754858547
11.248571572999989
11.136474502999992
12.524276014999998
12.929757880999992
12.583348140999988
12.08579640499999
12.204613086999991
11.050342205999984
12.563633106999989
13.048005718999999
8.89089574579742
9.985559240787827
10.730580001999986
6.983006336999987
8.062019889799998
5.343177769499991
5.952977716099993
3.5345679610999965
4.626568627899995
5.652315585299991
7.569313561999989
6.901163314797425
9.665400646999984
6.54642236789999
9.143941326898716
9.484805870070689
9.318293014479986
12.613663862999987
10.777997968999985
11.596642887999991
13.343082216999985
12.303299378999984
11.799890311999981
13.126732129999988
11.92627105999999
10.729584165999993
10.756063918999985
5.42660556179999
3.2674669753999823
5.797336506699983
3.526384426899998
4.101019966099998
4.973825183099994
5.735191439797416
5.851107578999997
7.015861048899994
9.789275337200008
6.8484218001999935
6.9370753570999995
5.758327693200001
7.387594377099994
2.893809878499987
2.6189143325999935
1.5564031296000005
5.511060922199987
7.160338734399999
5.195021189899981
4.935221064799999
7.099967069999972
7.432611709594865
8.958542079202555
7.249067240900005
3.8688403060999934
6.371180808999994
3.585999174499984
4.889429834000001
3.6562558289000076
5.630652175900006
6.280409240699982
7.354921362303827
7.225411126699999
8.94148115230384
9.774651551863984
8.797771586594862
8.661616334659977
8.296482482898702
6.0407261382999895
9.189926913506389
7.74024618840511
0.9149748495101274
4.509609637500001
6.5976076293999935
7.647596408099991
8.4549683624051
7.656162269594859
6.601906700099987
7.254997782898705
6.641843983506376
7.804367634594865
8.095213493303822
7.122002960202541
6.153600666799983
7.261815397599987
8.701901513696143
8.46785446469615
7.844108749405101
1.4560321975999944
2.905484413099974
0.9882065048135967
2.6156373763999867
2.635663954199999
0.6678104261399995
0.9622854396800012
1.4225006851000002
1.8858574096999978
1.9835065582000022
1.898514230299987
5.415917040999975
8.031930296303829
7.2123776671999895
8.266636637898708
5.5411841979999945
5.476358920303806
7.770757345594851
9.469391152999991
4.312754431199989
6.092760978696135
6.6048767974999905
5.758907301299987
4.352374145499983
5.482854025299986
3.9849007125999902
4.169421383699994
2.621909132399997
2.912763391100001
5.701314443999979
7.1483944152999905
3.8901620635999894
6.022922027599983
5.635222047399995
3.8220204711999988
2.0985219116000002
1.4406000256986422
1.5093193191999945
7.08502990879741
6.497239216594858
8.508615083203969
9.977142884858543
7.933185160797415
7.119563435405099
6.880732577493579
7.235894932594866
8.148622857696154
7.6525576964935835
8.678026768506383
7.17224711909999
5.2218297118999875
5.829870281999997
6.6403615447999975
3.9250100615999886
3.8732478805999935
0.7560903642700002
1.2470426757999973
0.8090036952000008
0.8072808054931923
1.043360841278761
5.678053472899985
7.565187956199997
2.51977640229999
1.4061961974999957
1.1354532329717082
1.760224906899993
1.6648703322999903
2.9362005492999765
5.411315251199975
8.372362416101272
7.885386544797426
1.0586010024999988
2.044179029799988
0.7406834668133415
4.358536338797406
5.841677172899986
5.532925872799983
3.9073329696999832
4.362756826799982
5.000954930099991
7.883501626599999
7.655100553898704
3.8183971984999907
4.509044181799985
3.082470028699996
0.6747101090399983
0.5887844620699989
0.675513141072796
4.345146360799977
6.643948086493581
11.246955021999987
7.197714239493579
6.90471675869999
9.043134127863983
4.080359641999988
4.272267726099984
4.281857041899989
4.534919314599983
7.030268989594862
7.363660789499993
8.609423777797423
9.683751975999984
10.933622078999992
7.058364996303817
10.249592847008163
7.749715643299999
8.224040890493583
7.178658227499986
9.962422256339988
11.511839139999992
10.789103365999992
11.072669369999986
11.459379473999993
12.926713918999996
11.086153304999987
9.903620481929263
7.975028584303828
8.964781037931987
8.711433891303825
10.831849846999987
9.378624616999979
9.353738191135989
6.859161933899989
8.854897097797426
8.476319120797433
11.263329937999991
10.911873823999997
11.91819737399999
10.59551874499999
12.181223285999993
12.511572353999991
11.890595295999983
5.956806202699992
5.770385066202532
11.131225138999989
10.484733722999989
10.47607689799999
11.326210769999987
11.464430740519987
9.407314410282858
12.550088157999987
11.86952934399999
11.010228612999988
10.531989701999986
12.115107795999984
12.92242893499999
12.205572347999986
13.810320551999993
13.24760557399999
12.351522942999987
9.821581329203992
11.045476090999987
12.17216092999999
12.50559328747999
11.289583148353588
10.095493785067994
10.96363558799999
11.197322640999996
12.920380892999997
11.291995981999987
12.775969120999992
11.586713561999995
9.64974058693199
10.07016976007071
12.256408002999992
10.794134754999986
10.611337957999979
9.84230724935359
11.517132860999984
10.586287371999987
11.382048987999983
6.781616532899998
1.6916815535999992
1.7179727600000017
4.433668400599988
5.766291401696136
6.587432203699991
9.60705399179423
10.40780276199999
11.887220435999991
8.52338941040511
10.26076708214143
10.57316558399999
11.703748035999986
8.92836684879743
9.718177136141426
9.310232882696148
9.781010853717108
11.549711696999996
12.463861661999989
12.201239309999988
12.178323484999991
13.06434751299999
13.718652761999993
13.17213942699999
13.07572211899999
14.24593076199999
12.825209403999988
12.857786915999986
11.669664853999986
11.945335581999986
11.555121604999988
11.974054125999988
13.068388219999985
12.360105132999987
10.342151270999993
11.73451546299999
12.301056672999989
11.05518918499999
10.47550684699999
12.545063866999989
13.358746709999993
11.137931945999997
11.766144779999996
12.091949494999996
12.18106140399999
8.901344934101271
8.376653164700002
12.29506702099999
10.733219462999983
10.790446515999987
12.303113749999993
12.434139020999991
11.93097905399999
11.895238930999989
11.563291233999994
9.646094334271988
8.14962998499999
7.6391622025063874
7.608244749499991
8.078430973797426
10.492823937999985
11.709455778999988
10.774368380999986
10.918459464999989
10.07818814528287
12.12140460399999
12.199165268999986
12.459521807999993
11.632755694999986
9.30685615389871
8.173136077898711
7.790387725797428
9.674590418999985
11.508492064999995
11.017477819999993
12.993359003999993
11.079659058999987
11.493901015999988
10.051261082353589
8.53011383820255
8.950210740795978
7.377383377101269
10.244244006203994
10.923526659999986
12.182440507999988
13.06425328499999
12.66732208099999
13.376171592999988
12.923035102999991
12.843169697999988
9.078113070696151
7.13086213069999
5.553949555999994
10.678488341999984
10.73119340399999
9.672021604931984
10.792220725999996
10.647404993999986
12.27297446899999
11.913660956999987
12.079034255999982
11.760690577999982
11.13598167399999
8.478461398303832
6.511975698899991
7.192750685099996
9.87096920478782
9.80286150979599
9.242240170303832
11.758625603999997
12.506471526999988
13.896721576999994
13.394953195519996
6.158913278199991
9.96948291479599
10.028279092282862
10.308197475999993
9.701579892
9.428925070135977
11.692787736999989
9.78430059065999
10.916326233999985
10.651957425999992
7.853742405699993
3.123276631199989
11.192286901999987
11.518400110999982
10.615161886999987
10.936332381999987
11.516349793999991
11.280460990999988
12.101314515999984
11.664024975833593
9.673559312271992
8.1687129668987
6.226876182594853
10.561452022999982
11.810225271999979
9.40614833520399
8.383013783303834
5.8176099334999956
6.180505470299992
5.426236317399991
8.859767768898703
9.52269339293198
5.587143519599986
6.226572697405097
8.176786923135975
8.682427131696151
5.148938076799984
4.33621222379998
4.3384632934999905
2.2896778457999862
6.527248194900002
7.613335336303825
8.338634397898701
6.745629363999975
9.43835313569616
2.342816851799993
4.779882784999975
4.963244354199985
8.324729331999979
8.05410619959487
8.574509507797424
9.270993217339983
8.574767611696144
8.083384825101273
9.308744750999983
7.895191569493589
8.650273269696148
7.776164642299995
7.066772126797425
8.0357969681
8.815277259797428
7.441699636797429
8.475707234202547
6.176656858799995
5.012144639599997
2.7838649246000022
2.3793021439000004
1.770651097099998
2.7963717544999946
5.876118470799988
5.191284310899981
4.161583683799987
4.981964921594854
6.268660423303814
6.938233952303826
5.3788460708999875
2.451451701399978
2.025999841299986
3.221904907199975
8.751932160898706
6.643521493493583
5.155972802699981
6.324346192898702
7.3049422072999945
6.085675611900003
3.5578368010999952
1.4281930161000018
1.4306668517999959
1.8890401626999989
2.253078508000001
1.8150750533999729
2.239509707599997
1.895151710500002
2.2420662780999967
2.0939865630999797
5.907906675696137
6.547906115700001
5.398743482999983
8.322277047696145
7.006859544399994
4.651515890499988
4.325954412799988
6.6453860534999984
1.660650273099987
9.156992457727986
7.636790522797425
6.255119146696138
5.162866296399993
0.6696464931519946
6.24042517550637
3.6930344130999737
1.7682620406999918
1.0687880701067987
1.7093472121999878
3.6460882705999667
3.64283598939999
1.4327947722999934
1.3814528640999952
1.8695664809999877
2.946815539599985
4.379705816699987
5.829263758899999
3.7497948470999956
6.262854560898692
8.112475654594862
8.77121051330383
8.204802799999996
3.6827093306999927
3.8066383590999946
5.5835164719
6.127656149299992
6.912462867699997
6.139189913899982
7.834414237999982
7.653698771696141
4.331741720594847
7.804974757405088
8.637585519405107
8.51587599030382
6.6821642669999965
5.618932423400001
5.851803474400003
4.649211949199987
8.404722134271973
8.343293290696142
6.259315306099988
7.590643870499991
9.305965229863979
9.816765943931987
8.782560774202551
3.0263709609999982
1.7418345550999959
4.610281976299985
5.402745165999985
5.867148072799992
6.704909080493581
5.772419729599994
7.796831024202535
6.637914750696146
9.128521661405106
8.738586151101256
11.095121776999985
11.261877221999988
9.95789178914142
11.209067241999982
11.512704989999985
10.84001740999999
9.877870884787818
10.310249444717106
10.065951962212146
6.322850506599987
5.518018579099982
6.645621427898691
8.463981106594865
1.9551876967999795
4.354345107999972
5.338285693399992
3.709005062899993
2.4458053344999957
4.367963723799994
7.006642814594866
6.471203974899986
5.872524705499988
5.414406379699988
5.5022460143999865
6.959584698506378
9.221928149405114
8.652092051696147
10.743236823999986
8.713583200101265
10.986874128999991
10.721619472999995
9.750157516339993
9.72591743172799
10.182537109282867
7.869663461303829
1.2993993117999991
3.0295739608999783
3.048202008099996
4.482138806199988
6.869743696599988
9.126013667303832
7.7274623505063875
4.667070461999983
5.755641476399981
5.418242402599988
9.494527247594874
10.765488806347195
11.134660294006393
11.43544637916639
12.703731458999993
5.225635583506374
3.2761264251999784
8.944113014129574
10.320327691787824
8.258153085299993
9.215418464696151
7.295551446499992
9.511917614787825
10.733796898999984
10.839974222999976
12.00369057599999
10.934503837999985
9.79480815586399
9.795892192101277
10.883141474999992
9.647059588727993
9.307957324135987
9.914336483797438
11.257440966999994
7.393621162399994
8.306057672101272
10.61224690599999
9.959519526795988
10.715632110999987
11.709459389999992
10.79901676799999
10.38540736799999
11.033632312513596
11.176174856999987
11.558493841646385
10.140336453519994
9.079429569993593
9.929763400378548
12.031187479999987
11.681357648999994
7.963687739594867
9.926126831067991
10.54773901399999
12.55070758799999
12.204236175999993
11.91493789399999
9.294145950203985
7.612183660898709
13.618258086999989
12.08272758499999
11.991505053999989
13.668829416999992
10.817518294999989
9.153781625271984
13.745742040999998
13.612995099999992
10.907910013999988
9.82212255099999
10.294470292999991
12.666773809833591
11.50099143399999
11.59725413199999
12.34222874299999
12.29964814299999
10.309298672353588
10.25223013914143
11.719945883
13.580187906999992
13.291368317999988
12.615964065999988
9.41794647669615
9.01558160710127
8.559859754898714
9.959138526931989
10.91800995899999
11.519736486999994
11.574763044999992
12.067942997999987
13.80082214199999
12.898093866999991
14.679891485999994
13.950514568999989
14.078346166999989
13.546075425999993
10.482806199999986
8.93984841769615
10.32047150699999
9.257586210727984
8.606718620299997
6.80969095759999
7.14255460969999
7.744950077799992
10.642049270999994
10.173021919203988
11.009215816999998
13.352222771999992
13.011538462999996
11.869127225999994
12.538529925999988
8.786912185696156
11.231635042999985
10.819469098999987
11.587635915999988
13.17891321599999
12.22854756799999
12.742028095999988
12.231000561999988
11.390831478999988
12.232230347999991
10.734545543999987
11.881129339999992
12.181217399999987
14.264503777999991
12.868354563999992
12.500225619999991
12.085356173999992
9.981965582212142
11.748928531999992
8.642282498202553
7.8420939804051075
11.712742150999988
12.07322877699999
11.485818477999985
10.113824258271991
10.099712947070714
11.231124770999989
11.072101642999987
11.469263880999986
12.097564969999992
9.628153286795992
9.76310257713599
11.04683928699999
12.94376164399999
11.34265923599999
13.45083527699999
11.369851180999989
9.157305903594871
9.242080781727987
10.370338584999999
11.59867450399999
11.724005283999986
12.09022423399999
11.814710355999988
10.30488230999999
11.280405684999987
11.05214537699999
6.834522404499991
8.463668597405114
8.476664454696143
7.809550620999988
8.853709027101262
8.686164999405108
7.910816755696148
7.831466093405105
11.66179386399999
11.134425882999983
11.073390688999979
9.188489344797429
10.746133779999992
6.803394883699988
8.604900138898712
9.306903321797433
8.48763069920255
8.883746989405113
8.957011990405107
9.741966926594877
9.389994752659987
10.879065636999993
13.195155015999992
10.979993964999984
11.885124679999992
9.82564873364638
11.24166954199999
5.956460101299989
8.147832955898698
8.336002661101265
10.717544814999997
11.466935781999991
10.584831196999989
8.334605340717077
10.638047260999981
9.29356277620255
9.29784388579743
9.815551736339987
7.014836080899993
6.925842845199993
8.383110974101276
11.061461515999992
9.893270347727993
6.067460360699984
7.118248973101255
3.3286325561999965
2.281014260899996
2.7494408477999928
3.4099582595999927
1.1598964721999996
1.4888144912999968
3.289904647799978
4.0158594222999735
10.564332184999985
4.193631840499994
4.31832565769999
3.7349226760999934
1.908031315600002
5.661060159303796
6.325883741799986
10.325632148999983
5.425053674299979
1.391870056199987
4.445640467800003
1.1831530243000008
1.1099427094160033
1.5470149825999902
0.3692428470600005
2.233719642599998
2.8087954513999938
3.142093722500002
6.307200210599994
4.287457304399984
7.536038096599994
7.919957568405095
7.756464248696151
4.014603018199994
5.109373911999983
5.378171491999985
5.860347853099988
6.236138397202538
4.5361970931999895
1.376760963399995
1.5756265868999948
1.9065148879999927
0.917723401078778
1.0234535631141408
1.5654657165999892
2.3696761458999904
3.824955548100003
3.9301202254999903
7.2070101256961365
7.034758576999969
8.0842555984051
8.854639321931982
7.96413238069615
8.430076376303829
8.066079923999983
1.2932441757000013
6.141839962799992
3.7159659697999885
3.6621702208999913
2.6152942321999886
1.8582889602999804
2.747260800199993
2.4033526275999963
2.4639883773999975
2.128835911599993
3.155337667799973
1.329803104299727
1.4810302795000034
1.1955286269999945
2.9994314452999875
3.457907142599989
5.353921441699981
5.380617642199978
7.5797045212025385
3.476741039999986
1.5018292785999836
1.9147056380999852
2.2280653594999866
4.027347485399987
5.122193101499981
6.83020526579999
6.768838897699997
5.463701885999991
6.431434017898702
5.670647250399996
1.3936048339999978
1.3948804503999963
2.976696018999974
4.776114707899978
5.790218115202537
6.243848139999982
7.942660296594866
8.107532592797421
7.858943379202543
4.589662626599982
4.154851466399983
4.8071633163000005
2.048682084699995
3.3123475158999867
3.226040310699974
3.864487908899993
1.894570828199997
2.394757421899988
6.213570809898699
9.284747901931985
8.65976335299999
7.635917849699994
4.887287481699997
1.4148215789999992
2.454304475399994
1.1339028076000002
1.3273248259999917
4.431824867199981
5.392566804499978
6.495147849999988
7.196027806099992
5.926031028699988
5.896012002599988
4.958582984899982
4.5043086974999795
4.946029222101249
7.8800384888639625
4.8091471648999935
2.245113764999993
4.155986822499977
6.652485078405098
7.1677168671012685
6.685167146303824
7.0521217331012656
7.087403283699987
5.947642373696135
10.148248825067984
9.646081291141428
10.019354760787822
7.961481872594858
6.7960304198987
4.221852568099985
5.349953097499982
10.841788205999984
10.14930878764638
7.850665019202545
8.117043157999985
6.780351014696133
11.671682302999988
7.400593562303821
3.8134506408999993
3.462830175799975
5.76299775999999
4.823582372999987
3.7492439025999897
5.797900614899982
6.78681423650638
7.011080573999989
6.689783198499988
6.6284362029999855
11.11503030999999
1.7874332961999913
2.4062256255999745
7.829610064696143
9.68719586793199
9.229937533727986
6.629759448199989
4.969381687899996
6.66899813079999
10.765669565999982
9.51676921999997
8.880490991202544
4.175465197799989
2.0611550399999885
4.725673797594852
7.319937736493586
5.265535230999987
3.186505100999977
5.859852754199987
6.77632017359999
6.865480007899991
7.2935276397974205
6.4777117721999895
5.720132820099985
9.298282490659982
10.389674318999989
9.28552381899998
10.664460108999984
10.00357761221215
9.986462675339986
11.446663999999988
6.700447746299991
10.766947886999994
3.597568963599982
8.222049922202546
5.376742149399994
3.766806108099997
1.944910234099992
7.334664776600004
8.132109674101264
12.98474836399999
7.421584364299995
8.078387197898707
9.899042150929262
9.977188044787823
11.978532200999993
13.524778765999988
12.29570475599999
7.422051100202548
10.052558142070703
7.9963083907974255
2.4076632155999893
3.7745388259999877
4.001705775499991
5.123413133199984
5.442529936199976
8.679638798493587
9.682844340659987
10.841238601999988
9.314319210863982
11.61657267899999
12.264399930999991
12.19907284199999
12.874324146999983
12.577478657999986
13.531978475999987
13.78681829199999
13.686814739999988
13.27607150999999
10.66435527964638
13.366757375999992
14.266385074999992
13.283834791999992
11.615829950999988
12.465034817999987
9.754175596727988
10.628070215
13.142751630000005
14.442267635999993
12.880122757999988
9.033009258999991
9.787590112203986
8.59392223820255
9.42893223879743
8.543291879303831
7.660611198405107
9.091762600696148
11.625532279999986
11.180031977999986
9.879566584858548
10.336005416999985
11.818998675999994
12.36962024099999
10.955498087999983
11.840669666999988
12.521451943999992
12.370617415999986
13.094591410999985
13.617966086999989
13.470240865999989
11.82542448099999
8.503648901405105
7.420727296399993
9.337257653797435
9.129523379493591
11.127767324999988
11.20700600299999
13.338524929999988
13.355362438999995
14.522118145999988
14.738704424999986
15.197799117999988
13.348356318999993
11.33952247899999
13.382722288999995
8.742320315594865
7.82711854250638
10.703030863999992
9.70209698792925
3.052167204299982
4.945688810699986
5.498959773299989
8.815670375067976
9.817239518787824
12.550228486999993
11.73313395099999
12.100194106999993
12.260143415999995
9.321496542405118
8.24344555659487
10.37088875899999
8.415442417898703
9.017616885405106
9.438609857135987
8.568075250202549
8.50567276310127
5.8231869843038195
6.60355640410125
6.740773057594864
7.212211044303824
9.536198666405111
9.541160197282862
9.426836837863984
11.564235213999993
12.93664089699999
12.14940403699999
12.216106249999996
11.325742893999987
11.754910048999989
10.872602883999987
12.20035052499999
9.012467588797426
6.581618296799982
7.940936709594861
7.524241554299996
8.932762948594872
6.463552534506385
7.2770439895948655
8.818489799506384
9.582658494727989
8.355751261898714
8.052156617696145
9.592581744282867
9.807034945787827
11.34739635299998
12.290485070999987
9.870197134282856
12.626553946999982
4.57967019499999
2.4985943297999955
9.369954521207989
9.934040908858545
13.424893308999994
14.073036515999982
10.061096165353575
8.43982497407068
12.476203147999975
11.545438151999992
7.209808801299993
5.325209161400008
8.950397540300008
8.870725288405115
9.45938228299998
10.343035032787817
11.206086387999983
10.976439031999977
12.359609411999985
11.376080646999982
10.411934089787811
9.145171755999975
9.402460055646378
11.548260082999985
10.621362198999988
8.732313977101265
3.011783146699997
6.010281742898696
9.380000451795986
9.056145649795976
9.461171292067986
7.201166461202544
5.1861619628986935
6.038847988898693
3.993198461899984
4.413557630899987
2.294108029199982
2.9107367751999886
4.384897886699983
7.25043097379999
8.364323358202538
9.81891945328286
8.598026214594867
7.495377214101265
3.8752106887999775
10.041230235203992
7.0589635619999935
7.181406848101261
7.7870205093038285
8.486277563506386
6.0506700118999985
3.282796116600002
3.6901716277999927
5.41015386959999
11.08880518999998
9.396663882271993
2.2362216904000016
2.0805795516999956
4.701930290199994
6.2414765319999885
4.578239024399989
6.49873857419999
8.968659358202553
9.58250822765999
7.164078572099987
7.271839932299996
7.1896413115999875
6.005823660299988
6.29969706120254
2.714861166399998
2.721838035600002
3.3503416549999967
3.9173284728999778
1.791539025899962
2.8588835403000035
3.9670057067999878
5.5628889603038205
5.2566235579999905
2.0121369583000006
3.1335568740999946
6.199025985699985
5.7409261031999845
6.0428839385999975
4.949144142199988
9.35663843079744
9.87383068835359
10.53862643699999
7.625244699101265
3.445603169299979
2.8677038681000004
5.1094697005948495
5.133890301499998
6.2895936324999875
7.728974557506389
7.230689192202551
5.171484643599996
5.75177222599998
6.619401881405106
8.521242706303818
9.34021527099998
9.59034327392927
8.188684413101265
8.786872149696148
6.221871997099987
3.226944372600001
1.8080359512000026
1.4499315719999992
2.7323796570000054
2.0344980544999984
3.052663873299985
1.8877025786999981
2.5397947631999984
2.7593242569
3.9542355072000013
4.195335568199995
5.199505888405076
7.8424616225948585
8.374044601405107
7.953153210405099
3.6605306151999955
1.630786328100002
2.980882801799969
4.884590101599994
2.1953361342999766
5.548928736899981
3.75817546539999
1.3920446350000024
1.4670106353999957
1.4924114487000013
1.295459623699999
0.7382215061200004
4.027668434099981
4.660387828099998
2.3507036559999843
3.462154083299989
2.064472343399999
1.5124001922999974
2.2818164138999952
3.1592203842000006
2.626433756999998
2.2870490157999996
3.1916639724999762
3.5794341399999827
2.690403393599996
2.1659105254999926
4.491572979699976
7.165809188797425
4.841208210799994
7.311444065899994
9.70449356993199
7.96020971530383
9.956443911795988
4.983757446299991
6.1854025207999905
4.046551162699989
4.804519032299992
6.187957325696141
4.729156309499981
5.002443675202532
4.1665484267999995
4.938261491399986
4.576582249499992
9.411581527795978
3.1556710189999957
2.158475050399997
4.978967115797395
6.110764176898703
4.217177020299992
7.001188235499995
6.30293063659998
12.016497774999987
10.15160704499999
11.364469343999987
10.327220483282863
1.8681510024999954
6.579835266101246
5.223175817899998
4.243835238599992
12.022363444999984
3.804413409399993
4.154903915399977
5.939360443101258
1.979206944299987
4.5603760528999855
3.8536199660999872
4.022642864999998
1.9450489394999928
5.408077882399982
6.815091218594854
4.285481365999989
1.6469684310999904
7.367283428999972
5.657226753199992
3.6447794066999886
2.969577711499978
4.0362640471999764
4.5151798446999845
7.727095188898695
8.378892111202543
10.393088083999993
10.566716741999992
9.31308083499998
12.957780532999985
10.027356509282859
8.7360555374051
11.637883829999984
12.990375852999978
12.001812844999986
12.290925020999987
12.452529320999984
3.630469692999998
10.738404898070687
3.731181272899982
1.9754304031000003
3.68394936979998
3.1104926055999704
11.49973122699998
10.532189287999982
9.416037623727982
8.860339721696146
2.4132885283999923
5.4032183822999835
8.349865084797422
8.862001927202545
11.468390050999986
10.65152213099998
10.552704249717099
12.22589821299999
9.889018060212145
10.591128151999985
12.299835424999989
9.998511851659991
11.540868165999989
13.08879038999999
12.274183883999983
7.266280960101255
8.3469411468987
7.688781800797428
9.763754971203992
9.279004389999978
9.171493588203985
8.601653962696144
7.861511820999985
9.22738215186398
13.403960648999995
11.582780443999981
10.965218752999986
12.832788294999991
12.303711834999989
12.416910712999991
13.086026708999999
11.425415734999982
9.969528910858543
8.460083418303832
7.80499239959486
9.178390360999991
9.245665348797425
11.619730936999984
10.998839889999982
10.903498516858518
9.562844476303836
10.55112316099999
9.97724929971711
12.299083362999975
12.503600820999985
12.443617896999983
12.791157540999988
8.440097523506385
10.219918603646382
8.424881265303835
7.300308286999989
9.751126950070702
8.289141929594859
7.945252493303823
8.391700892594868
12.360771821999986
9.340027281135985
10.522239525999991
8.490896806303825
7.589587040696142
9.731159365863984
11.405365622999993
13.081480860999985
11.876337290999984
11.118257905999995
11.98957375899999
10.77411936599999
12.918884835999986
14.325399712999992
11.10916721299999
13.539294254999998
12.818734244999986
13.047581559999987
13.241262598999995
13.547423877999991
14.88275420699999
14.186923441999989
13.378988395999988
12.80806473099999
13.115653135999992
8.898217283594871
10.904125342999984
12.543696670999992
12.000491129999988
12.162256186999983
12.976151163999992
11.709155599999988
10.765145254999988
11.00393921499999
11.630451006999985
8.929643377696149
8.210406765696153
9.76897378220399
13.183356022999993
12.414575613
10.524766082999994
10.839651914999983
11.216345199999989
10.970710317999998
9.486843228070702
9.541005248999982
7.295295989999992
8.936251254203981
9.050039121999994
10.743865838999996
10.52246511700272
9.584367875795984
13.61426549499999
13.790799007999988
11.673284189999983
9.884975685070703
12.023440090999985
11.071833202999983
11.282016636999991
11.148696238999989
8.144500974999982
6.140466252099985
6.960335688799996
8.27364538569615
7.714031285101268
9.820942565931993
7.802268832399994
11.063735116999993
12.444812519999985
11.167904746999994
11.05719359599999
11.412950890999998
12.129317396999996
14.085367631999993
12.723012313999986
13.575428858999995
13.51737793299999
13.215066297999995
13.510305089999989
14.14424627699999
13.876435239999992
14.442934800999994
13.461794741999991
13.093309765999987
13.040703956999991
10.120026785212143
10.892455230999994
9.957521575929269
13.372342531999996
13.308538065999992
13.045071630999985
12.741579439999985
12.398228042999987
12.826926664999984
13.735865372999989
12.78966337999999
11.038105958999989
12.236256235999992
11.73371134499999
12.258126757999985
12.45461253699999
13.21738831899999
12.919466166999984
11.268457450999989
9.41166127169615
9.924756359966716
12.230472085999985
10.484406185999994
11.332598041999994
11.321199868999988
6.038355003405102
8.89866925658398
11.366132567
7.5285313263038205
8.798329031271972
7.545686086999991
6.22568647610126
9.843527755787825
10.39198667098912
10.311248606999994
10.238582916212138
11.156461246999989
11.696427564999988
13.386085555999989
9.302385823067985
10.869981720999979
7.950060720799996
7.27121955719999
8.782744743303837
10.28397429699999
8.910580209405106
9.260508581659968
7.137943089299992
8.90804718020255
11.625761875999988
12.390636741999995
9.279066607696151
8.121594647199995
6.767323748799992
1.9176818175999957
4.397314408899981
4.485349717699992
4.752986486797409
4.478743704199988
4.09722547150637
5.1413792281999955
7.758123014799997
9.202622766067975
9.226126148999992
9.999449230999986
10.489821885999985
7.236663264506386
5.7746621352999945
2.699809178199993
6.107370042399994
10.877609830999992
5.495949847399984
1.7012710402999967
2.3631970473999986
1.1656715178999995
1.740705270399998
1.3450664550999984
6.650720877099989
2.724153420999998
2.622669522099997
4.8046081482
5.449269003303816
7.014612954699996
4.9515509093999865
2.440716638199999
1.7194305939
2.455851669299977
3.9951662093999856
5.431492007399993
3.9662649352999955
4.176104563899983
7.330193020594857
8.823212429797428
1.8868312408000025
1.5888630066000016
2.332016172799999
2.1023730788999937
4.910513110405094
4.949851734899987
5.161051353499996
5.554490765399991
6.391913751199992
5.946803384399997
5.363123823499986
5.306915582299992
2.7665361464999947
5.240835485799983
5.472289259299993
5.51951584929999
3.9187772384999726
4.655784843399979
5.79851428989999
3.6417672606999916
4.3052875960999915
3.035761923199985
1.7661227141999927
1.0181673083203984
0.9253692288271987
1.6651507629000046
1.1667837035999964
0.8677077198999961
0.6845620778103932
2.8379759871999837
6.186806930493575
2.17885112149999
4.917198736594848
7.212049575799993
5.527220460499996
7.682078088399991
6.608379228199987
5.866427902199992
4.734439907799979
6.661048794594863
6.376685378999971
5.999906439199982
6.02611354520254
6.645913017303817
7.568807572898702
6.270999157699993
5.904314793399992
4.33467126459999
4.8114980103000065
3.0873171462999953
4.191025524899981
3.6279748169000037
3.8248748215000092
2.7901422347999856
4.944413682599992
5.321359449799981
5.035043661499985
4.979840037493562
7.03694733579742
3.8716757461999904
2.394345974699999
2.162023883099991
3.4328567946999886
4.018739678999989
4.061148877000004
3.471176657100003
1.884772792099993
1.7758398269999858
5.1040181197974075
4.81797297520253
3.5988702819999947
3.0199559464000005
2.5210013473999937
3.5374032058999907
6.492915899699985
5.437577998399988
7.217278872696149
9.739845046999994
7.866684141493594
10.121333180141427
8.81049162599999
5.792039759799989
5.029081207299986
6.075660092202543
7.245460717797417
7.42177299040509
6.597354179405091
10.313609835858546
8.260894467202545
4.094277661099987
6.11838523099998
8.664343684405106
8.357107005303831
8.111657424899992
8.526912150594864
9.425124383659973
10.136599397212152
9.283593740863985
6.805006210303819
8.32064886469614
6.55387418210126
4.255141151399991
2.43337591709999
4.391572711199995
5.965409043898691
7.142956562797425
8.701761280797426
7.047145883202534
6.509988937405102
10.953170211999986
11.359008166999986
10.171440492141427
10.513946966999985
5.49873711549999
6.166931918299981
6.111440180999987
5.819725509599993
5.237647430399977
5.8245548247974215
2.2736036910999897
4.386020385699977
4.165738539099993
2.1956384246999874
6.159996322594857
7.852791378797427
6.761691746499997
7.178246372999982
5.6884894958
9.594172648717098
7.26404357910126
7.025964936797422
3.9831355834999806
8.29086141049357
10.733435634999974
11.717474166999976
8.07671279299999
8.498199064594871
6.5214004302999875
6.986183897399993
6.479184828202546
6.926028237898707
6.883153323399988
4.37515949249999
3.7575617111
4.484888250699989
7.834636350999994
9.51295307913599
10.2333976180707
9.932820751999985
9.643280299271993
10.202782932999988
8.912648879999988
6.015607603499982
4.842441894499975
5.44924892729999
11.07253887599998
9.972814813141422
10.038205123929265
8.17291694340511
6.1570157287999905
8.541060757405104
8.01692194669614
8.709013438405112
11.741110373999977
11.634970263999982
10.567563868999992
8.266123103303826
8.794826719696143
6.2255622542999935
9.890656921272
10.859169979999992
10.095581732135988
9.425354606727987
10.043328503282869
10.123557838271992
9.801156346067996
8.721190650898711
11.42092042499999
10.670114782999992
13.101456632999993
6.1644781539999975
9.046465094000013
12.53441835799999
9.450161054999993
13.20623375399999
9.26656218410127
8.183284699999993
12.477909885999992
11.54849825699999
12.634571160999984
13.255714634999995
12.89979819599999
12.248467980999987
11.464220582999989
11.448366916999989
11.571089873999991
12.199621639999991
11.261565479999987
10.38730074799999
11.292482302999991
11.10219233199999
12.525688138999985
12.544567504999987
11.453988134999983
9.844125187795989
10.16471878672799
7.9832146072025445
10.13886755214143
10.019129754727997
8.610431277506382
8.472967669696144
10.173833793999982
8.267535745202549
6.436634587099986
7.893289146405103
12.196719297999985
11.243445417999986
12.34016014299999
12.268995075999985
10.480941709999986
13.138816022999988
11.51932776899999
11.162821209999988
9.359381672696149
8.774632882696155
8.791700253303834
11.479713819999988
12.117142702999992
11.289075707999991
12.03424750399999
10.94145693499999
10.100854090931993
8.380208789101271
10.935376046999997
11.811886011999992
10.42799044799999
9.589525643931985
5.60244388429999
6.356074031099985
12.059866471999996
11.273048263999993
10.365851013141423
10.35438589899999
9.568115692067995
11.425244578999992
10.330359757999986
11.428780001999991
10.607765487999984
7.810056967202535
12.567597106999987
10.62273604299999
10.657576969999985
8.920471169999983
8.632751112271977
10.956506969999994
11.848772628999987
11.685367138999982
11.301536979999986
13.39620409099999
13.348044896999989
11.396881797999983
12.906351368999989
12.57583133499999
11.373936406999995
13.43627209199999
14.10996095699999
10.34492504399999
8.304627232405116
9.04237192689871
9.365969676207987
9.842513793762862
8.553052807594867
8.219335507196144
9.258407653797434
7.568178443905111
5.9058403655999925
9.479471202067987
9.629070088141427
9.890134283282869
9.669422906353589
11.020747063999988
10.056534567212147
8.019708355696148
11.356545569999987
11.20888524199999
11.290911481999986
11.99250841699999
11.579803307999994
12.53061970399999
13.176411065999993
10.187322001717105
5.745483109999991
6.1456565398999885
9.487346183797436
5.938204446405086
11.804645150999983
11.517949759999984
11.457117966999984
11.937888936999988
12.651183851999985
12.21888817699999
12.39313963299999
11.184470978999986
11.737008919999985
11.704054351999986
12.694416555999991
7.381978564506383
6.047128459199991
8.448659429898717
9.20048159330383
11.487280500999983
11.183043928999993
5.38477876279999
6.210178900099983
5.430359156799985
7.178313680999967
7.441285067696141
8.226226525931969
10.18053565214142
8.640128971898697
11.44627334
9.257763481101284
8.586334341400008
9.276377807600003
6.972803382900016
4.800736848400008
2.863557058699991
5.09263865809998
9.123201118506397
6.990328167696151
8.949920841999973
6.438649197405106
6.725280737303827
4.836515664699992
4.407358100899991
2.2687233902
3.217824818400004
6.530988627599995
7.723890954594867
7.32002990420254
7.352641978506384
8.682330963101274
8.561138932797439
9.946916322212147
8.426238934303825
9.42559979099999
10.31499307099999
6.549475059499995
7.498625283797429
6.928597949199993
9.77950215133999
11.192487426999994
6.741966186499993
4.742762736499999
5.62244866789999
3.2466266234999916
3.4960664596999824
3.422331941199993
4.747899621599988
3.2441834319999994
2.999921491999991
3.7938162688999775
6.9649773071012575
6.984400329599995
5.299254443399984
8.961747698999984
8.68199535830383
7.560434162898706
8.370708940101272
8.01149068599998
6.6512760238987045
6.721844387800003
3.681046803300001
2.9525010146999913
3.3197804107999973
1.824976182599993
3.712329334999982
7.883854547101268
7.103418189999984
3.6587442382999913
5.227182742299981
5.230825343299997
4.256032266200001
3.7513690323000004
8.116225578299998
6.602653556799997
5.133404449499993
3.215033584599979
3.350212951699994
4.776324122599994
5.86953287959999
5.922543054202539
5.051141615299998
4.097713752699995
4.195645375099976
4.611899385099993
5.308719923405088
4.713793714899981
6.1736092101999995
4.465804943799992
3.8862659224999963
1.3014045623999992
3.1195394928000018
2.1968981414999913
1.5243474349999973
0.6365349563599996
2.0702189025999824
6.436006370499988
9.493440112203984
8.304720214797431
6.449561885099994
7.680326928696138
7.606600848399998
8.788365893594875
5.210119639599993
6.327240093999982
3.6978051879999922
3.4512296187999976
3.1137988555999887
3.246110705599993
4.941421369899995
5.747589620999986
6.976117248499991
6.804111688199989
9.128695831303835
6.959840499899995
7.741065367099991
1.908073872399997
0.9907453594200013
1.2197928505002713
1.892167039499988
2.628179069499978
5.323175674400002
4.155054150399972
7.007780874594868
8.993112385594864
8.97581625820255
9.636831005929254
9.98112528521214
6.899363264506386
1.59154074399999
0.39778114480999843
0.997213431628278
4.306074607799972
6.870868411303819
3.750244840999991
2.7315798079999856
5.689773469499989
5.628610823101248
8.301396791101254
6.069086297594853
2.8045159392999848
4.901743896499983
6.814322190899994
7.6273688506961514
6.6830514998999995
6.220836805699999
5.778838299599999
5.942858932499985
8.73639301299998
10.492978742999975
10.004774133212138
10.844506193999987
6.90665596769999
7.970312962303824
8.882706089797422
10.788566466999983
10.323257890212146
6.932843656898709
4.572777479599995
6.165925028999967
6.378129148899986
3.281957943699986
4.64123044129999
4.717970355199997
5.132350726299991
9.318945974795986
11.330094616999991
10.338324744999994
9.02847164165998
8.352808314493595
8.163278820797423
6.051935221899988
8.016231637594858
8.217397837863968
6.789115936299989
4.823092262299994
6.7736807296999935
10.504137116999997
10.59936724699999
11.500861142999984
11.43775009299999
3.574846510299979
5.622488761899979
9.508541210929259
5.007612156700001
4.311817784099999
5.282815092500002
9.155813703898705
11.088229462999982
11.433474781999994
12.512712136999994
9.81738522328287
10.551755886858535
10.317465526999987
10.260305047717104
8.97399061727198
7.772317266797413
9.777158676070705
0.7863827670101247
1.0326181426999954
1.6268956099999865
4.847486491399985
4.769763163799998
10.033221958929273
8.736870091202553
7.465650790405101
8.416352818303821
7.708859661898702
6.614831895405096
9.61360375379598
9.921149784929264
12.601269512999993
9.818037855646383
7.873972924797412
9.778673252929265
11.732836730999987
7.416338508599989
10.829283939999986
8.596139465303827
8.581504333506379
7.951622798202544
8.486548672339975
10.02119974813599
10.360988251999997
12.155130211999994
12.074754000999985
12.835471287999992
13.274197095999991
12.294271604999986
13.701138411999988
12.304640421999995
13.937295452999992
13.581851729999993
13.120035233000001
10.020521038858544
14.745445991999995
10.592498778999985
9.005160214202562
9.264579122898708
8.936393255594869
11.260582688999987
12.320437433999992
11.545553934999983
9.76490885613599
8.854981661999991
9.505428277727988
11.10398118699999
10.788352326999991
10.120491931135989
11.074843113999993
11.904106194999992
11.818250178999989
12.676495923999992
11.483849323999987
10.799959162999988
11.445008329999991
8.513583143594872
9.069299360696148
13.608741871999987
12.15478623799999
14.302710854999992
13.707931759999997
13.641215755999985
13.680939954999987
10.960312604999984
9.614850674405117
13.069582673999992
11.249947461999998
11.57208843199999
11.11933033399999
11.242275586999995
11.464828878999986
12.85086560999999
12.974869471999988
11.206435949999996
10.086666768999994
10.375600043999992
11.904120470999995
12.740937948999996
13.207849700999986
8.334730894506384
7.547097796594857
6.78893252869614
10.130671072282865
10.542451177999991
10.939055843999991
10.933325831999982
11.272856103999986
7.7744799926961425
2.8965027556999883
6.887159059099987
6.368600151099984
6.8111656417999855
9.408738084405114
10.277533307989113
11.422779445999993
11.604898548999994
11.734381678999995
11.03346186099999
11.133814763999997
10.41450809599999
10.000897924858542
8.938981257594866
9.77812017520256
7.917970556594854
7.8306960114050925
11.58550644799999
9.487368063405112
6.090309751899988
7.349655981405108
7.627561947599994
7.635902098099993
7.945944488499994
8.123576724199992
8.627454598999991
9.38076230479599
10.247008071999991
9.022166662727983
11.20898735999999
11.74216031599998
9.024675047303823
6.996380285594868
8.26651611630383
8.009658023101258
7.609065098599993
11.47046585799999
9.51132370906799
9.448444877583988
8.681774545203972
5.684737705999982
3.268678855899994
5.393600094599984
9.969588388070708
6.085913220199991
1.6487630538999873
2.305620748899992
3.5226741408999978
5.515731991599983
10.61356928099999
12.388534578999991
9.573771166999986
9.63337328327199
10.889655671999995
11.733432395999987
11.450298546999985
12.711545478999993
11.549805378999997
7.709303341699993
8.05047737430383
8.117042556797427
9.4750890120707
10.505862584999983
8.731740592999984
7.5018708526961495
1.154343638599994
1.8227966979999886
6.742337879898681
7.039210276799996
5.8751034728999825
7.151863198898711
8.590226843303828
9.106055479271982
10.325244946212143
9.744394918858543
7.476517021202543
8.27587815699999
7.051717335499992
6.288529197696139
8.775349014303833
3.062205253599999
3.318014010599992
1.8111648375999951
3.9531200988999795
3.577566825899969
5.8610919983038166
8.82741162259486
5.082148513799987
3.1466456069999897
2.426390873699996
4.982929005405093
5.887589132696132
7.98711344599998
11.803392045999987
10.26572162314142
10.507990340999985
6.028339172405102
8.042884863303817
9.412414550797434
10.600504645999992
8.788110423303825
9.140063830599995
6.972134667999996
8.458555606100003
7.38581122440511
6.820887173499994
3.9591132949999963
5.685127816797408
3.5320104918999826
4.566105705299995
5.207095233199978
8.41636864620254
8.998893977405109
6.103181761199994
7.848357496594858
7.280283375493577
9.929440519787812
10.415762473999987
7.39190561369999
10.169471110646386
10.634419968999987
9.990745841999985
3.2058622176999947
1.6325290984999996
0.9614762356800003
3.4298164977999885
5.023667059299995
3.6222246384000023
1.7196580688000005
1.7308149643000015
4.266618920898682
2.6940001175000026
2.759123513799997
4.2948623351999995
7.048459474199987
6.460103732299985
6.269978378299992
6.461357324199994
6.933526168797428
5.461969409202532
6.902395956405094
5.1013291701999846
3.085336154199995
6.626423751797419
4.197991090399988
3.3595331222999967
2.2791468795999994
2.9972187607000027
4.963151042199993
3.0060490493999863
4.953266030898695
5.778582122799988
5.455460589599992
3.269981108099995
1.5390792449999997
1.7667220717999985
1.9079868422999964
2.7909719619999915
5.857811427303815
6.588334773303816
5.430240566999982
5.3307910796999876
7.14484878229999
3.0837759078999927
0.6162414339099961
2.0133065658999945
1.000207534499999
5.549314573699984
5.257733514399992
3.496225666799997
4.0098089400999894
2.511232195999998
6.575605720499988
5.541200788899989
6.5787300338987
5.76827754519999
3.497227085899973
5.2369487319999966
4.754228634599991
2.9405202666999837
4.897366276599984
3.5083666564999856
1.5805427047999931
1.199099951199994
3.4096317794999935
4.255585232499993
4.748021142594854
7.21477489779742
9.343047502067977
8.169850688202546
6.162129757696139
5.03463873599997
8.406614146405106
8.391980401594866
9.09037828679598
8.26747174530383
9.059384515405105
5.648325889599987
1.6022661818999953
3.7766308516961176
5.095847975199988
1.1251601761000012
1.621859324599997
0.674087808610125
2.928891487099983
3.1862015075999817
4.6820627533038115
9.264054690727981
5.955474624599991
5.610539811699989
6.7160839629999805
5.5565925139999885
4.975075582899981
3.7300983703999964
4.336181220999962
6.8325544311999895
3.8169237426999927
4.176285011299995
6.368723535199995
8.650176380898708
3.3174280059999925
4.46139808809998
4.672884269699979
5.711460501101262
3.7999321242999793
7.560344459493577
8.55274027099999
9.75621990199999
9.951033929282866
9.303789405863991
8.78709183040511
5.879017604101256
0.6777466577659962
3.3164089446999934
5.88731279599999
7.472163510101264
7.7004678206961445
6.806659219405098
8.625333320727972
8.98562275999998
11.105361829999982
10.58038152299998
10.084107331858544
9.739635832202564
9.104976351900008
9.218499389727983
11.332402395999992
13.125551890999992
12.045350634999982
8.084536299101261
9.704494657931983
12.246063614999978
12.707797495999987
11.947051172999997
12.512742158999988
10.20129101699999
11.776829304999987
11.00810165099999
12.603117362999994
11.77215677799999
12.190777305999987
11.79248087899998
11.759102804999984
12.998446792999985
14.200058394999987
12.700476822999983
12.516182514999986
7.951698130797416
13.407866974999989
9.465306576659986
9.99640842592927
10.16530147564638
10.4352325850707
12.826435445999989
12.230030153999989
11.603937069999988
11.799890551999994
11.857723658999987
11.279845953000002
9.51882073513599
11.648283445999986
11.929748557999988
12.591028431999986
10.86118655699999
11.87245210399999
12.082582905999985
9.416417152405112
8.612480772405105
6.584036018399987
8.031293333405108
13.340355883999992
8.923338981594869
7.17589324489999
9.335128013594883
12.157097965999984
11.64229635299999
13.66199904299999
12.532480649999988
11.877601365999984
10.725103113999989
14.305153008999985
14.612029671999995
9.800097474795988
2.556451577799997
9.365467718659982
11.464183770999993
11.701850867000003
13.49531633499998
11.694144656
8.738773179594869
8.983592207303827
7.076440673799991
5.792190231299994
10.813639919000002
9.188214085405116
10.41139157703328
11.819352611999987
9.561892945931993
9.668185531727987
10.376755414999993
8.451482984898714
10.236114996203996
13.290511377999993
8.29225521089871
7.116005578594863
9.933951809900156
13.552995806999991
13.765652234999989
13.862353032999989
10.540279432999986
11.512020493999986
8.91832822569615
13.238168767999984
14.299449296999994
14.188511879999988
13.746696448999993
13.084708692999978
7.3185639923038135
5.959368630999973
7.890579077101267
11.934365040999992
12.69841681199999
12.88514586199999
11.491232467999986
10.744241253999993
8.009178485101272
13.574432564999988
11.873253077999987
8.05972659910127
8.842902719101268
10.636484014999983
12.036173087999986
10.635761643999986
14.438432833999997
7.655796467594865
8.10556608430383
6.413254449499993
6.899464520303808
9.197393113795988
9.116171978863981
9.705768894999986
11.08424062199999
9.412191130067987
8.179773121594865
12.799738358999978
12.882111301999991
12.860635228999984
12.21980256299999
12.498924851999986
14.261348807999989
12.533333909999996
10.997441267
9.568704205303831
10.992376513999991
12.96660323499999
13.485057165999985
13.224880515999985
12.46086050599999
10.63007262399999
10.972943210999993
7.8234415253038305
7.772726390101272
10.449486744999984
11.993079780999972
8.800105987493577
11.191140629999992
14.245498729999989
12.845655753999988
12.512925202999991
11.108713238999988
10.867626520999986
11.800812134999983
12.207052933999984
12.94469623999999
12.215047504999989
10.212306365999993
9.137565580795984
10.336792051999993
14.00642127799999
13.582543111999982
14.74091291199999
15.705382429999993
9.877790591282862
9.119748362795972
13.685239931999984
14.157980303999992
12.152782157999988
11.403795881999981
11.90045362499998
8.610650906405109
8.601389477493582
6.63930643009999
6.09787239839999
8.938317553696157
6.225389602696138
8.839093493795977
9.952313311858541
10.392187424999987
8.839547560101272
10.605338970929253
8.806224468999996
7.5415817138987
8.479645289594869
8.939705508405112
11.519843494999995
11.627812897999986
8.440529417405106
9.127832922271978
10.373708471999985
10.756670632999983
11.327331526
11.591337589999991
8.684914134207983
13.016112110999979
9.39930392606799
10.005106320135988
9.296160377493594
9.625897442727991
6.951173771696142
5.120337358099992
6.641299452199992
5.286552654999987
7.1232788466961425
4.160906101999986
11.219191219999988
2.4096434814000007
4.710847421303818
5.260086425799992
5.722890901202539
7.612411311303818
10.593255405999995
4.249637907399994
8.368770120202548
7.7672868987974155
8.0270752014051
11.021927746999987
5.069946913099982
1.9120274932999957
4.60911807709999
2.4323219634999944
3.4321357985999974
3.530716792299994
1.7328550857999951
1.848391313199993
5.141803326405086
3.6890419997999873
3.6538576186961262
3.861280541999991
4.1221962737999895
3.632227334599988
5.131480720499986
3.763820069899995
2.6013650039999967
3.084960273699994
3.18394406129999
3.9322608291999908
4.066425286899994
3.913114849899993
0.9292881680339988
2.852668214399983
2.8198692580999722
3.870447875999984
9.444592555141424
10.050528185999994
8.919436099202553
6.767607780500001
3.4565641692999987
3.1760979583999904
3.7215376388986834
6.533050801100002
2.0846106659000014
3.265469348100008
4.816255169699983
2.1531013259999963
1.6924950699000012
2.7494887176999936
3.2414550719999893
1.1121286716989123
3.7540758514050823
1.8305131972999997
2.205494474799999
3.8842632033999998
1.3856548263999942
1.82683054499999
1.4669296493999984
2.0531337020999967
2.363211930799995
2.4026843841999996
2.27643482970001
2.7914542357999794
3.2118782761
4.442696740699981
4.230160378999994
0.7910914501200015
0.44012603244999965
1.434815441899997
4.314809526101242
4.00616161189999
5.830131246899986
3.964460235599995
3.486408055099996
7.73900283359486
6.81920540009999
5.341138117999993
6.836970426899995
4.900485269199994
2.7646749816999936
2.8387254394999735
2.986451292400004
2.5940836852999993
3.673642849699998
4.272831608599996
6.608108845499985
5.139644457999995
5.724199926799993
3.928783448799995
2.9712178252999824
4.491811682101238
8.651703031898718
6.013957888799997
4.080043272399991
1.3873216354
3.7818460556000058
3.252317385899997
4.359546713299998
6.290988041696135
8.147850546203971
7.23641478420254
7.097406556699989
4.901120249900001
1.5687196853999945
2.088307980299993
1.420769303899993
1.5928622985999907
1.3883279052999917
1.575600695799992
2.6102268660999894
6.146862423696142
3.762691584799994
5.427233770799983
5.489431106599993
5.626078178399993
7.644275265493583
9.23463022606798
6.910391325405088
6.081147828699991
6.34873733519999
4.851810998499981
5.838258631899996
7.452640101599999
8.448238447594868
6.667131938202544
8.651063220202541
7.463235702493584
5.207788403299976
9.164840910203981
6.245331239303822
5.720950587506378
6.314842221101248
5.173914427202538
1.8399300017999944
2.6205608306999957
3.8685367354999793
6.417846675101259
5.5576300368999885
4.341001948499986
8.69833237610127
3.844364050300007
4.2974369598
3.178649952700004
4.282260975599984
5.307831133999993
6.147294525099994
6.715334931899988
6.816565330493582
10.244910023353581
5.375637167405097
2.2304887832999993
2.974294041399977
2.911211019899994
7.700752142303812
8.915160777303827
6.898270410202541
2.231815464799974
10.093376696858543
6.89160769649999
2.133367449999994
3.6136883361999934
3.871609757999989
4.211461881999991
6.249290624999992
6.8433102219
6.584475865199989
8.49726928099999
8.95378405459487
9.81933455506799
8.771793533303832
10.59374129299999
8.009304620405105
7.470138029499993
6.711300938399988
7.392684744303818
7.504757551594862
7.444980705299989
7.1281297057974236
9.352266229135989
9.705461776795985
11.331150037999995
11.316770409999982
8.919615174898704
9.86992750535358
9.78742274179599
7.784437667797419
5.814743897999983
7.316461137405097
11.219566366999985
5.890165876799985
7.708708352696132
9.22860660399998
1.8963250518999841
5.596845848099979
4.197955036899975
4.002447633399974
4.180903660599978
2.2175060470999894
3.7261340438999824
8.197865393101251
8.67584150527198
10.424331861999983
11.53960612199999
9.056403128101268
6.872251211499997
8.96940096279742
11.793358843999995
12.934713294999987
10.826944694999986
10.372406354999988
12.340281165999993
10.935947275999993
12.201781955999987
12.731752967999984
12.11562416399999
12.034758141999994
10.51613587199999
11.00260201699999
9.234558837931987
9.056358933999983
5.580759880099992
3.453332768199988
4.901299220299984
6.423628300499986
5.482381166099986
3.9510161483999884
3.172755366499995
7.818316802999979
5.143751644899992
5.914730451999984
5.41603504489999
5.1451356627999925
8.761804281594868
10.96872985099999
10.120491650282856
10.062046296795991
11.003342579999982
11.696173295999985
11.932309638999985
12.089647465999986
13.44837607399999
12.55540732099999
10.201260447787828
