9.525597573929263
11.992246697999994
11.33787714099998
11.912798818999986
10.570674834999991
11.189053734999993
12.936697953999998
11.496870994999988
11.19078684199999
13.34752213099999
13.552278762999986
12.969294726999987
14.147844501999991
12.645904328999993
12.333530687999993
13.066845249999993
13.521103475999997
11.746765349999988
13.591321868999998
11.916675559999987
11.526280572999987
9.299266899101267
10.685231450999988
10.268682546999989
11.099687833999992
8.620362545797429
6.530787405405104
6.6807407577999856
6.759530081202542
7.346559994493586
8.36082621149359
3.652509567299991
3.8939027083999833
2.889009326199982
8.134173843405103
11.255347329999985
11.72515875699999
11.97372749599998
6.959718087797418
2.9642351378999923
6.407897466999989
9.825822450212144
10.921897698999986
11.576787449999992
12.46339898999999
11.444035932999988
12.650290136999999
11.433950030999986
12.079685607999988
10.84065702399999
12.275709777999987
13.619996033999989
12.60818315099999
12.363290833999983
10.588454555999984
13.237265980999986
8.597188485696156
11.619986553999993
10.3502407197171
9.995489761282862
9.460843525787823
9.59471378630383
9.370614315863982
10.345820051717096
9.747805734212143
10.833883097999992
12.840046920999988
9.131905480999983
6.17295753329999
6.958190072594859
8.813809623696141
10.670779361999978
10.070571943787815
5.98746355439999
6.6885277678987025
6.53017451630382
6.603826745594862
7.485404809594868
6.799657102999988
8.639717175303833
10.95138067799999
8.100183273203976
9.669652018795988
8.038315451000006
5.646411804199992
4.246804791299998
4.361165859999989
4.2035153594999874
7.848394323696129
9.138608918797427
8.02357274779743
8.619075683594865
10.61154264399999
9.86386350099998
8.738016870101276
11.465258416999985
9.835038122717105
10.661638752999979
11.135887383999977
9.968700407271987
7.547667494202551
3.356608732599996
3.709239317299982
6.864137963898704
5.155593824799997
2.775731237799994
5.039595326199993
3.6151074829000014
7.201694633499992
3.7709883209000017
3.7026747925000025
1.366442414899994
3.3496683242999987
5.900594894405086
6.41561350710126
3.346450129699981
9.870176895070692
10.286590541070701
9.49643323979599
1.8418339508000012
3.3756117263999976
2.870109399399998
3.522481016499999
3.719015862999999
3.578805531299999
3.4679707641999973
4.0929178069999725
3.0426669982999845
6.637932286101259
6.886107032799992
8.960352743493583
7.680367074599988
6.664901995797413
5.5301304961999795
4.041468420405087
4.545850910899991
4.003752342199997
3.5926803756999957
4.563193441799971
5.519437417594858
5.622283181799987
3.935777944899998
2.0166508452999987
4.307555500797403
4.763907597399998
2.8670667678999906
7.505732070900002
3.541550758399997
3.177777354399989
3.6661177596999734
6.54730368649358
5.500743217499982
6.460778214999981
8.910737635863976
10.742131585999985
8.85824203627198
1.214777708400002
2.1790969147000037
4.321838247699979
3.1583556457999915
0.9551052742999959
1.7550556334999952
3.604502757299983
5.85885623019998
7.637078871202551
6.8245896942025475
5.952098931899997
6.1155066071012625
5.757983868399988
3.224872724899991
5.9484310242
4.485237785299992
2.3655650481999992
3.8968519973999807
5.163027305599991
5.916894821199995
5.622535963399996
5.988351207000004
7.04877323459486
9.480505540339978
9.573180432070698
9.724276164135976
2.9903090163999915
4.597927848799991
1.898496844499994
1.8753615767999983
3.161185230999983
3.8094873946999783
3.367170761099999
1.6076745879999996
1.5853572097999957
0.6793225293207946
2.4512979186999977
5.252570019499993
4.794694451899986
4.687854418898692
5.076549905399976
5.012961814899994
6.172304234299992
1.700440119899993
5.039380035399986
6.22785686649999
7.253600665303817
6.324792549099989
5.232199334699994
5.038811929299993
5.3494081603999915
4.8702747559
3.7063705596999865
1.9927624785999947
2.880659414699997
3.2085553878999904
5.247665153493571
7.100130136101251
5.3047660155999905
4.9831622680999885
4.795721647594848
5.6303513976961295
7.152384397898704
5.8462186583999864
8.162572415135969
1.7410737320000007
0.8298220117600005
2.116604795799999
2.984895591699991
3.024038815300001
2.513253678899997
2.0111498047000005
5.54678632969613
6.248955430599992
3.081302636699997
6.387563461303817
8.746577761797424
9.77539640971711
2.454316712999998
5.726737922699983
7.45329186399998
5.620319226099994
6.469588548303819
5.27500565029999
3.4158873427999845
7.261644558696139
1.5119797744999977
2.938696003699967
7.164702667202542
5.808786694299984
2.206993221999996
4.139307163999986
5.204142448399997
5.220054495202521
6.4099569092025375
7.921255735797426
4.869040869099989
2.295388781699982
5.625011529499993
3.437101942399972
3.0323243316999875
3.4327364058999765
3.147784658799984
4.539426098599993
0.5557859805101253
2.7246868804999838
3.101466946399984
3.2857705001999897
5.845650593599991
4.714952304099978
7.288446108999978
7.418264082303812
5.886427574202532
5.838993994099987
1.817393312099997
6.2853420546999885
8.060758001696144
5.42106907199998
2.1755173583999996
1.8813465117999932
5.157897306797413
4.866075065599986
2.745031716899996
4.554482223499972
6.657673188799988
6.8852021819999925
6.8796229431012605
7.590133904999979
9.901176400863989
10.358504249999989
10.436974726999987
9.579797920135984
6.482868708799987
2.0764587280000018
8.498724369863968
8.897145049999985
8.985736155696152
10.632048008999993
12.427242183999988
10.615393778999996
10.292159561141428
10.537229517999991
9.449909086727983
6.974893649299986
9.061904312101271
4.814919567899993
9.902359287999985
1.8246068389999934
9.436079499863984
2.7390913787999946
2.2040548079999973
1.7014654448999973
4.146509384202519
4.464726591499989
4.006488323999993
4.22543736419998
1.0246666302787786
3.583797572299996
4.683636773699988
6.116259165999974
7.959932498199995
9.223171318101269
9.144843075727984
10.012304421999993
10.949445737999985
11.40720940399999
10.548164467999989
9.895559461999992
8.69953239440511
4.733310249299985
10.211043440141424
12.89655718699999
9.252649562067992
8.152433421303813
9.649957606659978
6.306110624699978
7.791979849202536
9.920150534070705
8.244286567696141
7.961837495405091
8.911361959863974
6.377328333999976
7.369564799506375
10.188734516999995
10.416717975999989
12.671146348999986
12.779454650999995
3.7085486297999943
4.827192663599972
8.748826374863976
8.07583428340511
7.945007278405111
9.292382640067988
10.964902506999985
8.124365632594868
7.993798284898704
7.177424217202535
5.948157180799994
6.94319252779999
6.566269421399986
7.432278402696144
10.597639550999988
10.58068091699999
12.446412081999988
12.298557813999992
11.82456632999999
10.240717248646387
12.552948507999997
12.404246921999993
11.66125403099998
11.351293471999993
10.76765500599999
10.534357448999984
12.57423267999999
12.815627836999985
9.94255124813599
9.476642867999995
7.932503462202546
12.469608715999984
12.147884560999993
10.67344919599999
10.934707308999997
10.973463439999989
11.782877280999987
12.21593313899999
11.188024300999984
11.167944463999982
10.786606228999988
9.871373713795986
12.247495792999988
11.06673111999999
8.676615920999987
11.79378653599999
12.962458524999988
13.867953681999992
13.667370452999991
13.21098738899999
11.778728278999987
11.324755970999982
11.020808046999987
7.590313771101269
8.7620717194
11.850384466999987
10.677790894999989
10.928534215999987
11.28533752599999
10.572532908999994
5.997992964202529
3.2280702025999815
5.094908978299991
9.458647845519991
9.811901371791993
11.932160517999991
11.087463230999989
9.807844398339991
7.385497172493583
7.140945214797428
6.728575022899988
5.747390345799988
7.052066348303827
8.47321154630383
9.38708998272799
9.934738017212151
8.349381687898715
9.700891842795995
9.79288050085855
10.208613355999987
9.331533705101275
10.057392204203992
10.95428447099999
9.131907099898712
8.387244601405108
10.576684333999992
10.377346493999987
11.431747559999987
12.121661368999991
10.63167837399999
9.69667492213599
8.281881527699992
9.00012047120255
5.765664651499989
6.179419398499988
6.79883077389999
6.347958013899987
10.899365502999993
9.846486131212146
10.364164998999993
9.27641197969615
10.393657946999989
10.060465217727995
8.644616577101262
10.335603143212143
9.928287132212144
9.053399078271982
10.986622011999986
11.024783675999988
8.938216821303826
8.636308058202543
11.147443226999986
10.594631922999982
10.838667313999984
10.761903576999998
10.686477617999998
10.61562597999999
13.09822418799999
13.73883299999999
11.529684362999996
8.50646392669615
11.101132761999981
7.17087757720255
8.775982498202561
8.484514913898707
10.096055328282871
9.906424975717108
11.393360918999981
11.973410717999988
9.728481217999981
9.212713073687985
12.689882415999985
9.776449517858541
11.012457441999983
7.670542420999982
5.326028115799997
5.925731654399997
2.9911186035000044
3.4782437438999882
4.701691215499987
8.373031336999986
8.880174243202552
10.075442735212144
11.367664004999988
10.13526832114143
2.33225736079999
2.176444647199999
3.605747827099985
4.6457594314999975
4.472785368299983
9.78289149313597
10.611336109999982
10.945374375999991
7.49338809809999
7.366125282303829
6.955460380594861
6.439219926506374
5.875930979899986
0.9645178296999936
1.2210650268999994
1.2086759429999927
0.86933872547878
2.963349502600003
2.4272058501999867
6.233924594099997
6.429680796797419
4.416459713699994
5.807456689506366
8.438294883795969
9.312613923727984
9.595522949135992
8.378459304797435
1.4933166824000017
1.507030699200001
3.580973742699986
4.019815272500004
3.495377207899988
1.0376481212882902
2.614554511999986
2.555655006399997
3.701408961499983
7.522837733499992
8.78700549930382
5.197704070999992
3.745247112999995
4.243800743099987
7.2805765807999965
8.100703083799992
6.835153257799992
9.07533138279743
3.412111872899987
2.1511917632999844
2.7243900208000036
2.158529222100002
2.660086181600006
3.8387650268999822
4.866661236599997
2.210196275299976
1.7357490722999966
0.9234690810135981
1.0912406295999983
1.449032893399995
2.1618493347000003
2.264557167100008
3.8494242096000058
6.294820655799988
6.139879141202526
8.813234081999983
9.30587750699998
7.725727787797414
4.480517207299989
0.7581372771300006
0.7240998096500006
4.348678552199981
4.871795605499977
3.3211659759999814
5.75034385679999
1.6425198700000012
2.5271868088000007
6.717438072199992
4.32738950039999
2.5370422362999974
1.9057389281999955
1.6849311721999953
1.7712643599999913
3.218077011099987
4.002262519799988
5.0874151183999805
7.887982490493586
4.734889526399992
1.3159757247999997
3.937349317899977
4.46856818079999
4.281652900699993
7.836857426499999
1.5315891174000007
0.9673555121266884
3.2377399306999877
2.4815653975999945
1.7991219466999933
0.9977368829787797
1.113434417699994
4.032610794099991
7.256452835101252
9.898493159353581
9.815485432271986
9.55219441821214
5.511419557199988
2.0451164519999887
1.4184804763999899
3.495785162399981
9.038684693931982
9.024380862405106
9.109991470303832
8.772268456999983
9.798972756999985
4.58775479279999
1.339233099400003
1.9687834273999985
1.854204637099995
2.678029821799989
3.3667996154999837
3.165804128999992
6.023571043399984
6.576945782499991
8.685619772303832
7.208686495999988
8.132032965101263
4.451022146599978
4.263113633699989
4.066373890699986
2.6850657683999923
4.66064041139998
8.285334730493572
9.538287956135987
6.98732140049999
8.239928099101256
9.33720348065998
5.496711628699981
3.345515008499965
5.210877117899983
5.50469083559999
7.4415368652025515
9.394195660405114
8.817329965202545
10.101226629717107
10.267728652999981
9.263653988594871
4.691168511999989
9.473952502282852
12.108368050999989
7.550575070202531
5.851372975202543
1.7421869063999977
3.6189772002999687
5.627222907999974
6.359399377405087
8.605426594493576
11.90874125999999
9.953176037717112
11.409265574999983
11.81366447299999
10.640933637999993
11.195611419999992
10.027578417999992
8.210964201405108
8.061690537999988
7.688918037405104
6.448916247594863
6.944870899999975
6.748834545898703
9.11014814610127
9.677198106282866
10.236971728999988
11.051052822999988
11.610023740999987
11.252122928999986
5.305933535799988
6.587982775898695
6.944751431299989
6.190114114405089
9.053419033863978
6.491170707699992
3.9251593596999896
5.8561948348999895
9.693404547067981
7.493540544101262
6.625072804303816
11.931647432999988
9.195350207493592
6.87520254209999
8.328456776400007
10.337579710282858
11.378982123999986
12.688102338999991
12.056376925999984
13.063934681999987
11.935463701999986
11.789003530999976
11.948779934999985
12.45786220899999
11.485485993999985
8.607606756594866
8.44645731199997
10.671578020999988
9.384907273898714
12.382654392999987
11.938266790999988
9.077975855999991
12.755632831999986
10.201880819787828
9.388257275282864
9.394258694339985
9.103797434999985
10.335403160070701
10.034236787271993
8.073538075303823
11.065459653999984
13.281158394999986
12.691822208999993
12.657057522999976
10.531837853999988
9.053330314594863
11.794273165999986
13.97188096199999
12.67448964199999
12.616808404999992
14.139893969999989
14.19711599599999
14.239012961999999
14.24086724499999
12.570293207999992
14.427142171999993
14.797727306999985
13.426087740999993
13.105796952999986
9.414553350797433
12.467699680999983
10.435842084008161
10.139061526339994
9.793061903271992
10.399771724999987
9.872874868863994
10.802960218999992
14.15100517599999
11.276707795999977
12.967250193999991
12.33757018999999
12.321707932999987
9.174020208696147
12.526515340999984
12.35044954399999
11.27436364399999
9.703042150931982
11.278457486999988
12.801620356999994
14.15158080099999
10.354831319994554
3.423292703199996
4.098646034199995
7.275758781399986
9.33239150999999
12.353605111999991
12.461710055999992
10.005385890141428
10.68586166999999
13.287386085999987
13.65657077599999
12.66688530099999
13.056255185999984
12.672536045999985
13.527688312999995
13.621123441999995
12.910810973999983
14.868193436999986
12.089605791999992
13.578917728999992
9.386747177070704
10.938708323999995
12.174813274999991
11.241638532999993
11.904223630999986
11.622133579999991
9.65972132106799
11.064939716999989
11.618277697999988
11.005110366999995
12.237785662999984
13.24921328899999
13.340836831999987
12.17572634399999
11.741393923999986
10.67443661199999
12.081206792999987
12.89426278999999
12.817675170999983
13.81133840899999
13.980410390999992
12.630011564999984
8.528695301797427
7.022260571299991
5.915916957099982
3.6676034835948315
7.178241789202538
10.835817705999983
12.563156905999987
11.193570313999986
9.564961384583983
12.471234302999989
8.688171997101273
9.112317283594878
7.524341668696133
6.428075108299991
9.111247418207988
10.032492413212148
8.786815512101262
9.901565805070707
6.6133696029999935
4.73032139739999
9.17703134610127
12.336818538999992
11.127559220999984
12.406476357999988
12.013950666999985
14.409454799999981
11.390224457999986
9.652826055895993
13.20760273299999
12.294849540999987
10.700893364999992
6.657536824000002
8.889051000999991
10.227648585646378
11.201676740999988
12.41321862299999
12.327300821999987
9.553916245999968
10.041655584787808
8.84147214510127
8.07727322240511
6.490580238299999
6.320970317099993
8.543043749999995
10.272853640999996
8.556881167583983
6.843889646900008
10.578439697000002
12.548058780999984
12.241182792999991
8.6324267334051
8.963113792405114
10.461167521787823
10.903777611999987
10.77223089099999
4.029659103399996
6.246243797303808
8.772194169594865
10.049342134033273
11.561727502
12.64965556799999
12.177091837999985
11.492567464999988
11.579215185999999
10.084724977067994
9.26296082610127
9.304042948929261
8.53667638699998
8.299852253696159
8.943922468594867
6.828850222797427
5.56237934879999
5.405040162699988
6.936640945405103
10.609851352
8.076901486202555
9.110295997727983
8.206419178797425
12.221124677999986
6.087005157499984
4.784068844599982
3.872844155899997
3.438717681900001
1.0410685424999984
3.6063300003000105
4.8107102173
4.424369067400001
4.027480450399979
3.6910693313999663
7.9137524551012675
4.698004846199994
3.1778596358999995
2.294751475499991
4.373192994699976
6.384696823099986
2.863838539099991
1.4668633513999827
3.8208637237999716
5.875451097101259
4.161394921899989
6.423128030405103
4.672700799599983
3.376660247799998
5.203474763499995
4.335503135699992
5.054429643199987
4.455634286499971
3.6737753753999693
3.116215838599996
1.10570942470027
1.3304198714999969
6.638248974599994
6.366948297099992
2.930155247499998
2.9417587752999856
4.099694326799984
8.490635456797426
8.448827056899997
8.674351318405114
3.586136099199993
0.8696414417300014
0.9909772752866568
2.2778320571999946
1.2710909348000015
3.674979724099966
2.2172374802000006
2.388094894400001
3.9711640075999894
6.258871589699996
6.312173815898702
7.587087234506381
7.882616378797419
6.796914836101266
8.950705618203981
8.155136883493594
2.1419075026999974
2.3093802475000005
5.435387950099982
6.637256735199996
1.5663025496999954
2.4852319427000027
5.0746557358000075
5.43951573789999
4.681658183299992
1.2292611724999956
2.766704719499999
1.4914375045999935
3.2659402573000005
2.468461401400001
2.3522602890000024
1.4527289229999993
0.948342768480001
2.6982418563999833
2.029804632599999
0.522280006599998
2.777639942898676
2.3673419890999745
5.223837245202527
8.451301557898704
6.593249215699984
5.290060639999992
5.7989150145999995
6.313586518898679
7.189062304696148
4.188358302299998
4.845376692199984
7.386986703506384
8.429699612405104
1.4510395446999984
1.1550889480999993
1.8100430602999855
3.262245555099996
1.7591662108999975
1.8791695220999909
8.01417454220254
6.890720779405104
6.234342495696136
5.68025438839999
3.3129563857999966
4.417248777799979
6.99931109469615
2.9704473449999993
3.536966065999998
2.2674540572999873
2.935756057699987
3.225213845799986
2.9347370833999906
5.045997763099992
6.8073050399999895
6.308639793399988
5.290610955799993
7.908046278405099
5.992878002899987
6.518595907594858
7.038595214799991
7.492841657999987
8.331941610696145
6.686669526699987
3.799079959099981
5.728328372199984
4.063924682599993
3.645577806099984
5.562395950299998
7.954825953696149
6.226767002899981
8.537513157696143
3.031821726999983
8.581498777858517
7.974471530202546
7.362195515405109
6.21798193209999
8.864044346594874
8.594882687405102
9.632217279067984
10.027697062787828
6.581644010898699
7.112059150696138
9.382692390271982
9.774797729339985
10.46708217899183
8.318521626303827
7.240157661405107
3.277181047099993
4.008426861599989
2.5225293578999706
5.639082969699985
5.295043347199976
6.536896690405102
5.827418832399985
4.650721562199991
4.2996927642999925
2.7029510573999955
8.23897342220254
10.341020046999992
12.016579645999993
11.179805185999987
8.213924139405107
6.065588807699988
5.845382818599995
8.424297302202541
9.07233332669615
8.155386003101263
11.004302738999984
11.966734139999987
11.45079237199998
9.787366311583995
10.753242510999987
7.822095906101271
5.012171795699989
4.986171977199983
8.16823861693196
11.260011355999985
5.7104969176999765
7.84931034550638
10.521873958999986
11.165950976999996
11.695022558999986
5.609573385599981
7.414039596594851
9.098852358999986
8.820585516405103
10.148243351795994
8.751866551202545
10.234415875141423
11.702065873999986
10.982311925999992
8.667539451594871
9.493662029999994
11.634840056999987
6.268259854099987
10.776620449999973
11.28678913699999
11.213500443999985
8.794201994303824
7.087991711405103
9.60171659999999
9.464965284696154
7.239418943797425
7.513575114405097
7.11399452059486
6.048517741405094
5.760091587797415
8.94450514069614
7.749723319999994
9.129727081303834
11.035335898999984
9.872572923203984
4.840733560199978
5.823052062999985
12.22431776699999
11.59494130399999
11.199099628999992
11.724368064999984
12.524824540999987
14.234479461999992
11.516738735999992
11.29557799499998
11.513518165999987
11.178918986999987
10.246040464858547
12.865102256999991
11.350670023999983
9.312827317863984
5.257642948899984
2.362938285799979
9.701052091999982
11.103383561999994
10.759132985999994
12.797468194999993
14.223952247999993
12.264967614999989
12.819713227999985
12.01003500699999
11.88300820899999
9.200131332405107
11.03921428499999
12.100061631999989
13.547600771999996
8.242849728399996
12.450086986999985
13.656450599999996
8.988092031898717
12.608492026999993
14.014149888999992
12.99829577799999
12.869552578999992
12.446453403999993
11.62047076299999
10.335646718999987
11.317773115999987
10.26799361714142
10.18513327321215
9.378380885203986
10.884001345999982
9.466243681203991
7.830955938699993
9.10080196840511
8.024528861999993
10.336401841999992
11.124259328999988
13.156104033999993
13.822162893999993
14.51141499499999
10.283312563997276
3.199866944899993
4.847107017499986
8.474303893999979
8.979579406795985
8.879138136303833
10.905582290999984
9.336567062271985
11.189311423999976
7.722358799696141
5.487700015299985
8.130165548795969
8.597385084493595
4.789545278899981
5.026449409506374
8.790823985203968
12.817698870999982
13.813884830999989
14.470287497999985
9.97084314721215
11.343772220999988
11.120218098000002
10.053079090931998
10.576557757999995
13.311581811999991
12.717365195999985
13.588577309999987
12.706219933999993
12.015964780999992
13.10070970299999
13.242059798999993
11.84503077399999
8.54091922150639
8.28536472169615
7.968576420594865
9.11138147740511
9.681463035717108
10.436188382
12.29430383099999
13.455971541999991
10.141081132646386
11.55209822399999
12.33118855599999
8.348835066202552
6.468228915399992
9.49302050013599
11.51887681999999
11.29332096699999
9.297173089727982
9.354694593858541
11.278325249999993
9.932584538212152
12.140266258
12.90186755199999
11.270088376999981
11.618853158999983
14.705700362999991
11.526482033999974
9.188439556929252
13.022494208999985
9.403143449405116
11.679122181999976
10.088643969999994
9.153106690999987
8.325117196696146
8.696560269202545
7.599956814594858
6.698060360696129
6.766052264399994
4.562376188699982
8.568805448895969
12.519954375999983
7.606912367199993
8.333854528800009
4.196374331699982
5.5314005402
6.830302859500005
10.29114661399999
11.080634891999987
3.508009983799996
9.585078881858525
11.42124386899999
8.812185864303826
8.082835006696152
7.307654185506377
5.342732736199983
5.7305115035999945
4.916968585199995
4.497387765499996
4.228057093799972
3.7499809508999986
7.071235122696137
9.989055042999981
11.640083352999975
4.889155651899988
2.1419665420999916
1.7099789963000005
2.2784786117999767
1.3953969237999988
1.3486792296999985
2.164798966999989
4.799823901400001
6.862828601099993
8.977332524101273
7.93627535549358
7.264145107999977
8.134382211303816
8.514167909202548
12.386919936999991
11.608794449
4.773374531599988
2.5553623946999977
2.1222458724999953
1.0055355844339957
2.5978798278999973
3.262970159899986
2.977998005699999
4.265811164899992
4.748432582099994
4.747704670696134
4.280259382599997
2.151009226999995
2.668602594000002
1.8309602858999956
2.3972054702999985
2.961322882099994
4.806131487999995
4.132927741999993
5.549608286999982
7.726383206202553
5.50555947109999
1.6828567092999986
3.0328794188999764
2.612098591599996
2.8386064834999916
3.80612531589997
3.8846078475999986
1.7813029983999997
1.6363580474999835
4.063751840199974
7.655931838999992
7.659888417099993
5.056073594699997
3.3668436599999954
1.0784498234903992
0.7834113714200004
2.536879595899988
1.829444961499999
1.9426358352999968
1.8647215148999936
5.136082231101243
7.2100182967974265
7.521922332797419
7.3186833542025465
7.327635522506374
7.207203964202538
7.253878384399993
5.084480651899987
7.938675984135959
7.272425167797413
2.5236527358999976
3.41015903779997
6.876209777797417
4.349185742199981
4.646334645099981
8.144090829506384
5.73593632349999
6.88857224879741
6.491038275099984
6.597466316202543
1.9646467879999956
4.069878619399974
3.6069166397000005
2.3853490371999984
0.90185052128
1.8290381531000028
1.8449135909999916
2.8413670516999714
3.1030812896999915
2.123620872499998
1.2595998702999966
4.218460909999958
4.829930679299986
4.641676292399991
6.045757286099994
3.6584107849000023
5.906686437999951
2.995407672099997
3.9366022689999802
6.299515821799991
5.451524470499986
5.1941796462999985
7.02614608759999
7.013782907101267
6.846653552199989
6.579245181299994
5.7368642714999964
5.010111022899977
9.369051312203982
9.169133290067983
7.700940493797422
4.655575936899987
3.684361566199996
3.0196620864999946
3.434627976999997
4.744277192700002
3.3605912811000045
1.2229716796999948
1.5877448760999993
1.8938610229000035
0.7009117372493564
1.533453971899999
3.6799098098999896
3.391666569499994
4.732456172199993
4.718122383099993
6.591310444599987
6.189138091999989
6.576331410199987
6.494874038699991
8.982241830405112
10.156740272646381
10.876501812999988
9.770408654863987
9.80849448535359
10.959984493999974
9.011206405594871
10.067311981141417
9.536722010863993
7.53603495939999
10.537798015999995
6.667220924399989
7.736719284101257
9.736859327795985
6.128560726899982
2.6692798186999918
3.4167821456999796
4.773916651899983
7.687373007202541
5.44174163209998
4.343521710199981
1.7111285506999763
3.8606066833038004
6.5169448348987
7.195727539101269
10.035090151999992
7.454181870999985
9.776982974141424
2.28923261719999
1.1860684181135928
2.1006071792999927
5.681177024799982
4.363446008299974
2.7787625030999816
2.248959110999993
5.004908692899988
1.2864116962282675
7.715780902101266
3.8495526717999944
5.557988340797417
5.736960293594852
5.347639491299992
4.6949136977999775
3.8554965606999816
5.832433772303816
6.399617044099989
7.1548088638
2.5136314422999813
4.90001628719999
8.817418923999988
7.203330937202545
10.637797498010867
7.232931298797424
2.1069439239999905
4.788681640599988
4.542356581099985
2.3367499328999943
1.0413006043282782
1.8038767501999915
4.947640670799989
4.31376836239999
11.127512690999982
10.326912716999995
10.37684879599999
12.961802517999995
7.631566996797423
6.694253747594859
7.175057961999987
4.892783152799991
4.627992147799989
8.358934205594862
10.23177837514143
12.607002073999984
9.953555847141434
8.36446052250639
12.537493407999989
11.768676728999983
11.322309955999986
5.242333387799983
2.282165573099988
2.141434893799972
5.144832873499974
6.7411729935063756
8.3553401871
7.992153482101263
7.458939906303824
10.420227172929264
9.466218160999992
10.91522410699999
11.672859293999986
11.32138757799999
9.670931616141424
12.13632893499999
12.35465444799999
7.916311367797426
4.203677232399995
4.459596206699962
6.112546482799984
7.714888873303828
8.85415581510127
6.672818852199986
5.629766308599986
8.882290003999993
9.084254524202555
8.82477669369615
10.83801949299999
11.148366005999986
10.716076722999988
10.612283135999991
8.436233418299997
11.103431687999999
12.332880208999992
12.350070278999988
12.141453194999988
5.397742468299984
6.272400270099985
8.464509220898712
9.923706051717108
10.374254598999997
9.108616477999988
8.20807822269615
10.739386001999979
7.160107159405106
6.264744671594846
6.240455351299993
9.571583227659985
10.856373912
12.869596908999993
11.547810691999999
13.123873400999992
11.079326882999991
13.460251183999993
12.537396106999994
13.54594485299999
12.574567742999996
13.152591520999982
9.963553918339988
10.702989863999987
10.98395208099999
12.901922046999983
12.619218065999986
11.271245200999989
12.688259726999995
10.160633563141426
11.68317186399999
12.465049952999987
13.059115105999986
12.634976484999992
12.91969285399999
11.755299405999994
10.786785885999997
8.18176720120255
11.136053637999993
11.16830103099999
13.062433547999987
12.794473937999983
9.692079661727991
10.072039945999988
11.928653495999983
7.815159771699995
7.886813888493591
7.201682347099991
9.856664007727991
10.498869271999993
8.890952903696153
9.503082774271993
10.167480090203993
12.031078075999986
8.947479669202544
9.826528366103993
13.051590523999991
10.267320922929265
10.41775998199183
9.902626269646383
10.188867652929265
11.886968693999986
9.757849827717104
11.664812736999988
12.023337034999988
12.368760186999985
8.503829502898698
7.763693809493583
8.37237035059486
6.377198271199984
8.345011328101261
9.824634378067987
5.120497409099999
4.86089690859999
5.072551831099989
5.804978974899982
8.732849702506384
8.559878256202548
8.923904591405108
10.59832077499999
10.267330375999988
11.294538430999987
11.580335653999994
10.074476687727993
11.35316842499999
11.071282853999985
12.527223244999995
11.597662302999986
13.04624760899998
12.717171518999981
10.84518238999999
10.720374663999984
8.180146641493586
9.892156222659988
8.214657696493582
10.839700744999984
12.607671512999984
12.34102223799999
11.173645017999997
9.138899113339985
9.769737908895992
10.53776213199999
10.855626449999983
8.88348293759487
9.064533248898714
10.714095444999982
11.613326349999996
7.170374204999989
9.949981956353573
9.346892311070699
7.718710949696149
5.694353893999984
4.81192758789999
5.240174493400008
3.52803928219999
8.35175418699999
7.8798362503038275
6.813802185100001
6.808714802594859
7.053930779999985
5.620701974499988
6.579681451399987
6.647534805299986
9.519460938999986
10.821001751999988
10.323437288999987
10.495462765999994
10.01573613728287
9.861998728931992
9.115426299999989
8.061733755506387
8.927251695303827
7.027251289405091
10.538852784999994
8.003966564898706
6.89592363129999
8.371852542099994
3.3846949325999898
2.894714935300002
1.9268356658999999
3.1048937926999702
3.718402453599996
5.405176678499981
2.7922618468999865
1.423775677499998
4.662428457594845
9.781816920353581
1.6140053390999984
3.525631077599981
2.4041573363999955
3.0594238724000062
4.298399874899997
5.029725907899983
4.837725561493575
4.628477709999993
5.313967308000003
2.9163488662999852
2.5858266662999885
3.350514181499996
1.809764416499992
1.967145243800003
2.486452175899978
2.178646975699999
2.2117931870000036
2.6477826034999934
2.2676151961999964
2.797390533399993
5.197420056199984
4.046571968099998
3.6215937697999685
5.534330432101258
9.375890679929245
8.383027337594863
7.746057475299996
8.613245315594863
8.042754122900002
8.094582127405099
9.5374124695064
6.814962187199987
3.2707643462999894
1.099220920801359
1.0154610720877766
0.6712453826899994
0.7801780974400001
2.228030215499993
1.080253950499998
3.0601943236999833
2.924421112099993
2.4362219237999883
4.320510845899989
3.6906117095999926
4.54387371669998
7.784763389594862
8.556245454405104
7.920651919594868
2.988801420599993
2.0329030533000028
1.5650359527999886
5.381196652199986
5.095717222599993
4.074661569199992
2.9817623076999857
4.070653257799976
4.274022332799983
7.572496855202537
8.212394787599996
4.030551022299995
2.889367073099995
4.621622323599988
2.1588963942999873
0.8280915348999999
3.437584400899967
6.888960368299987
4.838029725599988
4.096064024399992
4.380383225999976
5.5520731765948526
5.29552733759998
4.985613162202533
5.863748901405097
6.931209521506377
7.37995519259486
6.902145999101266
5.004007125899989
8.989059864863968
4.949834449799994
8.034555380135973
8.742171934493586
3.605472238199986
6.962569375594863
8.363379341101265
7.651841834999985
5.814950244099999
8.51267924040511
6.295563821405103
4.533833189405094
4.262897335799994
5.908818072493581
7.019050294499994
7.870603465299997
7.634965756199997
7.723771542405113
9.025697320594867
8.978102612303825
8.322581426999985
1.2513631363000002
1.013987110505857
0.9989622617795958
0.7636585297727978
1.233951557899994
1.0231235673931975
2.947265612799975
1.5154017425999964
1.0289958462005444
1.358226963221198
3.7839335769999796
4.483147584499989
6.080501466405099
7.065920727493587
9.337176791271983
7.4470386504935835
5.9063563598999895
7.487112170405108
6.930680369599989
5.796515682999985
8.400275305202541
6.245538493299987
7.178226742594852
10.604354521141415
5.1063350387974165
6.061124894696132
8.235304609696135
7.980678111303819
8.193573519898699
7.757244927999977
5.780710778797416
3.0364259810999923
2.223437011699985
3.6221999038999817
5.595099104299993
6.158809591699993
7.855990132101271
7.629407418799996
10.402119499141419
11.144881045999988
7.839523361202546
7.046373939499994
11.743125843999984
3.1101992110999754
2.7823701583999636
4.192583164999991
3.135365743999992
5.671175834700005
4.439882098399985
4.362841691600001
7.621793099999988
10.606040206999989
10.165593958999985
12.12482083999999
9.058995548999977
10.99627556799998
1.797383592199989
3.2302489196999913
5.232389118999981
7.120228860506384
6.7141176207999935
11.82779756799999
6.654149552898696
6.042966320799984
5.678800785799988
8.24872353359486
9.870333895929258
12.336312793999989
12.054837041999992
9.997119624203988
9.42621530772799
11.41712200499999
10.147300884999986
10.913447806999992
10.985635422999993
10.75240980199999
7.632901423594857
8.879556764202539
11.81400709099999
9.826519068931995
11.694966546999988
11.361141878999984
10.244917045999992
6.84663754729999
8.926672376999981
9.138923481797427
9.314597091696148
6.790533908101263
7.014110861202541
5.968661210599984
8.383765862999986
6.976447257999987
9.39507955013599
12.690202323999994
10.839532050999992
12.15888718299999
11.024999408999985
11.004745246999986
12.348631284999982
13.073886623999993
12.007819578999984
12.082735366999987
12.135236268999993
11.474967431999984
11.88712465799999
10.78882247499999
10.979966384999988
9.864474630795998
7.533265806599995
6.785294352699985
11.036987314999992
11.96487885399999
11.028278341999993
11.051724244999985
10.702055793999993
10.765923095999984
12.508648513999995
13.662450492999993
14.451621129999987
11.905836974999996
12.649178219999994
13.60152568699999
13.081474747000001
12.508509228999994
13.739576827999988
13.042070513999994
9.00801916050639
11.11694323099999
12.810982190999987
7.297618257099996
10.61432754799999
11.255898505994558
10.03725010213599
11.163952018999991
10.251225225999985
8.809237789898717
10.602332097002718
11.489192171999994
11.422458236999994
13.149617115999991
13.380901589999993
13.615698021999988
13.26883573199999
12.285732918999988
12.583549151999993
11.239801916999989
10.786045211999987
9.765327387999985
6.068908453399994
9.820071243203998
9.863403124999994
12.41500684999999
10.517596529999993
13.14626681799999
8.828699282863983
2.077315785199996
10.171148164282867
11.399684215999992
12.06546521799999
13.353068070999992
11.42296169999999
9.212070350594868
8.961066973898706
10.163381356858546
10.13704762720399
8.292339927696146
11.057820077999985
11.211870655999986
12.727937635999988
11.90899240599999
13.338295815999986
13.39460118099999
12.992690206999995
11.830037291999986
11.559704377999989
9.79193614199999
11.766163964999992
9.664282238863994
7.409020286599991
6.4081769698999915
9.29758785399999
11.03250248599999
12.89120727199999
10.062157357858553
13.146561542999988
12.194641927999989
11.315702091999988
10.987000727999988
10.712290790999987
11.458245789999987
11.641161866999987
10.689252683999992
10.40054686899999
11.686254610999992
10.111619032203992
7.213286152594856
7.910036862202548
8.25333924259487
10.702623108999987
9.797345123203986
7.703154086303823
9.831327568070694
11.637028443999988
12.92889831799999
11.536337874999997
12.39235250999999
12.404368921999989
8.957136245795978
12.158163988999991
11.294167930999986
10.936473871999993
9.63299098206799
3.908995130899996
5.163301092499996
6.372691836499997
2.4786152434999895
8.02885056759487
10.16644753414143
9.905408625858545
8.782519572405109
9.829854647863987
7.953391239898713
9.689948725931988
10.502182544999984
9.614607119863992
8.971221343999982
6.688262428299989
2.055282716400003
4.424936332699974
9.794357257103995
8.985488749700005
7.6240152984999945
4.796758912699982
5.491096073899996
1.4734091903999975
3.785894729600001
4.3177908004999965
4.668615064999989
5.868567144799998
3.5328709868999937
5.687219154405091
4.501624792500001
4.219742675799996
2.558865412899994
2.8465305495999913
4.764957510399996
6.32706327209999
3.1806792922999945
1.853874972499999
1.2737157653999982
2.120807987999994
2.2209736678999956
7.065641624506387
6.80380980379742
6.381848203999983
3.453543495199992
3.1572645522999854
4.417284437599996
4.108085978699984
4.779003250101254
7.347336921696138
8.730130607594868
8.707552802999983
7.838205967699995
3.241683233599975
6.282733018499985
1.9115321899000015
2.2629697144
1.8034197052000018
2.3253061035000018
3.086602719099986
2.8369456908999973
3.8318915740999957
2.6707294143999962
5.3719077285999886
6.679089892594863
2.6958245285000038
2.6344833405
2.5169641586000013
1.6279535003999857
2.1912507995999864
0.6979236859299998
1.9699972442999996
3.1351263686999955
1.185183338900001
3.5779519622999763
1.6718958801000001
1.7625708266999998
1.8141493256
3.126549774199966
4.661672834799978
7.304467599506386
2.840649587999987
1.1742716286012036
1.4326826584000003
1.098699346899996
1.9985794555999925
5.3423234954999925
4.547132363899993
3.5037211654999996
4.333544126899994
6.622255581696133
8.029989298999967
7.356176309202543
7.188756488
3.464904997299994
3.5704645843999905
4.574392752099984
6.0592210143999825
5.698583360299995
5.8668314895948495
5.944263833599986
3.914333601399995
3.8723417296999982
2.411675115999992
2.9741446456999854
3.929794139099997
4.4693000823999816
4.645386012299993
1.0414680909997287
2.063678926099984
2.5212052901999726
4.652730856303811
4.667945765696125
3.231645004299997
1.7945555922999987
3.5171168380999855
4.660375137299983
4.816524548299994
2.3215676055999923
2.7747519484999903
3.20752926029999
2.8694573226999913
2.7496905196999837
5.751768095399993
6.27127646179741
7.945754711898699
2.491519142199988
2.262641140699972
2.9586805587999896
3.3730592467999903
7.539016067493581
9.00116695249359
6.860689533999991
6.1678834152
8.035534260599992
8.057082827797426
5.980810369899994
5.047370394899988
3.663931663499993
3.078657066299979
3.540875231899984
5.077665020797411
6.462629728696127
6.468172372405087
7.289780355797415
3.1959206557999917
2.901559407
4.775373924299978
7.937239126594869
10.383924214135979
8.445638441506384
6.835110436999993
6.63800821079999
2.5202874404999904
3.1777969542999784
3.574323178099988
1.5171743346999877
1.8252816237999936
2.473107459999979
4.315946179199987
3.785415214499984
1.477760897799993
2.8526497375
4.366264978000003
3.320524278299982
5.70607764279998
8.083184561202543
8.941316976931983
10.670568798999987
6.162117739899984
10.136711399858543
8.339033586101273
7.3020422073038205
9.239382731727982
6.715654069499991
8.468027853271973
8.00665985410126
8.431195512405111
11.188642312999988
11.24617170399999
11.352770928999986
11.074341932999985
11.100328689999994
10.810356966999986
8.676895017999982
1.2968202727999967
2.975784921299992
3.8411939467999954
4.290395686299992
2.3606683700999875
4.7282218078986835
8.303925221203963
10.704076179999978
10.503389766999982
6.487319737199991
6.480513175999973
11.233863187999978
10.999088010999989
9.985060697931988
12.251626203999992
8.329944529795966
8.017781471303804
2.017122758499992
2.165496186799993
2.4229130965999746
5.346791276599975
5.445733253499988
6.530360046399993
11.783136599999983
2.5255988585999916
3.4729764129999787
6.669567098999983
7.86968003539999
7.995375823999975
10.628259853999976
10.18119243007071
10.354003181353573
12.311945473999986
11.894405669999994
13.615555207999988
11.008697127999978
9.648819512929265
9.492908009203983
8.477793905594874
10.451763303999991
11.634929229999983
8.29749918520255
1.7567356307999926
1.4656736922999967
6.433618246506377
8.418580778493594
10.694891262999981
7.643394668594858
7.22372985689869
8.30635280610127
10.434393967994557
10.243148864787825
9.416014169203983
13.035386251999988
13.427441976999988
6.11955853119998
2.998615843199995
5.288822389202531
9.692493652212134
8.217057675202547
6.765978134202538
4.80373200230381
2.2303987716999805
1.4496443267999959
4.497761555506352
8.632051225203965
12.93248283999999
14.048202688999991
12.34977130399999
14.28888298599999
10.383678936999996
11.817222614999988
11.592205948999986
8.249133895898705
6.879774870303799
11.576638242999953
10.012480209282867
10.269042335646372
10.030598922787826
9.04040676120255
9.245892114203981
11.478793245999976
14.953586707999989
14.625337304999988
12.294751812999987
11.12021530299999
11.138669529999989
12.633813320999991
10.61380742799998
9.63800350041599
9.511760577271989
8.482633700594869
12.194979732999997
14.285601540999986
12.417892188999994
10.818120577999984
9.820085989282866
13.109755353999994
13.541041662999984
12.42623608199998
11.064069022999982
9.770263421727991
8.465821397405112
12.781770106999987
12.327051876999988
9.442136759898707
8.987091294898706
8.152620040899995
8.046123808303829
10.105026702931996
11.331730864999995
10.06015167085855
8.046214009101265
8.253422868299998
9.605914594999998
13.876249395999992
14.564883617999987
12.98456388499999
14.701990812999986
13.293100950999992
13.40449205899999
14.409723816999989
11.321781664999978
8.878426826339968
8.881485472101259
10.700183787999977
12.080551409999986
10.538918913203979
12.742797879
12.626433211999984
15.133773996999984
15.48440850699999
12.972812615999972
15.350250696999991
12.747925077999993
11.379929296999997
8.679413204999992
9.187826083271982
9.71998510893199
12.33407437899999
12.330603296999985
12.051305044999983
13.707468838999983
15.081348197999988
15.665875565999988
13.631681220999987
14.11157400399999
13.421732625999988
13.231693856999987
11.454990674999983
13.126285955999982
10.426740305999987
8.049770819101266
9.050368144202544
8.144446433999994
7.8816112167
7.0606917418987
9.20582596740511
12.922333111999976
10.57201371899999
12.458298754999996
15.141414480999982
14.564724352999994
12.619185341999982
11.784333632999978
14.985457923999988
13.833056215999985
12.499606490999987
12.170081365999987
8.67929911192924
8.788014692687975
9.80204100799999
10.302007927999988
7.599969557202537
10.443309340999974
12.082076616999986
11.447408054999986
10.770742426997282
6.886506887799994
9.54262276913598
13.543006875999987
14.946856632999987
14.083757250999984
14.458627532999987
11.266358349999985
9.00212403720255
6.0857557525999875
6.590815199299992
6.546961944599985
8.755407226727977
9.884416407858541
10.070209665989122
11.212805753999996
13.23519746099998
12.048981357999985
10.936038521999981
13.062968104999984
6.870291493202541
3.2503413680999724
5.434736221300002
5.415435679599992
6.713166624499998
7.575977650339961
12.152899622999975
5.823097279399992
6.222800752303805
9.942774984787812
7.432823040797423
2.997322219799992
3.9131549239999917
4.610249171405069
5.053667486599997
3.7525268660999975
2.228526641799998
3.8938784301999885
4.011674858099997
4.509239192199994
4.574069802899991
4.027438607799987
2.7067091170999924
3.243532995599998
2.2966780822999846
7.390122541797423
9.343977734282847
11.058057090999982
5.1525226424999815
2.2973976348999843
2.7522429565000013
2.4333300796999886
2.0602240096999873
2.6984676787999895
2.677033772299988
1.1771253585999968
2.6299212874999918
5.87536515049999
5.644322656199988
4.443356909199991
1.254265686700003
2.1352817931999915
1.848839898700001
2.6777879134999876
3.950785075399982
4.736794146699997
3.001377839699997
3.6193903777999967
2.346443644699995
1.7959665282999988
2.2964088729999848
3.3401957885999907
6.147194433594847
6.159408032202543
8.225178848303823
2.1324862487999914
2.9457243133999618
6.522284791599992
5.54818417510126
8.391304241898702
7.713884414696145
6.247127206399991
7.048623846405094
1.5050396027000006
3.215667530799972
3.514680413799989
8.028589593493583
8.10845599669614
9.46357810059487
11.18130418499998
9.115280306999988
6.560356248499992
4.862400576799986
6.772191586303817
7.0506014525948615
8.425632292202543
5.562791969299983
4.590037748696129
5.153617327899997
5.9998363067999865
4.396994451899978
5.05207468259485
5.307234378099991
4.931049549899994
8.049825526405094
4.29694844359999
3.7618180404999886
5.646886851499987
2.4627539367999964
1.0458828307999992
1.7536548873999942
5.624666355899983
4.441830587799993
3.5650945052999896
6.996933213797415
4.104417558299989
5.46438068540509
6.127662290999992
5.76671195979742
6.235659519999988
5.970218589797408
6.109230848699993
2.9764514556999884
3.385547166399967
5.8534502991012545
7.0273469421012535
2.872405218499979
1.7610710459005319
1.2734603270999945
1.3968468322999985
1.3271144608000018
1.7296836684999957
0.8595338818727963
1.4598716736000008
2.3899962386999847
3.9046759490999787
4.567388743594849
7.519639422594852
10.256533459353584
8.238988647506371
7.814834185797424
4.811994897506366
6.758225811797409
5.556995280506376
3.5281368377999853
3.004924139399977
5.779396472202536
5.9535250243999895
9.454617741271987
7.834010884101268
6.461355458101264
8.45061817313597
7.389740811202539
8.944096609506392
6.21854313199999
5.259907566797413
5.955946479799989
6.281726814299997
9.523144445863979
7.779925138898712
2.286043275499991
4.12115462189868
6.682013436898692
8.733517361339977
2.2902112777999895
1.4903516662999965
1.1445406550271862
3.1523200591999916
2.798073669399992
3.497238760399982
5.229100526399978
5.822322108499984
6.363035392799992
2.733076483199989
7.433727291899997
3.781970814493559
4.8252920363999765
1.9408259520999953
2.9991578063999946
5.945239076199988
9.499679862999994
10.306715212999977
9.474794326858541
7.662692634594862
3.38440211329999
2.537040418999994
3.458236573799983
6.308389808699996
3.9738832992999997
5.289042767303813
8.862948051339972
8.160873644999977
9.760305801282865
6.20462468259998
4.7816737305063715
4.027452810696126
8.29165390320255
7.478479431202542
2.437152848799992
4.002248489399987
9.482219863898711
11.675064913999984
5.646257368506379
1.7401833190999896
6.935360998493567
9.784072856070697
11.983732496999988
9.293548257282863
9.238806712311982
9.816585069303834
10.867314998999996
10.477058924929258
6.026312159699994
2.819548928799991
6.884158351101254
10.20452034299998
10.266977514717105
10.372179784999984
8.266644250506385
3.87450303499998
3.284744837999991
3.288731140099986
0.9721119794863907
2.9018367629999737
6.1468968459999695
5.587562121599994
9.055862734999971
9.237538172931984
3.3260525374999843
4.311774626202526
1.9292755279999811
8.252161228929246
8.300004130594877
6.993829591399988
10.955472114999994
12.47208731099999
13.237861733999996
11.952549956999992
11.43883966699999
11.936521384999988
12.131203621999992
12.373018343999995
3.134386650099989
5.0840052215948495
10.775717351999985
9.86232332759488
12.154228048999995
12.336376032999992
13.425918653999997
11.018417353999986
3.708337759399987
8.41087746893198
8.117539219696148
9.15980526585854
9.135555424506391
9.975385810931993
8.84362180793198
11.163913709999981
13.117211469999992
8.642864698797432
5.898235354599999
7.580499642899997
7.696520008898708
8.56903657840511
8.823254577600007
12.446450976999987
10.09086715535358
11.60612207500001
11.283539106999992
9.330553848303834
13.413407280999994
10.700954024999989
10.074983889863992
8.213246598797431
8.614275688202548
7.368518077101265
11.086989999000004
9.532326657067987
9.739167822212147
12.485602846999988
11.011418508999986
13.33860632599999
11.608188242999978
4.734111706499985
10.237952493212132
12.293718737999988
11.32964576899999
11.140810244999988
12.639962745999991
10.055366165135988
9.752641195795995
8.915190606696147
9.588455036929266
9.612114199863987
9.532267404207985
7.337788709999988
7.814084075898706
8.922930874594867
9.046304757795978
10.059950538717105
10.71182781799998
9.260994587795986
8.681971794101269
10.150219717271995
8.79369540099999
11.006154744999987
7.84279944920255
8.750063941999983
10.668332412999987
12.061646863999997
12.627822791999993
12.721788450999986
12.933913605999983
13.707778797999989
12.851455364999987
10.378132914999986
9.591626776067994
7.980177830499992
12.079535846999992
11.39547367399999
10.954229355999987
10.653971608999992
10.828086275999992
10.669381461999995
12.750156661999984
10.773750167999976
11.29419934499999
11.65029692699999
11.836746129999987
11.351269980999989
9.038936784405113
8.989202217101274
11.536372208999985
9.257401885999986
10.08583676133999
13.213066369999991
11.287190293999991
11.384472216999987
11.990707114999989
10.117421056999998
10.232942248659992
10.563180201999991
12.602977634999988
12.447236319999991
11.510313176999993
12.303896255000002
10.499208709999982
13.44043352499999
13.26882288099999
12.734770691999989
10.22515689835359
8.185614569101267
9.464222325101284
8.99342984769615
9.589389834727987
9.43254656079599
9.975764244070705
13.287407354999992
12.721256473999993
12.734024633999988
12.722614741999983
12.296899520999988
10.810279714999995
11.07912942499999
11.620968366999989
10.172322608999993
9.655347898898722
11.782011927999994
8.324739102202534
12.57187620499998
11.968160827999988
10.120456581070705
10.371971559070705
8.92001594999999
5.611918624899986
5.65963945919999
8.407607118202549
8.885165588405105
9.71503046886399
5.937522883599991
5.730179510499988
6.822340702797426
8.916689440898711
8.594454359405109
5.838893630999996
5.873898457303806
9.983626388833596
11.010230922999991
9.97447484893199
10.763385171999994
9.17168452610127
4.9714635055999965
4.524473411599993
5.189595654299993
8.027802420000002
6.8123474227999905
7.2110820968987035
8.890054116791974
7.050608138999988
7.184544792202537
10.060418093929263
9.483727156067987
8.135284365797432
5.691374742099991
7.47093377530381
3.4665595366999935
4.97479642789869
5.227311151099994
5.170234739699991
5.549791764797413
5.192508242797414
8.462320938101264
7.787097636405107
5.584930572499992
3.332912184099983
5.854079243499996
1.7759311324999778
3.627964570599977
5.9801725982999825
5.135130596899983
4.320618368500005
7.701629509000001
7.4131149444999895
7.650380880696152
8.302068435696139
2.5055000916000005
2.1742666610999883
2.966470327799997
2.4871722869999857
5.634805078101261
5.797936085499996
3.299352461199996
5.552864685100001
6.25774427949999
8.536261117594863
5.152987368799992
3.187870700099988
4.1004313004
2.588024655199992
3.207269023099991
4.943781550599974
6.915518485999991
2.497632086199997
2.128895352199984
1.9834181899999976
0.8058801739699991
2.2174423507999723
5.435219528199995
1.6197500945999954
1.7810374618999916
0.5643150671999997
0.64064560508987
1.1860557938000007
1.873708781399998
2.405800674399988
5.056504516594845
6.516858587594863
8.75487423710126
2.181925918599996
1.2651475570999988
3.819466743499973
4.594453497299976
3.5426462722999954
4.724019157399986
5.259288601696132
4.509760694899991
6.813601380899988
5.930594808999996
6.311242916898704
5.967906262199996
6.349436224399998
5.468520854199981
4.150878446999967
4.353823232999973
5.1846664840999885
5.761520170594859
6.634542719999976
8.50757989649358
8.104757951405103
5.918726150499983
3.1263505370999876
6.345607310499986
7.299680390898693
7.605331115696145
8.162377252202543
5.233734820599993
4.397762863202527
4.030055024699983
4.559040750099992
6.1479805510999945
6.0650120742999905
4.4969923004
6.197519557199988
3.304823057599988
4.848270185899989
5.712350341799995
7.171194744899995
4.430561230499993
2.8578563598999738
6.459533599899987
6.403099481202538
7.482221260101266
6.604378109699988
5.0913315352999975
5.860118553202536
7.588520501696139
7.041325575299995
6.285749975599991
4.024423202499983
5.038527151499994
5.727933122300002
5.934651812699989
4.736223359699993
4.296727149999982
6.588307858303826
3.356924925199985
6.003508721898682
6.26392641599997
1.9957148650999976
3.2308861419999664
5.467614395101249
6.708659205599982
2.912041819799987
3.4770150222999883
9.574586508202552
9.310168231135984
9.877653434858543
1.4870453705
1.6623741210999965
1.5526809768999974
0.9362925000135968
2.0884398925999803
2.919171006799984
2.104372038299994
5.251768678303809
4.235391410799973
3.4698718245999904
5.5744016158986796
8.836126257303826
9.566468955999989
10.387948279005434
9.684311680727987
9.114011680594867
5.544063467399982
6.553742192101255
3.6089989760999837
3.5627131682999873
6.254698316999981
7.203046922303824
7.0836983581999915
8.440833166493588
9.161022264101273
8.460535571303831
7.87153706969615
7.5683684265
10.694931095999989
10.375493236991836
9.002232463101274
10.85092253599999
4.79712055509998
6.528803764303818
7.528210403405102
6.335633665499984
7.299116975405096
8.419772961405108
4.7532437041999795
8.07582287749359
9.513032577493604
10.095586440999996
10.06730516671711
8.932565875202544
8.135990730303828
5.32402648929999
3.786720602399988
10.393389038070696
7.208839894101262
6.395892565898702
3.773296650699982
3.577112362699992
2.99370535889999
6.688188917499991
5.976835894797414
8.001605424506387
10.401783706999993
2.9769837157999914
7.812558952303809
10.50430655399998
6.688590684493574
4.358910679594837
4.339618237299989
3.1413876586999865
5.19182074279998
12.182921718999996
9.083354382303824
8.50907879030383
2.67311587679999
6.380354783594846
9.572278903135983
9.079859960898705
9.993752104141418
9.106039909405103
7.1726308502025535
3.9464992904999927
2.9467439910999853
4.911047210699984
6.067720155297416
7.1063267975063855
7.04000066379999
4.338600532499988
7.804607870339965
9.970102578787822
7.9014923264051
6.391876162696132
7.800503999303818
8.513555947898706
7.377558941696144
10.72337538799999
11.012861294999986
9.557704219067988
9.9317794847171
8.916641018696142
10.791093306999992
12.238263535999991
12.176968632999989
11.352998549999985
11.535175672999978
8.44265508420254
11.760634510999983
11.539645173999986
12.85002242999999
9.164262304795981
3.6381371673999903
9.297277052311992
10.364421794070708
11.513224094999988
8.337037951696148
8.986541856405113
9.891978388999998
11.818185956999995
9.609998895203985
11.201013389999988
11.139198246999989
11.932355271999997
10.494997103999994
13.408003801
13.718583281999992
12.421829664999992
11.93318874099999
11.942056818999994
8.720299995405105
10.436771782999989
8.814962589999997
8.602602616898713
9.452423141339995
11.900471769999996
9.158602975506392
9.992165760863989
11.18753073399999
11.08798692199999
12.123496486999997
13.391850590999995
11.56977822399999
10.176702035646388
11.647942473999992
10.692378693999999
7.713992587300002
9.834455790696163
9.103179124506388
10.666276349999992
9.988404511999992
12.050299146999986
13.00248176299999
14.086305910999995
12.965808437999986
13.82244475599999
13.424264681999988
12.81467650099999
9.248730902101277
12.262393766999988
12.315318186999994
13.649598696999991
13.54651596199999
13.526357169999992
12.994779061999992
13.08114397999999
13.651174950999993
12.841654403999994
12.880621261999991
10.4143707570136
12.73272637599999
11.410176867999992
11.449532525999992
10.971308487999991
8.404766058303833
8.82034653020255
11.291507859999987
10.39908850899999
10.247045620999987
11.314125695999989
10.74720039399999
8.499292112696153
7.710323858599995
9.24992627559487
10.123722042858548
10.75711424099998
11.425374628999993
9.982588175999997
8.391959728999984
10.434739576999984
11.628511190999985
12.175196673999993
13.04391172599999
12.832223127999987
12.497071657999985
13.339179334999992
11.795332998999987
12.378155184999983
12.978967614999997
7.68641091920254
9.642507003797434
7.835208706696148
9.346015042103986
10.202302935858548
11.040170643999986
10.815043104999988
9.144411804202548
10.728235370999984
12.810116038999992
9.43654712670399
7.65609616389999
7.528691905199995
9.743761430271997
7.571090597499987
8.537962510696154
8.529785351600008
5.828333433499994
5.840110900899997
7.078141119399994
4.925272602799988
6.423047911099985
6.586132255599989
7.147291010999985
6.6334197936999955
6.246595465099994
8.00399004669999
3.8954154998999933
7.1364234833038225
6.462339280699991
10.041020660282866
6.698133982797421
9.363283196999983
8.699122392303828
8.202448159797422
5.234547947699981
8.14821420440511
7.797077809100001
7.388652517699996
10.909637575999994
9.484548977795988
10.617923435999998
9.559992544727987
8.911330197101261
8.948971772863981
7.091071797202538
6.475093727101261
6.158753993199995
2.706846995499979
4.200526925699981
4.948767250099983
6.014327322405091
8.90326441040511
9.890684187212143
9.18508435360001
5.882622818000006
6.015739881899997
3.438506574999991
7.905152973898711
8.707985658303826
11.06146590599998
9.228919064203984
9.072281472797426
0.8901337615999962
5.962390972898688
3.1912411727999928
3.352854988099998
1.528042414899993
2.152114846800002
3.9654796295000008
4.826015260299991
5.05635800929999
5.3830972457999975
3.4907400725999924
3.5550937133999754
3.41433130799999
4.318642019699994
2.9959720962999756
6.5998371353038054
7.881650041135971
9.115065843202547
1.1177109793912197
2.1446633986999872
5.051259376493572
9.55240220933997
9.755227110203982
9.056961077898704
7.12783648529999
7.083730282594869
6.9730920731012676
5.827323284899997
1.8216825957999996
4.373071443199997
2.9135914214999867
4.994820611599978
8.18448078459486
7.587632356303822
1.7800744475999932
1.3775441910000013
0.7326166648898711
1.0601517906141398
3.9890863814999915
3.404156089799996
4.774328761299984
6.348967350799991
5.6097210845948515
2.7254974288999905
1.687871359300004
1.6155758529999862
2.8977479140999867
1.750766567999987
2.451862628199989
2.8427813888999873
2.4412033355999974
4.6818390457000065
3.514874075299997
3.1546713790999976
7.628570602399993
2.496330978399998
0.49667914762000076
0.9583255032659966
3.2759785827999996
5.527978759800002
3.4161350661999985
2.980499488799989
2.7692240677000033
4.190645355199988
7.516861254899992
7.284499967999995
4.835435920699999
4.568832466099992
2.3793175750999924
4.773624592599992
1.396867178299997
4.427852278099996
7.853764709499998
7.539445518506386
5.428184452799988
5.19025217439998
2.913457197599989
1.1816734655991818
1.6594013701999935
3.760211061099977
5.373797746299991
5.1014364608999925
7.431917735303814
5.040290550199979
6.02089015199998
1.9573697921999968
5.83231450499997
9.390920642067986
9.904744319135997
10.339957732999997
8.47940129550639
8.870847012203981
7.088263827493586
2.668769108599994
2.543215338099992
3.962893138099994
7.708368061797427
8.015445051594867
6.707296676599993
6.688436581405102
7.189288609303818
7.187266662594857
5.997981416299984
4.897739466899997
2.088602316300002
2.8181643844999984
3.2964775223038023
9.488729649271988
6.291088351405093
4.330793986499992
2.7653069793999867
1.8639974929999965
2.081387130699997
2.832909870899983
2.5550685759999956
2.110960908499995
3.8895258452999957
7.000712086499997
6.865392546099994
1.6246747481999864
3.451647286999966
5.725333169594843
5.888880520594859
5.713463178999997
3.5683127379999915
5.1060950881999885
5.44647664339999
7.476875352506387
8.508559605405113
9.702866302339984
5.661480386399987
0.8643478110212078
6.746312861594864
5.654490699799988
5.995376704399991
5.381303781099994
3.533381651299985
4.781693681299984
5.121083045999989
3.8565111144999937
6.903634873999994
7.044604655506372
4.169471316499987
4.602166227699981
2.980799064599985
7.644749526999987
11.221649521999986
11.366990775999987
11.548164789999989
10.451398736999987
10.138352671858545
10.198175581282864
10.34135719099999
8.11404435420254
7.436802107199993
8.321698031594861
9.540721980203987
8.359931600999982
11.067841843999986
10.108376841787814
4.565786686699982
5.565339445499983
9.02928703779598
9.936563052271985
9.659664138863988
11.675923577999988
8.671775892727979
8.942447698999988
7.442032524101265
6.10805812379998
6.65219552610126
9.18122402965998
2.408164498899986
3.6475473372999803
4.845043791199983
4.147770144699986
1.1831933322929185
1.3440669524999949
4.309149079899983
1.3905952392999952
1.9465044936999938
1.946415536499993
3.8529879989999793
7.040895089795954
3.7470649413999855
3.994101951599985
4.667340251199991
4.141925337199987
2.3806032119999796
6.499404829405096
6.269569671599987
7.403170506299988
9.966813836900155
11.349401279999986
9.384208050493587
7.707440791303827
9.222837513696149
10.931353538999984
10.927563353999988
10.82517001299999
8.491717230202543
5.194795924399984
5.0698685988999825
11.739422230999983
11.952145662999989
10.95731087599999
11.164687600999992
13.179746872999992
11.913370859999986
11.130884948999995
9.584875056339987
5.768203878799996
2.8486420714999903
5.40491633909998
10.143157240212142
6.959320185899995
6.607678599499992
4.8128147292999905
7.390972726405103
8.845190913405117
6.375367773399983
10.249168093929267
11.476775463999989
10.961018024000001
11.512668358999992
12.062276641999992
13.174942779999986
12.66336439699999
12.250555773999993
12.643073295999994
10.389442785999988
9.77738184199999
8.575013230898712
13.904007308999999
12.873692420999987
11.834803452999989
12.437923015999989
13.358436770999992
12.052766045999988
12.17973879199999
13.421732291999993
12.591832306999988
12.549177121999994
12.512684887999985
11.781669039999988
12.12587286199999
12.005149790999987
11.435435314999992
10.457830514999984
11.640625974999987
12.17360902899999
12.601477674999991
11.75931393899999
12.380861420999983
11.11195583299999
12.056782137999988
12.440081016999988
11.932807093999992
10.443344660999994
10.96617812799999
11.503621998999991
9.410264498931983
10.805991221999983
10.568734543999986
11.697791695999985
8.960083294696151
9.103103137202552
5.821826806599994
5.777799923699989
5.856538705399988
7.5780536209
8.628688015696149
11.021159070999982
13.276977894999993
13.45332966499999
11.776662995999986
12.492800043999981
13.441015728999991
13.740355404999992
13.80781165899999
13.097358249999992
10.129775796659994
9.214505255101269
9.754490312135987
11.037991604999991
11.794517101999991
12.376012092999986
12.60158238699999
9.913275106863992
8.014531440696153
10.248878405858552
12.097133968999993
10.099775909282867
13.089948529
12.308251798999985
11.43728858199999
10.790354386999988
11.537995157999987
12.634630587999993
12.238633407999997
9.72469258113599
9.052679078696153
8.464028553797432
11.624598722999993
10.064442288135991
11.80951403699999
10.650004413999993
6.9784653732025435
8.226848611506384
10.309879018999998
12.385967714999994
9.833611909353586
10.214862101999984
10.686687002999975
10.165031818994557
9.00635539399998
9.754732656929262
7.4658541382025385
5.978919844099989
6.907093618800003
7.867368981898711
7.877585623202547
7.145354150399988
5.482734048499992
8.198054898101276
7.7750045563038235
11.309102343999989
10.872185657999992
7.361841224699991
10.388562102991841
6.695085429399998
7.367327362099994
6.890335797099994
4.773711181599999
7.005409982299988
3.7348511931999893
6.367079000899996
5.073842448400009
7.988779058797429
10.426197182994562
7.463508322101257
8.848435505696155
3.539191142299997
8.555382823202539
9.194833869931982
8.565106082135975
9.370059478797433
9.192816828931985
9.526998455863986
10.293535447999986
7.337451689099991
8.79640356899997
7.429919502303829
10.184106896999982
6.409289779699995
10.114722538858548
7.4622435822025395
1.2167637893999987
3.6327590239999905
1.7119507705999977
6.783970265202542
10.011943014646386
6.878321514899991
10.220570640999997
9.733414356999992
2.618191064499997
5.748714146405097
8.691234361303838
8.752099313405104
7.682224272202547
7.033068229699992
3.499189797999996
5.035556619299987
7.00830348509999
2.7098407424999875
1.4288330856000013
2.0819228850999965
2.5010015731999733
3.9424320846999947
6.085443188499983
8.375670434594872
5.812328729199987
5.158177867099992
4.384417640699985
5.815360501099984
6.894794265696147
7.555157089202548
7.49972320710125
6.428376646405102
4.650932853699992
4.177889645399981
4.718010617099992
3.706138052399994
4.234625595099997
3.6718998900999975
4.449692495699991
4.13062882689869
7.567718241898699
2.7864628463999903
2.1807421599999985
1.208631924399996
4.525477249100001
6.832656462099993
5.459423451199993
5.643283024599993
7.782027902202551
5.896489210493575
4.285199682599984
7.565689984099991
2.8011457290999906
3.988742256199993
4.682445092799987
2.2427728393999815
2.4396415893999945
3.414934951799997
5.682934889199984
8.831383044405108
7.96008016359487
4.23546006929999
1.9870350783999946
5.634898457299993
1.7151527541999965
3.3304360045999744
3.317623031599996
3.9478026916999953
5.571686361699989
2.451201510599997
2.9402918076000004
2.9265659134
1.6463459166999987
0.984548057378782
0.8448068791405097
4.155141891499986
4.625782865899974
3.5845603270999686
4.654997694399978
7.5754120315948565
8.1194078354051
7.744070397898708
0.8594214753202547
1.8814399307000003
3.214600181599988
1.6837164748999958
1.398730523699992
2.1070076690999775
3.4381490523999756
3.5564786269999926
4.820471968099991
7.5418524292025255
6.37835778659999
5.270886889599988
1.9101730376999893
2.332666799899983
3.1152249648999866
4.150854473899988
6.237054226696129
7.04445584559999
9.370711865135986
8.287232047999984
5.439152856399983
6.699626640303821
9.150434513931984
7.852808824202539
8.3978498198987
7.823653134199995
6.497783599899992
1.924618753100001
2.224645906100003
1.0659097228999992
3.216351029999987
2.6139647033999873
3.494699752799986
3.7848796325999916
6.643017172202547
6.46517418059486
7.147964408898701
8.014396928405096
9.468802734271984
7.170483378599993
6.5517502609000005
4.881000649999987
4.971527569599993
7.927485751303824
7.305210432405101
8.58530628969614
7.616194718898696
10.008042741282862
5.1647981643999845
4.251366674799976
3.372360461399994
4.10026219019999
6.5058627669999884
8.669520980863973
8.271477642797413
8.743565307727978
9.313505697727985
8.078836617999988
2.4833984343999895
1.342882710635348
2.5159119918999786
8.080345716898707
9.034682273931972
9.408348994271991
4.5142734740999915
7.5361354018987
9.808158851727992
10.61990455499999
10.507938384999989
11.155771207999988
4.3963543029999945
1.2127000499787761
3.995873370399972
4.6414806395948585
7.858658766202539
10.945064106999991
6.849543287696146
7.94869650730383
8.797142243999986
8.069830155898705
10.348500583999986
6.186959338399992
4.4288398421999915
1.3329872573999952
3.0661361373999925
6.883533956898696
6.9701610976999975
6.74775604859999
5.861769528199994
5.637762712099993
7.125087495405101
10.657233413999984
7.655934449797421
8.134300700405085
10.062109555070702
11.599423070999984
12.54948644899999
6.648596208202537
4.580145310999991
5.222432739299983
10.264994038
6.154531997696134
8.457868633999976
10.770189245999983
10.965698980999987
11.134506955999981
11.106235883999979
7.855536025999986
2.690697227499988
4.207515931699973
7.361952749594869
9.35189040820398
9.250858377101267
6.361054952999979
6.014201892099981
8.644724783303834
7.732301962303824
5.659069041400006
7.943014735400002
11.54195844899998
10.588098974999996
9.821303497212144
11.846774854
10.838045832999988
12.782008101999988
6.402334489399991
7.743845283493595
5.330611405899989
2.508475286899986
7.169742201202548
10.335036416999989
10.253461457999993
11.512175271999988
12.127653624999994
9.001160696271986
6.9920863952999905
6.48299565120254
7.86589606779742
8.809110440100001
9.20758490299999
11.583174509999987
10.706097234999985
11.20383143499999
11.903016947999992
10.085642332353586
5.096232943699984
10.184928117282865
12.684586873999983
11.763102233999987
11.652690682999983
11.054674891999982
8.58525360569614
8.8604072448987
10.64254887099999
12.125817499999995
5.781266488594852
8.63139603113598
10.222887466282863
11.499363422999991
11.931523479999989
8.3087872298987
11.895153930999982
9.032980458101266
6.798550808699992
7.33050928499998
9.000996171594865
7.303058912699994
6.225289337199996
8.308474876405116
8.87391154940511
10.227149362141425
9.348519523717094
10.802928078999983
11.600029552999986
11.93722284699999
10.852646209999993
7.952097380101267
9.322838589339987
9.918267114212144
9.574972909493594
10.062293951271988
8.09131292569615
6.678247421303826
7.3467244735948585
10.34187789599999
11.239186812999991
11.68478947899999
11.125900466999994
12.588666193999991
12.751106504999989
11.828093439999988
11.439440847999988
13.742740151999994
13.541597893999988
9.579229524141423
9.21528014220255
8.501601061999986
7.85291226810127
10.775127149999983
13.815247773999992
12.98820436899999
13.222375734999988
11.883989995999986
12.42386460399999
11.51482457099999
12.996759167
15.314268784999989
14.52004079899999
12.653559183999986
10.735192258999982
14.219588707999987
13.161639368999994
11.65265274199998
14.209309707999981
13.068470170999987
12.214244311999986
12.50746648099999
12.42170376099999
10.319298068141427
8.08618368379743
8.201140589898712
12.976992272999986
10.925133381999984
12.181731528999988
12.855012192999984
13.027448377999995
12.164242234999987
12.013804636999986
8.23509979250639
9.32845314479744
11.324264637999987
12.505404093999987
12.389120466999985
11.66911633499999
10.883543703999974
12.102372494999996
11.344891565999992
9.76682426606799
8.052828813202554
8.644922616594874
6.782758033799992
7.9327117263999956
7.663756365999988
8.22046259159487
12.327435293999986
11.411799631999987
12.311200139999992
9.637391928101273
8.16103358459487
5.719356787099993
8.627506568898713
11.104433384999995
10.469444426999999
6.4248399337999995
5.927396145594858
11.245936840999992
11.186653739999999
10.280565928999986
12.454911237999983
11.493326825999986
9.096346038797432
9.882108981203995
8.602871864303836
9.372787799103985
9.775432186929264
9.48358711699999
9.187288519203982
12.209322051999989
12.499082024999995
8.240738697799992
10.96271068299999
12.427474305999995
13.332936625999984
8.415925202898709
1.8182641357000016
6.596832211303811
6.326170803797415
6.5830957993
7.685228437800005
7.948455128506391
8.364865019202542
8.967629151931979
9.598015016135992
4.9775770781999835
9.160889019863964
7.765890345797424
7.154066365101257
5.807111160303817
9.199280099339985
8.503522483797424
6.913022781405103
6.799846195999988
7.703278770399991
5.704295835899992
5.407354650899995
3.4751928939999988
3.4824331359999694
5.401491123999993
6.946162458799991
5.995613207999986
5.272168722500005
6.035148976100001
5.73176852719999
7.190657582101259
7.110512017797425
7.572697668506372
7.31271163330382
8.202213651999998
7.851113420099995
6.601545243797398
7.96797891689871
4.293005232199996
4.609688185099991
4.55600840759999
5.417066728202537
7.625424836696138
6.131977145405092
7.748215800499993
8.475085870405097
7.474382003797422
7.44825865169613
7.2924887451012586
8.041217393506384
6.48158037719999
4.564788244599979
6.231353565999985
5.3759541198999905
2.2602635772999906
3.520813957199988
4.482644357300005
4.553395078999993
3.5866457824999927
6.25384220119999
6.694038366699988
8.006640975999986
7.569928236405095
9.419466133067987
8.104019442696146
6.741577603099989
8.583349703999975
7.4251982757974195
7.186215537999981
1.6791524353000005
2.083275076299998
4.055054141199999
3.158691258199999
9.194617538506387
8.16948853610127
6.7186978805999935
6.661261228899992
7.510979965199997
4.3740785262999955
3.189961494399996
8.018704675303821
7.438480949405105
7.657416477999987
2.5541516724000006
1.8842093597
2.0611962631000034
3.2539342055999905
4.811285090599994
4.850034477200001
8.325219020101265
5.315652223202534
8.776309075898702
7.039704258699989
6.225518548599994
6.214914308202541
6.845003575101255
6.841778800999978
7.183515614299994
6.911899880999994
6.3240091247999874
6.13209235689999
6.751046099898699
5.834131547499992
6.938775620999976
4.7330713592999905
4.238559382599985
3.0275557586999873
6.507440093999997
5.400926191699981
7.70406770630382
7.449968461594859
7.485281744405105
7.470022851599992
2.408297570799993
4.434257090799984
4.32527312769613
7.024340302999986
2.6363789763999863
3.2638864395000002
5.535063798499992
8.367917878696144
9.82884912579598
2.298335192899995
1.0731727314000001
4.821827391101238
5.897322650099991
8.813835987898706
8.016306695594862
7.056161521899989
10.018609454212141
7.099301158099992
1.5649859512
4.246451618999978
4.659116654999981
3.7165674346999906
9.90195943599998
9.285557719271985
8.193522523506385
7.252343417399992
4.515587466399983
7.492574980199989
5.724808563199979
9.281678218067983
10.650460517999992
8.85830881499999
7.23722947079999
7.62017077330382
4.03063040009999
1.672904818699998
3.384271998599973
4.517762139899986
2.002906040999992
5.360016210900004
4.921631222499999
6.901273318500006
8.819180694594877
6.722228227199989
7.872143653898706
9.776762052931995
9.086091958594874
8.385929025299998
9.477904429727987
9.674748706070707
7.146532354699988
10.486351693999985
11.181398716999986
9.364445523101272
9.370866517594871
8.196980638101268
8.025627174405102
10.52300689499999
9.33546689759487
8.947666773999986
3.8793121810999964
6.094766656506381
9.56850391693199
7.569571743797428
8.505333659405107
8.750320149200002
7.336198548900001
11.182564953999995
11.504966845999993
12.09008126399999
11.134974129999986
11.995482593999991
13.492100899999988
13.007509562999992
8.65911550749359
10.480216198999992
9.384045199717102
11.164659137999985
5.039851455699983
3.908389193699988
3.1799583938999936
1.5490297606999939
5.919214357000001
9.20574351351998
8.733451997405103
8.343251959202547
8.654659349101273
9.147234794594869
6.633630009499988
8.00921495359487
10.809617660999992
9.332450859101268
8.220907626303827
11.864220435999991
9.340714375203987
10.851706022999988
10.124492522008158
12.860916244999995
11.218964179999988
13.011705597999985
12.866573931999993
12.175925629999984
8.55579811399998
8.149545642067968
13.64953126399999
12.375820748999995
13.788610094999987
12.550027271999987
12.818245620999987
9.452133355687993
7.05250210879742
8.137708348101258
4.961142608599975
7.159090893594847
8.159780514493582
10.80496843099998
9.462997117583988
9.164073074203984
9.25970005192925
9.652866574103992
9.960267880141421
12.449035738999989
11.814147320999995
12.56978565399999
10.803761210999985
12.662150455999996
10.66922212499998
10.422172605929251
9.169623431415978
9.785706646787832
11.492099535999994
7.681456463599998
11.334151874999995
11.387952160999987
11.903435065999984
12.068991814999986
13.420641280999991
8.962158052067988
7.514470252999978
9.82119452506798
8.638187417594866
11.51336640199999
6.310792506399995
6.646988006599983
10.95440326699998
13.45651568299999
14.836115209999988
12.99279903699999
13.662404630999983
11.998464847999983
13.910681424999991
13.007294082999993
13.541758639999994
13.072158028999988
14.083510088999992
14.239388912999992
14.326649085999996
12.224943001999984
13.652557621999986
11.030458640999989
14.325145760999996
12.329476774999986
11.034726761999993
7.789668083202552
8.532664030506393
8.078030703696152
7.742882549999991
8.711675465405106
7.077526399202539
7.977174856594867
9.651221098203989
10.898055895999986
12.853375811999989
13.39621124299999
13.410879569999988
12.62117451799998
11.718162591999986
8.658898406999992
9.52950493320256
12.681764977999983
8.835961871300004
8.258905317696144
12.49572206899999
11.402410515999991
10.522540375999984
11.73525629899999
14.498561986999988
13.207989557999992
12.679002501000003
13.295381588999994
13.379524114999988
11.591616062999988
9.903847430282866
10.451317124999983
10.230285247858546
11.581197239999982
13.709731528999988
13.659030127999989
13.807105721999989
13.069655370999989
12.10247510399999
12.565558443999985
11.624545087999985
11.164848566999995
9.05640714413598
10.621806795999987
8.24871768189871
13.506327971999989
11.401232235999986
12.10674434499999
13.859494628999988
12.484589916999994
9.714670608659988
11.66796486999999
13.35541290399999
10.638499047999993
8.959954688999987
8.298775562999994
7.935478187594872
5.770908955399988
6.193545883199985
9.25385395372798
11.154230140999982
11.981785930999987
12.729318397999984
13.68362195399999
11.518975593999986
11.337471808999998
12.096179653999995
13.513993195999982
6.045215290799988
9.014298780797441
11.379682346999987
2.1338825026999917
6.276085046405075
10.651076569999987
9.767907035858546
6.909043591303826
6.570771278399994
8.241083514405116
9.99777179578783
9.410350161787822
1.7843429047
2.653042776499993
5.383558557099992
7.373763146999985
9.66839067827199
8.732902909898709
8.045897007797421
7.764745072898705
6.048937065099997
4.638080305499993
3.6288888732999967
5.20325668789999
6.2276664046999874
5.1207006133999835
3.8869483458999783
6.952149873405104
3.9935654906999973
5.805576872303817
5.816273768599997
7.509061642499992
7.6720488067999915
5.187643067899996
5.231334689299988
5.704730918899989
7.052553539999981
7.105557411202536
6.833466140699988
7.063923313899991
6.125591648899984
9.806961242787825
9.138210351727983
8.941749644339978
6.715647763099988
3.1758340835999963
2.4721835846000038
1.6366506713999924
3.6766332885999913
1.4521623046999967
2.669934120199998
2.628255300899984
4.159339604199985
6.5899131515948595
6.346537354999993
3.74201393889999
1.7338447463999873
3.83690712429999
4.735739335594851
5.0368702163999854
1.4768826049999995
2.1927276534999933
3.413428929099994
5.578244163499979
4.997257748399994
2.3842243392999953
2.317160864299995
2.886384353599992
2.909730792199997
0.9904682218717071
1.9916520538
3.052735984797396
2.6327138839999895
3.150147621199985
7.194792825303818
8.767690345797432
2.951086086999999
2.0157783904999986
1.5503688293000024
1.4738212752999886
2.1288792663999834
3.130206722999998
2.5419215911999977
2.321449447599982
5.6160276702999905
2.44563929289999
0.7321442226415945
3.010738931299989
3.631284400899997
5.725600901799996
2.1552923964999975
0.7590806234400003
0.7556591421101262
1.1254340546000001
1.9505198943999902
3.8959044845999946
4.021026980599978
5.008762600699991
5.863499133299986
4.605654351799997
1.2114849761999984
5.990935812405094
5.6265236525999835
7.200922065696143
7.6904809600999915
5.270253295899995
5.7955888564935725
5.433694854696135
5.408902914399986
4.99280794369613
8.311955038339965
8.239016778594863
7.476940911898698
6.745341169696141
6.787053506499987
5.8648078277999875
4.356426214600001
5.284575335699995
7.6667202834935715
8.585571665999979
8.808218276999986
1.9428893447999938
2.7895591659999983
3.9476925170999877
5.619731097399992
8.49244770199998
6.611039723199988
3.7413539184999958
3.7100312163999902
3.178863642899997
1.7605946303999946
1.9667791976999862
3.298744689899974
2.305704386899991
1.6120650649999924
2.094652909900002
2.5168508011
3.745234643599983
4.445281269799982
8.102430694594863
7.6672508574935865
7.597710336303825
4.799225672899997
8.171805616797423
5.809195358299988
1.3287048751999961
3.4206468689
4.707905094899985
5.230554025299993
6.459049583399995
7.495194905101264
8.150327964797425
7.391128736898701
8.682205454999984
2.606714964299992
1.0918048080000002
3.1898625487999737
4.606004287699981
8.587954074101265
7.107587132299996
6.055729125999987
8.472397015405104
6.453893684399991
5.343196847493575
4.178510151699989
3.9999606749999908
1.8339113402999978
3.0919558761999952
6.789544490099984
7.073324398797422
9.21386054840511
11.87247917799999
4.891613052399979
0.463768537139999
1.814084472699992
0.6147072130135942
3.6109310561999797
3.7541986556999913
6.244019660899989
7.380790698202547
8.258405334506381
9.108172206101269
4.289026110799984
4.527959744299986
1.5237355102999954
2.928287847899993
1.8989654754999945
5.514191554299988
6.427564891101234
6.666459724405103
6.441480454999984
3.796626209999988
3.9933182067999886
2.8118837798999934
4.4049947829999905
5.003815292399991
6.1046525925063815
6.366632189899985
4.81373879549998
4.613769976799988
7.795655403067958
8.774771139493597
8.59901598049358
5.571880238299988
7.645957598898698
9.304195924415987
7.961714897202545
9.286478568999986
7.343742234797422
11.928622475999989
7.197827792405107
10.744078435999992
1.9606662627999925
1.5342383742999894
2.838975793506369
4.8929287002999855
4.533786189300001
7.479266494800003
6.00307169799999
7.329650167797423
8.839068260202547
9.243775987141413
10.623768300999988
8.515061146493576
5.506414627099982
1.4844769820999906
1.5808683562999832
4.020715376299991
7.012122425799988
4.951298060599994
5.32508608549999
6.449314857499992
9.20009846949359
10.107840418999988
10.583937009999978
9.635199226405115
11.717131603999995
11.379698784999997
10.281695478999998
10.839069585999985
10.270007313646385
6.71231892550638
11.471201446999967
10.149344222999995
10.716423273999988
10.65189398
10.068530669994562
12.311421941999974
8.253096845999977
9.339675245687983
14.770186999999993
13.44964365499999
10.458021634999985
9.08844368727198
9.787455392353582
13.016523987
9.597394494727988
8.347663442999991
8.369133613594864
10.254540261999992
10.73083959799728
10.523071066212133
12.299847208999992
13.434172310999992
12.096721082999988
11.079783156999987
13.370294538999987
13.693432558999993
13.236419793999989
13.904903237999987
14.629648070999984
11.431263115999986
10.879103168999984
10.07649557499999
9.839590600727991
12.579398385999989
13.442609998999991
13.60280024999999
14.493725356999997
14.545996699999993
13.610372051999995
13.264002479999988
14.212766025999994
15.064322431999996
14.52399639299999
12.548902443999994
11.354440755999994
11.312999859999993
11.459265958999989
12.186763917999988
13.545663956999991
13.951393061999992
12.220728112999991
10.719328350999993
11.26064802099999
9.246068643202554
6.095494569399985
6.340449337799983
8.90659563140511
9.288508892863993
7.925077763399998
9.610945913795994
7.313769697599995
14.51532575699999
12.057344211999995
13.82127599199999
12.98080392199999
13.042973459999986
12.208232383999993
12.01179981799999
12.378614315999988
12.11957668799999
10.722691366999989
13.05247636099998
14.01630469399999
10.34838693799999
10.371402820999988
7.703240608202546
11.370918433999991
12.378209694999985
12.390630813999989
12.709302035999992
6.53210092009999
6.541430305499994
6.357824835202544
7.282948498493582
5.926341593899986
4.21393245089999
3.392025262499991
2.29273805079999
3.9055227965999864
8.485177065999991
11.009241971999987
11.049129308999992
8.523778057898712
8.200465885898705
6.1305297516
9.674447601203992
11.833536097999977
10.346786131212143
9.510707115135986
11.866380001999989
11.435406176999997
10.020835598863988
8.687651271101267
9.763745146141426
9.560891798271989
8.744374262999992
9.063547752405109
8.87896421979597
7.423193075594868
12.634066462999982
12.49940239699999
13.534429995999988
13.27383792099999
8.88073718259487
9.583255960067985
9.251457493727981
8.810183155797423
11.270092188999984
12.788798340999993
10.872258451999995
10.85214675899999
11.283806674
10.94184468099999
8.611273500100003
11.292835362
10.376335499999994
10.480960640999983
9.913941009646386
7.755211970493589
7.37842783659486
5.745631574999981
5.347125827000004
9.019876135303832
10.472732233999988
11.96800538899999
11.961803098999987
12.573310102999987
10.985094056999987
9.333344996727975
6.6576641219999795
7.8540335769999885
9.350836854717096
11.61241993299999
11.86455722799999
7.6631084076000064
3.885624246199993
3.746074607799999
7.705514712499998
9.55789881293198
6.484335032696141
5.403000340299992
9.193408802863976
10.40307573699998
6.118674681099984
2.5006913421999952
0.9691989004103982
5.036949587999996
2.555911950699997
3.2119061615000035
4.2601256699000025
2.456613362099996
1.5755531661999937
2.7850217864999767
1.9394911971999957
2.075093556200001
1.3626231673999982
1.5160005538999954
1.777496530200001
4.576416052199989
4.971193858299994
5.790375982699982
5.6081369445948575
5.716261125199981
5.4723819900999935
2.300587786899993
2.355066310099997
1.022331483828287
1.650530322299998
4.156645762599972
1.6126610869999791
3.334558511399975
2.6357896056999777
2.6041144088999872
2.747661129800008
3.322625857500003
4.886539768999986
8.2651383774051
8.28752392730383
5.784961575299989
1.6599129226999976
4.621454266405088
5.218834054594852
6.163503697199993
1.8665557311999958
2.3834239135999757
4.866075520299997
4.335619126899987
3.8491714354999895
3.442628044099996
3.830511592099997
0.9413018691067976
3.860745204199976
6.607803472898704
7.803286822499991
3.4715230544999938
5.6119224242999834
8.616800813303831
3.421092513999991
6.059644067399997
7.7337616866961305
6.57491732939999
8.48467259830382
10.615060267999986
7.997356721506387
8.610979003898702
7.798815162696142
5.030914491299987
1.0924417725000009
2.1218838959000013
0.8600928173103966
5.107606324799982
3.8233521865999953
1.6849727646000028
2.165472302199996
4.514468563799989
5.601456623799979
8.57761330720254
6.5150483703999855
0.6162368588400012
0.8291797366070602
3.4554791884999965
1.4943063155999967
2.744760128799979
5.3202508881012465
6.344167562898699
7.2215872115948505
6.225147131303816
7.089860151699998
7.190548052999968
8.953690788303831
5.732034973099998
4.526859130899997
6.989361057999995
4.111852444499986
6.177073024000006
4.570368656899988
4.165684059099985
6.897272680696136
6.535526010099992
6.231207484399995
6.276742323299983
6.6751118041999895
4.843824180600001
3.7087131392999817
5.614605474898692
7.143430245999973
7.225128262303819
7.057756309493574
9.462256607067982
8.110932017493584
7.907343659999976
9.406828065339978
9.096437998999983
8.06092051999999
9.793521563795984
8.321342765797423
5.67322615199998
1.6028676041000005
4.02616114809998
5.888100584399989
5.917194085699994
5.77747377779999
6.7608846084999925
7.57317900999999
6.062738011199984
8.98029252169616
7.24178767239999
8.071785247797427
8.079419204696146
7.771843992594858
9.851848594795982
8.661377734405114
8.776371711696145
6.7138787490999885
5.132162249799989
4.162947517399999
4.762653262299973
5.539206591799981
3.2987263854999895
3.4719922057999972
4.732190670799993
5.705096165499988
8.378418191493587
8.16709573210127
6.098592639199983
7.297588714594865
5.24471453089999
6.699258167999991
8.668442239405113
8.64971312099999
7.101034846506378
10.29715155628286
9.619945982282855
6.310768470799991
2.6327687224999616
6.004783985898698
4.066866599999989
4.4923110503999935
4.519531326300006
9.233254537999994
10.763260743999979
7.3363838820999865
8.749596742202545
7.026168130506384
3.663064224199995
6.147080859405091
9.58208559713598
7.833771658303827
5.696704087799983
2.0659311980999853
8.312737181067973
9.913896267787822
10.192738738999989
9.431366012727981
7.2867247588987105
8.677080985999995
1.6535256301999928
0.9638973087203954
5.512839381399975
7.125467443797424
2.448840545699989
3.1430412002999866
5.61535813449998
10.021014054931983
10.413037914999997
10.634294498999992
9.53233927920256
9.660370393415993
11.087209781999972
12.70239629699999
10.82818767999999
8.876973731999986
3.7162888793999835
4.1785421905999725
6.543673594699996
7.891912094100007
12.360631962999985
7.353775273101248
6.605633927898694
11.006703391999983
7.822920109594855
6.503686753797425
8.313882180797416
9.238899310203978
10.332520235999992
10.640812072999985
8.539369544999987
10.916131090999992
12.169703798999993
8.647475579797431
10.018798170339979
7.103879696696134
6.786806385797424
8.088103242506385
8.635602725202551
8.23843891299999
8.704743913303831
6.224898467999988
9.027161560067983
7.673611831696146
8.024439718594856
11.112487075999983
11.763181952999984
8.439817384303824
7.305577477999996
10.380221957282863
11.583524703999986
12.99660981799999
12.250703893999995
11.246066549999986
11.375310358999988
7.307290788299997
10.253698996000004
11.412801108999988
8.490425100696143
8.47105859530383
9.431859295787822
10.48284816899998
10.751504630999982
8.450635697898703
8.66247537379742
8.318656677202554
9.896345225659989
11.857221723999984
