12.499226380999996
13.504083603999993
12.335281002999986
8.645665193202545
4.699322679099988
7.522629031405096
10.468880810999988
8.542025505099993
11.205966288999994
10.220880033999991
12.198510181999989
13.00430322399999
13.293124453999988
14.361311286999996
9.87647096265999
14.094520272999992
13.111176054
11.063866427999999
12.543594156999996
14.456003071999994
12.415903245999994
8.311984405493583
9.856258258067987
13.481495217999987
12.729347384999995
13.869415020999986
9.555256225594874
11.006829059999989
9.617828893999997
10.076628602727997
11.976233399999996
13.349853130999982
12.508844245999988
9.73156335299999
6.641322662399986
7.343401480101264
11.75597286799999
12.262525211999986
11.682436922999988
11.662577488999991
13.748750269999984
12.822431824999986
12.011958390999986
13.211810064999995
12.363995783999991
12.72627257199999
11.599762250999985
12.468269233999992
9.60580459427199
9.20572310927199
12.616953496999985
13.142714939999987
13.26694918699999
13.55222589399999
12.590080797999988
11.647052102999986
11.749911545999991
7.276885122696142
7.125051890594844
11.492129748999982
10.723467127999983
11.693631025999986
7.977829943797428
3.7965817763999903
2.818109162899997
8.359597047400001
8.728667456100004
6.182738005099993
11.10465146799999
10.05371252128287
9.418898548898719
12.656426562332792
13.528853824999985
8.073173225405107
8.5654996964
5.666822196999995
5.983688890099997
8.18301423340511
7.670615267898705
9.607068283101274
10.287566005986402
13.032408658999987
11.096129882999993
7.115134240699999
5.572374586500005
6.889837474101265
7.832758834797425
9.869328115858549
10.893126305999994
12.665769657999986
12.120404259999987
12.00805233199999
15.15132633799999
11.294956922999997
10.979236604000004
8.90093475189871
9.290246636999994
11.499177996999999
8.04561038359487
5.821099223299993
7.505893423499997
7.673320501699993
9.182842149271979
9.882798384067993
9.673401533659982
7.71962557679743
10.416453525991832
6.754565658599991
3.9622027053999886
3.36768540339999
6.369560995506364
7.5013018143038215
6.378624279799984
7.610602943405098
10.046844866929261
6.548681172199992
1.9779946227999994
1.9560834624999932
3.234317251599986
3.4440577605999962
2.721006068400001
5.5890686905000155
6.8080118912000005
9.39133891749359
8.26718651430383
9.79858018964639
6.0656153777974104
1.1630276167929199
2.1946026732999946
1.682826599099992
2.3512515197999844
4.15285911409998
7.269735272202547
5.851454272499987
5.621274981699993
4.408009902999968
11.184354748999993
8.519620260594868
4.097151579299992
3.1557637389999913
5.120038969405078
4.927243676799997
1.4371276076999984
1.0417616578033289
0.9491374731999942
2.1796122025000004
1.936618510399997
2.0253774062999925
2.230270022599981
5.5169938399999765
4.710643096899981
3.616643901099994
2.623009173599999
1.739971066299997
3.3339112288999715
2.7885169204999896
3.457289239499974
6.083039782699996
4.022581472799991
5.711010438499987
2.569953259299997
1.3486676146999992
2.143526441999991
1.9328534225000014
2.503041009499984
3.999561395299986
3.4480007049999846
1.438322567700001
1.8468579269000032
1.472883749399996
2.330102377299972
3.3807752837999923
3.7551950301999972
2.660678837599991
2.524257321199989
3.639490173299998
2.791279412799995
0.9718215639029292
1.8555672545999997
4.255759867899987
3.2035076766999775
4.665953854399994
5.444407835400002
5.403548976100004
3.7046590972999978
5.1620086502025275
5.184271903999994
4.313286950699992
4.491259544400003
5.016072468599992
1.5167989043999988
1.5350668288999922
0.8924909375135963
1.4469511206003889
2.7043437942999984
3.2820210433999963
2.788545030199994
5.054060627696128
6.137586207599991
3.6261994308000025
6.111537506099997
5.58944351199999
7.870885226405095
6.605389994799985
3.8426488906999987
5.146668971299975
5.319725195299988
5.418593608099984
3.793711003099996
3.9454311873999828
3.633944990499998
2.7919105300999996
2.401220667999996
0.9272409953070687
0.7981697883717046
1.0256352431999936
3.1538043548999983
5.139604995696133
7.711247502101262
7.77781717069615
3.122211701999999
2.424729916400003
2.377733403
2.319112513699997
1.618415872300273
2.3532401276
1.7756992629999953
2.713569741800002
1.0318563734067978
6.397225118999961
4.129616612199979
5.657394760101259
4.1825586623999955
6.248259434499995
0.9393376104271985
3.902299725299976
6.524523315399983
1.6843168364999954
2.0761985641
1.5085980193999988
1.4655291046000023
1.9493798354999863
2.4595180068999842
3.242741705299993
3.254088987699986
4.640242912299996
0.6280218856800008
2.53043014069999
4.048349134799975
5.340815130599977
7.502059553493581
9.532506988659986
7.921977139303824
9.758699864141422
9.177818580727985
8.894687719696147
9.680092523135993
8.247989494303821
8.698007241797422
8.640632852202549
5.88864427029999
7.1584182281012545
7.984093009898702
7.276115318303826
6.422625556898699
7.189703582797427
6.374540066499989
3.2598269256999983
4.751085623199986
3.569862112399997
5.362513363599985
8.061255795303824
10.724352042999975
4.215256227099975
5.642049853493579
10.953619156999995
9.926586744787821
9.610793873727982
10.723986468999984
10.587633845999987
12.081376236999988
10.90217266999999
11.09378751199999
8.856277275101261
6.28177354739999
6.3553281891012565
4.754350077799979
10.207032861212141
11.04579235399998
13.19990103799999
11.289463459999983
10.045929730141424
11.105622266999983
4.12963458559999
2.9912846984999897
7.018112940999973
8.229061981202547
6.78502470699998
10.59023314199998
10.38135562299999
4.25873441009998
3.668627726699972
4.572754110696126
4.411826708999985
2.523272454799992
2.9412169524999805
4.158771044899977
5.413562078899994
4.483634777799976
9.265665344135977
10.124040473929272
12.042467759999987
11.73376012599999
11.27013806199999
7.92806136469999
10.310151704282868
8.383977053797425
9.525654211271988
10.227349999999984
11.205562337999982
7.190195013405092
8.447032241797427
10.816775483999983
11.97902791699998
10.827812938999996
10.813300379999998
9.883198403929267
7.530991711415959
12.373433112999983
11.338415740999986
11.222081336999983
7.175799888594864
7.686060113493578
7.688207366899995
9.984440481727992
11.921309478999987
12.494229282999983
13.29861351599999
7.905597969101263
9.705058898931988
11.290461365999985
7.3429130524
4.968523535199992
7.491209722898707
9.33924600079599
7.6849081863038275
9.369701568727985
13.704729226999989
10.873829412999985
8.110055874594861
9.701349975727993
11.703164515999994
9.003843669101274
4.946495872499986
8.832194772303822
7.983055094898708
4.984051394699981
7.386266509999985
12.092002019999983
12.04984919699999
11.422404633999989
13.212739808999993
12.13355881699999
9.72941468365999
10.303068621999994
12.797496239999994
13.390614853999994
13.082701021999995
12.87770871399999
11.110751494999992
6.218493550101259
5.647629460099991
5.007819427499996
8.927535520898711
9.968929000929272
13.61803224599999
12.829966898999995
12.865946254999983
14.331199451999991
13.853364341999992
13.546537005999987
13.076563622999988
12.18789603899999
9.856771557727988
12.08549618999999
11.297317061999982
12.644763141999988
11.613649888999989
13.116675678999993
13.001938642999992
11.034192312999993
13.69308581799999
11.493964774999995
9.480065815795996
10.018274122727991
11.146077515999995
9.769802384931989
8.776511405898715
7.052744969199993
8.172127030898709
8.81738485110128
11.41325904699998
10.34640452299999
12.59468783
12.130463007999996
15.289650632999992
11.30233635099999
10.220417364646385
7.6357914444050925
4.958629388399976
5.524747685199983
5.284124000499988
6.945009979202542
8.79047340389871
10.23710657665999
9.110553865101277
11.079546026999992
7.584121382099995
8.760607255594879
13.412009250999992
10.846860636999985
10.810282180999996
10.499203723000003
10.952668465999977
12.23610752999999
11.046889827999994
10.867282523999982
12.16203435699999
11.531534319999984
10.821367632999998
4.773195849599989
5.399321183799995
7.234206919898704
9.030212477101266
9.312855664067989
6.427951724199988
11.82891841999999
11.01510412299999
10.265586997999987
10.325650196999991
8.73575323789871
10.390544683999984
10.153223843271988
13.315247152999987
11.789070865999985
9.589615481727988
11.798145762999988
10.739469230999985
11.922276130999988
12.633848029999987
11.305375757999991
10.319651514994558
14.38619294399999
12.738975049999995
12.49948135799999
12.322598685999985
10.224548445070706
9.236804330405105
9.916204452659992
11.321155645999989
11.614032497999984
12.236290767999987
7.898027252202553
6.4530910659999705
6.753482932999992
6.0474722351000025
4.889785882600007
7.046782940700003
11.044981644999996
11.284718963999993
13.526382981999992
10.150645995010875
7.562008367899993
5.206551122999992
3.9292257750999937
4.789073819000002
3.265130120799986
3.4104434234999927
3.3199900756999905
6.436515846299995
8.095313920594863
6.962059269699992
5.781545262099991
7.0862771468999926
8.211223792999986
8.29624291230382
7.455547416696143
7.000044985999983
9.022419924898713
7.131928610199992
6.915959078999992
2.085592105099992
4.18384135889999
7.0437416442999945
4.704680885299992
3.2418751739999934
3.1736525817999994
3.852104783599999
3.592828620900001
3.3066500503999916
5.934783625799996
5.5323294036999915
4.098793609599994
1.6232586608999924
1.295914324999995
1.7568102431999921
1.736608908099989
1.0817879539339965
2.2341721451000023
2.592776086399995
2.266227720599995
0.9743987254067972
0.8331531483795935
2.3978922500999755
4.1632595992999875
6.125943298303809
8.674672492999976
9.614190760858538
6.848243795797428
5.173577215594852
3.1166653777999853
1.1151397722141376
3.8853472655948527
7.8215056106999965
6.153162681599995
5.24241700739998
6.183477337594856
7.197955847202546
3.9381242370999923
2.761202835099992
2.4105720809999847
2.875560223399988
2.590506190499999
2.207316868599995
3.1603814254999882
2.7568686553999977
3.4033977035999903
6.0462280045063785
5.07600855259999
8.000154327405111
1.123495468099998
2.8689581832999855
5.8328769866961405
5.691342275999998
4.398546469099986
1.4053561019999992
1.9767165894000007
2.6646437774999865
2.581256661999997
2.1846560135000006
0.8995290357727987
0.45693970585063465
2.3040122482000003
1.1072001327999974
0.9371329756787748
3.6540081969999956
1.8742970672999981
0.7791804497699998
1.2322481276999961
2.775078216599986
4.39254786679998
4.1307764708999954
3.241273884599986
1.896317024199999
1.2671746980008156
0.7249954503099993
0.9917679174122267
2.124082810999999
2.4370578963999967
4.460385647599996
4.435363726799983
3.761039083899995
3.7201447600999873
4.651195513899988
6.436500901797409
7.208007318099997
6.1519591948999945
2.942540385399995
4.180740437299994
2.4011635803000044
2.696628884899975
3.803408825699978
4.873021594199974
4.480960708599989
1.3498144317999963
1.3889082976999978
4.075764672899975
8.321771630898704
8.447686633303826
8.069585165405105
7.457746386696146
8.33054527593196
6.682329974405102
5.879789607199982
4.517753645299978
6.728836863699987
4.588244525099997
8.19294467769615
4.311702517699993
5.978761215202539
7.563108528101254
4.87864252619999
1.3412155563000023
4.581885006699997
7.9848437102039584
10.34973967599999
9.997591024858545
3.0810052398999908
2.3277738753999984
0.8409977496067944
2.526177244600004
2.570147360199996
2.926682627899997
2.6499369964999917
6.7981039641999885
7.3505180144935744
1.7498970244999934
2.737878247099991
5.71801811979999
6.420554417399988
6.699039115898701
5.588086335799982
7.782530216999982
8.472906410202544
7.161121742199989
8.289975857493587
8.592557357797423
5.862895143099991
3.901511256399986
1.3809251265999984
3.593188880899979
8.25746173099998
9.365919386212141
10.751250565999985
9.316698870797431
7.939621038797426
9.99092800899998
5.767974827594853
3.949718659999978
6.210291819799985
8.36135966340511
5.987813101199983
4.231660977199979
7.590158854696148
3.7782397674999784
8.06073157810126
6.851485577405095
7.537241897594866
10.102378720070703
9.857648014858546
2.9533002013999936
2.0973032912999865
3.4475010848999643
13.044734751999986
12.481525702999994
2.345128652999993
6.61160443879742
10.511024270999991
11.300391314999986
12.537309781999989
12.436974730999994
9.780815309070707
6.839619396999986
10.850614771999991
12.20780065299999
12.788066758999992
12.105044286999995
12.396266819999996
11.130212238999992
12.295673520999989
12.427257789999981
9.754358055067993
12.69291248199999
12.021364090999985
7.766995683303821
14.952685009999993
12.811884348999989
13.713521628999993
12.025323978999978
7.282144322202547
4.11766076809999
4.330219312999994
5.2284280639999965
7.5846452865999945
7.187379557800006
5.274881787099989
5.57277861479998
6.168087295499983
7.535026910405108
8.596058894300004
8.846321424898708
7.721140338099998
9.223772904999983
9.859011761353578
9.904387289271988
11.46508435199999
7.468999311797408
8.764024589646372
12.470318995999984
13.098345917999989
10.0853858537171
10.243058784353586
13.377780852999994
8.91053872830383
11.437994930999974
12.425655883999987
8.797377212659978
8.478291578795975
8.060107913202529
8.586391349797424
9.060924529999982
7.427815435797428
7.829505917399993
8.573264475999986
12.113754941999991
11.030530712999987
11.693987760999994
13.161888404999988
14.111032596999992
14.682364747999994
12.805928083999985
13.66840383299999
10.510315848999985
11.669470659999984
13.404601227999992
12.491486812999991
9.355543498202552
11.853531977999992
11.271794399999974
10.505021573999986
9.088353320303828
14.732701241999994
11.53784070599998
12.58697788499999
11.612389426999991
12.019364574999987
10.362630308999991
11.907277935999991
13.134000585999988
13.860261300999987
14.036433011999998
11.449518780999993
14.866936631999991
13.48331434499999
13.61650665299999
15.426797486999996
7.582887377898707
9.184625480687984
12.371839094999995
10.48708344699999
11.038056020999981
8.679539767506382
12.057121915999987
13.80376085699999
4.850070951799982
6.260727447493581
10.53919200399999
10.506664429999988
8.183058297696155
7.761704513493571
12.241412851999984
11.890242377999979
11.504162578999983
12.590018911999994
10.54671263999999
10.990480944999996
11.889129191999988
11.533023685000005
11.62429985499999
11.45287922099999
12.783951783999989
13.274593776999989
12.950101069999986
13.390805143999993
13.200744216999997
10.314468416999993
8.128019731101269
7.116032453898694
13.92368573499999
12.914919529999993
12.025206630999982
10.81606451999999
7.383460650594863
8.546331056202545
10.680278769999989
12.223805423999991
6.645824026499989
6.923592195099991
7.506311312899998
11.356729770999989
12.45650619199999
14.56994955599999
14.08564849699999
11.384217847999986
12.22827246399999
9.605865080203985
8.91516790769614
12.522249685999988
12.567679807999978
9.608879328898713
11.022990310999987
11.632971914999986
10.59460669599999
9.488954910203985
12.877936493999995
11.543006576999987
13.72481542799999
11.631048578999991
6.708016332999993
7.662802529899998
8.518158003202554
6.152089182999987
5.103664884899994
8.613138763405104
7.32116864929999
8.662412153594879
10.434244158929264
11.911832027999985
12.378421294999994
11.994138173999987
12.211582760999978
12.646690099999994
12.517720769999984
11.686572068999988
12.079787359999981
9.503196296787825
7.4439440947974225
5.857230654898703
8.389717500311965
7.509895278900001
11.712058915999988
11.315786799999989
11.881938334999973
11.773427309000004
6.743306404099988
5.723945992999989
5.660201223799985
3.4148235152999904
4.34232176209999
4.7785052459999875
5.886832151799988
9.08506327510127
10.445631087999983
10.447633173999986
10.17433620135358
10.279634133929267
12.801700655999994
9.880875064070707
9.295283335898711
9.471126747101273
10.135270659002718
7.0381450928
5.40694950559998
7.968333517506383
8.238014677405108
9.19208354627198
11.588049399999989
11.557766724999981
10.896580399999984
7.374937518299996
6.427326629599999
8.163199027999994
6.819781654399993
5.827169856299992
7.061935012799992
5.630599439999992
8.703990840101271
4.660174508699988
5.3729653503038115
7.773059057599992
3.444260310399999
4.18462006989999
3.7703902114999805
4.113671810899987
6.751923756400002
4.527205659499992
2.448303330999996
5.837641705299997
6.876633549506382
4.326374746699994
4.397387683099996
5.344426713599995
8.383371215797416
6.1391871062999845
7.938834976199996
8.2133862366
6.895699764999988
6.464296089199993
2.7953387694999936
3.2256319275000016
3.5648866897999962
4.709996940599988
4.801481256099988
3.755147489899992
3.068948026999993
2.4068287414999987
3.4109489577999903
2.4394340117999964
1.3327478789999947
6.100673039199985
7.7605320464935845
8.323908792101268
6.71821435849358
6.858744981399993
6.874738445999977
7.705763809202542
4.716231581099997
3.3190071914999772
3.3497897155999947
2.5253357909999905
2.6930324737999927
2.5302066085999946
1.9227956115999962
2.805006144700008
2.9138969849000036
4.753842291299991
5.149854476900001
6.516121890303816
8.212887013202542
10.33802684499999
8.885013972506384
8.219223210101275
5.111693104599992
5.008960064700002
4.926507649199986
7.284179307594866
4.030171331799999
2.4571141112999983
2.361007974199986
3.147131083699998
5.5921143966999995
6.379682098399993
2.6776729659999945
2.5179219864000006
2.5902619659
1.4494458678999957
6.514690539599989
1.9181212386999988
3.9624960998999823
6.3526447494999925
6.01789472349358
6.881529070999981
6.412233776899984
4.9378904906961285
5.456255778493578
6.444176077299985
5.936192970299981
4.4924093902999855
5.689287614405094
5.807127412399999
4.72677512049999
5.05330589899998
5.592889114399991
3.231866097999988
4.2398083435
4.526103811599995
5.24992397919999
7.861406135727973
6.7877486343038145
5.496471954299994
1.9952361587999876
6.242999745199988
5.521000389099993
5.3974685028
5.058189106799998
2.8093818923999923
4.447776600599986
6.599617896999967
7.843642254594856
3.0993854766999935
3.8163884017999723
8.724083917135978
6.312703214999995
7.36948490599999
8.423888819898707
9.118784983797429
8.70391907350639
7.605945237696138
8.74094088593198
8.860330664101259
8.855832746898708
8.436674662797428
7.237005999799993
7.400542085303825
7.903858671594869
6.833178073099986
6.274062885999977
6.271666383399992
7.453093545493582
7.464242678797423
2.61498429869999
9.786078530929263
6.664991223099983
7.8163624648986945
9.884549342212152
9.839779525858548
11.604793606999987
9.79442563786399
10.986328869999982
9.476959994659982
9.509774427858542
6.808544999699989
4.841098226899993
3.3506319335999954
4.104891046099994
3.532600326499993
7.5317880446961505
7.088408558696142
6.3543899581999845
5.905204170199983
9.679877218717106
8.306705360405111
8.422777418493594
7.331401908898703
1.4949032470999961
6.682297126797418
5.950269045999979
7.944809072931964
11.314000634999985
11.281073215999983
9.019365737898708
5.4218777816999815
7.686984614594867
7.990803025797437
9.303253475999982
6.245560490405102
10.979180420999983
7.3818549408000065
5.935888922099991
5.877200167799989
9.196264616405106
8.866126612898704
13.359117895999987
10.036101353353587
4.0214131621999885
2.793437490799976
3.755286025999985
1.013964735793189
7.023015061999988
6.71404196320253
8.75120406193198
2.695114007599989
0.9610226475795949
0.9860568076070697
1.2336947496282826
6.834917138699986
6.110186930799984
7.111293112202546
11.664522974999985
10.523119895999988
11.237074035999992
9.920491159067993
10.455520548999987
12.805848925999996
12.555173435999995
11.317237029999987
12.369001946999997
11.066318464999991
9.878610671999981
6.589005482499979
9.515081950405111
10.947892418999977
10.323207684203986
10.293164775070707
12.42652729599999
11.322956629999995
11.192416233999998
6.23982572939999
3.1691171660999924
10.515216759999984
8.015810693399995
11.629136915999991
11.339220165999986
5.244326338199984
9.356380819787807
12.73651050699998
10.079766317787826
10.195871007991835
12.51340806899999
13.680415749999993
13.358267591999994
13.068576207999993
13.420522524999992
10.020320902999986
10.557263671999984
10.555525608999982
9.50181077113599
10.024248579271996
8.573281835898701
6.527362022399995
7.6234864318987015
10.716360828999976
10.81759508799999
10.908718009999989
12.561171050999988
13.041432544999989
12.552525762999988
12.812095012999993
10.652181502999992
13.080959652999985
12.561893842999991
10.461889942999992
9.146843800405113
13.623204028
13.026531473999995
12.304709806999993
12.679442045999988
11.706220878999991
11.96699585899999
10.977451436999992
10.2745380040136
10.363778857271996
10.130248647013605
12.788120449999989
14.52619741199999
14.191592396999992
14.12311768299999
13.20743772999999
13.596351664999986
13.351218679999983
11.142071767999989
9.61570059199999
12.504226829999991
13.352018862999985
12.98049519199999
13.096859559999992
9.150749655202553
8.934037283303834
11.623331542999983
9.528095169067988
9.55721361086399
7.925910810899996
12.182415039
8.872903289797428
7.478188894696151
8.225212469506372
13.618084560999987
6.885218028303825
8.575441026303839
9.226272889696153
9.252847486895991
10.37743442220399
9.794847985863992
8.392312457299996
8.214671072399998
9.144422506696149
10.932105526999996
11.243363042999997
11.504770818999997
11.718620614999995
12.968909891999989
13.89733841199999
13.92983011799999
13.893758704999993
11.632763775999988
5.342286071799976
10.813181972999981
9.423808496067986
12.16027300999999
12.229949264999995
9.800011178717106
10.382271222999984
12.792946656999993
11.11830395699999
12.081431580999988
12.736536852999988
11.705478322999985
10.482639322999987
10.368634858795987
7.704958158899997
5.181797659299994
4.489554342699987
5.950988664199984
3.2444469283999906
2.734579702799993
5.666253915399993
6.894431907699987
7.639877407797425
9.69193629165999
8.488150839202545
4.067814408899986
5.4169616683999875
4.516369302399988
9.831102955727987
10.323460190999985
9.964546495067996
12.062131212999985
7.97683140110126
9.86705373827199
6.8659749709999875
5.052435009799985
6.430796014399993
3.089334864799995
3.6459144408999955
6.289747351101261
5.904692565899988
6.419418637099991
6.441734854100003
5.302304009999986
9.822776026931976
6.87184650569999
9.695951255797436
10.94428940599999
10.255646012931988
6.456466010999994
5.9271538787999845
4.352343240399976
5.803915151999996
4.2415365203999995
5.2991950606999945
8.340893058797421
6.842632960499991
3.701979928599984
5.851266535899999
7.416774360699992
8.225952114898698
1.9313331360000003
2.660864569099998
3.855384996000001
3.1807743804999964
1.3162888244999973
3.470362731899997
5.987549078399998
7.956229180899992
6.96696475369999
5.465942903099988
7.798546177696146
8.723900816303825
8.246773612999986
5.29789048309999
2.1512789504999947
1.848792822299993
2.2057215911999966
1.472505354299995
1.6553988082999997
1.7168390761999968
1.8256955382999904
1.363779518099989
0.6999775760687943
3.660666342199984
4.699165881299986
5.442719277999995
2.6523314742999973
1.9454276946999969
1.9501522231999937
5.946577616898694
2.133156217999997
4.310900251799974
7.44724957119999
1.2163610656999955
1.9464025284000035
2.297339326500008
1.240179951600813
2.9165710388000012
2.175241496299997
1.8717499039000023
7.557548098797405
10.496866962999988
5.068994085699987
2.880177029399979
3.1102942780000014
2.9425081008999743
8.230969970696142
5.739207215900007
4.184379043600005
4.024363325499992
5.064113891594851
6.9923598525948565
2.4433583266999923
2.2431011077999994
3.977101342799986
6.347724357599991
8.543527003506394
2.668680628999996
3.0409230132999716
1.7976415908999963
1.6473109873005445
1.1006936831339977
0.7448676747303796
1.5166920348999966
1.73651661679999
1.8767017531999985
2.1994466811999978
3.371396176099983
4.092897196999973
6.2004455214999785
3.5386491424999935
2.142571960399991
3.1033225510000015
2.090427809099998
2.039947981299991
2.899127172899989
3.4662511657999975
4.443173968499997
4.211496426399998
5.9996717406961295
6.434513909899995
2.277301255799995
0.9016627261135981
1.8610189681999767
1.7449951552999792
3.703022079499988
4.209880537399986
3.9460744399999936
7.070526856999969
7.0148112334935755
8.756876432797432
3.5901137725999943
3.4753112151999974
0.6104085325199989
1.307204942314111
2.9472332687000034
2.27752768709999
8.082402015696156
6.699021707202536
9.734680372727992
4.0789324050999936
1.581609957899996
2.431809825100001
1.7421037490999987
3.8484048171999854
0.7154227608699978
2.1629002243000017
0.8489065187499997
0.6701466028202524
5.869422407493553
7.884815621931964
6.713057406594865
5.990818458594857
4.207000984199978
5.821335545299984
1.882721925399989
1.6694478621999933
2.2961524489999876
4.7437147186
2.1452143432999997
4.779114811699976
2.198545393400003
2.937234069799995
2.737636033599993
1.016741589464637
1.2233204802999884
7.1178512023999865
3.3868697905999743
1.8227227447999734
3.15128284299999
4.236752650499983
5.5202179213999925
3.095623666399986
7.606707394405098
5.195858323699979
3.4152636397999747
3.6732817779999944
6.433844755594853
5.928037847899984
4.08888601679998
1.9179978469999923
2.635281881699996
5.374256198101244
4.149401103199976
2.4844775603999856
3.1437819259999995
4.917770227099983
7.418181695594857
5.5666785232999825
3.616236224399988
9.186256004303836
9.095995150797425
8.05336871640511
7.260648414594866
5.081759359699989
4.221218801899988
2.653193742399986
8.627123356727962
2.669361277799991
7.078059793101248
10.711483938999992
7.5798696854051055
3.907578224199984
3.1807448394999915
4.234918495199972
4.2265546294999785
7.6769751465063845
9.873056298858545
5.926422613499983
8.27229908749358
9.079020185898704
4.826468769799981
3.155544538899994
3.539457102999984
9.073151499931978
8.215729998863969
8.994124874898706
11.582731588999986
9.13568162693198
12.487518197999982
10.807132322999992
11.754776174999991
13.023981351999986
12.012995353999983
6.751814616405096
6.158650146506353
8.28325990299997
9.02664048172798
8.987711268594865
3.588212354999989
5.9083976836999845
5.996376112405097
6.520826884500018
7.6447853698987025
7.83156447910126
4.376658938599977
7.485435530101268
10.149204125999988
11.922546378999993
13.295647551999995
8.500951228303826
9.31923134779598
10.938485865999983
8.442065296898704
8.131243487493586
10.609338035999984
9.946248562717114
7.031615455599988
9.354208331203985
10.381623371999988
8.115186634797423
7.527256945799995
10.573127614999988
8.142118293797429
10.876132985999986
12.649207648999989
8.603797499101264
3.682487878399984
4.070638296499986
7.166580641202544
8.029695869405108
10.715011976999984
11.558691126999989
11.65198597299999
9.470217808659987
7.716813215594861
9.350156275931981
12.755121836999988
12.367067879999992
10.727028765999991
10.341182851999982
11.008438352999987
10.470964173999988
10.266966845787824
9.895481907908321
10.67031905199999
12.995527500999989
13.470491381999992
12.229853490999993
14.394595588999996
10.59419922799999
11.84001750299999
10.575480971999994
12.155926345999992
11.60898358299999
13.429388779999988
11.873438325999986
14.570657625999988
11.636133722999988
6.192534760999987
8.315016351303832
10.661962188999995
10.619692264999983
8.8611285004051
8.583194650303826
8.253074186696145
9.882711831787828
10.06337630472799
8.854880442797427
10.206013015999993
12.92502191599999
10.142909275858539
11.83394679999999
12.713684517999988
11.895382897999987
10.09732607278783
9.001475208999995
9.640276213067986
12.928608422999991
7.367775575303824
9.743464359999988
8.961343502797426
9.302885624795987
9.015474304202549
6.623016491699991
6.546045814500002
6.415878785699999
8.16882740169615
9.81282325130384
7.943856098899993
9.353017663727991
11.120037456999992
9.228652125493594
12.244462954999983
13.63450829599999
14.653036306999994
13.546762781999991
13.085487603999988
10.391808822999995
11.448530787999987
12.70164683799998
3.518430947899995
9.696806401067988
11.775943924999984
11.336439834999993
13.763561580999987
7.716021446199995
8.66686751559487
9.916830920282866
9.049469432101267
11.220680851999992
11.284515117999984
10.841413054999988
11.688344593999988
10.630943422999982
13.606591410999986
12.814566330999986
10.57455687599999
10.09353665899456
10.051155731141431
6.057653495799991
7.018611488299988
7.715986358594867
9.850445690931993
10.900658146999993
7.955116540493572
11.415602544999986
11.717178060999988
5.701143743899991
4.7509697188999915
7.788963809202552
6.88238767239999
7.018770918299993
10.450118831999985
11.331925590999981
12.35816200399999
11.915078956999986
11.935689846999988
9.95745077071711
9.78153523871709
9.718889559898715
10.107044731070697
11.460754572999987
5.833522010799992
5.774857661405095
6.804983479303822
6.81807321169999
5.932647997999988
7.723044259600003
7.8953341231999925
8.946381677202547
9.223244662506385
12.152158391999993
11.024634324999989
12.40198830599999
10.006420594863991
8.30444345399999
11.111912765999987
8.975424926797423
8.60105404210127
6.092710479699993
2.6192438460999954
2.1149566009999945
2.5290899856999953
5.766893960599984
7.264039672898697
9.260804174797425
6.2131995467999905
5.033852474999983
5.594279716506381
6.814685307303815
6.211870413199989
4.532771488999988
3.3731730819999934
5.249547454799978
7.917587359594872
8.174150463898705
5.387973443594862
4.772864637799996
6.936218455493576
9.22212027120397
7.443100434898704
5.0570475890999855
8.244980017101266
6.521204772898706
6.640147505202549
8.091614417999999
7.142059414699991
2.8858547011999884
3.409235548399983
2.3822605361999947
2.097549719199996
2.903015281699992
2.7549127639999917
4.914512113999981
6.2434658904999845
6.006142518599993
5.629131326299993
6.838532592797422
3.999046077000001
4.011966828899975
7.200384458898708
10.952213736999978
7.756646285999981
2.3494720962999995
2.241969366500003
1.2722756911999948
0.9325267107999978
0.9825162373659968
1.1766322266
1.4514474379999973
3.610926826499986
3.9398964370999994
1.426642176799998
1.5619195676005413
1.6510759277000024
2.06573113709998
3.343788609299999
3.6268827544999978
3.234978005999998
1.4176447128000018
1.233103645028267
1.3237787108999985
1.7449406356999828
3.8282544555999856
3.633907073999993
3.1849246444999935
3.5543749755999925
4.752858299299989
7.465149636799987
1.7112289794999984
1.8258148788000006
1.9931740462999994
1.0584565289333596
0.8053648718800009
1.8891924865999656
1.4617604675000004
2.099413551299992
2.4720836608999774
2.9846453170999916
0.479895288089999
0.8969771766787632
4.393350765999987
2.148521752899995
2.980774148599989
4.229564604199998
3.2957424575999985
6.455197463999997
7.8117777344051005
8.596958918797423
7.38741499630383
7.559065583797408
6.447337449594861
5.1072935271999915
4.337380946399987
6.534289004493583
2.596998133899996
1.3522815002000015
1.7066388488999897
5.7400055984
6.161948030099993
8.591504347202545
8.857393415797425
5.453002030900001
6.083007156405091
6.950849629202544
4.245031886299992
4.927705416899983
0.9455478028203971
3.173626896699977
2.782748045299991
1.615353561399995
2.5970717925999627
8.08862949369614
8.712508468594873
1.211120207499997
3.345670100399966
3.7300603393999867
1.9618304016000012
3.7456365646000003
3.609999499499976
2.8891439452999936
1.0987105773999963
0.652312859250001
0.7594291230200003
0.43854384317
0.5982317746199972
2.0823553573999853
1.474441281100001
1.1595464600000012
0.9987789119795895
2.000563343799982
1.7093845900999944
1.7732991668999925
3.805138857999994
3.8780152770999874
4.092266481
3.0615390853999895
4.749512820399983
8.749214877303823
5.987734242199991
2.0472871489999807
1.2680341002013604
1.0393488570999996
0.9280942501999989
0.7110826617199988
3.811422375506363
6.4666178894051
8.589760740696148
7.183889782696145
6.164279254199995
7.250159167499988
8.772477395594874
4.917013868699988
6.521236794999984
6.894857408101261
8.645734419203972
7.639073190303825
5.000312730399989
2.918409376499997
1.971682727099973
6.196834390299991
8.158388745101268
9.592531663659987
9.077608254999989
9.628389904858544
10.924110305999985
13.094283879
9.567672038203984
5.337648702999978
3.8902106551999833
4.520725625599977
4.011174107399987
4.470583657799992
6.132049778699986
4.119690193199987
5.553811790499984
5.467888505599991
1.6629018279999952
2.1249134154999907
5.278487087999993
3.761584269699968
4.686457876599983
8.870619238203973
8.877980799895983
9.89706545287777
11.029215214999981
11.959668645999992
8.89611858669615
7.782624143999984
10.684436663999989
11.842906266999982
11.54360846299999
12.097183707999989
8.883795596303829
6.223130859399984
5.784294332899989
5.168761347999994
2.9335600493999916
5.705114282199986
6.77383558199999
7.652076051303828
9.420494250506396
10.009253752070702
9.221492517067972
6.682720689405096
5.2491498916999815
7.501643948405097
5.664545620699983
10.567087917999979
8.528892268405118
11.869962134999993
9.952995487999988
12.065408969000002
12.603687861999985
13.62475184799999
12.873441974999992
11.273212620999999
8.496493211405115
14.418837684999984
13.407494970999988
12.174131476999989
10.750388689999996
11.533840421999997
11.230991720999985
12.503865795999985
13.343968963999995
14.399043850999988
13.504114350999984
14.24226150999999
12.543003803999994
13.950439571999988
13.89683044599998
11.06597957199999
7.06139660030382
6.661526989696118
12.106246349999996
11.327438907999987
14.019699164999993
7.859277181999981
5.1318149093999805
8.773234484898712
7.59776754000002
4.447512411499991
6.531217742899984
8.47708615259486
9.330817172135989
12.57247527299999
14.195214634999994
14.970247237999994
12.182229340999985
11.505981035999987
11.141934580999978
11.665891007999987
12.398198169
10.787662871999999
11.231633109999999
12.917747272999996
10.794525901999979
12.290023417999997
10.938680515999994
11.917537285999988
13.97331002999999
15.044793479999992
10.991352358999995
8.847726531999998
8.599395912202551
12.323031299999995
13.945128312999989
13.49865946199999
13.77349794499999
9.484740438797438
16.027732393999994
13.364130358999985
13.995149340999992
10.828123935999988
10.410341358999993
10.82878804199999
14.613676839999991
15.54469207299999
13.792820286999982
12.466923302999989
10.793348887999986
12.858532523999989
13.195369948999987
13.500763398999991
13.468762383999985
12.513861672999983
12.623105160999993
14.08855028099999
11.86204721799999
12.569749909999986
14.393208248999978
14.465846735999985
14.30020446899998
15.023149456999985
10.920473044999992
11.20094714199999
12.595010315999994
14.97866938499999
11.08176031499999
13.029442533999994
9.497374777141426
9.689459825103992
10.419990218999986
12.015319464
12.686824396999995
15.427190012999988
14.347783989999995
14.65041944999999
15.127892664999992
14.34068732299999
11.639511432999988
11.178903692999986
10.150322476141424
13.464118992999984
14.835352234999997
15.14637206699999
15.618220899999994
14.067636272999986
14.810010790999993
11.110035964999991
12.77630185399999
12.654466216999984
10.437371157999987
5.126826589999983
5.049646232599987
4.792180445899987
4.869058074999991
8.556047640999989
10.828564509999989
12.061468818999991
7.645784068311973
9.19366838827198
12.668130448999987
10.265028462141428
9.602946986282864
6.428767246999987
7.878316734303819
12.042036765999988
11.709489667999993
9.279909368931973
9.874704760795984
10.556815981999986
9.79865117193199
9.710022396931988
12.319516877999982
11.617093999999982
11.791059057999973
11.460396830999985
5.230467909199996
5.307867535399987
6.192180270399987
8.375751156594863
9.956095317070709
10.817781548999996
10.560946432000003
11.761160641000002
9.793239743000006
6.215563151600007
7.285482090799998
5.570376124599987
7.339070581101258
9.266333703727977
8.474703605696146
8.380948635898712
7.0735385025
9.749455133101273
10.513811968999992
8.6273551559
9.399121487405115
7.754841371200005
10.12268162385853
8.305872183202546
6.307072813399985
1.6018859755999955
4.922621061699981
4.690122424299979
13.522475002999984
11.613068036999982
11.419686031999987
5.712083010899986
1.8190685027999993
3.5268449904999684
3.0585404174999957
1.2709013549999995
3.6103487274050776
5.659954910303797
4.153447735599991
1.0481876478135954
2.141823767099995
3.7188018950999893
6.977298182699992
7.897082829303826
8.533091596999977
9.654097380067974
7.237216249099987
2.6317249770999758
4.834403408799993
6.081981967202532
8.925029394493583
6.839893273899998
5.5548015563999895
3.488684594699993
7.530810290493564
10.176458541929263
13.05892021499999
12.293790037999988
10.352263630999989
6.255310377499989
8.816692283594865
3.378626451099991
4.036835523999993
5.180655032299991
7.845713996898718
9.86292419120398
8.43124390559487
6.239532330299993
5.5253649474999875
4.196364492799992
3.2266371306999884
3.653250276199992
3.7462590911999936
3.668424215699985
3.5996599441999915
4.640885546899988
6.41542711029999
6.168230508405101
6.199854173299991
5.692078463699994
7.340937953202544
7.759119349696143
7.406918452499997
4.2634291336
3.690579753099998
2.51158661189999
3.9774965087999807
5.33789545589869
7.298776206999975
7.627252554303824
1.729052976999992
5.877372347999993
6.0350532866999895
5.148222743199995
4.476564079300009
3.442788914500003
3.2285982436999974
2.080343820199999
5.080742983999961
3.7872289855999774
5.606411665299984
1.0978344863999987
0.6069963927300018
2.262941352799967
1.183820193499996
3.136971997099993
5.135953469799982
9.280763807795987
2.7602260604999924
0.7931049127600017
1.378784086600002
1.614752461200004
1.5905217544999948
2.388448815899977
2.5425684021
1.2507305098999868
7.8301068358986985
5.319648110999977
2.305244294699986
6.701200401303819
4.757392469799992
3.7859503631999867
2.5308548797999846
4.7176093535999755
7.47462571720253
2.1593375731999984
2.2791572539999994
0.8510442490594867
0.8744062685999995
1.1449763976999945
1.749964862099989
3.1367563628999866
6.217388580299985
1.7852225067000007
6.486616485594858
5.6191611785999935
4.759367430099999
4.086475857499992
3.2551729279000003
3.243464251699999
3.6071806792999954
6.348846253999977
5.569969132999986
5.246667024199989
3.982309619099995
5.0093770966000015
6.030599626202538
4.7310727828999815
5.248770245399998
4.928179678299991
3.5833016173999876
6.464807406594856
8.82518889306798
10.179943676858548
9.930684658863985
9.488943244931983
8.205914947659968
10.071605183271991
8.010824348405103
4.585185865799992
5.664155888399994
2.3957584487999903
2.2622624343999918
6.647449142499989
8.882883674727982
1.9247310592999916
1.6555538343282572
2.426830090299988
2.5954227752999994
1.827717854299996
1.936964370699997
2.2048775725999863
3.664491960099991
6.608921487405103
6.347136222799985
5.7197403214051
6.487940672303822
7.2119769623038135
3.782556639099988
2.311960002099997
1.0691154090931974
3.4903477508986875
5.374669595303807
6.204363714594857
11.324051349999984
7.432978140303823
1.2571042174999982
3.690680139199991
6.285094053594858
2.3804482696999854
10.370440684646383
10.572723099999978
11.552758635999982
9.259567394999994
11.074686666999987
8.975027392594868
5.265834748797416
8.040901173405098
9.648798396212145
11.477942933999989
8.965152792271981
8.551694097898713
9.379049340797431
11.836554293999994
9.032411483863987
4.032949766499984
2.716200794999993
4.19523829189998
6.350196691898701
6.7159997131
6.749001921099982
4.419061085499987
7.255644348101248
13.781012638999984
7.967154220594864
5.453212513699981
5.665250736999984
1.7511692748999865
1.0204409316999934
6.7607162872025235
6.102872126799992
5.67367099609998
5.650010153202531
8.980207475203976
8.980789657594876
7.8642510116961555
9.967878317203983
6.124781147799982
6.5926485610999865
1.9467557448999793
1.4918264730353423
2.992670132399986
1.604618478399995
5.476966534399971
3.6840636046999853
8.400608885202544
9.798408483929265
8.169959101898698
8.585409002696144
6.604718759199988
9.437700712594886
9.561098799101277
12.530786587999996
10.148803021141422
9.048979319797432
8.0019973648
3.9761422652999916
6.4453457245063746
10.667609011999987
10.992655898999985
13.571212880999989
12.216450082000005
12.184215044000002
12.479070929999992
12.282065477
13.091225539999995
14.207661837999986
6.260900207499995
8.299282789594871
9.470638082898716
10.551851193000005
9.72412606659488
9.483422250405116
9.43673949120399
12.317941413999986
11.37680901899999
10.769799349999994
11.099883764999992
12.552155689999987
12.819107512999988
13.068257845999986
12.783142255999989
12.466075757999985
13.773885943999987
13.925972335999992
11.196490804999987
7.8836098602025455
7.325249385101265
8.368487898311965
8.849281332405104
10.226250805787815
10.903427405999985
8.908260691797429
12.415884792999988
11.10024608599999
11.520050124999994
14.318003663999988
14.174303220999986
10.749212142999996
10.700798169999986
9.017992069999996
10.990209769999993
14.516446355999992
10.47491463899999
10.870717019999994
12.992673093999988
11.899248525999989
12.904090070999994
12.95084975999999
11.776331312999991
11.67276660799999
10.206444697717112
9.564133349727987
12.02847801399999
10.752044285999995
10.417011669999985
11.569362678999992
10.41621751299999
11.299405300999993
11.778110917999985
13.281277179999996
13.31598086999998
12.138449705999987
13.694348365999993
13.391251246999994
14.204476780999984
13.627620086999991
7.306175611898702
7.431168202202544
12.771544748999988
12.01785209499999
11.31106511699999
10.419331615999985
13.790979252999989
13.549814776999993
13.009571174999989
13.959125731999992
13.025849039999988
10.950983222999994
13.62973643799999
12.925295987999991
12.713365606999991
11.924338848999989
11.254471476999992
13.328976110999992
12.535914989999988
7.704653715493584
9.565312359727983
11.45342929099999
12.724600667999988
12.171394289999991
10.718069727999984
11.462141028999993
13.476160102999993
10.233030187999987
9.930699963271993
10.763616451999992
11.341455480999993
10.380523754999992
9.223313737506393
8.025086103799998
6.955119506797424
12.527558132999985
11.963543116999983
12.998889422999987
11.247661133999987
8.160799267594866
6.905995057699992
5.752251406899997
9.053388752696158
9.808053437858531
12.760909031999994
13.020305489999986
13.308007908999986
8.27504977420255
9.712494876101282
12.94353995399999
8.548151789898718
7.008476283299993
7.455595118696146
10.438826040999986
10.270366399999993
9.661054672135988
10.458590665999989
7.926742315696156
9.776998158203991
5.891898461899993
2.4830361403999968
4.846493402099978
7.350187376405105
6.393127340699982
8.031228149405113
8.686902639797434
7.940016395594864
6.936301394699991
5.61150256959999
6.2788625763000105
5.492949208099995
5.79436284789999
9.229458227493591
9.001178268405102
7.106553118898706
7.632105514493592
2.1177735320999926
5.689100756797415
5.684277882405085
7.95631939999999
9.68583391713599
9.082546336405107
7.357512589999992
2.857993684399995
6.336379513499991
6.825531059303825
6.168197666899985
8.647539175271975
9.620193276999986
5.263381155399991
2.7891670836999944
2.569743724099978
3.1832045806999845
3.4557974776999933
4.988655430599995
2.2823747467
2.9214601470999937
2.7762139556999994
5.089139044199973
7.304372311405094
8.288908799696147
9.664431449929264
8.143080100999994
6.312440154999974
6.616187487799995
5.137668995699999
3.625444210800014
3.015152655000002
4.228881857300003
3.736750413499982
5.183522720299992
5.461051068099989
8.173055339101264
9.396299761999991
2.4336661284999983
0.7783935771895975
2.4669003876
0.6551056489900009
2.7069680068999777
2.119801101699994
2.1297119598000043
5.293636199999983
4.545800466899985
3.523820739699995
4.834553181499992
6.82893276979999
7.269200227405109
7.488030203202549
7.9839972214051
7.478256347696131
9.302743701135988
6.898946647594856
3.303159109499997
1.7598161681999813
2.769415052799993
3.8350769119000074
5.355779090899997
4.660592855799989
4.940306784099996
5.537528663599982
8.495110584999985
10.394035227999986
8.307910313405102
8.627353510999994
8.436926991303821
5.572901310699988
6.06620199889998
4.684495925899987
2.12228651579999
3.9895159072999977
2.2006092589999993
3.4299248382999727
4.031728308100007
6.251127229299989
3.0988458220999884
3.9764455321999788
1.408788398699999
5.342143461599988
6.342833995099985
5.853622108506379
5.223610542299977
3.9888751677999865
3.773584323099983
3.686474040199986
4.332402918999981
3.9568549499999883
1.7769859023999999
1.6123570540999999
1.295361436499994
4.5643534011999805
2.966052092000002
1.5083238311999951
1.393727966299994
6.768146549999995
9.757021987929265
8.212084342999987
6.9839086655063705
7.255432266199989
7.668753919999981
3.740059170499994
1.8619597915999981
3.9031344756999986
6.447130335999985
6.767537849405094
5.191499233999975
5.256952952599991
5.884523196405096
4.971270135499996
2.233949179099997
9.426746365282852
9.56940176089599
3.1940972060999844
3.013419410699983
7.38848226320255
6.275209089696135
7.028874044797417
5.863742224099988
5.1541408172999805
5.205281756594857
4.249626274099985
5.7354136764999835
2.811369210799993
1.91692164309999
2.410109925799987
5.25960137939998
6.258477366594866
7.053633387797411
6.768560273699987
2.898641844199977
5.083894210799983
1.7789713973999959
5.3490895766999875
3.8915498733999985
6.416099084500016
8.71572021179742
7.429498783898704
5.458134394797416
6.301232507303809
8.71533031010126
8.063900651594864
9.490926733282853
6.333589990202541
8.339146121202536
8.741713755797424
10.300326901141425
10.108404933141426
7.8463323989999845
8.570013883999987
6.679704360999983
7.449315745493591
6.487557597405105
2.2461347396999938
4.375127246099981
6.088953236399988
7.033912222303822
7.295574095202527
8.743807197594862
9.402062699929258
9.242938169931987
10.174875140282857
11.555882210999986
12.502654476999988
9.06985433499998
6.757328326405077
4.9282589477974135
8.154006123271971
7.528336373898696
3.2153692199999764
5.253678016699987
6.507082363898698
8.291226441999987
4.469770129399987
4.894785913099981
5.834085661299982
6.217330230699986
4.3761524581999875
5.374916831999976
7.303677458202544
5.927181648299985
8.330356260696156
10.02008756099999
11.480176822999987
11.155293624999986
9.765880885311992
11.548350664999989
7.296417127999986
6.98432540739999
5.872095786999973
6.009414829999985
6.384327114899982
6.940882826199991
6.960269052100003
9.29097995772798
7.522353875696147
7.157678433200005
3.3754919921999837
7.970941711405102
10.02740449821214
7.447269125399994
8.765453532405111
12.095846341999987
12.306956064999993
9.391851048212132
12.992345606999983
10.219311486999992
8.882684739795979
6.810991894493574
6.983244044506384
8.918025405898703
5.9725174682999835
10.822474927999986
5.3131656432999925
8.718221668999991
9.083297697405115
8.143638803101274
6.913070106499992
5.856287200898705
8.476344851696135
10.066554188999989
10.86096060299999
12.754521514999986
11.191660982999982
11.669048459999988
11.232054743999988
13.27428442099999
12.643932001999985
12.953702184999988
10.959105079999988
9.812508468583992
8.28830812230383
11.219379348999983
11.057527566999987
12.409379587999986
12.819096409999991
12.535726859999995
11.363835470999993
13.576415128999995
11.658945163999991
10.854066741999988
11.582518876999991
10.678153595999992
12.792689684999992
14.160225028999994
