13.665454020999992
13.691963967999987
13.393962996999992
13.637258379999992
13.927907532999992
13.581615912999988
13.67456874551999
12.532062235999993
14.41563099834719
13.138717180999993
11.007059366999988
9.48528185586399
10.012417936796
9.963733653203992
10.653974759989119
11.480658376999989
10.638312517999994
13.019208527999991
11.148675121999988
10.962843210005435
12.693972733999994
12.408315731999997
11.503210888999988
9.73743867493199
13.627239547999997
12.98913360599999
11.565227990999984
9.171308047339988
11.950386725999985
12.452917638999992
12.892196064999988
13.507901227999989
12.385104899999988
12.847629239999984
11.176618355999988
11.54927974699999
12.380999616999985
10.539980236999986
5.983657746899997
8.109646743800004
5.267040733299976
6.866202801493582
9.565956343067986
10.884236922999989
11.034615471999986
9.934479948282865
11.054031054999996
12.63492676799999
10.512237223999989
10.646727498999985
10.507481928999988
11.80622977899999
11.603614129999992
11.058001021999994
11.123011593999983
8.940635584999985
9.627155949282864
7.01537153930382
8.39310587620255
6.017022412099986
8.949280306999983
9.642718286067982
8.257638029506387
5.990507627898698
3.020068125899968
5.72095534520253
6.186183328199988
6.0595549209999575
5.955589878797419
7.954990783696147
7.4210974425948555
8.00639329379742
7.870898512303821
8.556938761905103
6.346884255999973
3.1509275939999752
4.116121623202527
7.452663966405102
10.497455434999978
7.806956880202545
9.102362506103987
8.691535499594874
10.274486596999989
11.557889020999987
11.964245939999985
13.019200916999994
13.27426697099998
11.955207697999997
10.899398424999998
10.714431417999982
11.953983399999993
11.068361561999986
11.17673668499999
10.635631853
9.066766340727986
9.96200872328286
8.488088012700006
8.623269105493588
5.5962764556961275
4.648011485299981
9.40597639913597
7.429582528696143
6.102353623999979
7.729719102506384
9.45566053768799
10.542446372999992
8.920405319202537
11.722222284999983
8.54137049410127
8.070513493303823
8.639560691797431
7.65081101530382
5.2984139052999835
2.7289817550999915
5.84805903169998
6.768774517800003
3.462304103099992
6.149493135099989
8.302328694202547
9.506446987931989
5.366954731799985
1.95975676879999
2.5653520919999764
6.970236503594854
5.473335507199978
7.4178580779999725
3.130386878999977
2.495696527099975
5.827814804101251
5.0132189116999815
7.26455907750638
6.910629185499993
9.450491599999996
10.141686000070708
1.6388377776999947
0.9299529499999898
1.8225373428000007
2.6594553176999964
1.571639384499993
2.9800120849999745
3.3044912887999724
1.0654460308999916
1.6593540770999955
5.5157734084999905
3.3911681075999867
3.1897445342999906
3.4535266982999935
2.276590867599996
2.516106455999995
6.431104492202539
6.11418780819999
4.4846004318
5.272021169999996
5.362219662499996
2.4542319031
2.095808679199996
2.9435349196999825
2.5693212508999768
1.072948973185848
1.2178271696070664
1.487599470499989
1.4458945462141295
2.6404916747999785
2.851450541699995
1.1756000777999964
1.1567567375141306
2.5284924514999845
3.2388858550999835
1.7361410354999929
3.3917500152999716
2.8608056563999824
1.1793165465999982
4.230228480499979
2.0874463286999863
1.113258699313597
1.3136518569999922
2.783236180099985
1.9888004104999957
2.2505984435999884
3.56892238309999
5.329753219599987
4.074746899399991
1.882358061199997
1.7182595778999976
2.636771534699987
2.806754452500003
2.4935056701999936
3.351863482699998
4.163018179299983
5.814926420594855
2.343014273099988
1.4130376784999943
2.623153949
3.5483601745999978
4.305120175199983
3.8857459868999884
4.953781648299985
5.841397744799989
7.564855795303828
3.284141303999976
2.7520895675999806
5.710621934493573
5.013996791099996
5.045173055999987
7.344913554405106
6.492593318200003
5.813220490999985
6.960408271799988
4.713085539199981
4.093671453899989
0.8495512286135937
0.955934530433993
0.4297864933999998
4.197752699299976
3.2287343184999777
5.161503449999991
4.780898107899982
9.155150190696151
9.287550808696157
5.003758280899983
5.824816825899987
5.2468858199999895
4.72420741419998
4.8171083465999915
4.36484381559999
2.8860155166999895
2.9235808974999924
6.629457855202549
6.419777619898693
2.2598591674999966
4.92996890869613
4.704658737199982
5.100406245399983
9.913165519795994
5.988031582599985
2.5404305404999863
2.4861162276999895
4.670271466101242
4.39347339630381
7.206620214797417
9.279392373795984
6.271360066199996
3.607035371399993
2.8993127639999976
4.128997425797406
4.937646778899982
4.236087588499992
5.875289353899993
6.728518356300001
7.655934036300005
8.414848646493592
8.661763394202541
7.352629013101266
3.2861730834999907
2.4072700515999927
2.723832325699991
5.964777490199982
7.49254376979742
7.389886386101258
8.826277073696149
11.121706237999996
9.97574323113599
9.577694970795992
8.489278982493587
8.64896830599999
7.778567721594866
9.100495077493592
9.640907026795984
10.002138807787832
11.39978508299999
6.043672856099989
7.974629132101262
8.932666244659986
7.734591305493581
9.883780111795984
10.096442567271996
9.057814482067986
10.062901863067989
11.056058658999996
7.648353788799991
9.96596072085854
8.935470440696147
2.8274748855999823
5.23480343319999
7.268593653898703
8.480329133594868
9.224020649795987
10.45468987399999
8.191150877405109
7.927361602797432
8.307189746101269
10.540289629999984
4.301024366799983
4.358719973799973
7.212788366696132
8.906120069898703
10.366729889002718
5.525284403999975
4.786999667399976
5.106419129898694
8.565473290999984
9.799944435067983
10.008016398717109
7.12331569979742
7.667041787696146
7.953997001594863
10.121018966795985
10.633548996999988
3.4064345611999722
6.4452420883038055
7.157172477696144
7.512189512600001
8.388738600196145
10.091277016999992
10.441557454999991
9.977047688203998
10.243143939061126
8.130413719202554
11.238050712999994
11.33547528799999
9.619411729398724
11.716723118486394
12.102290682999989
11.880112583999987
10.130195646629593
10.786801127652794
7.277076974506388
10.76409242899999
10.22972319899999
12.742954889999991
13.225278151999989
13.79633276199999
12.466593807999987
12.915132459999992
13.786111995999992
11.701118699999986
10.91455592299999
12.31694624599999
11.910298850999986
12.628848742999992
13.232470733999993
11.787897402999992
11.50615297499999
10.936657328999987
10.29462521506799
9.490958415135989
10.024186872929269
8.82443603669614
10.501921406999996
11.292493317999998
9.621033959999988
13.13645603000001
11.414675030999987
9.44936563272798
8.772264602696143
8.458850439499995
6.224692018099981
5.378014268499984
7.947301141399994
9.256890943898712
9.42252608493199
10.848276423999993
11.509234812999985
11.85451505399999
11.186524370999994
12.463031788999997
12.594679279
11.869810155000001
11.983119065999993
13.425382036999997
13.426125861
10.50808927299728
9.99232316893199
8.070279068000005
8.749988417100015
8.653460943594878
8.20603180389871
6.377213420099991
7.641627157594868
6.544815013100002
7.55724077299999
8.08128248140001
8.566918290700015
7.392119386303827
9.64146158293199
8.595281031797429
6.3083638427999995
7.0816040954999915
9.95055569772799
10.29240402213599
10.311968014999989
14.357418696999991
11.822770015999986
13.294597011999997
10.842012987999988
11.21611990199999
12.157611063999996
12.442060367999993
12.191579104839992
8.14593877869615
10.536291573999996
10.163671981858545
10.050832411061126
9.119311733999993
10.94000869283999
10.413870489839988
7.098403436299993
5.8223844451999955
5.250693829299984
7.971403935202549
10.867660085999994
10.235754203999988
10.94205277299999
10.28393198999727
10.812704012999987
10.364226352002717
11.301613720999997
11.919669285999992
12.461227344000003
11.497743556000003
10.283645984002717
12.385137037999993
11.819292299999994
11.291266991999999
9.007073069797434
10.235296905999997
10.11918238378783
10.22011441013312
10.800409925999997
9.246574208101267
8.47328572689871
8.788893658271979
11.093461133000003
9.355969947797442
11.725054979000001
10.277416907999992
11.679768197999996
8.481727329999991
7.847858676101262
9.406726383999988
6.071896209700007
8.913118846101277
8.713236532594866
8.39616642299999
4.118264634699977
6.63761930999998
7.6055356749999845
7.334546569799994
5.730357618699993
6.192822261000007
3.3992895645000005
4.759700253299996
7.483662547303831
8.44733799130383
10.619370915000001
9.14260359340511
7.291136190797418
7.131712884493574
8.263053790303823
7.276773490898709
4.949388476599995
6.333863986199995
6.3551225951999895
7.577055062899994
5.53997804109999
5.962739558400004
9.397376243594872
6.055919297799996
6.677513028000006
7.70025463099999
8.40275771479743
8.740780155898706
9.090371485898704
5.751436959799984
5.858090667699979
4.056501519799975
10.825533097999989
7.616766017202541
9.07657945265998
11.753427418999989
11.445066961999991
6.332994206199986
3.844548947099984
3.603411842299979
5.346978077699984
4.935457482899996
2.8136944106999953
3.319836062599997
5.4236142989999845
6.913480355799992
6.087340882899992
7.843660879499995
6.961518403599993
8.003287995898702
9.163891154339984
8.734505145303824
9.11218690640511
9.166907720898717
6.077363754299989
7.229796801799994
6.272750871299995
3.702516661099997
5.677677917499996
4.210067709399989
5.9054760909999935
6.673224986299991
7.131340945405107
7.310862303202548
9.258329637101275
5.4292022658999874
4.5221123977999875
3.818071670499998
2.219236866799991
2.018785353099995
1.338648506200002
2.1871049483999934
3.9504850738999866
2.1317232604999945
4.34507665559999
6.190097595199995
3.8776067458999868
3.92231793669998
4.517517655899989
3.5730643997000016
0.9204044899933278
1.6683161179000006
3.7450497742000004
5.784486891199991
4.27292726439998
2.087176713599993
1.4663284865999953
2.672890475499994
3.1119239838000006
4.033543891899994
3.572581312599996
3.6345659041999943
2.7108790221999968
3.16531920169999
2.7465157668999947
5.364496108999993
4.16953964539999
2.4760905639999984
4.989042517099986
6.5130420653999925
7.76641635740511
7.012210768101264
6.993831455999983
6.2092436065948595
5.955929655499985
4.460946603399983
5.068800610399988
4.829764297499995
4.207386674499995
5.573074664299986
5.513431112699982
5.652617367599993
4.007540293899989
3.0038612685999926
2.1309590331999977
1.7800644393999931
1.801295564299989
3.873029389999986
1.9616216094999879
3.2538265029999827
2.056683886699989
2.8630719497999833
5.647442001299983
4.832990373199984
3.9256767562999775
3.014973571799995
6.253080281099989
4.957267840599988
5.47113803709999
5.242038403299995
5.476996746799998
4.545863967899997
4.348116172799994
2.440994235199993
2.7763995818999923
2.5612773742999932
1.6900343688999981
0.6858798202500002
2.22753262629999
3.5974127242999927
3.769619160499995
4.970439192199995
5.356279400599986
5.934597415199994
6.074835790999995
6.236259439099993
2.47399397739999
7.834522593696143
8.236637055999983
8.094185223399997
9.093630958594872
6.720919868499986
4.699291096499991
4.119500369299991
5.431508428999989
4.90832583009999
4.20445455469999
5.228272381599985
3.005121163899985
1.4605536574999887
2.8443001906999945
4.571976965299982
7.697721041898703
0.8329032964795828
2.8453656142999835
4.912821542399989
5.367010543799984
7.225607252493589
8.675935230999984
10.299290635787827
9.571344076659985
9.348279910203987
9.765475332727986
10.348790523999991
8.31711226649358
7.595679034405102
8.017916494797422
10.47216809699999
8.665857641594867
9.84759668720399
6.009288047799992
5.582641162099999
7.053333169599988
7.5020114058987035
8.211979035898718
8.792153739898708
7.454962609898708
5.605596905500002
6.664547520399998
5.344153855900004
6.158228659099987
8.359245468101273
7.624044741797425
9.439276754863982
9.601325903303835
7.284592481999988
7.395612756299992
5.271226399199992
7.158846565202547
8.437902209506388
8.72609567869615
9.107424099696152
7.869774005101266
5.873699682599979
7.008960012803824
6.000202752696139
3.535036654699979
6.267675147999995
6.922680036899994
9.964634570372146
5.034808564797409
4.091241451999986
7.870355578594862
9.893603044070701
9.172362737999983
9.987590856931984
10.835147167999983
10.743174941999984
9.56111720579744
8.201079984999994
10.964872909999999
10.147009252999993
10.321787432999994
10.066106933727992
10.378382738999989
8.316607022101268
8.577834944202552
10.039625138929265
9.768119633353585
10.516575530993597
8.454747096303828
10.485887540999997
8.706950778202549
9.887755345135993
12.464817942999993
10.175290533282865
11.06631849799999
11.998568226999986
11.967791897999993
7.537737158202531
8.826641462795973
8.044215069599993
7.9363826079999855
8.932943141196157
12.661069256999996
8.412624609398708
3.2326463592999803
4.399068017599972
8.946429638687974
8.446938000499987
7.899034950303819
8.51900069430382
8.865685909993593
6.368588166799993
9.152056578101275
7.170557640099997
9.277514331101278
11.385802569999989
10.719033132999984
12.25679244199999
11.796592133999988
9.11613445430383
5.1901306946
11.491744457999996
9.520300601202564
8.37477810059487
11.788260726999987
11.689317441999991
10.269120060627825
8.282497882101275
9.525125355493596
12.466325643999989
10.044260484212147
9.291433740202551
11.648796700999982
12.612047854999982
12.778243610999992
12.778047367999992
13.622533909999987
13.999440845999988
13.363141720999991
13.737944469999992
10.502049073999986
10.747508199999997
12.048108928999989
11.98152769599999
12.214090845999996
12.207563994999994
12.040203510999994
12.200459049999994
12.442239962999988
12.906931373999996
13.952566352999993
10.143830639727986
12.712662161519992
13.36941834899999
10.99383108099999
10.087166488727993
12.35255427200001
11.902958291486405
13.699095568999986
13.162386051652787
11.516304975999986
10.112005573999987
4.2387846587999904
9.321835685696154
11.869217600999995
10.990423147999984
10.010442698787813
3.0342658523999755
5.6912941848986796
10.89927622099998
12.22211295199999
11.941036822999983
11.747887148999993
11.071636098999987
9.938588755858547
9.20550580289871
10.701697330999988
10.940289383999987
12.28167146599999
13.023419976999989
12.686931530999987
12.948125362999994
12.752167812999994
10.261747219933447
12.511253727999993
11.803832371999984
10.909789159999987
9.400753460795995
7.708124706999995
5.9213459030000015
7.932631370499997
9.798464063999985
11.477073575999999
11.79154488199999
12.229202903999987
13.56569559299999
11.998937275999985
11.939445708999992
8.357069973797428
12.26651189699999
13.075820481999987
11.440024059999997
9.856002331659989
12.510837765999984
11.660339953999987
10.501604993999987
11.117023343999989
11.251458959999994
10.170553174005436
12.029492699999999
14.241462827993592
13.047744086999993
12.02065315100639
13.84940056199999
14.403234769999994
8.838780561797428
9.062545104999984
9.951641406301427
10.359436194999988
9.241660728506389
7.928903497303829
8.773341607696151
9.478638177499992
8.93136239929744
8.75158295140511
8.92917791440511
8.585666546601278
10.463720910486396
11.422745812999993
9.044786592067982
10.250316598839994
11.039872658999995
11.348257209652783
12.025172097999988
12.08565222299999
11.803914658999997
11.173164098999996
11.093434096999989
10.871787876999987
11.77979119099999
12.481833127999987
10.077932781999996
5.579639385999987
8.998299673339954
9.505427076629587
5.7807287155
9.173852706898716
10.412807180999987
7.621926605202547
7.159586581405098
8.19635526730382
10.468050767999989
9.57381228793198
8.579661610405097
9.578477450727984
3.811301098599982
3.268926748699993
4.39230951389998
7.407984130898696
6.35178077239999
5.010347926303811
5.914744206202545
8.017488902303825
8.318305522202534
6.836590541094861
8.49843813479743
6.452651168799989
8.41590075840511
9.800323400931992
8.211152633696155
6.328458901999981
5.602154707299979
5.06049306029999
7.462847935499994
9.184157159405109
8.782783622696142
8.255146864303823
6.752953683506381
4.376454481499992
2.0714319793999914
3.001142576599998
5.668333068797422
7.850081512506389
10.315132708999995
3.348500286899988
6.757067474405088
7.04868066410126
8.130165190101266
10.03502201828287
9.946575863583998
8.050813357493592
6.523463671899991
2.5437609588999823
6.425534355202526
6.42468785549999
1.4623486114999922
2.2376725158999977
4.847936195399997
8.818703915405102
5.951150099199985
7.3797829345948704
5.623620802299993
7.325042851299995
5.212593138099992
2.0279065001999985
5.146548800699986
3.7724148086999962
3.204089495799989
4.24872748569999
0.878597610479593
2.039681051599991
2.6346888152999943
1.9038304854999986
2.648328614799999
1.5703521651999925
1.9600788878999955
3.8120531127999695
2.597930458099991
2.1215996552000016
1.4958324050999983
1.4248847885000002
1.0705803981863995
1.1299905013999993
1.3214446629010865
0.8654575954271964
2.2052286178999796
5.0475593886999865
6.124142930594859
5.725740879799989
4.121590232799989
2.975909950299989
2.1878180114999957
4.287134051499992
3.8861120879999955
1.3411617782999943
2.2493628341999927
2.424448234599998
2.902492048599991
4.856220483399981
4.281817307999991
5.94569622959998
5.978994380202536
5.494137095599988
1.9959714858999966
2.983532284499978
5.689450781199996
3.7488328322999935
7.627569563299997
7.841535140999987
5.590780371099996
3.8678448485999932
3.5259821914999967
3.7200046050999944
1.7698071151999986
1.3688357329999887
1.4051187270999905
1.0049207146717054
2.161724824499999
6.440527679405096
5.276735276799988
4.200175614899995
3.3131239638999928
2.0985134917999804
1.7433855895999864
6.016032891799996
7.844847283898709
4.923224937399988
5.007156437699991
4.1313812041999824
2.3598711837999917
0.5742113802899965
1.1831447519203975
1.607367300399986
3.0276108016999794
4.110889230299998
4.055415441899993
7.571010412594865
8.326494662506386
1.2146060622141375
1.1856079196929157
2.1719252410999945
0.929105605506799
0.5060363333700005
3.5954282622999925
6.1656199585063804
5.0540940520999875
4.207756779499973
9.817061527999988
8.387773507696146
7.859877535999993
7.792269393898705
7.555451956202546
5.441323266599989
5.854423947099988
3.1360429900999818
6.128273413101252
7.963343037405108
8.320175701898709
10.431496151999992
7.770296490506387
8.899465621898715
7.322255250493581
7.725719641101272
7.216098101797424
8.736357842999992
8.248934323101265
10.525785509999988
7.166622338898699
9.303708915795982
11.649048757999994
11.384073661999986
9.40643282479599
9.875883827141427
9.093850622594868
5.0943619430999885
8.536100517303824
9.240525720135984
6.38240903020254
2.9302336638999926
0.6542634353599983
1.581870854199994
5.504676446499994
6.028524864202543
6.620558099405098
7.47793537899998
1.3366124634787637
3.974388252299978
8.149010014303826
2.629962686199969
2.3751067290999828
2.9652576125999794
3.819865629599983
5.175013020303815
1.6724114898999884
3.404662069699982
7.292894563303817
5.156622006199982
8.557621063202555
9.686766154353585
10.398102236999993
10.128277142212145
8.614098194898707
8.703657502696155
7.72650126949359
8.356942195101263
10.344413280999989
9.570478454727983
8.108595176696145
7.736352764899995
8.242452403303824
9.132841471905111
8.467801295506394
3.618834992999991
5.903650610399989
5.437087817399987
4.391339306599978
1.807427862499975
4.4872345656999855
5.108146835299992
9.206104780594874
8.553722993506392
9.90890803996672
8.614741545100003
8.139839140300007
9.625607018999986
6.736553951999976
11.478521023833594
4.817028288299985
2.9409053344999836
8.319813275227965
7.242168885799992
8.483872413601269
10.03435482485855
8.509159065202551
7.626102716101264
10.426518369999988
8.59721935120254
8.494064990202562
9.599711503727985
10.012688778795999
11.871889216999987
13.100423351999995
12.404332068999993
11.61639056999999
12.412911373999995
10.715701830999995
10.862356360999998
10.904454195999985
11.547105732999992
12.838830863999993
12.85057775599999
13.636520546999995
12.845996601833596
13.333112948839995
12.98049773583359
12.829392241999992
11.257740277347187
9.856871729999986
12.291061614999993
11.979017116999994
11.753221847999994
12.449287165999994
10.127023789999992
12.949388976999998
13.000270690646396
11.718802107353593
11.657138823999988
11.982124611999987
13.05554625199999
13.496207922353584
11.966689466999982
13.597714132999988
13.476491356999992
13.410840124999998
12.498946621999997
11.104017338999995
11.290688956999995
12.731289126999995
12.573557833999994
12.770890969999991
13.64583967299999
12.96648104899999
12.088968019353592
11.44172155299999
12.632877572999996
12.826879018999994
13.24752415199999
12.689710393999992
12.765407018999989
11.009868839999989
10.589638820999989
10.042975313993596
9.277923588727987
10.750315414
13.427576874999998
12.297638340999992
13.172146750993592
12.680267869999987
13.15672008699999
13.15976753665279
13.134729797513591
11.65819160599999
11.346713387999992
8.897691973898716
8.83395069730383
11.218772756999995
12.09248935899999
11.683336446999988
13.29152413799999
11.421795707646393
12.166674603000002
12.477090334
12.41228414499999
12.80925978499999
13.882533776999994
13.927880189999991
13.948493400999995
13.865114351999994
13.155194451999993
13.050571164999992
11.075426244999989
12.184820807999984
11.076352736999988
11.736993221999992
13.245447930479994
11.366967632999984
9.796600123594878
8.805359342999989
12.722285444999992
10.387725551999988
8.703868377702543
10.007276254203987
8.478097911101269
11.067680587999988
9.025971870405115
11.379531012999987
12.16106732299999
12.157802965999986
11.744396923999988
11.686914402999985
11.081909752999987
7.801328590405107
8.752039216594866
12.354322295999998
12.128306423999994
8.905720153797425
11.821210702999991
10.317718398999988
11.379236951999992
10.983281853999996
12.360369587999987
10.26481703799999
6.316495385699988
8.051800250202541
7.04252365420253
9.24648389727197
11.637875094999984
10.926922265999988
9.994703088271997
9.685408387797434
10.910185480999996
7.488127920500004
7.5098354462025485
8.727608071898702
10.170315745659993
11.085649545513597
9.525021804797433
7.461788642905097
10.877873067999987
10.727230127999992
10.926815662999983
11.473280196999982
10.877110483999983
11.796198090999988
9.187925610405108
9.943439819212147
10.405270134999993
10.796824195999989
6.98071600650638
7.975864125101259
9.127221676594866
5.516492098999996
6.44732675779999
10.515112069999995
11.720378919999986
9.148695942696152
6.905264996303828
7.819680357405107
10.065284187203982
6.342880429099988
6.898480140696145
5.380805989099988
3.0356164489999893
7.1799167892025375
7.51974151609999
9.910189932203998
11.357878914999992
8.579131281999995
9.978381812999995
8.5874443953987
6.121621610999992
5.865218492101256
6.936754595898703
6.424573377999983
8.785594717400002
8.516723741101272
9.74356612533999
8.622019036898713
7.284937860100005
5.121013378900016
6.391585761999994
6.770065075699999
6.934622120699995
7.428644818101256
7.86058704679742
7.278955084199992
6.862915743999993
5.562969183299996
7.291685372898707
9.961077777070713
9.112372792101274
3.715169047499984
7.3546211121012695
1.0868390333135958
1.7818036056999869
2.2270172454999986
1.9778601211999791
2.3912834030000005
2.234461001599994
4.502810095199978
7.153773004199995
5.638294166599982
5.078995257599984
8.365156944303823
7.88019435579742
4.362803916899983
1.6398709380999854
4.690892188999973
6.5640811675999915
7.552831605499994
4.006372335799997
5.972611888099991
7.373169538899994
5.386420513899991
2.864134678599996
2.2821514571999924
3.137866571000001
3.7763612456999938
3.0849751555999925
2.0750568297999936
3.399619480899992
5.5052623656999815
5.343935401899985
4.363233473199985
6.08327792049999
2.5288847747999945
0.8097560704199992
1.251596298199999
1.6409104064999895
1.9319173476999962
2.6569702605999903
3.230085844399996
5.772360398899985
6.851215353405097
7.89370304110127
7.192842559799992
4.712092633099993
4.3545615372
3.4355197921999903
5.561123106399991
6.668156915299992
6.272428596506376
6.332946672101257
6.052974626202538
5.794587791399996
7.06168496089999
10.002565208271998
4.434128152499998
3.664899742099995
2.9796975417999945
2.664741453599994
1.5807611571999993
1.3472925811999985
2.3599090286
1.125952606400272
2.756258859299987
6.464390216101259
4.441238064599985
4.895923100299994
5.7883587645999945
7.117398358199991
6.707776135299991
5.6314867675999905
3.284100605799978
3.440262846399985
4.566172364799982
7.159084486405101
8.467005905202539
5.984535777303819
9.453883023101273
10.971526203999998
4.983810351599983
6.96215136109999
1.789262475599994
2.296671624799986
1.2746799392999935
3.1764270415999882
4.832201336699983
6.669337942493582
4.616487960799985
2.2059808501999902
3.282044538899978
5.387844987499989
6.940708230599992
5.618612756303817
7.156336851493584
4.975615580699983
7.159344081101257
9.124743481405112
7.245892033405102
7.302274500999978
9.094698840203982
9.907733338931987
10.390782454999986
9.635375785863978
9.539262850999977
8.604414593493589
5.200992379799999
7.765978126493584
6.3639371139999845
7.2830129836961515
6.152887899799993
7.430047608898703
7.106253085303812
7.78740970149357
7.036895461999985
4.405325175499982
8.178785075405099
7.403337943999979
8.605927391101261
11.44411725599999
8.4715068344051
4.880116114799985
2.3957240325999645
4.563482075499977
6.741373301699991
4.647040986599995
9.095244625898708
8.421441424594867
6.708199407999993
6.930862841799994
6.521126753199995
8.688504200696158
11.162006899999996
10.694307827999989
3.5929107818999775
3.570488752699985
6.804885673493573
12.023378191999996
9.488275228931991
8.673831996202557
9.687175550863998
10.574675301999989
8.915940060405104
5.595427662699984
9.02200254669615
10.77583929399999
11.211652465999988
8.401604994202538
5.293888183599986
6.740510919199984
9.29664695589871
9.96278874806656
9.953888758929264
8.625150717202558
8.253663102696152
7.348653225696152
8.066009719797439
9.217033171070689
12.138983103999973
7.964263090493574
3.309946789599968
4.953508927898688
1.842070988499982
4.962431948899993
4.899255433699999
7.846536077898704
6.703446661405106
7.476421742202533
2.117796585099984
2.8088273375999804
3.2042701461999763
2.2946651214999823
7.498952217101254
8.263723193405104
9.55975565627199
8.121867414900015
4.019216729700001
7.312313685600008
5.07739949189999
5.039245637499983
5.7770943496999925
9.815782160970734
9.83062513279744
9.004494917303834
9.75138854213599
12.595933195159999
10.382469838006386
11.406962554486386
12.255115563999992
12.283457203999996
12.12366193699999
10.918340343999992
10.238980925000003
10.472255684989118
9.10129228059488
11.018085385
11.649712444999983
13.288957291999987
13.975118957999992
14.075743172999987
14.443593325999988
12.873956373999992
11.78755152699999
11.55061609199999
8.984286309863982
6.6834399978987005
8.589505673202558
7.975594229100001
11.822277860999996
11.97434595799999
12.71768542899999
12.21939872899999
12.281303797999998
7.49742467189869
6.218253602594855
6.198195762594859
8.433548568696143
10.95823894199999
11.593096029999998
10.779426587999986
11.197733860999989
12.136234499999986
12.17624654099999
12.197820740999987
13.995391515999993
13.449392965999987
12.193752585999993
9.991121342353582
11.254500176999988
8.957446765067978
11.137475982999986
10.44123547799999
8.022556391898696
6.279029724101252
8.876773234727983
10.527710880999987
9.584955956999991
10.207775093070703
10.31074553999999
11.035622384999993
11.234150417999986
10.972576363999988
11.454320864999996
9.14487982330384
10.811945494000003
12.133178382999995
12.278587627999993
12.89102698799999
13.464937771999997
13.970125574999994
12.440329940999995
12.24835869799999
13.891938160999993
14.047802764999995
14.138855275999989
14.86777737599999
14.21242737999999
14.384621743999991
12.896996686999984
14.64007933299998
12.767769915999988
13.954546251999986
15.649257329999982
14.562472057999988
12.855173144999991
11.581121059999992
8.821910624696143
8.995746023727982
12.232880256999989
10.491663024999994
8.343735688797434
6.5087192077999845
8.624852342202546
8.478214053303834
12.789277225999971
11.943850501999995
12.47684191099999
10.89211155099998
12.466548438999991
13.531050995999985
10.882814203999985
10.340693087999991
7.860137510700004
6.455495866399992
11.157786855999989
10.746392681999993
10.96149994999999
10.571265508999993
10.420448111999987
8.951997943067981
11.751407236999988
13.12225656699999
13.94591778099999
12.066691199999994
12.368240492
11.433945861999982
13.06855886699999
13.059603637999988
12.613421610999987
14.077324325999989
7.989004478506381
3.8145812835999715
6.195485104399986
8.31997164459486
8.941183250405116
8.73258818969615
7.826223576405111
6.293703840599988
6.694108274799993
8.326679516594867
8.050281816101263
7.110781397999991
8.396868147303824
6.293760894799988
4.40408142849999
6.062306321699981
5.258471482799979
5.3844867797999845
6.976748220797421
8.53081412199999
7.552112995898707
7.890635832202542
10.209318786717104
7.518544937101268
9.84304828799998
9.936690585212148
9.904904534931987
7.4756485641012675
6.454334249898696
8.51292629849358
8.905665946999987
5.717124461399976
6.4221431702025225
4.3535752624999855
1.1244913410135955
3.23085469669997
1.842389601099976
1.008819985006796
1.1383473724000002
1.5387383025999928
3.3833291717999967
1.8649524169999914
3.17755557249998
5.805690928594858
6.302365724202535
3.333882858299975
4.69339641719999
7.598266331506382
8.01035379640511
6.973077926599991
7.872874938999989
7.540255718999982
5.255456591799982
7.248433248898705
7.979455377202541
8.07728742069614
8.922716140696144
9.429465805103987
9.787467645203991
3.5015295760999825
3.63576891329998
2.3642675689999852
4.539084561202525
4.508140411399989
4.840943885799987
4.888062403899994
1.1489403956282822
1.744345097399995
0.8513812938699993
0.8201401648500007
3.2591767409999752
1.5573148589999906
1.2211462219994547
1.0620842964997275
2.1906034514999946
1.1108620772999969
1.4407083388999935
4.645165772999966
7.5214612732025365
7.467883610493574
2.8242427672999986
2.556769602999998
2.695267852799986
3.0015219298999885
2.6977407578000006
2.0690735854999964
2.3519077727999913
2.2841148009999825
3.5793553145999994
5.556544334405101
3.197306115699985
4.720980812099979
1.9842164214999973
2.516397953799992
3.6672915709999945
1.4962929625999992
0.7886317435203961
1.1020606685727978
2.292431730699991
1.6194037139999935
1.399111479199998
1.5021048095999945
3.508968041999997
1.0947411923989112
2.9343871535999826
1.689697747799997
1.5104407378999858
3.148914408899995
4.323876177999985
4.076423281899989
1.4541825011999974
1.2461479110999942
7.007792910797411
6.496465370202543
3.23512035679999
4.814659088099993
3.8945231688999926
2.882562092599994
4.0010092513999895
5.658203082299989
5.706768530303815
6.766621476699989
6.656550416599986
6.925857997099995
1.56915738219999
3.242033627299978
6.935068379199991
4.600276531999987
5.9390866958987045
5.060956948899985
4.43151731720253
6.05616623229999
5.542052526899993
1.8561399260999996
0.6321569103199983
2.409649456799967
2.44117180939999
3.8491493468999844
3.629019691499989
3.7665799987999904
2.8945306060999876
6.312333550999988
4.240863987699985
4.558299548299977
2.533291252099998
2.5285748198999856
8.495076655727976
9.696499935931987
9.823595548999988
9.365359104931988
6.79029975889999
3.53599800419999
5.150435310405099
6.232999133299988
6.865372093202537
7.73045323789871
5.223840644799988
7.15012100830383
3.0438100066999856
6.709340116899987
5.289860002099992
2.577058578499986
3.098495883199995
3.947702378799982
2.6032125289999835
4.378131372099989
6.479754392999993
8.294782369999988
9.936939109863992
8.686437541202551
6.560160702499991
5.048667208899996
8.326126942399998
9.196376708999999
7.448858972202543
8.74329981230383
8.348677506999989
9.139237171898708
6.836435905506378
7.387780946405101
6.156323275797421
4.193405039999987
5.962467495699995
4.696099192799993
1.047890525214641
2.4030117385999774
6.95965332489869
4.881407936101248
7.149892617797423
7.780792022696142
4.522179142799988
7.484468983506397
7.45600968020254
2.296749699399986
1.2500446251929103
4.927738301101246
3.8353875396999797
6.503468627898702
8.752974911506401
7.457760023506384
5.948416130099983
4.253788268999989
2.4329768920999886
6.9220486648987025
8.268248814405105
1.370308242020392
4.1140132186999745
1.4026856795999874
3.9732613219999684
5.477238610799984
10.760509408999992
9.668635420135987
9.50302501979743
8.095936003101274
6.626466018699987
6.477117314100004
6.064418817101253
5.711485592699986
6.742914219699984
10.521002298999989
10.563065230999985
6.141550160200008
10.241798765727992
4.875815644799976
6.180505822799976
6.529568914799985
5.071710624699977
7.934554984999984
8.953355126999984
8.782615766898711
7.484205902101266
7.694359185797427
3.121892124899983
2.6246547484999856
7.252069808999987
5.317513067599973
7.413696507303822
10.328445852646388
9.395772410727991
6.870858088699983
6.742962248199991
5.4970681304999855
6.722784303299992
7.019140550202545
7.842835047898709
9.437183962999994
8.425406674202549
7.908521066297422
8.176653013594867
8.647281976303837
9.011542863506387
11.0540828843472
9.538824885727982
6.436506291199982
9.088308846999997
9.573876429795995
8.637466784700003
9.06058109589872
11.726075275999989
10.144591029282871
9.27518442826559
11.203071439999995
10.784290447999988
9.590614558271989
8.892554699696166
8.497041894500018
8.157720587200007
3.9065920150999633
8.248922372271954
9.255003836101267
11.550213564993593
12.268191996999992
9.676263120999987
10.22625877699999
10.47024287099359
9.74117690120256
11.472337848999997
11.100988254006392
11.789504138347192
7.099534422303824
9.372751240493589
10.268015902794225
9.310639594999975
8.05897604370255
9.751298033234388
9.30025821379744
8.30923259889871
8.790011672999984
9.264113621659984
7.8292928375000015
6.505716824299994
5.280774806199987
9.2432923935064
12.63639333499999
11.899771596999997
12.019186905999995
10.342496175010877
12.843142447999991
12.309594658999991
10.907022933999993
13.444288103999998
12.212665563999995
13.969026603999993
13.24042430699999
12.58799791399999
10.628703174989118
10.371062316929267
13.067389925999992
9.957039729212148
10.375565572999983
11.550481221159995
11.784278628839992
11.94283216099999
11.290301417999983
11.176124843993591
13.07162031699999
13.340929188999995
9.696960371271995
7.208470260594862
8.474542718493586
9.732413713067988
10.089536534067992
13.451022921999988
12.989972225999995
10.351978660717103
12.969657918999987
12.32852995799999
12.56546530599999
11.690074895999988
11.485275368999991
8.091707911696151
9.910203585858536
11.32483020599998
11.14297249499998
12.551672992999984
6.279195503202533
5.710256903101248
5.221749491899982
9.77753706678782
12.077091262999984
13.307186350999993
12.261093438999987
12.72034888199999
11.558613878999981
9.642320799303835
11.715037903999987
11.963177596999989
8.067924775696145
11.734668101999995
11.01124173999999
9.761174378999982
8.550663252303822
8.808715914769234
7.943126734898694
10.975983855999988
9.745645451282869
9.153105636594868
10.787994355839984
5.495418061799985
7.976003686500004
8.138882067899992
8.968911723300002
9.298180799931984
7.574163429303824
7.825172816506372
9.530523138282865
10.181852212999988
10.526235943999984
11.807179058999994
11.350174845999987
11.136530120999982
10.910166199999995
9.527749813863986
7.967584794594872
5.660910626199986
6.519677293399989
8.623868885797423
6.100421757499977
7.58936671749358
6.428481875600004
4.061475778199991
5.958514198300005
10.37523072948639
6.798114295999977
4.674273898299992
6.649346472207963
8.955725714101282
8.650242755101276
9.085480098006382
10.417271669166395
7.202150959799995
8.128837181101272
8.833120057696156
8.038252439898699
10.05722135779599
10.180376928795987
9.478834602265586
11.046518554999993
6.534098150583949
4.14014019469999
2.072458850100003
3.3138467987000007
5.926048109399984
8.18669352569615
7.58093272549359
6.683847711202532
6.075632629399984
2.6405664931999806
4.81854720920253
7.418394003299994
10.330925279141407
4.245968360899979
2.6537654784999867
1.2709434494000003
2.468460394299964
1.812616690099992
3.1919569091999755
4.880231057699987
2.7140400527999917
3.0665855102999937
3.5104684203999703
8.608905711405102
1.979844824199984
2.7783082015999843
2.7707281508999912
2.7351010116999817
4.274084870899985
4.488290299999984
4.986145776399987
7.598967304999985
8.070233341999975
7.484596528594863
5.244265661599988
6.0464422271999805
5.597168334999992
7.696128358506384
8.461124888594867
2.617243717999986
1.6228648833999937
1.2312786147999966
1.802413764999988
2.3905792296999757
1.5500257796999968
2.998852419999987
4.624696812399989
1.0924997333659952
1.1725157348717055
2.282864022799977
3.611097909493567
4.5416636229999945
3.2580426360999915
4.437192381299986
1.7529367461999907
1.9507625853999913
1.530851701399987
1.6765767516999845
4.037272578399985
2.49586189119999
2.6051010344999925
3.4177593856999815
5.279150718699981
6.873426826506381
4.713443279999972
1.1914570968999956
1.5418531676999925
5.004701916493562
2.644884681699977
2.092420033299988
2.0296151656999855
1.7050851195999996
1.3675580268929162
3.831300848399983
3.1007130675999903
3.1626822951999887
5.48715148159998
7.18357749179742
7.843061361696142
5.856835800199984
4.556312780799986
1.6945649032999852
2.3195695083999692
5.204536903405091
5.006019456499988
4.826559353599977
8.364809609999991
6.6299844315063705
7.782859547405097
8.165874960303823
3.438246821599977
6.678998509202531
4.592077232399993
0.7269383424797422
1.6431316527999769
2.7129821181999807
3.150096914699987
4.599205728099984
4.083548998999982
4.190347663899978
5.80608356169998
6.94502048799999
2.357666085799982
2.7665301909999935
4.788609637499979
4.654835914599982
3.011712747199988
1.9823056304999955
1.351125959799996
1.6485828139999983
2.572098243699992
2.224366807599982
2.453916484099967
1.2537137031727887
2.351531596399996
1.680752587900001
3.7743997649999903
3.4319700911999846
6.6827790222025305
7.22670218809999
7.288558268696141
7.830273080405105
8.909204260303826
9.808143435795985
8.640981478898704
10.064445263795992
8.852930621303827
10.10074052285854
3.6136272277999892
9.544507633999983
10.171590772999982
9.837771354795983
3.789468557699971
7.29468908999998
0.7322307497
2.455708637999988
9.20771804033998
8.01111202699998
5.686111048899983
9.441116978339982
3.076634022499989
4.343926950099979
6.9166883773999865
4.900832949797411
8.260518679797423
7.142941346696139
5.183388729899975
3.5960681182999856
4.4986765120999825
1.4712471450999902
4.316361682101244
2.657574941999974
4.535988470499983
2.3453173537999885
4.255244811999991
6.612402461199988
9.006927877863975
8.093543228099996
8.464511952202551
5.0421818938999925
7.304773799099996
6.373052247594856
4.700279357899976
2.57682197419997
4.3238853682999885
9.224640591405105
10.733593752999992
12.112307149999989
11.642696532999995
9.65180555721214
5.723509240699995
1.7910250594999835
2.4414102401999886
5.797861718797419
8.347074703999972
8.775719712863973
10.078385578929268
10.468039536999996
8.962859211795978
9.67022844093199
8.859059762594867
3.269202209499985
4.7190500457999915
8.6230555388987
7.482466549696153
8.358588462797423
7.904249716202555
7.679256848094877
7.592683486898695
9.665269381795985
8.089269918797418
4.649442170699977
7.908421617101273
9.39693392940511
8.008281275898705
9.68375078586399
7.921614652999979
5.167246421797412
8.656963551212122
5.3782775847974165
5.312067141696131
7.761434678594857
11.326111428999988
8.023522308303818
10.087185508787822
5.635476466399986
7.545539150999985
5.801687394699999
10.102548542858548
5.398698739594855
7.315861007696141
6.732680841100008
7.044547853099992
8.831010733000006
11.319523325999999
9.760737226898723
9.920194341999986
9.472410639999996
10.655325764
8.147454954500013
8.501773976100019
8.586420346101265
12.779126321347198
13.342444578999999
13.189935135999999
12.21392535899999
9.013684435999991
8.61794887850639
10.029494741863992
9.424432701101276
9.670322799795992
9.977306550727993
10.995827383000002
12.492784811000003
12.482716402999994
12.956896734999994
12.046834644999986
10.990473211999984
13.040086979999995
12.351042394999995
11.637496012999987
12.079883787999986
11.007004136999992
10.597382966999985
11.209177779999994
12.494153147999999
10.282455672999989
10.457359309000001
11.559711679
12.531982125999996
11.484684913999997
12.128738773999999
11.802811632
14.15118335999999
11.217871601999995
11.41729302099998
12.515289838999989
11.336898383999989
10.645095182999983
10.456871923858543
9.780672758339986
11.352098275999989
9.09817406769615
10.266000518999993
10.640403418999984
10.176100791929263
9.981928025858538
9.140683441202546
12.08134290499999
13.021432802999978
10.903237497999973
11.64273581199999
11.49269340399999
11.09317177399999
14.293752039999987
12.990972735999987
13.951599767999987
14.254721384999982
11.658697875999986
10.43148202199999
10.890631563
10.246931184271984
11.846592887999984
8.92428736106797
11.668606980999986
11.822135105999998
13.395749190999988
12.054109853
11.624777216999997
11.296443476999992
11.869574212999984
13.121746990999986
13.08103826899999
13.061252291999988
9.916075611762867
11.092284569999983
10.749202289999989
10.596595759486387
13.024370856999989
11.548954467999984
11.694967809999987
11.759864501999996
10.597488794999993
11.52534764599999
12.487176482999988
11.948979328999995
13.839295853999992
13.449559769999995
12.300142057999992
12.332797530999988
10.161792625271993
10.783995847999984
9.651617585797437
7.552942587303828
7.449787815898697
4.624159837299989
5.55381811219999
10.274012826659991
6.286284867899994
9.321494486833595
9.470840620405113
7.559927403299998
10.466732807479989
12.975298009999985
10.938773258999987
11.297449074999983
11.909299796999996
12.888741622999985
11.798331659999985
12.17973543899998
13.266511220999995
12.483020400999987
10.123157279999985
10.367010860999983
10.275602260999987
13.668968250999985
11.448249390999994
12.253930674999975
7.016293284594848
7.6947742523038185
6.6976071564051
5.058265095499982
4.9487456008986825
5.368329330405076
5.486997201493577
8.188679478519976
7.6170354476961455
5.4438009582999936
5.682275326500002
8.000488290405112
8.019218304405106
9.780819509898722
9.79277622230782
8.408309336905107
10.595581910999998
10.450658166646376
12.595424158999991
7.880707170101259
2.88856240999998
5.437136219797409
8.1329237564051
7.185791706797427
2.057377601599988
2.196432304400004
1.446115068099996
5.116994926499999
8.029068553202542
3.0368840407999818
8.634100285203967
9.633105511339986
9.397577949659983
8.994006202795983
6.272755161999981
6.335304927101252
6.849700073202524
4.859811437999979
5.073367605594851
2.121282606499991
3.840232148696126
4.580945468099986
9.186699079931977
10.71544055199999
2.584709840399981
4.178691570999974
6.256389802594861
5.337124664299983
6.332786886594862
3.750232345599995
1.7175065033000008
4.535269930999967
3.6039080626999764
1.997259040799991
2.320145516999991
3.664999191299984
5.171303298999983
2.451709287999977
3.0967741240999773
4.576606181299976
3.3421727797999923
1.9344394439999963
1.8049080840999983
2.0691450210999975
2.6631400207999905
4.569821955899997
1.8651151122999963
1.692430310099979
1.925402374299992
2.7541169692999765
4.466456364405093
4.129028817696128
4.378804765303799
4.060390682999978
1.4015801192999933
3.6384901001012477
5.963876977499983
7.097131094405096
7.0293372329999775
5.6422779967999865
4.551835594199987
1.5524527480999923
2.1693226821999763
7.290720773203963
10.531352607999985
8.395339408898707
2.2736082641999915
3.412305932599973
4.245525346399971
2.2738191314999794
4.000801164199985
0.9280251053863917
2.162825709499979
2.767064436299992
1.7521577208999914
1.442482551599988
1.7144380202999927
2.365961691299993
1.2030718398999944
0.9777971324931998
2.0001333831999806
1.7889877639999894
1.2782003927141372
3.4411784744050737
3.1835831679999766
2.1288895598999864
4.815117524699984
8.910441487101265
5.293353385899985
5.291576800493574
4.211383050499991
1.6423523406999934
3.514627682506355
3.032952761799972
4.54482923889998
6.31344974059486
5.506632418799985
1.994352464299992
1.7057702102999934
2.2694502196999733
4.626204147303802
6.694543800405099
3.30199715119999
3.352942967199985
3.183537834199996
0.7690111626716977
1.1926186937212064
3.196827531399991
3.789127844199989
3.9851702651999936
5.182085844399995
7.255170021101268
5.301530160499989
3.6179950667999945
3.548619007899983
4.749814094493574
6.744005723599989
6.872931590303825
7.863924763506383
7.24079782559486
8.563368823202545
7.696551223797428
7.0368302840999855
6.840127470405101
5.731436717202537
5.854258154299984
4.627277708399992
5.298759785499986
7.85165186610127
2.731188418599989
1.4839899505999838
0.8873110279999931
1.7033451552999708
6.230714089999977
4.563062551899981
8.002669114699998
7.787884133898705
8.544596705594861
5.884008856199982
1.4842223159999857
7.947555873101248
7.02849579929999
8.936437539696142
9.073698055999976
6.343484063696142
2.339566090399987
4.150136001599988
3.254484658799978
7.676437786898704
9.59483271793199
9.428017016727988
7.963726809696137
5.749794207797419
5.339317915299989
4.48508840939999
1.9060630356000001
3.3657536941999995
5.964832110594859
5.498800891099981
4.951060627699977
7.074351821899987
7.185940377797427
7.693455418405108
9.684697956791995
10.38891926885854
7.4824457184051045
11.54845152399999
12.009532297999986
11.973550985999989
12.712218874
11.940468250999986
10.953662610999984
10.238992437999991
9.111257023594867
9.565869634999984
8.536553723101271
10.531667396999993
10.784722483999996
12.437599091999994
9.357966938797434
11.061718021999992
11.74655733199999
11.846671099999996
2.0583025695999986
3.7957113799999798
4.987960142499983
5.021761131299997
9.698475884999983
2.5285675963999954
2.6894558227999754
2.4362144454999735
3.3926211013999645
2.937475828599964
4.3875141158999815
6.9483231338999865
7.876007370000004
7.547725962797425
7.724561125202545
9.107750028999993
10.914803136000003
10.825460419999988
9.975021018999982
11.427241057999984
8.798463807696146
4.530010653696129
3.851102180499974
5.909045242299986
10.06162676092927
12.55898858499999
11.427960550999991
11.026782483999993
11.682205329999997
11.514789155999988
11.713771123999988
10.86475676699999
8.458211366303832
4.427539813199997
9.836192614795998
10.228951589999982
8.13698233799998
11.420147774999984
10.581500332717095
10.272180175863982
10.662699599999991
12.208106227
9.80216523285854
9.957593754717076
8.470531138594863
14.076245524999996
12.851724665999988
9.483707394271992
8.64171062010128
7.410531472800011
9.01939041900001
8.505941253700009
10.245493420282866
8.367804884303832
13.381910918999996
13.78725458099999
14.459914960999992
14.98769565899999
11.964938929999994
13.321642655999987
12.786331261999994
12.751714382999994
11.258774808999995
11.841429864999995
11.546071209999996
11.196919246999986
9.797506887858551
9.926089358646381
8.577558506797418
8.710685896303826
8.427078128101268
9.373657875067984
10.731291648999997
10.124927190010883
11.12638814199999
8.104114681999965
7.6389009398987024
8.226574835202548
9.664639434858532
10.962551655999972
13.60347886999999
10.767583480999981
9.680040328999995
9.045468029863985
12.19812718699998
10.244135719212139
9.931160810931987
5.250491320797413
5.5767030655063685
8.86130443721211
7.857568020594866
8.801766474931982
12.556348961999982
11.969326238999987
12.343503333999994
9.88601559433999
12.694286828999992
10.51434492599999
10.230953196787832
13.974557078999993
12.61759357499999
11.851681799
11.56384476
14.140618493999995
13.789242269999988
13.21959749799999
12.113680042999988
11.06778792599999
11.617392395
11.08759279799999
13.402669660999996
13.103233726999983
12.828717113999991
13.212802460999995
10.55063451798911
13.503669901999995
13.13186587999999
11.960016823999988
11.506101417999982
11.049113697999987
11.65471051748639
11.343406911999987
8.30628171230382
8.751558319101273
10.52740882899999
10.266844759997275
11.89182420699999
12.358364144999989
12.545149999999998
13.757471361999993
12.945969979999983
11.129882065000002
11.94675116699999
13.84453659799999
11.952474517999994
12.053217454999984
11.613930416999994
12.400969111999986
12.852110651999984
11.64047864799998
13.00644489899998
13.156489423999986
11.56751295899999
13.284986062999982
12.306425420999984
12.471914312999987
11.734805982999992
7.6965438721012625
10.986413509999986
12.309323549999998
10.387443085994562
10.851092016999987
12.62745310399999
9.171090983727984
7.5894659409050975
6.867262863196147
8.33754427950639
10.84877124299999
10.355247442999987
9.84513467407071
8.91777696693198
11.748668487999991
11.808282766999996
8.547140228303823
6.908214047199989
7.6601880585063915
11.352415958999991
9.40189411313599
9.16667629999998
6.479590309101258
7.716027046202549
9.190846340898709
10.722931424999983
11.34590771899999
9.429606776282862
9.807386547931992
10.196250106858546
10.344918084999989
11.319507869999988
11.787315261646391
9.929530113135993
6.524222041297422
4.792117362999988
5.036025283799988
6.096784100303813
6.198555796799989
6.504382856797421
7.701843041999984
6.862424294999982
5.118371115099982
5.983921350100001
8.332883274797426
9.503995352135986
7.832311155696146
7.528162115506383
4.4370107940999794
3.675707362399984
3.9278077956999784
6.053689614899992
6.467946980299993
2.9493971832
4.603657162499984
9.548102462863985
8.155721594202534
6.581201000999977
8.929617756696139
10.560578975999984
10.519135534787814
5.712750817899994
3.262980970799996
5.123561631797399
8.920921208202545
9.566012348929265
7.902500357099993
6.052925584405101
8.265679075594868
8.57306886750639
8.818048445101272
10.751951220999986
9.402182797135989
8.604768574493578
8.672191204797421
7.864724125696147
5.31513603359999
2.724947962999992
7.6642553314050925
6.81897207489999
9.28385302720398
9.7704742967171
11.474159409999988
11.353914199999997
1.4449636016999967
1.5032001571999853
2.5479542831
3.9917600143037903
6.807571585101262
10.979499653999996
6.351832057199991
6.758105657999983
6.6456531875948635
8.906831607101275
2.0951429564999904
2.4776416945999666
6.938715617399994
4.838709081999986
6.0060785934051
7.315027618399995
5.190114564499985
5.33625453949999
4.183985763499991
3.196384324599986
2.1577791060999862
3.2448212584999734
4.926917352303816
5.517051924099984
5.631563600199992
8.646305303999984
6.290835417199984
3.844683502199994
5.154845014999987
6.354098240699997
3.8574478255999924
6.538526097101246
4.238086827099982
7.549884919696138
8.107308337405097
9.36074162127199
8.501456468202552
6.377391084299987
0.9410374628067929
1.0462657069141348
2.75216357419998
3.210261375399962
8.924668545493583
6.17757681879742
1.608119741799991
2.998942863499994
4.797965696696128
6.272655328405102
7.755191508506382
7.184871301303828
6.8200450408987034
7.383947413594858
8.756406306506383
2.4394378341999783
4.033136526499967
6.449472108506379
8.086549266101278
8.434798754898708
8.173122112999994
5.355716479499993
6.952917890898702
7.2692242371012625
9.107856321696143
9.655651344203987
1.0808154203271918
1.6435836593999944
4.331287387099973
6.538601898202545
8.832126155101273
9.969980508282868
3.973438549799983
2.7102195617999825
4.994199999999983
8.512808198493584
9.55648962706798
5.690217051699986
6.726722828696144
1.5095246077999953
0.8345116496067957
2.383837962299974
1.4513471200931891
1.6319112639999886
3.7683089797999787
6.74359796599998
8.750876562493588
6.946462475599995
7.2659277023038324
8.883778729202545
8.083864590506385
5.131792451499981
3.3142551894999803
6.94988414610126
3.9767783614999836
4.931300402799984
6.1121145004051
7.292944302405104
8.171500378405106
8.234734750405106
9.471392484999985
9.622070140067988
10.61684233599999
9.047863323999984
9.138107981931983
7.456324151599989
10.059477450727996
4.188476551799992
8.47469777069615
9.145385784898714
7.37157236940511
6.722336775199992
8.180355644202551
9.918808023067982
11.352223293999991
10.098793475212146
11.48423203399999
8.305268986493585
7.199232604999993
8.96874145049359
10.711117619
9.551479701135987
8.711754766797423
10.047859548999991
9.795963774067985
10.095606355212148
9.639813691787817
7.1085172501012615
8.432438716099991
10.019109803858544
10.575586176999987
10.037831692646382
5.853836372405094
3.725521295199976
7.125553790303826
7.992670481898705
9.239245405594868
3.552372721899975
5.346291949506376
5.349624810799985
5.526802223199984
6.692542974898707
4.9298106628
5.40461405939999
8.264893534905108
9.691349816898722
11.051594069
9.499969836271978
7.598161279303826
5.402435348499989
8.457993395999987
4.3422910567999695
5.529829717999981
7.467820565797419
8.59368950199998
4.48280112459484
7.44812621920255
10.099695819070693
7.449649627696149
10.654049621999997
10.539572085999984
10.312202888353585
10.401289939929262
8.005199929803833
7.201747769199991
10.384850327013599
10.205393099652788
8.143526852405103
7.449353300506385
10.107897023513594
10.110458692931992
8.38684710999999
8.08106689910127
9.196251942271982
10.154182301212153
8.085005770898704
8.90405971220001
9.538716598659986
11.280709947
10.390931771999993
12.897069568999992
11.163470507999989
11.45200948799999
12.32235759699999
11.236296375999983
11.921121689999984
11.940838972000002
11.908534176999996
11.517406290999993
11.878218305999987
11.21173668799999
10.331458043999987
10.84510777099999
10.213163594070707
12.415068293999994
10.514270262347184
10.146613833717106
11.06628571199999
11.55543028899999
11.977264374999994
12.439876601999993
10.995913939999985
9.445972306863991
8.893908482398714
10.486456900000002
11.557547499000005
9.949715594353586
11.127951873999988
10.772454001999986
10.326905694999988
11.986558452999988
10.063536883646389
10.988819915999986
12.360988553999995
11.603950754999994
10.752103632997283
11.506336516999996
12.120394366000001
11.531132316999992
10.359409171997278
9.836687564067995
12.103587803999998
12.086812356999992
11.069094819999988
11.339382976999982
9.958318759136
10.86439060399999
10.694981864999981
10.692660192999984
9.313860409659982
9.071578465203977
8.527031710797427
10.755564292999983
10.86695331099998
12.449770151999989
12.495694697999998
12.059545694999988
8.931548435999993
7.472779276999989
6.810653065499993
7.916966903696147
10.791191399010877
11.87278785199999
12.869619428999998
14.467654596999996
12.623101943999991
13.217023578999994
11.130075277999987
10.931770785999982
11.603363816999993
12.664938982999992
13.412928623999994
13.726799604999997
14.319136742999987
12.353037147999986
13.087540574999988
13.202446222999987
13.908857369999993
13.985107911999991
12.725965914999989
12.275982827999984
14.192081891999992
12.731323438999997
12.824814051999988
12.076725882999988
12.241670185999984
11.843400739999995
10.73441009099999
9.873566676303842
8.32392359920255
9.615127699303843
9.627841427727997
9.741056187271994
9.457983898931985
9.091045349101272
10.38443710299999
11.54487559399999
10.140674774141427
11.681031273999993
11.185262241999986
10.385388674486393
9.580375547797445
9.295562562727989
9.21183716130383
9.012540153493592
7.230624739099998
9.709163287405117
9.896129634067995
9.025381033300006
9.900350660795993
10.107192156999991
10.788783968999995
10.825600257999984
10.936378426999987
11.638613979999988
9.634564544787827
10.207436895863994
10.091393998787826
8.453567834506382
10.088523054659994
11.524046680999984
9.638159245212144
6.994854023696146
6.720136611899993
7.106029629499995
8.04249891510001
7.897478869599994
6.464306901594863
6.599696437101248
9.196309315506388
8.30229798279742
10.465681267999988
10.979563685999988
12.069997683999992
11.647386627519992
11.723588487347191
5.109160971101252
6.954823780797408
11.367176061999986
9.893843987993593
9.21223045350639
10.15507561192927
10.203081465067994
9.774519024635987
9.50467853699998
2.9736862090999705
4.757914143398682
4.718632972699978
7.905881402594868
7.063389468399997
7.776535154699999
8.055872808797426
5.9333448699999884
5.068352935799985
2.651047880599993
3.265733276399998
3.148045545999989
2.9990767745999833
0.8873803117863986
4.384197331199971
5.614029795799981
6.217045028699984
9.02780616133998
8.25492738189871
7.5798858032025525
9.19866360779743
10.645952839999993
8.930392509506394
4.914563519299993
5.790026005594858
7.410838015699996
4.361384707599989
3.7159082519999913
4.086989932299984
4.363833401499988
3.2817486220999865
3.981523890699986
3.780540402199979
3.0284761718999924
2.21766365509999
2.5735077498999845
4.3969294127999845
2.224992622399986
4.299901628099976
4.7476515044999745
3.99504117129998
7.493334161405101
9.194775286931982
8.498867971797424
8.426501292405097
9.576889344863991
5.93891268920254
5.339822354099986
8.0017920028987
5.96161033779998
5.814612918099995
5.600404992699988
6.395386900303817
4.508037060499987
4.440322088599988
3.7506064742999796
5.745817671202536
5.652266809099992
6.852493394506377
7.297787681599989
2.453560320999982
1.6736855880999908
1.2202313065010864
1.7342750396999806
2.6960812896999986
4.671514361599976
6.660821762099993
3.7856601882999947
5.0891095154050845
5.079029247999986
7.20767483369999
5.718131672699981
5.149311796599985
5.941216520696131
6.425367112699987
5.514409471099993
5.02180829009998
5.957885185199986
4.6431899337999765
4.7431450942999875
4.942841398599983
7.735978085303823
1.9465492110999851
2.148441772499985
3.8148285262999835
2.3519457076999877
2.074041822799994
1.909221566799989
2.80911987609998
3.403589849899983
5.860907339499989
4.232769914199992
5.1213800246999845
5.177263508599989
7.815673706101273
8.357475488303825
7.379219883696148
2.1298234206999798
1.4193848418999857
1.9383274398999826
1.365270947299995
3.0057573226999943
6.4991970703038175
3.1661900924999813
4.285337242099978
1.6879520385999893
0.7147635262339953
0.9097197709067936
3.13285359339998
2.335191462699976
5.127178518699975
8.283879708898702
4.776790920999985
4.38570889429998
7.809351296999984
8.30066707920255
10.356628591929265
6.76441312259999
5.817241131599989
6.077884754899985
8.450898760999987
6.095672563202538
3.946588096599989
5.562312519797404
5.0355737929999815
1.7175071685999879
1.8932975585999812
3.5853150512999696
2.550090721099983
2.0310215423999844
5.459840888999977
5.2297300216999885
2.667535734599981
3.79664470209997
2.2139340239999896
4.201915374799977
4.55467198179998
5.302370681799983
8.198183464101273
8.746338339200001
5.653154418899989
5.555586094699979
3.1494302596999906
2.116110917699988
4.890378079199974
1.0638944777339947
3.246976440399968
4.357636367799989
4.5799368789999955
8.429008787493585
7.617912480202541
4.739194914199978
5.272622680699979
1.8976911284999818
3.157269508399977
5.532123997506378
6.063481433101257
9.087076858493592
9.701454510339984
9.878979482999986
10.47824788099999
10.167986132858546
8.807704353303826
8.531803687999982
9.507831214898719
9.994076232931995
8.004535583500008
10.35847558299999
3.7847490355999858
2.2983027709999866
2.1141421462999723
2.8593933761999892
2.0237639907999867
1.2496391960070543
4.775503358499983
6.557687152101257
4.560802172898687
10.401695806929256
12.149173836999992
10.700202588989123
10.021129629847206
11.724738743999998
12.124158600999978
4.745562196399978
8.797591439863972
10.877180083999987
11.12349757499999
7.606808737199999
8.798765682999987
8.42615350040511
10.842296874999994
11.45025946999999
11.340851639999995
9.49486267515281
11.91742410299999
11.031004487999997
11.352174311999992
10.63376288899999
11.197795011999988
10.428317969999991
9.784171446141425
11.834835143999994
12.415852779999994
8.353923452797428
10.74060898399999
9.423379841727986
7.793920872506392
7.958077047696145
9.999582125931983
11.551909514999991
11.405977303999991
10.393536690991837
10.493202080999984
11.09503398399999
11.648775207999995
11.184385593993598
11.030859576347206
13.246700639159991
12.259950644999991
11.93769140499999
9.126047854594866
9.937752566659992
9.903126837135028
8.944160170006395
10.070324580486725
10.22259943085854
6.656719036899987
8.27428146669615
10.35147425999999
11.380545423999983
8.900296505696149
10.940203206999996
8.980999031101272
12.751669004999986
13.851859586999998
14.138446601999993
8.695557873659983
7.123429031405098
8.847155207858496
6.248948672506372
3.5603766295999724
8.572114860493581
6.75696955110126
4.230532650799977
9.741694770858523
6.2273892471012635
10.176434605282862
10.252858063999987
13.99625979299999
12.908057184999988
13.231345974999988
12.380143232999995
12.588613341999991
12.859163740999987
11.147248977999988
10.199086756999995
8.437196090696142
9.916131265212142
11.072700048999984
10.851280660999988
11.779485142999986
13.059310125999998
11.062734075999991
12.703293450999995
13.937120287999987
13.095198144999992
11.830833104999996
12.645469201999992
12.560736312999992
10.561537743999988
11.968674782999997
13.287674770999995
9.594943818696152
8.73206737820255
7.172260977199989
5.450720515399992
9.223489323271993
9.105528601101271
9.432041810727991
10.568234826999989
10.554875104999986
11.764364094999989
14.005014269999991
13.244199315999989
13.201489069999987
13.23254443099999
11.324455663999986
13.159284075999992
12.797981371999994
11.07806834599999
14.419495904999986
14.232061666999986
13.731753931999991
14.796202165
13.833568448999994
13.148130912999985
14.934639124999988
12.464455869999986
9.534277946339987
5.832134986899997
9.636194087202558
9.296816879303838
10.794997977999993
10.045433546282867
9.607597340271985
11.268349735999983
10.00560184927199
9.703248690863985
11.804877034000004
9.512332456999998
10.77513043099999
13.413955169999992
12.136150030999984
12.141900481999986
10.768195080999993
12.262666234999985
9.628528451659992
7.334002189594861
8.097861637898696
7.885010922202552
9.77574087213599
11.788736945999986
12.07991739199999
12.411222672999989
12.964860535999986
13.279226858999984
10.592630076999987
8.704674687202557
9.622027239999989
9.893931474203988
7.116194097898713
10.657056751999987
12.450092087999995
12.663962429999987
12.650763619999994
12.200293642999988
12.044459064999991
11.335965062999987
10.184554898070704
11.454524843999987
11.066352733999992
13.465495907999985
12.515809363999985
13.127708167999987
10.365625508070691
11.241853956999984
12.276923769999987
13.56262783499999
10.289822754999985
11.408030826000001
11.370178087999985
10.596980001999984
11.43312664899999
12.618426207999983
11.322532692999996
11.759191971999991
7.909760839797417
6.0389421783038095
7.500659921303827
8.043412664797419
6.889342253101263
5.197454478499992
8.098419679300003
10.381802087282853
3.908203979499974
3.300814363099971
1.2740206666931866
2.6686512374999904
3.4288435729999773
1.3089525588999893
2.045447590599986
4.712903317303793
4.008988700899991
2.5960505156999893
4.980294683797416
6.88980855559999
8.730034667999986
6.595463651999989
3.343147384599992
4.676800901799972
5.774643792696137
5.719351078799983
6.554628173797423
7.6549853012025455
8.317419854696144
4.222733897399986
3.1317974105999884
3.7760089156999808
3.154822198499977
7.073114114405089
10.621460895999979
9.495000944659976
8.769746015898706
2.942702886999986
5.4931817489999615
6.1676770278986925
5.449085534699982
3.7488541274999907
6.240017222594852
11.011648264999984
6.527210232493572
2.222114604199975
3.935361161799976
1.1013617577010864
1.5662530059999977
3.7237202620999907
3.5087727935999866
3.7679395766999915
3.8010435668999785
3.939664430199992
4.3154988250999775
2.9417243300999742
4.22570868529999
1.7536274672999796
9.377369924931978
11.029656031999988
10.687118207999987
1.9569987105999935
0.9997180479999984
1.6380903931000015
1.708371479800003
1.6422974303999944
2.597059591699995
1.804824717699998
2.124077278099992
2.193694370999988
5.018306996202528
6.898266963202535
8.93416235810126
6.695178233299991
2.0127584456999945
3.412367222599998
2.9569666930999854
3.6498565169999906
3.9248441466999964
5.6155075088986965
2.1360459136999927
1.8916245727999952
1.2844474822999998
3.3556171737999962
1.0345056460271966
1.9461465972999945
2.951319338999985
2.7601059035999955
3.3309000945999965
2.4845998153999966
5.178071736099981
5.398103475999977
2.126474800099989
3.754656898499976
2.5794096206999866
4.49856772159999
4.515020558199987
5.941521954299983
5.610779420499981
7.766383923299992
4.7806621978999955
2.110819122299993
1.9865882216999857
3.036737776199987
8.211223094202538
4.66595072479998
1.6553978270999994
2.2306629439999983
1.8296301192999889
1.7783876067999906
3.727752993799981
2.613323266599987
3.1211179061999905
4.81517333529999
6.135504226696138
5.603709524499986
5.474256217999984
2.425756303399994
2.1222366973999782
3.4344834273999907
3.8435944686999908
2.0502027709999924
4.854755279499989
5.844910455299987
6.269650646999985
5.7997257904050965
6.01401139369614
5.9312984253038215
5.646030601493583
9.214330396999983
9.570204771271985
4.697508410599979
1.604706365999983
1.856207847599975
5.375108808898692
8.25326246340511
9.902897358787826
3.2929871917999782
4.6548610274999795
7.013351684594858
2.4847774520999923
2.047075097699989
5.913841657999966
3.4994331939999896
3.4424242217999916
4.3332923400999865
2.676513584899986
3.2277144484999813
2.28857508699999
2.8356499038999963
3.6252217116999987
6.722446787999994
9.325890411405108
2.9579204635999874
1.8558950118999842
3.6263671493999783
4.598530664099987
5.667727615405101
4.828249040202533
2.0728582366999744
2.9444415542999747
7.253293810999976
4.988025100699983
3.353953953599972
2.739002371199963
7.630268366999982
3.6329759643999906
4.245127552799982
2.730660751299978
4.524598959399975
4.851288565099976
9.394886669929264
8.901029858405106
10.964482619999998
12.180089420999987
10.457176314999991
7.30944758759486
6.9409401656999945
5.403881890898686
5.829325448599983
6.73414634859999
8.238480242898712
9.751386404271985
10.05673234899999
10.010178370787825
11.96780407899998
5.282894744899983
7.865308099271956
6.442437782299987
7.497802131696146
5.876720826699997
7.589898550398711
8.215495490999984
8.333265418999996
6.152661123700004
6.302844590799981
5.788223724399995
5.456546083100004
8.421445135506398
10.530331472999992
10.825678850999992
7.046978242506371
9.890018325863995
10.551536272994566
8.188241007999983
12.279396100999985
10.373340906005431
4.661595700099986
7.4583249145948685
11.871528911999988
9.682586210600013
8.9394824448
10.039364820931993
9.892397207717103
10.378127827353579
9.706917558203985
10.557181670999993
7.616528684999982
11.716454403999993
11.790337186999993
12.203518162999988
10.861467450999987
10.673234609999989
13.75367450599999
10.946144118999996
11.541624010999998
10.13757478792927
10.642251281999991
9.709393171795988
9.783684823717103
8.518040342696148
10.809313009999983
8.117955488594864
7.4425010055948615
1.9444349685999838
3.1045192687999847
7.145118249493573
10.059613665863994
11.791981110999988
12.390433845999983
10.403683717212143
12.513187383999998
12.705540833999995
12.316339651
13.220886706999995
12.40927766099999
12.32455637699999
8.603069370999984
10.221987028659994
13.05724248199999
13.627852392999994
12.909898789999994
12.132853853999992
12.565582163999993
12.852591875999988
13.061870005999987
9.371787683067986
