8.99848960420255
9.493159403999991
10.840639564999993
12.118524932999982
13.011381730999991
13.39416257199999
12.63337362799999
11.430873401999994
10.212006062203992
11.65953544299999
13.253886814999985
12.858435911999988
11.44977128099999
9.904397244212142
9.089517390271975
9.912252879212149
10.49758316999999
10.350157392929265
8.441471603405109
11.027439609993591
11.307065281999988
10.838211869999999
9.989996025067995
13.157709594999993
10.990635546999998
10.898997094999988
13.470445778999988
13.221800608999992
10.02456282499998
14.026025730999987
13.73243284299999
14.217345350999988
13.928668766999985
13.193910090999987
11.749442608999994
7.546076899699992
11.640508309999987
11.012295878999995
9.941271565141422
11.472551914999991
10.756379754999992
9.683090528931984
9.895998638929251
8.418633438101256
11.86644097599999
11.261827129999991
12.539187101999984
12.147747683999988
13.492636139999993
12.88400335699999
4.492082667499985
4.276152043199979
8.094395761101268
11.606701816999989
12.238053246999995
9.820183886787827
8.42113429110127
9.007712535101263
12.477591729999995
13.124441036999997
11.75446339299999
9.929415745659993
11.00269051099999
11.31366107899999
10.200020336929267
12.789655095999994
12.580130813999997
13.177369121999996
13.774198082999993
14.28080786451359
14.325794675999994
12.582728509999983
11.013123839999992
10.256206034929265
11.274546856999992
13.089615471999982
7.399319448899991
9.13116310413598
10.379967791787823
8.799486642506386
10.570435029999985
8.689603291303824
11.417123261999997
11.561898269999986
12.234984363999992
11.43784868299999
10.715600490999993
8.932846505696144
13.48875244899999
11.253961587999983
9.670461320353585
9.940816166787826
11.119005739999979
10.866608874999978
10.463902227999979
11.549632195999985
12.649359723999991
10.329567084991833
9.858919717282857
9.360843283070698
9.000767381303826
9.529419625929261
8.484351097101264
9.504178865070685
4.075680714405086
7.660470315594843
6.787394241303816
6.84078533020253
9.984339076141426
7.946616633594869
6.645799775699989
6.93758416139999
5.4941778930999945
7.044533552594869
9.727063673282863
8.600278172303826
8.737108796696154
7.798418897999985
10.751425474999989
8.634934313999983
9.626323216141422
6.72261891169614
7.320549699405096
6.166108923303817
6.082353538493574
7.262417292797417
7.014841746499989
4.71229294279999
4.536378068499983
5.826056491101249
10.74554593399998
11.271181974999982
9.088898194898707
8.471715637135972
8.188284229999978
8.886774778795987
9.449444070271982
6.526027503999975
1.5675802337999978
1.177738055399988
3.415446382099995
2.818966691599995
3.047571266199996
3.9080909438999973
1.191420764199993
1.7973625228999948
2.1485571074999923
2.6869425521999863
4.0390262740999825
4.12728038789999
4.191444692999984
2.8288616958999713
3.821364311199978
6.067722706600002
5.662141267399989
4.726136019899995
2.569583007799981
2.646379865999992
3.1086202651999932
2.597597288499994
2.6862023833999777
6.017657160898696
5.497750907898696
5.869143070999991
4.763848672499977
8.152326243727959
6.779561163303826
1.0127309821070618
4.051521594199986
5.887037304696133
7.833687437405096
6.133556640594858
3.157151669299994
3.2964073668999907
3.772196084599996
4.100733523599995
2.2724626220999973
1.184202784699995
0.9069735625212119
3.362261946099972
5.7716386062999865
6.31284796749357
6.092647732499986
1.2611409789999983
2.6288038466999977
7.104507131999975
4.636457224999976
4.44039895939997
4.430917607099988
2.8685875197999953
2.044109246799995
5.0792015639999715
4.127014520299992
5.4062367965999965
2.156547004699995
1.900872810399995
2.8705747588999673
6.4978158463038165
6.047390264899989
5.94838927310125
6.391859646594855
9.423663732929255
7.460597109999991
3.0263041625999896
5.271335929898697
7.534962870797426
7.208680880699992
6.011678552202533
7.194169285594858
5.199015685999976
7.1936203139999675
8.966838134863982
6.494135519405094
6.505153164696138
7.880463793898699
5.970519293202527
2.988565359499975
4.406927346797407
6.267402421594848
3.198288291899991
1.9378158248999926
2.1174674392999853
1.4780981673999922
2.3955156463999954
3.112489613299988
4.136713496399976
6.592638117999984
4.483268839999987
8.358594074999989
8.046673472594868
4.111851463299987
0.9173865952353528
2.8908461593999686
1.5931741210999946
2.455932673599964
3.0864371292025203
4.798771594199974
3.4326765609999703
2.328852734399982
1.449114471399989
0.9599396221141387
1.6863106200999751
3.7921308410999943
7.426832847594863
2.1283111449999805
2.4077380324999837
4.437932582099975
5.553570846599982
6.228041084303818
6.058370841999979
4.315065605202529
2.999516259799975
6.325720394898688
7.003504577594855
5.136456787099976
9.529098876999985
9.78354579920398
9.793518563863989
8.612393020594865
6.162930805999994
6.024288967899989
5.812259262099987
2.1946923140999726
2.0536119521999834
2.6987506637999785
4.434371154799969
4.216849526999979
6.550204019202535
7.077111331202533
6.5259854004051
5.53861107640509
6.051604298405092
6.419692929101255
1.675128987099988
2.52579731139997
2.170450398299972
5.2130496810999825
1.4243903060999872
2.3204739531999796
3.1656832641999655
2.0939517730999624
8.48231772610126
7.396605306999977
5.854661723303822
7.2892994369999835
7.7731128662025455
7.870546943696149
9.07713917999998
10.60347750099999
11.343235233999987
10.661464090999976
11.555617238999986
11.863891753999992
6.881575117506379
7.477811440999976
8.88666036079598
7.702120347594853
4.318664903299982
7.786873799101252
7.319869816594858
8.412847564696145
6.517376055898698
7.357606939699988
9.350317062271976
1.3387070584211864
9.811841616858544
10.741299025999986
9.934209611646386
10.636894134999991
8.611167144863979
2.346398702999981
2.6364673827999643
3.069947909499969
7.6514395369999715
8.868052084405107
6.408765100101246
4.886653132594849
4.664601457202515
8.885434760999976
9.847049920795987
9.603054060282858
11.017716103999982
12.225995495999994
10.549983251999995
8.144784730493576
10.214570567212146
7.290456594797412
7.1481220015948574
3.479117031899976
5.5368261902025315
4.667082127405088
7.066631446797413
9.012749348405107
10.1758296370707
10.258003236282848
8.596934991506375
9.067060978696155
9.266203980999991
10.99966804499999
9.893129577717104
11.542070810999986
12.41824887699999
12.698895179999987
10.680314335999984
10.440752945999986
11.288419741999988
9.54767201085854
10.909711457999965
12.62197386799999
10.679238741999988
10.770655074999988
11.169417377999986
13.527800416999991
10.390877880999987
7.806851521303824
13.443587406999987
12.690598218999996
10.910052715999988
11.043888857999987
8.590760777297431
11.35714101699999
11.693436832999987
13.142451966999992
12.095921709999983
9.284824053999982
8.69843250430383
9.5612288100707
10.032272184858538
10.539617083999993
8.984564422583972
9.333019178863973
5.513460453799979
6.871325697303817
7.621418980405101
9.810763577203979
10.248986997833581
12.64325395799999
13.23230555865279
9.152404089431984
9.335659025567988
9.300730120797434
10.117545767135988
13.220184453999995
11.201498543999987
9.289729414405114
9.441894276405113
11.607196970999997
12.55891831399999
13.068629494999987
12.365391024999989
11.86718784599999
12.419886567999992
11.860366990999983
10.825537505999984
11.480466622999987
11.665510917999985
12.836886333999994
11.793790159999991
12.348965098999994
8.788504328898707
5.4399337478999925
9.055946601898713
8.321902201797435
10.36969058499999
12.492362780999995
12.422308903999992
11.043273015999988
11.250033014999993
11.96689415099999
11.21122995299999
9.476409115727993
11.36440201999999
9.391944650203987
9.945288038727991
9.578927996863989
10.02829513535359
10.697522805999991
10.713597631999988
11.413810500999986
9.80768904886399
10.367366466999991
9.977917666717108
8.846668365506389
9.270478649898713
9.975723763999994
10.36494910699999
11.110405832999989
10.908272757999987
9.967910250929268
9.162739732405107
10.935812977999989
10.554407512999985
9.320142361519984
5.766097935506378
9.970385487282858
9.83957744292926
12.048863607999987
10.74692050199999
11.090847698999985
13.27096443199999
10.857347761999995
8.975186160303828
7.191919784499992
8.471771578999988
7.503685252399991
9.81902554179599
9.045830799931979
10.693180356999989
9.002576400797428
8.32814265140511
9.76547393328287
11.482326322482715
8.6299591949
9.176349894795996
8.706852725202541
11.245894817999988
9.891873078931992
9.044713696303827
7.885926811202548
7.157455158999987
6.031281501799993
8.257082232696145
7.955883756999981
8.007417329405111
8.646165304594865
9.658278587212147
8.700735734594865
9.020979669202552
7.732365344202536
10.266749227999993
12.407630262999989
9.420930883858544
3.1883946837999795
10.160010578929253
10.190234649787818
11.422744696353584
9.398567628339983
9.885513592646388
3.703890708899989
4.246227137799984
5.243051034499999
3.779359603899978
4.410629632599982
3.156338589499983
5.4136046538999825
7.565418284594866
3.53198219599999
4.06124936219997
2.9251113479999877
4.008072227499988
2.2526958678999955
4.4120308700999935
4.186026232899986
6.188606858797416
8.302730889898697
8.79934606479743
6.791550645399996
6.176971862800002
7.630029383898706
8.474758674594863
10.320776499999988
4.693563441499981
3.1967888579999886
4.210806053202527
4.746341763299987
5.710140730299982
4.740417301899984
3.075252564999972
6.957846050999984
2.7234466445999934
2.4093473250999873
3.71088838959999
2.9690444518999906
2.8692199553999953
2.2558434661999884
2.221083190899995
3.1331595550999944
4.762520674099979
7.868125569202545
7.665722424303827
1.9454701629999929
2.921842713899984
2.746265808099982
1.8710311812999956
0.8633640094791987
2.3042010695999964
1.6194868972999927
1.3630447570999946
1.0627404937999971
1.8850266952999963
2.1231158004999933
6.9596701415948425
6.528372244299985
5.395870523099991
3.908941046099992
5.815358152797419
9.071648722863982
7.994559303303822
8.630480133101258
5.393250953699993
6.735131861898695
7.129635871898706
5.533956222493576
6.746735598799995
8.15165926820255
1.6324820723999938
3.6274802306961225
3.567749832199996
3.748853323399994
1.5012515548999972
0.739369776731197
2.109536973599997
3.444044351199988
7.223860829202545
9.05654777679743
8.411283207696151
2.7102014388999986
2.1636702193999704
9.05777039186398
5.517985581999992
7.355927397202539
7.813647825599994
1.0156891396646381
2.3726346039000026
3.306863273599996
1.5204212508999901
1.4700451003999926
2.087521896399983
2.34342086789999
4.071755757099977
3.532274890099989
1.9896228942999892
1.372221324199984
1.668375511199994
1.2783065551999973
1.153492117299996
1.974752555799992
3.8792686965999748
6.6068005889999855
1.5432440810999908
4.165515313699967
6.549255750999977
7.366345535303818
9.520451858659982
7.735409110999988
8.546677581797418
8.435417456101268
8.549680050696141
2.4422505904999863
3.5922791076999614
2.7983037795999937
2.1427124312999863
2.006123689299998
5.137974262999991
5.297746202099982
7.295119885303815
6.2228886902025335
7.090022685202528
5.989863375898691
5.639674822999978
7.983022181696133
4.912309471099986
3.1549743895999915
4.50138925629998
6.411340884399984
4.5404140899999845
2.3869467788999863
3.364438514699979
4.8656384002999795
3.3360145400999826
4.729018160999992
4.305511640899977
3.1985662383999838
6.675689895594831
7.102469863898696
6.346031291202537
8.938078993135976
6.897559733594865
2.70646143649998
4.0384440566999755
3.282056481899981
1.6228613158999927
2.7999946364999904
3.1567889464999914
4.259500801099994
1.9750029204999926
1.9791109862999816
4.0337988524999835
5.924352783202534
6.709146523999965
6.046817105101248
6.368174969506381
5.031364486696123
4.240293815599982
1.7175472045999851
1.9030814498999749
2.446387028499985
1.5341293273999839
1.1628447565070574
1.984069493099986
2.4392698424999812
8.862978561405102
10.0906981507171
2.5123535659999967
1.2215977416999972
2.439358880599969
8.50464340359486
9.659655621203983
4.977651942399977
6.979193908699987
7.05218637849999
4.363825334199983
4.300786369299984
6.875320838898694
7.676872705101259
5.393804321299975
1.371977392599988
4.221242726099973
5.960061909499982
2.443684960899976
4.524746652199967
8.152511314405098
10.030421179141426
10.390263594166386
9.055295986929254
11.593289177999988
6.302801573202539
1.34999185789999
4.443158567803807
5.435354289202523
5.474971896399983
3.4624841765999745
3.720829069499975
4.084684884599972
6.658235775797411
8.622805581696143
10.253489807070707
10.891566633999986
12.163109704999993
6.837303375199991
11.390255015999998
9.863533560141429
10.468568581999984
11.12022284899999
6.32626770169998
2.098944860799983
5.325577816799979
6.110718348696138
4.714532214399979
3.372853886399982
5.036542709399976
6.742218337999979
5.0483782973999745
6.633130505398696
7.2476431854050904
9.204068772931985
9.57138068227198
10.463002912929257
9.225862536734383
9.420917674203983
11.387629069999988
3.3344756103999815
8.395655139207973
11.81389629999999
9.932895530787828
11.680261559999986
12.19863403899999
10.226043806353585
11.19768909599999
10.78211607399999
10.847769848999988
9.802088371203988
12.431748897999993
11.945052866999987
11.881513366999993
11.814534781999997
11.367543570999993
10.278988794986393
10.388368123999996
9.252895159898722
11.950708320999988
10.677101507999978
10.775818122833586
9.73767624207071
9.375601811201587
8.92461734920255
8.344646572905113
8.996763224797427
10.78032989199999
10.269282702717106
10.252983195353584
7.5159446654999895
8.16287314610126
9.184554231203983
11.460037766999992
12.09576968999999
11.214860637999989
10.364382390999992
9.53952438033999
9.832311189203988
9.041163250696146
10.16429507764639
9.354974369797429
7.722633210797432
10.082369403070711
9.901751277141429
12.13798655699999
12.734254317999993
11.713024462999988
12.933399138999999
12.88473888999999
9.913225440999991
11.95768307799999
11.04913675499999
10.323226230993594
11.164617736999995
10.791707083513593
12.578270925646395
11.859025299513592
8.88015729679743
7.961571424899994
8.758836459405114
11.83777113499999
9.904688996929266
6.236287937899998
5.570657591199982
7.085311929299986
6.959795284999991
7.478191128499997
10.93500994699999
6.348806370493569
7.656747770696137
8.493912451202558
9.274831059203976
9.56907592172799
11.207311268999987
11.67087634899999
11.334945873999992
12.69791695599999
12.80184017299999
10.244643780999994
10.63214851799999
13.198427674999987
11.295630604999989
13.026266633999994
11.459830031999989
11.889627108999989
7.641347235099994
8.992104356399999
8.836653150898707
7.004281552099991
10.517823563999992
8.45299071349359
7.827227325405097
10.282419877999992
9.332520324696151
9.321642549101268
11.34997640799999
8.309746008303827
12.574602083999993
10.898706316999984
9.371429853863987
9.942579786795989
10.281394027479994
9.289507444797435
8.642603062405108
8.875569030797426
10.164385630858547
10.068677763282865
9.594556672795992
7.365703015099991
8.782637972999993
10.97185612799999
9.601687466271994
11.699914797479991
12.087513641166382
10.128332698070707
9.50854325406798
10.514109899999987
10.89786205399999
11.874837694999995
10.642490056005428
11.600281659999991
8.76009210359486
9.987202741999974
8.189464579797427
8.703282394405116
8.104777143898692
8.32438925620397
7.515111608898697
5.460745112594844
3.5603313872999856
4.4143461577999865
5.851058836405096
7.7452944992025365
9.124856651203984
10.994458005999995
8.620404142797437
10.479546615999999
11.74507022899999
5.869543756099979
7.9764929398038165
7.058824046303818
4.41613444519998
4.776485903899987
5.268455355799978
4.94040117490509
11.580817718999995
9.679867065265586
9.893199334795995
8.908880210898714
8.251854988101261
10.28515740099999
8.061412077303828
7.199158462493581
5.202348696899988
2.1687976409999936
5.0211976409999615
5.74614161529999
4.896234916699979
10.896234809999982
8.257115991202543
7.024879251101256
7.15923303069614
8.113234672493581
6.707202084399989
5.584524896199992
4.137978610199986
4.48009313349998
7.399871247898703
6.761212753299989
8.481073588594867
3.669626768499985
2.4439687545999864
0.7156584827415927
1.5537153731999958
1.4302937316999857
2.195504154999973
2.1840204177999865
2.412433904999972
3.9994219237999804
2.17893751829999
0.869580606928283
2.1494380065999867
2.421382327299962
3.616424208099972
2.5663260833999804
2.3303666732999937
2.338899220299991
2.762683138999982
3.5249106612999874
1.424016303999992
1.0776414712929225
2.272105288699986
1.8488118041999937
2.0641306884999953
0.8218267454070672
1.3661480436203843
1.5639218871999931
1.3647213881999933
5.220901817299993
2.74006793979999
3.292687454199981
1.8314941176999917
2.463606474299997
2.3097814879999894
0.8494428542070664
2.040635250899964
5.628364031999969
5.458812179599987
6.200643357797415
2.9238060668999934
2.3768676391999946
3.379423269699992
2.7258466994999817
3.8517667267000006
2.826341445899994
2.3953009826999945
1.0864047088999973
3.1255452361999825
2.093702995299993
5.0778825531
6.501002853399992
2.6873035613999963
1.9368637008999747
2.252183612099988
2.894554910299978
7.038219483898684
8.34935412899998
8.1391207794051
8.074665005506374
6.057948452799983
5.997270352199985
6.995223413101258
7.20388204649999
6.425354048202542
5.652146444699986
7.4162176177974075
5.760423574799979
1.094473067871703
2.102540492199992
4.627076025399976
5.626232488999994
6.719503681899987
0.9410471239070635
2.075623393199966
5.855730320696124
2.992506979399991
2.805170046999991
2.273858901999992
3.0852929015999715
3.3181574874999793
1.856461152599995
2.113748246799998
1.8124565825999959
1.2526784926999925
2.4430699737999793
3.5060031096999857
2.804572759999984
3.132757229599986
3.743757652299979
5.247523074303811
4.483131664999981
3.1443555160999908
3.112191152999982
4.187732510405086
4.158147123699979
5.1953738570999874
5.52937035829998
5.422826768506375
6.711489761405089
4.11576480709998
5.531046398898694
0.5902880208999889
1.7435894378999943
4.062970712299979
8.92497688599998
8.661742530797426
8.56690884549358
8.707545277271974
7.2947014572025415
7.299070364405089
7.865169654797413
7.636222505202547
8.572929136696148
9.577829832339988
8.661818630999976
10.307753167787823
9.943885356070707
2.4252222854999834
3.669350707999967
8.281918118303812
9.996260742141425
9.81220187385854
10.699696534999978
9.213005906795983
9.201168196101273
10.457868874999992
5.64652122959998
2.1153413894999824
1.9559574218999802
9.006899281203976
9.583048959282863
2.2899740798999835
2.812574873399984
4.472321141099984
5.207675735506374
3.921811007699976
7.384893440202548
4.141574743699984
8.220125265659968
8.278638626101266
9.934522744858537
4.772962867699979
1.55971755829999
4.302044525099975
2.5439403792999764
2.1830820769999715
6.547801536594849
8.175682325696146
6.582902183499986
6.645723306303821
10.712408173999982
5.307337838699983
8.702429702799995
6.48789619749999
7.611106634499989
8.121768044999985
9.454106288067981
7.704967451506382
8.41594872279742
9.180328480659977
4.634047027599982
6.0138624512025345
3.0013637710999728
5.670052236898692
8.632692701795968
8.62404790650638
10.416454729999995
7.833682990999986
6.668388427699987
12.17649687799998
13.119404525999986
11.872324854999986
12.144174306999982
10.842655607999989
9.260683262727978
4.5551053420999725
6.432037004101256
3.0055761702999675
9.387263052271983
12.438398026999986
13.548618413999977
11.24196509099998
14.439891982999987
12.402556038999991
10.04329185793199
9.257370201067987
13.433887272999991
8.91125806279598
9.54287728278782
5.726114491299996
4.211943493699994
4.943064175399972
10.051860790999976
8.001939099101266
9.032142419271972
10.972449077999979
11.487389023999988
10.893489252999986
10.456367669787824
13.837164289999993
12.977005768999991
13.134777311999994
12.415547315999987
12.528303986999987
12.866693749999992
14.24805939899999
13.828847223999988
14.346330030999992
13.931092374999993
14.025807845999987
14.125354552999994
13.699048963999996
7.271402250696144
7.2668060364051
10.707805411999992
8.557778900101267
7.275064794898694
7.93689578399999
9.35186019899998
7.614799090594853
11.454883060999988
10.901116283999983
11.371467547999986
12.35142270999999
12.142240539999992
9.954958567863992
9.832842831282857
11.059308765999983
10.770512999999989
7.973514640797426
8.32462340240512
6.926651634202544
7.5630575728987015
8.682410234101265
9.774143038929264
8.946988238493585
6.535513650499984
10.075335497013596
13.64627898399999
12.294872141999981
12.885163720999984
12.74852830399999
12.859449520999997
12.020844220999981
14.203005793999992
9.760130017070692
7.721402465797433
7.577357704202551
11.173043592999981
13.981721946999984
13.77276418799999
11.381144770999988
8.22035913089871
8.592746337898708
9.54130335693199
10.276891778999996
10.206517757999986
14.435640944999994
11.130762850999982
11.468433828999991
9.83907341913599
13.547399506999987
14.71825701299999
12.974622367999986
8.24233614959487
8.575588897696155
13.148768213999995
8.268145568797413
13.292715389999984
13.45655803199999
12.89046095899999
13.835371746999995
12.64602778799998
12.223881025999985
10.042360188212141
10.210922977999981
10.442936606999984
10.260968642999991
9.335217120405106
11.10869155599999
12.086133939999984
10.59224047399999
12.064602681999984
13.204609572999983
12.668320978999988
11.196046541999989
11.34200691499999
10.141000758282864
12.198732497999984
13.940374089
13.962519004999999
13.739337584999983
13.47641396899999
8.933797955303827
5.8738746811
6.818663526899996
4.760656083699986
6.461319605999984
8.032891107202547
12.318300142999979
13.538494895999982
13.392751992999989
13.153474071999991
11.641513523999993
8.615004257202548
10.209333579999985
11.674302356999991
12.675164359999991
10.087074095135982
10.727648601999984
12.951931955999985
9.74749653178782
6.02564391169999
7.103903004506384
6.283104991101259
9.462424833787823
6.63916063229999
9.571337956135979
9.086575761271982
11.436409937999981
7.635670587202524
9.924345922929254
10.389912256999983
10.027047724929266
9.230350797999982
10.445132599999985
9.38886352392926
10.658384868999992
10.773591488999974
12.253651359999981
6.79499725189999
9.722876748787822
12.63697647199999
9.026144853135982
8.455125816303825
7.47621132969615
5.7710642547999855
7.259225628696146
8.676770616101274
8.943218662999987
9.432247909659988
12.417946073999982
12.23744351799998
8.388010237101254
11.936912674999984
9.798385606271987
11.806408449999983
10.170245524999995
9.856209788493597
11.36585469799999
11.546102118999988
10.254298333999989
6.588432943696141
7.6233803833038145
3.2901665633999846
5.530687840299986
5.8026490096999925
7.596979826399994
9.853090434212149
8.042647566202547
7.524516102594871
8.417970851101261
4.785809829699984
1.44467685089999
1.6039608092999946
5.492059260594849
4.4898321425999885
2.999186540199984
2.4252304915999874
3.026888658099991
4.515327940399989
8.033421354696136
8.579164308202541
10.35997055978782
10.659313151999985
4.86533440699998
2.5050648131999917
4.658953701797392
5.429581021099995
5.83664725339999
9.880222363203984
8.583187846405101
1.1210343505999967
2.0655287307999672
4.675928115797406
5.840555410799988
6.523193942303816
7.064590579202536
8.138300247202539
9.581230868659993
7.092393080101263
5.18880718989998
2.9792119521999805
6.631397459399988
1.7561855163999973
1.5733282973999985
3.1250210235999933
7.02591389469614
1.3578062346999904
2.0790274749999837
0.7679896397583936
0.7203049426101242
3.3829502578999833
1.831961572299994
2.870781553600001
7.071813262898686
6.047722206101259
4.644693968199991
5.763540344199979
6.688186323493567
9.023107337999987
2.6546698729999916
2.1790063369999935
2.1126476439999906
4.481734052999975
4.799891604599981
6.005812325999981
6.969095376594853
7.1294779465063804
7.911279898101268
1.078450172399997
5.612815699797406
7.207738125599996
8.121235978696145
5.365659544399978
0.7267314762103938
1.066526056871704
2.3954690688999998
5.171809287999992
1.9347489242999953
2.0330395034999933
1.798357501199994
0.8901322342929202
1.4735390059999889
4.129966491699976
7.296452865594857
9.558767658999978
9.125442289696148
6.701598959399986
5.590626647899981
2.8176061507999886
3.9347676574999864
3.2286014098999893
4.387944857799972
2.836066520699987
5.359406263696126
7.851069329797412
7.903761096202551
1.381493806499996
0.9181122446070651
1.1977780059999945
4.189700564599975
5.413751269499978
7.485977212493582
8.942039517202549
9.22016437386398
10.041618833929267
4.2734448502025195
7.993338928202535
6.04256643069999
1.6695549315999916
8.076243707303808
2.024772476199981
3.4622006331999926
5.560140689101255
5.546219964594854
5.928462300099987
5.859826072699987
4.8353345489999855
4.428541853299991
4.684401666299984
4.324948471099993
11.632435477999993
8.974989298999986
7.397419863898701
7.696535189797407
5.998965350299978
4.656235740699977
5.146811305199989
7.037688592499986
7.680940612799991
9.27943636786398
9.595813064717104
11.002403051999988
8.125437110898693
10.41046154485854
9.181561080931985
7.943417858898709
8.533396166999983
11.39267690699999
8.518921777303822
6.633316787696136
10.764030601999991
9.454330018727987
8.2050108704051
6.012155413797409
9.293301686067979
6.339169566303823
6.907614491299988
7.513924867202545
6.7790696944999835
9.407011440999975
12.286178727999989
8.693466621271961
7.15225634769613
3.542908943199965
2.1133593413999847
3.8844804442999727
8.841150543135978
10.795495553999974
12.053905761999992
10.157111494282868
9.338429464787822
8.250141314696139
8.690105764863977
7.96616579279743
8.038073791493582
8.231762831101275
7.611085703999985
10.868021867
11.283822835999988
9.286802560271983
12.382114052999986
11.20294881699998
10.262155042999982
9.921797898929263
8.452946198999983
7.730754005405107
9.368953987070697
11.807718657999976
9.138899134791988
7.885294950898709
7.94619867399998
11.902753156999989
13.419823955999991
7.514525140405094
5.72539669949998
11.359727150999985
8.338497172493582
7.040356326303827
9.389074868863984
9.845893926999988
10.91123052499999
10.410941425999981
10.822934617999984
11.47562350199999
13.221592875999985
7.759505696101265
8.495863677999985
9.922452577135994
9.651191668795988
7.49564853059484
11.066431536999985
9.891647714141431
10.42690805199999
11.176852959999989
10.372719329999985
7.436397270202539
7.99839387969614
10.637692200999988
9.568433180202556
7.985104345696138
9.166789767347174
7.6551079177974195
5.551885305797416
10.70124565399998
9.110520233202548
9.591197650067995
9.788841798271987
9.591504141135987
9.364454170135984
8.283978196699996
11.66365548099999
10.033462330727989
10.744184589999987
10.407668410991834
11.41467972699998
11.657813442999982
11.109528188999992
10.596449354999983
11.424077439999984
10.82564061399999
11.831594053999991
12.538775416999982
13.276622640999992
13.130540807999992
13.225518693999991
12.627217441999989
13.163765459999988
13.83225310999999
13.254756858999993
10.556128373999995
11.677277549999998
10.881706133999995
12.517580825999985
10.596419906999992
10.85673800999999
11.393052632
14.387269646999997
14.022612287999992
11.846694779999991
13.389370537999994
13.633435131999988
12.761279482999988
10.15439917435359
12.127725499999986
11.108543308999993
12.035847042999988
12.507049401999993
11.779103930999993
11.498448485999988
11.58804991799999
12.17427200799999
10.218997955203992
13.626426694999994
12.94458357799999
10.361819553999988
11.387939589999995
7.968200904799997
7.356606608599993
13.256004336999995
11.747661879999997
10.140573129212147
11.414564727999993
11.704488765999983
13.729286634999989
11.603374599999988
8.882824688696148
9.300693714931986
12.84811239199999
10.300085626141428
11.484205742999984
13.126459383999995
12.452066024999988
11.927528579999988
11.674925675999987
10.54649427299999
9.658562188795987
10.848319623999986
12.342221151999992
10.623584194999989
9.84686969599999
9.59392591565999
8.50699805449359
6.5471185302999935
7.838800350999992
7.889214305099999
7.752263433797429
10.74851138799999
10.166737067999996
12.73389629699999
11.512604386999987
10.044871025067991
10.860303426999986
11.606642743999993
8.703567071493586
9.727221673727989
10.65483031799999
10.526277646989112
11.38282855099999
12.681280674999982
12.797673484999985
11.43093825999999
12.54992450699999
11.318963454999984
9.68745437613599
8.947632450898706
7.030493914797427
7.371281529202541
7.013145280499989
3.6783107741999808
4.500252036999983
6.516110891699991
5.824054911799987
5.600724020399989
7.787270126303831
6.763587651099994
9.087387164303832
10.986962463519989
11.763688978839985
10.715949814999988
10.36704895299999
10.643233548999985
9.69860684979599
10.91266864148639
8.353103211999995
6.99409289699999
9.183343559303824
9.27890595399998
9.674031112787825
10.343402456999991
6.198120855696143
7.07176403499998
6.128540940898702
6.081922203101255
6.494716520699989
6.867397286999994
9.474618788067982
6.281955450399992
5.818067275999988
7.679330093399997
11.439536808999996
6.224780696099983
5.78696407169998
5.668935638399992
2.555694251999988
2.466269189499989
2.5887304961999895
4.3032833922999885
5.133153437799993
8.407774757405106
4.936006974799993
2.4427308669999874
4.17443113099998
6.677214904799988
5.455785874899989
4.0859651978038025
4.568338401799986
3.7444564895999792
1.3427647918999959
1.4732644276716969
1.9097323714999888
2.6636911544999906
3.281226121499994
3.5851529067999865
2.775313299599988
5.435070053099991
3.309887831099979
2.616218942299979
3.9121593169999787
4.970272369399987
6.30679830779998
6.178043667594857
3.747121968099992
2.3827431502999876
3.601044950899984
4.834831043999992
2.924070826699996
1.5571767516999946
1.7853263747999932
3.0088627410999957
3.4389580184999895
4.037066693099987
1.5811074798999936
2.6890510177999936
2.400750016799996
4.136386605799988
3.4850348662999777
3.3094892180999853
2.1116499450999875
2.3326808121
4.9393740630999785
3.3150169402999947
3.8473494445999936
4.483266799899983
6.806142028799987
4.200142858899983
3.5026971724999894
3.1214328185999944
2.2541052443999954
2.3104279693999956
2.0799753341999634
2.626574600199995
1.5325991271999975
0.8801047718999961
0.7310166491659945
0.8606409432271948
1.6783471984999796
3.3766425582999733
4.937219660899986
7.453834233101247
6.231355491594854
7.085001997405106
6.9829329238999875
1.5027414872141058
4.158586456303801
4.009786373898687
4.713808648699985
3.8595804809999934
2.4422855361999902
2.6180148421999965
3.058788987699988
2.757996012899989
2.0284687865999924
2.8582422530999834
5.99615220639998
6.513614343299985
4.226959147599987
4.763994505299987
4.24999374689999
5.689310829202527
6.6607955504935745
4.724428683499989
1.7673655425999952
2.2058733306999923
1.6867209090999966
0.9055634243999968
1.8551635712000019
2.660843791199984
2.2005595641999793
1.6172010283999916
1.4250371413999912
1.7243955291999975
2.2553657134999803
1.433735821499993
1.1918326573282736
1.4884657210999914
5.6908585158999765
7.954946792594865
7.076520782506384
6.1827280089999865
5.106164770499989
6.051652543599988
4.340563073699994
3.8455709990999973
3.164457311999987
7.369426002493581
6.753840077199992
9.772184428271988
8.482847158797423
9.189136544863983
7.770325598101261
4.843127886999987
2.7956078033000007
2.6004487899999917
3.675598724399979
5.096586483799976
4.822692777999989
2.125983579999985
3.714494876099964
6.40528111569999
3.875755618299986
6.43071057279741
8.77182809765998
7.173038690202547
2.8675924148999865
4.907859457399981
6.680870292699988
5.225103103599993
6.302586334199987
7.742020176696143
9.725882472141429
3.724712857099985
1.5740898467999878
4.755555938699982
6.667548548899986
7.484412866202534
8.156668913303823
4.65655073849998
3.5115031295999652
5.630756338499984
4.748263044699983
4.141767317199973
7.012444311499986
8.129347654696133
9.946822737070706
5.99122373199998
6.9996166122025425
4.864445181299977
3.985393957499978
7.59725869899997
4.810067675799991
6.435917178299986
8.383181719999982
6.769947318999982
4.907513355999975
6.991028849797417
7.63060987699998
7.088815637202547
6.216733042898698
8.198983349594865
7.806356092797424
6.3130309127999835
3.4803535613999785
5.722397102399984
7.746001303101253
7.822855769303812
3.7234276534999786
7.971838421594851
5.172732922405091
4.664281632999968
6.213037000999981
7.4021331328986975
4.393170916699977
1.0790038406282751
2.76373860779998
7.147279954493573
8.094167286696134
10.990026232999986
5.110353965797411
2.6248966323999774
7.055386683696142
4.6866396331999844
5.0321487349999865
2.9787357467999893
2.393255807499985
4.507812768599982
4.739693138099982
8.850704301506392
10.044055914203987
11.033704395999992
8.953630032203986
7.633304739405107
5.253091705299981
2.1359200408999808
2.315602265899974
5.875283386202528
7.570403378303824
6.977373898303823
6.69574032750638
7.832843948405109
7.991393208303822
4.197724461399974
5.782750768999983
8.175826351895964
7.8726142928987075
8.503228323405109
9.415307945203981
6.881184576405101
5.764525126599983
8.484300965898699
8.271504685999982
5.088454418899971
2.6071448607999956
4.712240217599972
11.126738077999981
9.009277223207981
7.167019760101262
5.851466079699979
7.400802891493582
5.829999612399986
6.823712519799986
9.863123300135983
11.651132226999989
10.915931113999985
11.584575362999983
11.80388202665279
10.71718342999999
9.619044705135988
11.44732877799999
12.81765734999999
12.411390781999991
13.249350762999992
12.546983730999989
12.534961931999993
13.106078510999993
10.506415250999998
11.624722642999991
13.068852878999994
11.896700144999988
13.17976058499999
13.63162062499999
9.731597198353587
9.017144836405107
12.422996008513591
7.579463510099992
6.480761146500002
4.764476492299997
6.403814866599992
9.407471198999989
12.077634096999986
12.885037871999993
9.933070150858548
9.42190452279599
13.778613767999989
12.260872614999986
12.382413085999985
11.630761912999992
11.895965723999987
10.663161176999997
9.078302036999997
11.516974325999989
11.318101774999986
10.224356754999988
10.546232696999992
11.956366089999996
10.71718493799999
10.855034817999984
12.20302673599999
10.133086947999992
10.98779125699999
11.013176139999985
11.428787708999991
12.819463338999991
12.76589671599999
12.33085367099999
13.023576206999989
13.38351957599999
13.076416715999985
11.452047416999987
11.598713050999988
11.585884932999992
11.663950745999985
11.56980454599999
12.642216483999995
10.638158314999982
12.491370157999985
9.879943661339993
9.733929901067985
10.933889356999979
12.01246174799998
12.236395699999987
7.359816638199989
9.967129760795995
10.603307520999985
8.668384701493592
9.643283077999985
10.38270517278782
12.58931564299999
13.07019453299999
10.735404479999985
9.71343215486399
8.601320036303836
7.526126805099999
8.484556068399998
8.063023634299995
10.458548150999993
8.36973040469614
8.502820672594869
11.974525245999988
10.393204343999987
7.984678745999993
9.908503544717103
9.06730283810127
9.456180711271989
9.294984600797433
9.262597587727985
9.420262770067986
8.439190060405112
10.20377366792926
10.03354989179599
10.764826610999986
11.38914898099999
9.192863490303829
10.187286105212149
9.517385877999983
9.541997434999983
10.892378380999995
14.002385856999993
11.002102298999986
9.872180499203994
7.597849555999985
10.293166617999983
8.298816322303827
9.972559852717104
10.88039658199999
9.485228655999984
9.536828015067991
4.545494683799974
6.579270458999971
9.814418160999988
7.13852674559999
7.40039653930382
4.452271124299993
7.237856024202537
8.023200704999988
10.271938357646388
4.889698039199984
8.309752508493572
8.09590938259487
10.089705308833599
11.251305481999989
8.990882772797436
8.491989065594863
9.412620481898712
9.550677754202558
6.722018365499994
8.39844999540511
8.558214288303827
8.93228999020255
9.054781423999982
9.483901609863988
9.690421139646382
8.28868133999998
10.16195883792927
6.614590293898699
8.722906959493589
11.337335486999992
9.464856220999986
5.644687013199982
6.41035498809999
7.302053118899993
6.564520178202541
9.833086186141424
8.928184475696156
7.5240877379999915
9.899460884070708
7.581828668202535
9.62947873992926
9.694794255067992
9.688542739931993
9.798499172999989
5.869881861898696
4.904026846299988
3.98229025119999
4.391809397900004
3.963772592199994
6.367515106199989
5.986145751999996
3.2038264815999815
3.127090182499976
5.450552818303817
5.0411140105999825
1.7847260650999939
4.493412643399994
8.159796314999976
10.154847103929264
10.302757446212144
10.334144806999992
7.213108753999986
5.962195402493575
6.687259670999992
7.098277058399987
6.777679681405105
6.87943149110126
6.4543932128987045
5.7890763778999865
5.701547860699979
4.942194287099985
4.864103922999976
5.179931166099982
6.503945613101263
6.914088261399988
5.026780903599985
6.391001444999987
6.494331484999993
1.4035965529999899
4.151509497099993
2.1892648269999966
3.4097262176999896
4.02631969449999
2.3810121337999903
5.108976293899976
6.020261259499993
3.3653136931999916
2.7271163955999937
4.766532583599991
0.736972984889999
1.2643035201999988
0.6635212451895887
2.2621380538999936
2.0352078063999968
2.6231165694999934
4.917179263299981
5.808566061399985
5.454002384899976
5.29353539730381
7.222948696898704
2.8541316726999906
2.637607052599992
4.450621267699978
3.692949822999989
2.134937115499997
1.6578719390999899
0.8056163700067945
3.6804092467999916
5.164026025399989
2.059669703699991
1.8341212981999966
3.89008658289999
3.7203295577999764
4.681670329299983
4.258192208899991
6.052631761202533
5.9388908141999925
3.8409379760999904
4.666157009899989
3.926051132199985
2.7747813277999893
2.546746728499978
1.1833952331999906
2.8043009948999678
4.506669067399982
6.864577418493578
4.5438324004999755
0.9715755446282806
1.5476439452999906
5.522343720999985
7.8181399657974175
6.129651957696133
6.109314788799983
6.1706720321999855
4.576880232199983
2.0235811492999876
2.725271102899989
4.976753247099978
6.860381024202534
3.7637400939999925
2.261595393399987
2.3373925338999797
4.725638044696118
6.701515753202546
6.823029428099998
7.254248452799994
8.745401357999977
9.219483258067987
5.175920759599987
4.6368322921999825
4.985945562699994
4.957893841599988
6.629601722696138
8.519632467795976
7.896734200999977
7.374930714405101
9.226342127999974
9.043211184795977
6.432409689303814
3.4664992339999543
8.581676878405096
6.270939094493578
9.257335787999981
11.552729468999992
9.301843930101269
8.901091310101268
9.755642349141421
4.973924621599977
5.9555478179999675
7.643615821797411
9.675385383717101
10.116325050282864
7.388969161999983
8.636635130303825
7.342433004799993
8.0023026794051
8.681692855797426
7.112694787594862
9.301896215858537
9.86429986278783
9.214236708067986
9.201531314067985
5.207005889899982
3.979517907699981
6.491671330303811
9.03604926759487
7.412048927299994
10.349871997070709
6.884206909202542
3.444479336499982
4.923283946199981
4.66354481199998
6.708426127594857
8.530296310271968
8.849985281405106
8.755586297717091
5.72261644439998
7.505920239303819
6.391628051797415
7.482029505898705
7.894895991493586
7.655716938799992
3.8962994307999828
2.067494451899988
4.1653389953999795
5.073610011299984
4.883626760899973
5.593331982399987
7.242710278303823
9.16915665120398
8.108484828202547
4.648070490999956
5.809999468999964
9.109081986839959
5.598328625499985
4.8155595763999735
6.82831503599997
9.650439759863987
10.895911077999983
11.978697431999992
11.652227013006383
8.000522953797418
9.306823449795985
11.203025045999981
9.434381549067984
6.514538542202537
9.483069338999993
9.963760772787815
10.236474320999987
11.338644167999993
11.140767370999994
12.230280422999991
11.425815659999987
10.713160738999983
13.023347448999989
11.74373618199999
9.650241110135987
3.0900733001999847
2.685596652199989
11.37101487099998
9.083013084271979
9.052777201797431
8.528604020696152
8.346037231405106
9.724840731863983
11.670643928999993
12.236691872999991
11.647130634999991
11.346909162999996
11.14774425199999
10.870092600999993
10.96721025099998
10.40467309999999
9.956180279646391
10.269164222795988
11.478629352999988
8.09229200899999
10.832017516999993
11.216456591999988
12.645045891999995
11.62875787399999
12.31262422299999
11.493163053999991
11.605498659999983
10.895822657652793
6.444330892899994
10.14866346892927
11.195518357999983
10.338717592999991
10.592837218999984
11.325536567999986
12.097245856999992
12.021138495999988
12.848926493833591
11.943067741519988
11.863687658999988
12.037463698999995
11.513500243999994
11.01253176699999
11.819239792999987
12.32712117499999
12.235162066999987
9.832759368931988
9.954569007931987
10.275793851999989
11.036304549999983
11.203499555999986
9.98346972672799
10.754510747999987
11.110265957999989
12.603936358999993
12.166514406999987
11.374503132999985
10.66543128199999
10.022590060282866
9.651573243696156
10.078548290999993
11.25250344699998
12.753267609999991
12.440097799999991
11.94556778599999
12.75330697599999
11.006812337999992
9.08747250520256
9.819599385101279
12.18306462399999
11.688187992999987
12.084063749999991
11.12283641499999
11.317089600999985
9.471348153795985
10.196899293479989
11.21746080799999
11.632159025999991
11.505779462999989
11.748355692999981
10.702887090999988
12.87049228699999
8.627071366898711
8.329039717101267
12.711369414999995
10.82798584699999
11.955172889999988
12.271211825999991
11.355304064999986
7.996056117199996
10.402782934999989
7.5352495421999945
7.995213098101271
8.158886100797435
7.543928807099997
7.676764572101266
8.653335894797426
10.72267573999999
12.56076527299999
13.121823194999987
12.179218838999988
11.52461162099999
11.467992168999992
10.095144747929272
8.138896914699995
7.369676438899993
9.455026530339984
12.02236826599999
10.106669900646388
8.287896845999995
7.353802792399992
7.390484112493589
8.473010407999984
10.06950694585854
11.551477999999985
12.991083683999987
13.574016462999992
10.537800168999993
9.169124999999987
9.847160752929264
10.045363832070706
7.668934178202554
7.180407897899993
4.86187061769999
3.303690573099996
2.846682313499988
4.958891433699995
6.439581253099992
5.933710092199995
5.773434165999996
6.128352011099984
10.716450596999977
10.995086121999984
11.665499338999986
8.252347637898698
3.899033915699992
6.650816917405098
5.300058544899988
5.133127491799994
5.393773135399988
4.184493434099977
6.542406605499992
5.855969055199991
6.3395471054051
5.170991561899991
7.029594364899991
6.955454357898699
9.261234597797426
8.876569139101273
6.760941914399992
6.517679862999983
7.145893711899994
7.6349139832025426
8.88080765689871
7.768880090303813
9.013829981999978
7.214247538797427
6.370318037399996
2.5189048980999904
2.807928173799988
2.4811219619999916
3.8287195662999824
3.8301603881999897
5.925838705399993
4.803328016696124
6.648500118999988
8.310797221405116
8.927953581202546
4.068013357499982
3.126297228999987
3.9294149932999964
3.4203642196999926
4.218390977499988
4.020925898699987
4.0475886016999825
6.413860621599986
6.596617582696142
6.344695005799982
7.198162589999984
8.673557298303818
8.363740626493586
9.214136621067988
2.6681526534999986
1.664192214999999
1.6431415801999896
2.900888987699988
3.4454452498999895
3.2114406203999954
3.6450293120999824
7.083438568101263
7.736835400405103
2.403928221099992
4.924256101999988
7.2134576064999925
5.3631725860999895
8.175256669594864
8.745628213493593
7.5627631926999905
8.065693374599993
2.500035400399997
1.2222173049999905
2.2581531402999984
1.0612216170999953
4.781397473101245
2.7184212600999773
2.79976688539998
3.1317796309999797
5.253292033399984
6.084742719999984
5.420464454699986
3.330887968399995
2.3306186187999924
4.829174429303807
6.48925518340509
2.986063622999996
4.098224621599993
5.343506553599992
2.7868656707999913
1.7862448653999952
1.582070088199997
1.9975978759999873
2.642396539299993
2.2094806197999937
2.969195419299993
4.007028408799976
6.975746510303811
7.361611357099993
7.557087875405101
9.009268687405106
4.7218711379999885
3.8099895812999933
5.698468832399987
6.166623782299986
6.139329988101258
6.099504609699986
5.881901232898698
4.19766263279998
6.293386598202539
5.986332800303817
5.740361718799987
8.120584968599998
7.49644619450639
7.377598477199992
6.480086689799991
6.592572187797412
4.789655464199987
4.6257493621999926
5.310236915599971
4.548219728099968
6.318233608999975
5.089632678199988
1.6438717421999929
2.071474894699988
2.1916594802999967
4.64939611209999
7.121231890899988
6.276423481799986
7.699786920135961
4.807847451799989
5.169825471499992
4.245232612599993
8.369540472271964
7.295769366499988
4.89190466919999
5.172219702099985
0.9601287343999975
0.5289362027202494
4.791401582299981
6.58032013549999
3.9379672835999884
4.528617652899975
7.984100497405098
8.261374125696138
9.233070559795985
2.5516581878999873
3.563770365899963
8.69741887969614
7.571380326797423
8.14051711730382
6.847084985405105
8.914253257797426
9.325765940931987
5.953380210899981
7.676413914506379
7.360020683303825
8.3885400314051
10.947685145999987
10.143540382282868
9.65037158199999
7.513119299303826
8.127074929797425
8.271014210493583
7.517141455101266
3.3248859221999933
4.098825453199988
7.028308608999972
8.962773400931974
9.96170450592927
3.7098911101999894
3.289667869599995
5.752425901799991
9.109724667271978
3.4396305343999827
1.8712863341999946
2.447406469699987
3.932776370199984
5.649365791299992
7.193607981898698
6.475068003797421
3.2196797957999697
5.089300366199992
3.2670217925999876
5.751557618699989
5.924676913506369
4.216323435999977
1.9033362456999854
1.6953814925999915
1.3308617635787716
4.215981603999974
4.945152113303803
7.322405151405094
8.38652022250638
9.284420706141423
10.673679142999976
8.824332217271975
4.4201585708999795
3.90539640349997
6.536849208101254
3.9116630858999835
5.803269088699988
6.063635864299991
7.56863086399998
5.227207371493574
2.715441650399978
2.5420752837999645
3.7232487197999653
6.206080990601247
9.261339179999979
6.423196562202544
6.099575712594854
9.215615183999986
12.662479423999992
3.4824741195999755
4.615844338999977
1.1727630204141328
6.445845040898696
5.917113911405092
6.625431094405096
7.431369084202537
8.543059741202544
8.356277925101262
8.217073883101255
7.417579206797411
6.392440389999969
4.3566066039999765
9.620017193594876
3.214478265399977
7.0560147277999805
7.972586111506372
8.19517568659486
7.152010484299992
8.599381115696154
10.100468702999992
9.969448637282865
9.336645680135979
10.25774038099998
9.614927523858542
8.087479855303824
7.691538899202542
2.075120483399984
4.112715568499976
5.407665061999969
8.194208686797426
9.811218817067987
10.176886164931986
10.304043484353588
10.907793758999984
13.138893416999988
12.908429149999987
12.62530349899999
9.479283024717105
10.880981249999989
9.264422723405112
10.46271587099998
9.540134283271982
4.296308598299986
5.483712821999974
9.439394125271988
9.660005660999996
8.633981730696144
10.674079819999978
8.975291859405116
9.121715727141408
10.696651313999986
11.408220977999983
11.377257862999992
8.611923063696144
11.528678612999983
13.079741866999994
11.47691475699999
12.086092702999986
13.681215883999995
13.738181170999995
13.254959049999991
13.392591994999984
11.221312508999986
11.915746975999983
9.790074934271992
10.225772498999987
9.994097509858552
10.846163370999985
12.046816149999987
13.177654270999986
13.52951644599999
12.42430148499999
12.12071733099999
12.101551104999988
12.798557276999992
10.594195199999985
10.98569863699999
11.180782436999987
9.537807348727986
8.574923995999987
6.219754298405104
9.417575878931984
10.964618288999988
11.932849618999995
11.631560468999993
10.87588796699999
8.480894958506388
8.233697465493583
10.248434742999997
12.555158927999987
11.856951929999983
9.859129191727993
8.398707945303833
8.770069473303838
11.73981381799999
11.365258396999984
12.003318201999996
11.909293358999996
11.880568528999992
8.886635160797429
8.487046420303834
8.53171711730383
9.750894679212141
10.093372074929267
8.768943945303823
12.915157477999992
11.05637568999999
8.69175317540511
8.728148231493584
11.875107644999984
9.925860058717104
8.748628565999987
10.317255027999986
12.034134197999988
10.49113858185854
9.828054557858541
10.320378945999986
13.145883371999991
12.711355123999997
12.53821755099999
12.913381905999993
12.20758277099999
13.41483943299999
12.48904398499999
12.141586965999984
9.185518508898706
10.03265038464639
11.40063070199999
10.101967776353588
9.979207803212148
11.723718812999985
11.839132862999982
10.774782914999987
10.759256901999994
9.846419404727994
11.360472246999995
10.574190752999979
10.913707154999987
11.820813767999988
12.86710370799998
13.840779960999992
12.62443090999999
11.467023554999988
12.995723623999995
12.063387176999994
10.803696003999983
9.200717340101267
7.961267149405085
9.51481828920799
11.525435168
8.984818582202557
10.28213961899999
8.257432549999999
7.874104531898712
9.584539100727982
2.831420529199996
3.439312263499981
4.683580667099979
3.7352737060999894
5.2453599898999785
8.685952165202542
10.258147733999992
10.070686540141425
10.51300539999998
9.127497846999985
5.41256834869613
6.411556835898681
6.1660746825999855
7.1860628281012575
6.543956253099983
5.820906812999957
9.112559686212139
8.609716603101269
9.198877442898716
10.52769584199999
6.473764511099991
5.063900393699985
5.713307330299982
1.5495603133999802
4.478399966399981
5.504715339699979
5.858525587499993
5.710387339799987
7.566453280594854
6.898610679599987
5.631392396499988
6.564555870099989
9.300946029795984
6.963650041199994
7.599808305405108
9.05897201230383
7.444442945898709
6.931313452099988
8.318495185898698
7.017588139299987
6.9149324035948645
8.4801141068
4.7511587142999865
6.919018460099994
4.095330085799989
4.3928046326
3.6420505828999867
1.7484172164999972
3.6714447555948464
5.510180401599988
5.082400967399996
9.641699572863983
7.648271617101272
2.9524706160999887
4.083963738999988
2.6147879470999857
2.2063254439999933
4.646591197199983
3.4166590209999863
2.0182432891999906
3.293445460499979
5.609799833699994
4.6742305129999915
3.396124241599993
4.511957804899982
3.915895954899996
3.161865772999995
3.045696388199987
2.40674332279999
6.377639450101259
6.41692364959999
5.579977918999989
5.704639468399986
4.521864112899991
2.437886680599995
5.287745841999987
2.686602221699996
2.9958050506999734
3.7835619124999993
3.1240687102999933
3.541415669299989
4.720994772299985
2.2108470153999917
1.143271607999995
2.7087011153999945
3.838231468199979
5.964958201599984
5.240650816299978
6.561064619405098
8.132902378863971
10.30872967821214
7.69349032589871
7.018884234594865
7.482687347405096
8.865537651101269
6.84338246310126
4.925058460999992
6.084823599199993
3.9673832015999873
5.2881256118986935
5.506939707899991
7.9671252654935865
8.715367233303823
8.57944027099998
2.001297790499998
2.082779301499992
3.300645750399992
4.789622026099973
4.87979665069998
5.912448316999977
7.220311419696138
8.18784024972797
6.568251095594854
6.808622738599992
4.441466216999979
7.525537870797418
8.940410679594867
6.914058064303824
9.326962733339984
3.375474089099989
4.9276493453999946
3.186279177899989
4.42144365689997
4.890813139299984
3.4721418273999807
4.236340666199985
7.531707311999983
5.578827285799985
7.0632956267974185
7.799527076696134
7.238446946696133
7.5099963576961395
5.8805013991999875
5.492300115999991
7.949075405898706
5.63929759830381
7.133430641202532
1.8524287856999813
1.8934809539999733
4.475334393299979
4.118091363499982
7.699189256303815
8.247621020493574
8.228267102101261
4.304987522899983
7.41840274349357
8.765267015067982
9.469274050931986
9.355863265999991
9.403004591271985
9.639028344795989
6.628452708399984
6.093812167399986
5.321761215199992
7.347388577303822
7.804982253999977
9.092104493696148
10.266922586070706
10.177693022141428
8.080086659202541
8.090059435999983
8.498291264303822
8.479384356696137
9.448763308795984
8.059222236594863
5.881280694599986
8.766408438067964
6.152853495797412
5.694825303599981
9.961582778929268
6.923400424199992
7.168165484594864
6.248303102099982
6.2667722824051015
10.199840238999975
4.381595346099987
4.42374387509999
6.403549703999974
3.753849482699983
4.579410096699969
4.059491789199974
4.134620144699987
5.317302362099976
7.1410820846961345
9.580775903212134
10.514231506212138
12.034153411999982
10.600467794999984
9.151746298135977
11.312161825999983
10.114937721212144
10.42598531192926
11.726453936999986
12.650254998999994
11.390426571999985
9.538470823795992
10.172128720070704
11.14232507299999
6.526556556696141
3.174431521599987
5.093355532797412
8.387034838895968
8.87561740106798
9.404962661795981
8.016825811797418
6.039043160999985
6.894834834303813
7.653971533202543
9.428092692727986
10.601887226999981
10.820447451999986
11.286251426999984
12.059516169999998
12.705139286999989
11.785726897999991
10.634365813999985
10.879137104999991
12.929502935999984
14.14235837699999
12.162107311999986
12.453614119999992
12.479770078999993
12.97379665999999
12.13268771099999
9.963477607787823
7.01209615630382
9.089991110202554
9.300110606415982
11.103838111999995
12.569508126999985
12.598624619999985
12.90723321099999
9.397596888787819
8.743060459931975
10.337049421787821
8.492797688303826
6.655199726898695
5.948512655594852
7.758438296493585
10.350565612999992
9.34777271420255
6.3351383086961315
9.12740765520398
9.341716989101268
13.011926764999993
11.47882490399999
12.43409259299999
11.752686561999989
12.594872782999989
13.048690500999994
10.488665157999987
11.76766705899999
12.272859742999993
6.3811962905999815
7.861639401202537
11.001047179999986
12.275837118999993
12.730744066999993
13.931133880999987
13.583025208999993
14.408129308999994
13.271534063999994
12.331079415999989
11.794293648999997
10.393434635999991
9.903285339271989
11.596018331999987
9.582509214863988
12.200028600999987
11.882054342999988
10.738955274999986
13.026505131999999
12.840637351999995
12.431679271999993
14.484169211999992
12.618490781999986
13.763834870999986
12.135700298999982
14.536171590999993
10.68548841899999
11.223350338999994
10.486997339999986
13.02165143299999
10.748327212999994
9.200637104797435
10.211738579999993
9.371639944353586
11.909276948999988
11.91980812699999
10.159767779646385
10.937041660999986
12.475069738999986
13.146033187999986
10.962248235999986
10.032662956141424
10.302033132999988
10.731729030999986
10.111115071070707
9.908968432717106
9.421199912999986
11.951358874999988
13.513937047999985
13.638695849999989
13.336398197999994
12.592414661999985
12.739564463999987
12.984138166999992
12.232639727999988
12.226708806999989
11.181791736999989
9.684657615795988
10.721276961999985
9.488911158858533
9.833018661353579
11.572716680999983
14.40261453399999
13.193949485999983
14.520793734999984
14.299983007999984
12.989249489999981
13.905882868999983
14.73555667899999
13.865671146999988
14.160158886999985
14.573917064999987
10.922319164999976
8.928932127405103
13.620923545999986
10.107321881070709
7.380925160202544
7.111933222999989
10.115103541717104
9.95881196899999
9.34678648820398
7.9049460434051095
6.387735006699985
6.214544699099989
8.51122607879742
9.415540209999982
10.104475910929272
10.197485183787832
11.689749135999984
12.175860822999988
12.661849132999986
12.518986548999987
12.456756405999984
13.40225820899999
12.533238074999991
10.728875454999988
6.305924320999996
6.309582633999991
8.426230497696153
5.114594486999986
9.261635255271987
10.483478119999996
10.135471503008155
11.483393142999997
10.82915009599998
9.404982286067987
6.269341148399991
6.686914128099989
5.341012322999989
5.214788229399996
8.45340688479743
10.019425765999989
10.624475405999991
9.933816468863995
11.549386585999985
10.364060732999985
10.500010428999989
10.782438447999985
10.790177787999987
11.309785447999985
11.653464991999988
11.952026525999981
11.108077852999985
10.961709090999987
10.170038787858545
6.9118057738999905
6.245036462399985
8.627470318594867
6.885614511101266
5.975661982699988
7.483423287999983
10.680766283999983
9.449306994717102
6.0134088729999755
8.053421118202545
3.521271092199991
4.557801428199994
3.4734500350999906
4.916090797399983
5.886184031699985
5.498809526099982
5.701813848899995
5.9689759688999855
3.178705213899996
5.765031880199982
6.59567715449358
5.188888922099984
3.4341081389999917
2.7153734755999954
2.5828739959999867
4.14561303249997
5.216851161199984
1.2693833754999921
2.8577784133999917
2.968257414199981
7.423614347797421
4.879071867399988
5.637840148900005
2.987463093599991
4.762893879699987
5.734907217399986
3.8308403930999946
4.599418661499998
7.431910089099994
7.194403039594867
3.701780668599988
3.2533808364999928
3.8412680282999947
6.117214587399983
8.061214955101265
8.752880190999994
8.149302279696144
7.956080577101262
6.848034779405094
5.830267539999972
6.767488005099991
6.248927024799988
8.093658570898695
7.699324809303822
7.2810130965999935
5.9556531524999965
5.9021593139999835
7.601983677696145
2.495071986399988
1.4466468184999965
3.0089909408999764
7.092796681202538
8.629212937898718
6.272228631594858
6.836166299405102
6.638300260898702
6.709097743202546
6.912774040199993
5.521652787799984
2.7380640044999813
4.813767262303801
6.132719515999978
2.2048385467999867
1.7254948440999784
5.846414244101252
4.03009553989999
2.646369415299991
2.9835907409999813
2.242101483199992
2.299138267499984
4.578185751299978
6.936485479696144
4.959584864799973
4.095243643199989
2.002721360799996
1.586987434399997
2.6948068587999923
0.9513472022999963
1.153047579871704
0.7670448393797412
0.6989982575405098
1.0766677871999966
0.8359794918070678
2.0738946319999823
5.1237219513038115
3.206218022199989
7.512946104405087
8.149495629898711
6.748036076399984
7.862277888506376
7.694259487898696
6.275205454999994
5.173036573799986
4.741741761799974
4.984245172099986
4.162058982799989
3.54419332729998
6.161479318199978
4.6912493194999865
6.006376612898677
7.950182067898696
5.268303396599989
2.784933364899974
6.438755425999976
5.330881596399985
5.613675193799985
3.88151086729999
4.125483926399988
7.111855403099994
2.8687072677999965
7.663766819797426
5.8259662368999905
4.416086080899976
7.284102682506383
9.03262345720398
7.479946217303823
8.43826883999998
7.74595724640511
7.889206796303821
7.462967175299991
3.01752623899999
4.554625971999961
1.077914067471702
3.133386648599992
4.810554066506369
10.183658616717109
6.081779482999981
1.5196305831999941
1.0645569594999957
1.347337161299999
1.0631952496646206
1.8816570083999828
4.414781710799983
8.201003147898698
8.205916070594862
2.4303821410999764
7.229171549999971
2.8089639770999666
2.7846802672999655
5.975255013999977
10.244194514353575
8.138554817202536
4.404107141099978
9.295584713795982
10.010825242727984
9.307926620339984
8.78027838130382
9.014064359999983
3.0878536468999824
4.917721865797395
7.617862120101254
5.470510726899991
5.136892069999987
6.70961985320254
7.51379952389999
8.317259304797433
7.224410224899991
7.502077784699991
7.839833668499993
8.117630229202543
8.66348242949358
4.594426956199979
7.363817799405103
5.569523997499975
8.397787470999976
3.645168858299978
3.4749904723999787
3.3185449889999776
7.239635258506367
9.105610484203972
5.969583003199988
1.5999155547999901
4.408900227405088
5.860577400199988
8.609246609506389
9.480399591067982
8.81754633940511
8.800914469898705
8.207704864493575
11.418838942999987
9.073831681797431
7.769179406696148
9.042819488659982
10.94035170399999
10.876268793999982
12.100464675999985
12.468572490999987
9.58666793985854
9.334535186797433
8.787725416594867
5.892179273999994
10.290709665999989
8.220572694405101
3.606400100699979
3.609129739399983
7.262790942405094
8.200695342999987
9.454106599271977
9.382468182271982
4.277954095499969
7.6387064605948565
7.932374883999989
10.866257157999977
11.992483507999985
10.94699816899998
13.804628197999984
13.842417650999991
13.21905225699999
12.983881205999996
13.354802144999988
13.943172910999989
13.66786489299999
11.050481391999996
10.574072300999996
11.517384043999995
13.300658997999985
12.613513772999989
13.05223894799999
12.435808530999983
11.188729366999981
12.05586209699999
9.368203283795982
10.713675643999977
13.91330487199999
10.708369134999986
10.253476663141429
9.575741535895993
11.90315249499999
13.112122219999986
13.091023855999987
12.86513025099999
13.735127282999988
13.646168099999993
11.48761851299999
13.082094370999995
12.326543459999987
13.634370363999993
13.32672976199999
13.413709443999991
12.606228396999986
12.551105980999989
13.40733910999999
12.80508002599999
13.099995595999992
13.108748357999993
