14.28106376499999
13.430534737999995
11.666414240999988
9.158329661594864
10.34989307399999
12.144583143999995
12.167004490999988
13.195537919999992
12.533850763999979
11.325037453999986
7.098200530999975
9.84259340678781
10.921386559999986
8.117610719303826
3.291271119699984
7.268899366797421
8.598355052202546
9.728773515203986
10.632861791999991
8.97209638059487
10.478063030999987
12.257765098999988
11.441301681999983
12.757269585999993
13.066339669999987
12.72491058799999
11.353219860999985
11.270860428999988
13.684853206999987
12.450165708999995
10.666520623999995
9.235987345931985
12.668719057999981
14.594744147999991
14.151102610999985
11.744689089999984
10.327755301999991
6.935895593299991
9.661781761135993
9.47990555106799
11.195596605999983
11.51253869499999
12.122786663999989
12.253256315999991
13.20470749699999
12.537372548999988
13.938537233999993
10.524762743999993
9.734379603727993
10.913590755999989
11.668724625999989
10.872171503999986
12.74336400899999
12.660656379999988
11.440272407999984
11.435190000999986
8.773684379594862
11.391821197999988
10.457481281999984
13.13803969899999
11.752917724999989
13.758823057999987
12.375940705999984
11.533825161999987
12.57630815999999
12.769958742999986
12.161087673999988
9.306415054303828
7.62180252079999
6.0355051757999965
8.090528384399994
9.967969950929264
7.541390318303827
8.056367613202537
9.714292178212142
9.14933193359487
10.204081098999987
8.854206005898709
7.930717271405115
9.058662496898707
7.44525347289871
6.9493326735948715
9.120381736858539
7.228546784999974
7.643911531101271
11.642802801999979
13.809330404999992
12.637471752999994
11.74690433799999
12.886880076999995
10.771365436999984
10.696232332999985
8.014338421594864
9.541756234795985
11.917833994999986
12.50508214999999
11.945079444999989
11.784294565999982
9.794184146070704
11.050104320999989
13.265859041999994
10.572223543999987
11.550818433999986
11.472843862999982
11.38331105199998
11.831612304999993
12.132990011999986
11.636806199999986
10.514807601999983
10.144683509858552
9.340858572271989
10.930543050999985
12.043370443999986
10.037615298339997
12.987801507999986
11.837393972999985
6.074636126699987
9.802334164271985
2.9310031249999904
4.0461350281012445
4.940137773099988
5.252286062594852
4.695540557899994
5.036186108399989
7.345072361799993
6.609435250898707
5.721686112999984
5.163508843999989
4.038505889899983
3.9556932143999983
6.946669435099997
8.844552166696147
9.061804518067973
5.57625959469998
2.301857969699992
4.180576652499988
1.7003102447999943
4.382948066699973
4.517332234199982
5.454151231405082
6.433725439499986
6.602615682999976
4.842039924599991
5.3692332427999965
3.5815222442999888
1.3898937713999944
1.4398690062999964
1.9454223266999922
2.480980487099985
3.078921858199988
3.5733109511999945
3.5547114303999816
5.163632344099981
4.708526107799993
3.9381128249999944
3.288709365799998
4.51509356989998
3.5881739838000004
7.729293691999983
7.413631906099991
8.773605755594868
3.742753793299973
6.363453622399988
5.873513354499995
5.2827778931012475
4.783818142699976
5.5189714553999965
4.554626625099979
5.711676144399996
4.3881650191999935
7.305662226898706
4.147168147299985
2.6707416213999915
2.4316069823999817
4.310617222599973
7.254650268594859
3.8234020659999666
5.363385653696134
5.2466172774999755
2.307710314899993
2.636166065999993
3.540132316599992
1.753039416499988
2.9352733901999906
6.130992091399981
5.4404849807974145
7.280863075303817
4.659441107199974
7.42096092830382
9.531824278203988
6.914468095399989
5.433233746299971
4.416249661299987
1.9410700286999958
4.128627438399978
4.593144384799993
6.418855657999973
3.0758907378999734
2.1217439864999896
1.7616765227999962
1.5087907012999953
1.161643179299997
1.9515407302999974
1.7990982894999823
2.604341506999987
1.3656677077999926
4.23745452419997
5.400322730999986
7.410208384696123
7.85676172030382
8.786338157696138
8.898625297659974
6.934146070898697
6.657408795202534
6.149577157600001
5.372864744600002
3.822405087299998
2.52173545379999
1.4624582305999965
1.2434336120999943
1.722135639999998
1.3332771956999887
0.9889484825070662
3.0796457229999867
3.3951265944999887
6.92191108250638
4.398642050199991
1.4478988311999959
4.858682650797406
4.0730937316999745
5.393367718493559
9.125915635795979
1.127155587099989
4.313832861303804
4.241555075099985
5.0165135528999745
5.532907748405093
10.1875970887171
9.427770503135989
7.828580544999983
3.703758642599986
1.9282156722999946
0.7735505175727972
1.0288726987858503
2.0257131576999834
5.4295775573999805
7.212443890405106
3.9939170363999876
3.281231181299987
4.998634152199988
6.338046325699984
5.8174666442999925
7.156182914696144
5.050399232499981
5.176692904699987
3.664130686999982
7.8615383559999845
4.6594927016999925
8.614514251795978
9.313660972727988
7.52819499510126
6.012039941405097
1.6204490401999911
4.651678860499984
1.0583021668282773
6.816892240898693
5.790191740405093
4.481375176999976
7.0671089568987
9.561075990212139
8.455264553797422
7.308751063493583
4.946412411506369
6.260347192405097
7.478137243696147
4.8244179839999735
4.15825918269997
6.82012638550637
4.326354836999974
8.937672996659973
8.738839160141408
12.04426579299998
10.975538027999974
10.70439940199998
7.930117066999977
6.577881399493589
8.69152060240511
7.830496899405102
4.841379980499973
5.601220269797411
5.263559989899972
6.513862573199984
9.444851077203987
8.998277642863977
9.229402041727978
4.956476214599969
5.086909896898686
8.711024871863977
7.854710540797427
7.654279482999983
9.388766828931983
8.901405912797431
7.2096976852025385
7.4959749740999895
7.95342931059486
11.693667400999981
12.388021729999984
11.558892359999982
10.929382531999986
11.419134372999988
13.001683118999985
6.339278216594857
6.585594868499988
4.6355231627999745
5.8753464142
7.176529141202538
7.82371519469614
6.460223779299985
10.447011737067989
9.928095429999978
10.784837520999986
11.041434043999985
12.376866861999982
10.919035344999983
13.059856374999992
12.369330965999985
10.72323795299998
4.201105763199979
5.09137880250637
11.47241703799998
8.995584844999991
8.129778720101266
9.061617552135983
8.487633239696141
11.132765210999978
10.843951301999985
12.079719976999991
11.297129659999987
10.679746497999991
13.836679244999987
10.72578107099999
12.337561704999993
10.609190612999988
14.835233780999989
12.961099434999992
12.802967011999996
14.611026014999991
13.880164795999988
12.402505481999988
12.585241726999985
13.32049647499999
13.695984403999987
13.623382387999994
14.366378531999997
9.80330568393199
12.643195841999976
12.706541469999989
7.800542108202549
8.573362176493584
12.208712089999993
14.58017316399999
14.204888712999994
13.325127407999993
12.888106160999984
9.694622302135992
11.102909531999993
12.642594835999992
13.00259948299999
10.419734788999982
12.378150049
13.136099907999993
14.15674743199999
10.883128678999979
12.804319315999987
11.87352122299999
13.150781614999987
13.467097016999999
9.433167362999994
10.410275066999993
12.218607335999987
12.139243763999987
12.563113552999988
10.66134515499999
13.097877073999994
12.381205065999985
13.814030555999988
10.689751636999986
11.30759908899999
12.228180983999993
9.704314692787827
10.712397791999987
12.39971130199999
9.926467130999988
9.610641113203993
9.943328941203987
12.315525347999989
12.167424004999994
13.56371598199999
12.761176369999994
13.097588820999988
12.18483453099999
12.209113643999995
12.937440029999994
11.946909447999985
10.974422423999995
11.033001951999989
11.431530892999985
11.822176865999982
9.89213668378783
11.18288764299999
11.737173499999978
13.665642084999993
12.623919375999984
13.79826683
10.187181088203992
11.370367618999992
10.915484336999983
13.236540529999987
13.006414240999987
10.029479705863992
8.63269549410127
9.082152853415984
11.23830437499998
14.720099209999992
12.527613018999991
10.430969838999992
8.533850451696152
9.13942960510127
7.425372378493588
8.848914039594863
11.29445890699999
9.147753829999989
11.46264499799999
10.710671535999985
11.167038326999988
13.613921341999987
14.45427778199999
12.291819596999984
11.39154441999998
13.088104821999979
13.631294297999986
12.99169438199999
12.17086563899999
8.364600775101271
2.7788982375999924
3.028671597299984
8.663862878405103
8.479030549594864
7.039537742599996
8.212245954898707
10.45628122699998
9.565945645070707
10.470063674999992
10.862522208999987
8.558222581506381
11.147341913999982
11.930104184999983
12.77186777299998
12.081265420999982
9.746498034795982
6.375331689499982
10.643617151999981
11.692573543999982
10.158117059212131
7.646749415594854
6.616060716202542
6.570941892999977
6.821941316202544
3.42926401059997
5.194910862699997
6.2903632004051
7.488140904202534
7.0184053069999806
4.4575202956999975
5.483228080700002
5.737995190405098
5.576883789099982
5.477025346399983
6.2634272536999855
4.140888957199987
3.2894967574999883
3.177379370099983
1.8157909621999881
4.401661440999971
8.008359246797413
3.62539894559999
5.096310922199974
8.158960150101262
8.31174024199998
11.241891155999978
7.588877841202542
6.557058006299991
6.090788555898693
4.365514971899999
6.122040739399998
7.1287458251999904
6.618798867799988
9.08337841935357
8.552530856303816
9.051504798931973
11.014168018999985
10.956630524999985
11.777707946999984
11.386375785999984
11.61390697199999
9.317957476863977
8.530968077101269
7.699323200999982
8.917988433797424
9.734504295212144
7.507275823999987
3.5417929213999866
3.3881596801999905
1.2817878539999938
1.250036602799991
1.8343052749999893
2.8889063170999867
1.5748953368999898
2.7458192885999897
4.612123969999976
2.4773057036999955
3.9034734496999848
6.607505598399988
6.864740119898699
8.398920263696148
8.53584534910126
7.407335972594861
8.265061805696133
8.94540042279598
10.66605856799998
8.167225665303818
5.202825231899987
1.4525092545000005
5.526006014999966
6.7457277862999865
8.324522582999972
6.388891482493575
5.093921234099987
5.902535497999994
9.399498745795976
8.25580468127197
7.213504273999972
2.856959883099992
1.2315687911999995
1.181952276599996
1.2671643859999944
4.623047024499973
7.692863636797407
9.705227452067993
8.360607464594866
8.58491758579742
10.16660325314142
7.69602652589871
5.558075462299988
7.10133394930382
4.99404825439999
4.288532186899992
3.537182440199999
3.8431596160999786
5.300228564499978
5.823482105999975
6.957474926799993
7.379936566202542
6.234796696506383
6.013660372899985
8.232417665101265
6.865325198399987
3.47701119999998
7.539207485999979
6.90757378389999
4.649156388899991
7.557728594999987
4.516539891099992
4.809354322799996
3.206326763899991
1.523319108599988
1.6245355208999808
2.030512933299981
4.3546810332999835
5.80528901669998
8.084427093493584
1.7240460525999775
7.4600481812025405
8.474378216594868
8.283546066303826
5.599290153499987
5.945827137799981
3.691143859899986
1.41835204769999
0.9154522417070681
1.9751989760999777
5.475058021499983
4.015521630899994
1.8458975905999921
3.4042080413999822
4.097147724899999
1.320523226899985
2.8685679442999787
4.638285682699986
5.977637428299981
9.564168254067983
10.878691095999985
7.250112309303816
2.0773403945999966
2.367060298199996
5.967867962600001
5.223176236000006
7.193311666898704
3.8986878859999816
4.092482861299986
0.7030320872303815
0.9378668786999909
3.4660618102999736
3.0282895888999866
4.533843852199992
2.8157002761999843
5.008290505999976
6.207090415999982
5.808166915899984
6.313073484797421
5.221964114399982
6.184353337101254
9.329911489931977
6.207570974696137
1.9064973800999838
1.2640034279858403
2.1403327361999738
7.7389856765948455
9.761201411271971
8.479912504727972
3.376524783299973
9.181011250203953
7.617256314101269
9.412546595863983
8.264929682900004
7.10035972899997
5.085437745696118
8.187347582999971
6.416944303898693
7.717384915202541
7.854882815594861
7.066359069797416
10.93579953899999
12.161194423999993
8.77402912293198
8.033162226898703
7.087091897594857
6.676675898696126
9.818316880858537
8.643138523898699
5.06211804349356
10.69351629799998
9.65861606764638
9.657333445795986
6.984161569202542
7.493513810696144
6.350601290899982
5.9449661713037925
6.6785371993999885
3.939219346599976
9.058474131863969
9.29849056533998
11.738076212999989
13.612701374999986
13.02267603099999
12.335367100999989
13.441162995999989
11.38674761499998
10.478940700999987
9.856124072212145
12.527368480999977
11.302207630999977
13.338213085999985
13.46493805999999
11.35095949099999
5.095437081899999
4.405356700099987
4.849971885699994
3.261209037799977
8.182379437303819
3.8274627685999727
8.335695469696134
8.801745474202546
7.932483378594859
10.350730868999989
9.85812053078782
11.658134093999983
10.53097125199999
9.632873475727973
9.207788671929238
12.671498165999981
12.291705501999989
5.058055659499981
7.299529194594863
6.199539646898701
8.511901271067977
7.520355270405102
9.559479101727982
9.464417539999982
7.798815234405102
7.983802625999982
7.032392092899988
4.89316959989999
10.727341211999992
8.819850280797437
8.38664640199998
9.673124926863986
9.095093695101264
12.367937566999997
14.498623363999995
14.13308396799999
13.769058065999987
14.092490798999991
13.27902237499999
14.440375588999995
14.642993186999995
10.596593590991827
13.91162969199999
13.210121978999986
12.73591005099999
12.50417890899999
12.988785398999996
11.801843845999992
9.332369006303832
7.289416477999982
9.678103091271991
11.179027356999987
11.595337659999986
13.383774570999995
14.342168708999994
14.446792432999999
14.896831186999988
13.977247158999996
15.847625995999998
15.13304664499999
13.43563458299999
11.348307628999986
13.415681441999986
10.904443857999985
11.704363518999987
9.70580107413599
6.522066470299994
11.85118916299999
9.121883732594867
9.16475619659487
12.276627849999985
13.384157836999984
12.844824157999986
13.028058587999988
12.906210512999989
12.728331580999988
10.683455079999993
12.602579973999994
13.91499348399998
12.675436214999989
13.241383022999996
12.791508039999993
13.190335463999995
13.38250208099999
12.275610732999978
13.535801357999992
13.75619856899999
13.60851604499999
10.258547613659976
4.564571577499981
8.272332224999982
12.726810004999988
13.727902424999986
13.939665911999997
10.186249027999974
10.63684485799998
12.362508365999977
12.637120597999989
11.929322207999983
12.272483668999994
13.02890211599999
10.960968296999987
11.83785999599999
12.857518300999981
12.32575630599999
11.141388636999988
10.201503756787819
11.052519156999987
12.243515200999987
11.63919499199999
9.991917001203998
9.392901757797436
9.623829914931992
8.521796711696151
8.30197749940512
10.663565124999995
8.83766837920798
6.5370446013999866
9.284736875895987
11.694251249999983
9.50717402499999
7.752713594099989
11.024199009999988
8.2524383316
10.251641605010883
13.16056952099998
13.466622635999995
9.709001309135992
10.461565473999986
9.709751530339993
10.1497136857171
10.785763001999989
14.959494684999992
12.575342077999988
13.072859154999984
9.094309226999975
10.302635670353585
10.849710164999985
9.95679692221215
12.951939316999988
13.099234980999988
10.917356565999988
10.409397910999985
2.18835132749999
2.3176177321999956
7.967411772202546
11.832180626999989
11.501543718999988
9.54565988172799
9.74013079820399
12.291452483999993
10.187581374999993
11.56277577099999
11.252203702999998
7.632954608200001
8.766724645999988
11.104453698999977
4.243128906199977
15.122030111999992
10.959917713999992
10.236554604999991
9.819309001135993
11.143163677999997
9.834852490141424
10.775786614999982
8.51271463930383
11.31480605199999
7.913213024898695
9.492858297787818
8.237058810405097
7.794571453898706
5.15813060759999
1.5569561995999939
4.111588386499966
8.811568594271973
9.893961770717103
4.613673747299979
4.711705860899974
10.064432479929255
9.025282632405101
7.838048692303822
3.263085768099964
3.5717445861999813
3.846965470899984
6.29079762120254
6.433852183493575
8.78041821427197
9.965972613646377
9.633982659929261
8.419055827303824
6.903665893594867
7.479564810202541
1.7090580596999623
4.49026808169997
7.1354117554051015
8.253487820405098
5.600051811199983
10.82781230499998
8.107345858863969
3.924523120099984
1.448303936799998
2.3785155212000015
2.202991873199993
3.535804502899999
4.001960458399987
6.04612876279999
3.3140145644999963
2.743828024299968
2.033848417699995
1.5918453643999932
1.4298273604999951
1.990452574199988
3.1561975905999815
3.171130454999991
2.964863772599984
5.2594875930999825
7.821788645898691
6.130932972699987
2.7789196883999856
1.9023844680999757
5.104306393405083
4.088445057699981
3.563407856799975
5.920811564594853
6.035370907599982
6.363748826599985
4.168832948299993
5.6919098861999915
5.345748309299982
7.004283444202544
7.713126676898705
6.6783825759999775
6.7792899184999875
4.871018203696127
6.344410737599983
3.934261991899992
2.042977891499996
3.4570886062999917
4.155210633899987
6.493145739699991
9.058830502203973
4.8156103179999805
2.064602552799987
5.610164352405098
6.199387496898696
5.6194213012999885
5.5108127089999845
4.91706241459999
6.27488419339999
4.507878239399991
2.388662348899983
3.5026611983999825
3.3814935103999906
6.365146758999988
8.02116423799998
7.190373121594867
7.989914985696144
5.868571842999994
2.1182647063999953
1.9290878753999914
1.3867944217787596
5.901270214799987
2.572525553899993
1.1660812484999927
2.255814273099993
3.437079136699972
5.459781147799991
4.238975024399995
3.7622730742999915
2.646213366699993
2.1721019378999977
2.397682708699989
3.571902264399989
4.021116796900001
7.621442802405109
10.521725971999984
8.88046142279598
7.353807955899992
4.76520906069998
7.432456056202544
10.267214114282858
8.352418780493586
8.325428388999985
7.958922599797417
7.000903958101256
6.544906686399993
6.477332078599988
6.278365141299989
5.259158871499977
5.512012307699986
3.8794719283999815
3.681791773999987
4.003174029499981
7.269436239594855
6.6033121994050985
5.02112002259485
10.156070463717107
9.630102053863977
9.870284088070699
10.192928820858544
5.986863180499988
7.975846350101257
9.265413893067972
10.887026061999984
9.429041249067984
9.649738256863985
8.806347764594864
8.326300489797424
5.439992761199986
8.751344729594868
9.795945979203987
11.263992548999987
3.5812264739999793
5.358612600699975
5.89949698329999
5.9969703292999865
9.632635955863979
7.797394538898707
5.613302610797402
10.982945719999986
11.144480062999978
10.381902603070694
12.017490682999986
9.4492278367171
10.258523138282861
10.404413935929263
12.06978003399999
11.639659525999985
8.155570864898705
8.889790100101271
10.149615118282863
9.08125100710127
10.667751366999985
9.639773715141425
10.563558828999982
11.843580280999987
9.936039060999986
9.367391610696153
8.801575999506392
6.826339999399983
6.749884860199981
5.03972288359999
4.746531956499996
4.364806532299995
3.353051274099991
4.106176315299973
6.352596134898702
10.512011869999988
9.839792184271985
11.234786731999987
9.77952810678782
9.845278817795982
6.202411625696136
8.124831256101261
5.240957258599987
5.991058773797419
8.177768154898693
4.053314715599976
4.674283416696127
8.91487651679598
8.081380439797426
9.66298610221213
7.431819163493571
2.839468075599969
7.891555996696142
3.5451209578999903
3.218733714299989
9.451008044271974
9.920351357999971
11.336535558999993
10.455454647999979
5.872503803999977
6.441468244895944
7.3480751449999735
9.609255830282867
9.856426020858546
9.658998236070707
8.281140339696133
2.184739555399985
9.274868472203963
8.60514948420397
11.353640311999978
13.46376515399999
10.282486583002719
4.649344111599978
6.847632833899981
9.508091859282858
9.638200576858535
9.363386556999979
13.022122384999989
12.526589104999974
13.377831907999976
11.237851989999994
10.008068339659994
8.40129048310127
8.075047009303832
9.881957163999989
9.451686112999978
10.040451182999991
10.275305953999979
11.717807577999983
9.70230136878782
9.706762104858543
13.587673786999988
13.012700492999985
12.693356037999987
14.053960593999989
14.618691752999991
12.90689849699999
11.352261760999978
5.527000222799982
12.49408602099998
14.553390149999991
13.60620422799999
13.801763428999996
12.848365251
11.899748862999994
13.487523652999991
13.545707958999992
13.860418935999986
11.65377208299999
11.286814058
13.459715999999995
10.244774381999987
12.647822741999988
11.103571035999988
11.653508185999984
11.987222030999988
12.131949160999987
12.458877418999988
12.29077632599999
11.926049856999986
13.762988634999989
10.89913999599999
6.335437470999979
11.449149111999983
13.184871219999993
12.42105606499999
11.599282219999985
12.66823549499999
12.686695534999988
10.478509067999987
10.326687676999992
9.858129310727993
9.265586186202553
11.82695763199999
12.654694909999986
10.55760076799999
10.652255514999988
13.416731162999994
11.954759490999985
12.499905733999993
9.86092003486399
8.656863447594871
7.451722738599994
10.717415153999985
10.027474095135995
13.009155034999992
13.488037195999988
11.86860438199999
12.183588712999992
13.834141582999987
13.35298945199999
13.724660686999988
12.384739225999985
13.176688497999981
12.34195991099999
11.528861731999996
12.777206778999982
8.0533007034051
2.358478016699993
10.255239517141405
11.52754987199999
9.84195078286399
14.334565059999989
7.320591245999992
8.808405123898714
6.977215479999992
6.776032220506383
11.274170119999988
11.503312475999985
11.006404371999992
10.14223996721215
10.918897046999989
13.760118204999985
13.82607903899999
13.37497756699999
12.380276572999994
10.741736463999992
11.865053853999992
9.550374830727987
10.239701634141428
9.24094776149359
11.000035344999986
10.57315003699999
8.171891166699995
11.61360199699999
9.378650077863991
10.95919928699999
10.725234586999994
9.154920535303827
8.338016610696148
7.877021751405107
7.514606097405101
11.157141045999984
12.039044787999984
11.051569257999976
6.828796148699985
8.325369638101257
11.92778966799998
11.22702078899998
13.313383663999987
12.484549329999984
13.007538144999991
7.087898004202542
8.53233919830383
12.809585892999985
11.819593036999986
13.001925271999987
12.934553254999997
12.734543671999987
11.552733707999984
12.085761283999991
12.236290172999986
11.605122623999996
10.98317953799999
12.156806902999989
12.583827485999986
12.896295969999985
12.044190224999985
12.29025903499999
11.86581957199999
10.86864102599998
12.41651330099998
10.383633742999994
9.697072605929266
9.439588810795986
9.878620465070709
12.672401009999986
9.49151095285854
9.00551851972798
9.262777516135987
5.777400266999983
3.151287477099992
4.404302761799986
4.568736222799985
6.898041282699991
8.353325625594856
10.325269248999984
9.395928405863986
4.5566315200999785
6.487425042696133
6.966384645099992
7.759501711999985
7.00907454530382
6.617310469101263
8.519992726101268
9.291255004931983
8.674814814797427
7.503710996999994
6.396299015799988
4.1588917647999875
3.476984988399997
5.339140057399992
3.467625790399996
10.09641719506799
10.334636231999982
5.718323832699987
4.319672544898691
3.394503147899996
4.336666160599987
7.5100894745063815
9.674719793795976
8.88551116179743
7.884908673101263
5.236399690202535
3.161716682399994
3.3723116439999967
1.6726875106999874
2.4125436248999934
5.178812606799995
6.526139329493578
5.874141818199985
4.520520465101247
2.5849634170999947
3.0325206893999934
12.157368831999984
9.061649494898711
6.085769325299984
8.466574592727973
5.534384890699992
5.075200172399995
4.196636672999983
5.050236195399985
4.992829617303814
6.647574667405101
5.390592056299992
6.825975805696142
5.930672613493577
5.396611775199995
2.032783641099991
1.9885855224999962
4.969522235099974
6.27691555479999
6.038583363299985
10.995827428999991
4.566445719899995
3.2321742324999914
2.2718799621999937
1.9856147262999986
1.0202366191931989
1.0704781793010867
1.4701904265999965
1.5112569594999978
2.832018888899989
5.141148689303812
7.640111085493575
4.338125208999989
3.4960398452999675
3.108928890999996
2.490016897599992
1.0933313953282808
7.808544189506373
5.508529006999997
5.786659953299984
7.2785217621012555
6.788702282699987
5.57359976959999
5.641224330099996
3.870968756099984
3.0243900619999873
2.8744828002999903
3.6173986648999907
2.4516573302999842
3.2930054748999877
4.052841068999983
5.587542079202536
3.0142972243999875
2.812345982399993
3.2837824782999885
5.963802317797415
6.11222506099997
2.764460049399963
7.085248030101258
9.424002665795985
10.208902253787823
6.260188404799988
2.0665877898999927
4.271740956101252
7.997327966303826
6.3168616118987
8.133485252405105
7.470047135898711
9.428788207999997
6.64374871669614
6.3628305252025426
6.288942791699985
3.860439805599986
3.8009041182999876
1.8311323928999803
3.4273477431999884
2.1124231521999945
2.288045025599986
3.3794552810999945
7.128112902799988
8.863692881797428
9.817703311141422
9.822207025067982
10.566240128999985
6.382123648101262
3.1330963698999796
1.545950276199991
2.0435310805999864
1.3880750609999868
3.028941139202514
4.511479870599977
2.048087246699986
5.1246143050999855
6.844937051405099
9.610873550271986
10.315184672646385
9.165185391202552
10.102986169271992
9.596774108929253
9.089996798696147
8.885325590493586
12.103954497999977
10.11391968221214
11.417733068999985
10.053554099999976
5.159201754797414
5.126905682405087
5.444006649797411
8.182410523999971
6.565645820594833
10.585118773999985
11.925890906999987
7.7859086044051
5.477912615999993
4.898529688999986
4.718741563399985
5.239092164599975
2.5374697188999815
2.088973513799973
3.9060558593999786
3.589899925199986
1.4250620666999831
4.428684809899978
8.108211268727969
6.483050860599988
7.972976022299993
10.523051476999989
8.200277656594867
12.02025037799999
10.524694340999982
9.877985322717102
7.917473800699994
10.224686830070691
12.905210621999993
12.589690171999992
10.558123221999985
12.321930724999987
12.627493297999992
11.307763193999985
11.303925390999977
12.553569069999984
11.153495684999983
10.534729818999976
4.193023525999984
11.262265937999988
11.610857171999987
11.105798867999983
11.503456910999981
12.908787993999987
11.625966492999995
11.453780851999989
13.057869698999989
11.607350203000003
8.167686883493587
12.941866486999993
10.050139382929261
4.131349970999979
3.408887206999974
2.192564768999987
5.144865209999954
9.287031466696154
10.366649918997274
8.89843140410127
9.573957392931986
7.670859651199988
10.867808726999979
10.736726220999977
11.443664345999983
11.721951049999964
11.27292661599998
9.702524116646373
11.54712994499998
9.829991575717097
10.048265400787821
10.34213879092925
9.355441691727979
10.434400069008152
11.395638588999994
11.605674962999974
11.144953789999976
10.63543442199998
7.465855068999978
5.064640632599976
3.5615636123999566
8.02493674010126
11.851066669999977
12.43052967699999
12.484535082999985
12.553135973999991
12.934923945999989
14.031136686999991
12.269264037999987
11.564019433999988
11.822068670999986
13.622813514999988
13.899043957999996
13.829860422999989
8.144612077303819
9.93495046392926
9.026579164101268
10.198021160929255
8.340015187101256
11.298118097999991
12.32340945699999
11.02963883399998
10.236103666787818
9.699046258646382
13.640437793999991
12.450449724999986
13.385809174999993
14.286567386999991
14.826106612999988
13.492155712999983
15.487785880999988
11.573956142999982
11.29091995999999
12.43530409199998
13.93583646499999
15.45619914399999
14.540708887999992
11.223354189999991
8.988236601303829
6.117772233599992
8.140859683202542
7.009987583898706
9.343954867727987
12.522923639999984
10.684164470999983
10.67779303599999
15.254793795999994
12.182325120999982
14.550152819999981
13.251696691999987
14.19837210399999
12.706904587999986
10.525583896999981
11.831196622999983
14.696112179999986
14.717456074999989
14.506794629999987
13.254446779999991
14.176331322999987
11.73606037299999
10.41446045099999
9.267892469797433
9.855873733646384
10.532926157999986
12.347801014999977
15.26769697699999
12.671700667999986
13.675200905999985
13.063667652999987
13.712406981999981
14.857670281999988
15.613683616999992
14.112619152999988
15.91925077399999
15.615848812999989
10.224660125787826
14.077953899999983
11.038239513999981
9.687896922212147
11.846710769999977
10.137858070282862
9.149808711207978
9.56589509420398
11.907122413999957
11.010447728999983
12.029774181999992
13.118979137999997
14.848997768999983
10.42568763099999
9.738660642999985
11.963333251999991
8.35808096159487
7.031672833299993
5.120318661499996
4.8357099776999934
3.697566761799993
9.489227625999979
9.293368977271983
10.10932863914142
11.499760874999982
10.207904081787815
5.776227801493574
9.221191946282852
8.484007528696146
9.666563267479987
11.888505095999987
10.585466721999985
7.566864970405104
7.290984748797416
7.352115621898704
10.181342054787823
11.201000066999983
9.238891227795984
9.299003842135983
12.848948568999994
11.247141450999996
12.947525306999994
13.222916434999995
11.735455758999981
11.829389535999978
12.004528882999987
6.086344139101264
6.39490521849358
9.300368769863972
12.860115358999984
13.79646372999999
9.882273355067994
13.344653295999992
11.39182405899998
8.89563759310126
12.047221239999981
4.897443420399984
2.3987963530999905
2.019776437399996
3.780128945899985
4.97985608369999
3.2963559691999893
4.1298384154999885
6.116341372699993
6.559646127299978
7.114026267999995
3.3743858535999847
5.686288337699981
7.419574154696139
4.6650835723999835
6.7041897751012485
6.114187081898703
6.959891915898699
4.807093350199985
6.503546787999982
3.952605593899982
8.435978347863967
10.914035236999986
3.726096018999973
6.27162164610125
6.204068722499987
2.176868637099991
1.8955169646999932
1.8956050994999807
5.124228573599985
3.1160414733999935
5.322456449899988
8.094911369299995
6.084507325699983
1.7458856704999892
4.773326229898689
4.100140447999989
2.222821507299994
1.6630964629999954
1.7596529769999947
2.3760820067999946
1.946691776999995
2.1412539138999915
1.825711910999994
4.549898469499986
5.01077884519999
5.333794753999984
2.4123289763999924
2.1523445785999917
4.446993109099977
5.527642172199995
7.337009165999988
7.473128382898704
7.276565719599988
6.148468070999985
5.921792935202536
6.089790809594859
3.2089104293999835
5.861044918797416
3.3074616683999882
1.6374896163999935
1.5793358321999975
1.9446225539999962
3.9164003463999872
5.898142506405085
5.197087943999975
6.645754450999978
10.899071653999988
6.7903726226999845
4.786406851199993
6.53697851410125
6.815896131898705
6.6358034240999855
7.681185386696138
5.190179702799985
3.7944538513038015
10.891865644999987
6.660637832594855
4.4376037871999845
3.292515081799985
2.0787267364999935
1.4978151275999871
3.572030335999969
5.017249652099985
5.879245167499981
3.764355668599967
8.036542533899999
5.0106024276999905
6.433807163999986
6.210955769299984
4.977427374299984
3.818424169899994
3.850020671099995
3.189784291099993
3.826923091099987
1.7172777129999803
7.311129049696123
5.5232295134999925
4.032992544599985
1.9512373717999858
1.8991104430999928
3.647639953599986
3.834801750199975
4.829401423599971
4.623448858599985
4.681344003299989
6.825744985999969
7.8647469268986905
6.138281928999981
7.975622502067968
8.301899212594865
6.84001529239999
4.769212080399993
3.675381918299994
5.017772885099987
1.9651388762999882
3.246816938799968
3.5318095351999914
3.7969160766999903
6.17603640289998
3.643236608899991
8.509966220067966
7.362035481303822
6.15533609619999
7.113352773999984
7.398595439101273
6.123454338101261
9.180955108594866
4.1983502486999775
1.547611389199991
1.0805186397717015
2.4983143233999736
2.23162310639999
9.143435868863977
5.023266064506373
4.44805111239999
3.672501907299979
3.6002737822999795
6.71783381499999
1.9837154525999872
3.7117100005999704
4.225567777999988
3.687169506799981
4.853569946299991
4.8361699661000035
5.0502846328999755
6.162065876797419
6.917105371101254
8.122319338999981
3.815446662899987
6.48753045959999
7.728139068594856
7.853241615303813
6.448777772493569
9.620971464646384
9.875057098282864
7.929498486303825
6.700376547202538
4.224913528399983
3.9144794402999827
7.520937956202545
7.6142246917974195
9.598030953999983
10.171429537999975
9.098627569727979
9.695402636787813
2.4096353423999766
4.130643461599985
0.7548032245716955
5.889781690999966
9.17158667772798
11.546982764999987
10.99020292499998
7.525615733303818
3.1535960998999797
7.461724139271956
12.30954011499998
11.85209614999998
12.224414210999985
8.796500138929254
8.270717843594865
10.934784153999987
9.37753748621213
9.461679704203982
8.817813258282852
10.30252921899999
10.34860695799998
10.0530101500707
11.549539197999993
8.178813510101271
9.575346569858542
10.653730089999982
3.3231152755999736
6.076230796797414
6.003571830696113
6.838133845493582
5.987999529999986
5.748552459699987
6.218054299899983
9.911970996067996
9.672550779795984
10.792047957999978
9.15734579779598
5.665246179199983
5.7941865096961305
3.493561875899976
2.6975919829999695
2.0988043288999756
1.528455700699983
6.5455351348986905
8.901276588405103
8.302579144300005
6.218463282797411
8.554886900203973
8.664741891339974
8.691852096594861
8.745954943797424
7.277303369101261
10.106189111212135
11.63504644199998
11.963855306999985
11.644266344999991
11.94653768599999
11.839555796999985
11.504692458999978
11.102097678999982
11.642734786999993
11.527806452999988
12.915640291999992
11.191296326999995
13.162818189999983
9.422055548067977
6.136570898399981
10.433076789929254
13.482412549999989
9.11975444031198
12.638276574999987
10.409283449005434
8.655971154797426
8.685392484999985
12.424473316999995
12.433094976999985
9.425752340795977
6.9366442473999905
8.617926704405107
8.269308146696147
8.043718617202545
10.394800928999988
12.880593099999988
12.091777459999976
14.378780314999986
13.15267168999999
12.441068839999987
13.411042670999986
12.756556014999994
10.424489506999992
9.834434962353589
11.366623588999985
13.698727733999988
13.08185344799998
14.57396001599999
14.350365374999994
12.500952958999992
8.81960289149359
11.037778624999989
11.886355015999987
13.44879208099999
10.16665133199999
9.758128697135994
10.537083002008163
12.204387847999996
10.064725843858547
10.579443355999985
8.054152230797431
9.457941766271988
7.808743301405104
9.43372369079743
11.76601473099999
12.830006667999985
12.548271541999988
11.507223401999989
9.100467727696147
6.574795463594861
6.6311755218987045
9.55258107151999
9.063823208594865
5.969456668099985
7.423648458898706
9.78231272421214
10.695143572999974
10.456266410999984
11.748978295999992
8.400253181506391
8.267653752101271
8.134336279303831
12.085128646999989
11.606770829999988
10.83937879899998
6.27161439819999
9.627084812895992
13.087799399999978
12.952438627999989
13.256011245999982
12.31325091099999
12.377573148999987
11.336328786999987
8.910281971696147
11.965811780999987
11.55132616899999
10.559749706999984
11.95881742599998
12.152555146999987
14.10480700799999
13.993204268999992
12.92995781599999
15.07419586299999
13.669190607999985
13.65858583699999
13.121605900999993
14.025002421999991
12.387294433999992
11.731192464999996
9.34547915340511
9.822724952795987
8.123807121303827
13.38064785499999
11.993526874999992
13.255591733999985
12.82503730499998
11.619132506999986
8.055749050898704
8.302332157898713
6.5988346862999965
5.3861291625999845
12.595069730999985
12.81155003699999
14.271471607999993
12.963816230999987
11.751657940999992
10.801589391999988
9.95594051071711
13.582633364999985
13.356669573999984
13.078873836999986
15.073915014999992
13.892280108999996
12.619160485999995
9.394004429717091
6.5384978194935846
12.227255654999993
12.648590174999987
12.304193282999993
12.04527592199999
12.315077335999982
12.399636930999977
9.933278517135989
7.876145373499995
6.296774400299985
7.348853424099992
7.13604822539999
11.385164998999972
10.461933651999985
5.451942567399981
3.8814843078999957
5.722130487101255
10.901376045135978
7.687581042506385
10.464545603999984
6.481940960696129
7.362094393898689
10.83258955699999
9.72561980292926
11.076782441999983
9.706206387203983
7.445788035599991
5.093428932199986
4.29237352599998
6.642513117999975
4.021797680699983
6.0677016799999715
7.594962576303823
4.56073919369999
8.787932188271967
11.145496738999976
11.103389960999982
6.318695918303818
2.7911154738999846
5.1844958801012275
4.367051727299982
8.649559748797424
7.824165878303826
6.037025781199982
3.651614981099988
6.022677648899982
6.40724094999998
11.592748945999984
12.193260236999986
12.071522460999981
11.343239995999978
11.66086607799999
10.336667831282858
12.390893349999981
10.984774531999987
10.427270739999988
5.029922480799996
2.428470951799992
3.8880746718999943
6.665436407499988
7.255770655797417
7.69270591279741
7.966398344405099
10.836112124999971
5.944588487199986
3.9157247025063624
6.635857084699985
4.697303269999989
2.2882271422999896
1.178537113999996
2.5370407744999834
2.5054560729999866
2.480749473599999
1.372506898499996
1.141104905699994
9.758036703353556
4.927085450699997
3.831383439599992
4.936379751599991
5.00552893369613
5.916844555696138
6.735989297506376
5.651374511699983
5.5878623382999795
8.816836132863976
8.454377513101262
7.847138232405098
8.758803095999978
9.399154981999988
5.149798391699991
2.9288100722999983
1.7655093276999874
3.827512676999996
4.1873248458999806
2.024849671899994
1.8168885299999702
2.0082276977999896
2.397599072299989
1.8076104949999825
2.0768255386000014
3.6755628173999995
2.452453340099999
1.8517922728999805
9.33423538679598
5.382294329799997
2.1973189681999905
3.0715628676999964
3.4867571822999865
3.6135945327999908
2.391489018199989
2.6339840178999885
3.7461654311999824
3.8664174849999875
3.289243852199988
2.517150735499996
2.555099177599977
3.2318026305999745
3.7763429915999813
3.195922079499992
1.866395834399996
5.14996935579998
4.946420878599992
4.025241776999997
3.4920479979999963
3.9575315917999916
4.172721281399986
7.094478973405093
6.293065440399984
2.521121340899982
1.803474087499987
1.1468996657999901
4.17379419559999
3.9602203200999875
5.423212713599984
7.79649939120254
5.6099222548999785
0.7705501624101252
1.7102554458999621
3.8804859710999935
3.783500042699993
1.8185003219999905
6.3227504715063585
5.9080778014935715
5.1907735808987
6.75715619050637
5.253363311799983
2.7004316268999853
2.232838111899989
3.6781068908999925
5.901674349999987
5.519737115499986
7.188177558899987
6.410512518299991
7.39918771820254
8.48980614469614
9.994449529999983
7.554623568696145
6.561554411303818
5.310267323299985
9.711726814212142
10.159462593067978
11.611036222999982
9.707817707858538
10.796859116999986
10.458164593646384
9.729468165727988
6.183720828199993
6.100245725999988
7.30110286409999
7.83829670559486
9.837803179929262
10.799123229999985
8.246497083999985
5.35444637449356
7.344699597202525
7.97951744379741
6.727676330594865
1.8997878509999877
3.4682163039999843
1.8203228164999905
1.0464952676858512
1.1840997708211995
4.133841751099986
5.701013940399994
5.02268637389998
8.01420375059486
5.954751119999977
5.557951596099994
4.027125392199977
7.3777230621012535
11.503695681999986
10.35278849935358
11.832340763999982
12.334786623999989
11.71341931899999
12.161217261999987
10.054609716858543
10.624196885999986
7.6416881606961375
4.9521661391999885
6.981096214303821
7.207066381797425
7.335525143400003
7.807221469101266
6.974590161101262
7.90307911830382
8.466070246931974
5.652517196696132
3.570805531299988
2.7820767775999706
5.425910247799978
7.42788561399997
9.613788008070703
8.85915229493198
10.457396919212137
10.281860232646384
10.732211623999982
5.923411715696135
8.573750881999976
7.219340008499987
10.82940493299998
10.65795586699999
7.654628228797426
5.622151342799976
10.080166374141422
10.949265050999983
11.238659632999981
6.069595851101253
8.402223387067966
3.6348028106999775
1.9031537368999796
5.303319087199986
7.5547268157974194
7.223295748898698
7.722631214898704
11.189903936999988
11.479967423999984
13.145593616999985
13.297630073999986
13.171389048999993
7.962941679405095
9.053940696795976
11.580807059999989
12.221300478999979
13.853157984999987
12.359944654999989
13.35778144399999
12.932124999999983
13.720793664999992
6.387621739202531
7.879668807999986
7.384653909303825
8.674437318405106
10.303149256999989
9.975212797659992
6.2592663146999925
8.259510806303828
11.496146518999993
11.757594076999984
10.12868890385854
13.144595688999996
15.085961486999993
11.32331480599998
10.93778761299998
11.229610135999986
13.02748444499999
11.56238188299999
9.830222520271994
12.901574383999993
13.171630025999988
9.051904154999997
8.035283642594859
11.887833663999983
11.580414405999989
8.620837252799998
9.54117083130384
11.133797046999993
10.207264799353581
11.150454844999985
11.14298942299998
10.090176327659988
13.025196200999988
11.901839679999988
13.716686431999989
11.602400313999981
13.079261289999994
11.852493455999985
10.687567911999986
12.415374711999984
13.210535808999992
12.578894669999988
11.20387330599998
11.51837416099999
10.664758756999992
9.990105914203989
12.551089899999987
11.596815343999992
10.802570821999982
14.670171682999992
14.203939963999993
11.946831046999986
13.411392760999995
14.149004361999996
14.983275260999994
14.23591012899999
12.088264884999994
9.192667176863987
12.999259685999993
14.168462984999993
12.842551053999989
12.892718802999985
13.33833569799999
13.973483912999992
14.758863225999985
13.972305614999991
12.153608693999987
11.442285686999988
12.50592975199999
12.144811844999987
8.088303570594865
3.003849082899985
8.382849386727967
11.37591112799999
12.993565162999994
9.361303880203986
9.913289402863988
9.77101190627199
9.782077210999988
9.575066213999978
9.807908503787829
13.073765664999986
12.512016861999989
10.341201491999994
10.033473048271992
11.555823295999987
12.105694732999979
13.93165337099999
12.82221110099999
13.438227152999989
13.55454226999999
9.439256977797433
12.392332776999988
14.958020132
15.157617591999987
13.944729561999996
15.755484911999986
13.434617669999984
12.44535812499999
10.67189722299999
12.029534482999985
10.698269376999987
10.35407115200816
10.483987975997282
8.908398269700012
10.948347765999994
8.072009757999982
7.191042976405105
8.082952320898698
6.781904841594857
7.851661979696131
6.799907133506377
5.136609771699991
6.480053134202531
7.123207382202539
6.841471191405098
5.599539321898706
7.381155131493586
8.973318403594869
7.548168926999995
6.751534497099994
4.640373877000001
5.597542973299995
4.720701518199995
11.371942888999984
6.679368461599995
5.597009077499991
6.728621421799984
7.006041957099995
6.187974000499986
5.878944695999988
6.704492472799991
6.069364660599993
5.747259843399985
7.628258641101267
8.2033938614051
10.269826739646389
10.03218446499999
11.28380195199999
10.245921258659987
7.99842077030382
7.933741799898711
5.509818553199985
7.925377438399996
9.044719486999984
6.904882154797418
7.697422639506379
9.804722044282855
7.00736150510125
7.1300858551012425
9.665555374070701
6.102696986399985
3.475422671493558
4.0707322600999865
5.3173312789999905
3.0219528853999824
1.5110217956999925
2.45304745329998
3.548047419699987
2.454392707799991
4.717166365101242
3.560595158399999
2.903528926099991
3.680814327999975
5.909849677999998
4.520236723299984
4.7550887588999915
3.1312593810999862
4.684960003699991
5.461521461499988
1.4953704467999924
1.4431313872999962
1.4773220061999957
2.0634246276999813
7.549077667202528
11.611040339999988
11.274324569999992
8.348758688405109
7.475898937999991
7.365715252696136
7.092614097599989
8.185399681101265
8.423799885594864
5.869623263499987
5.049516432199981
9.469999687135976
7.699399029493589
7.82886399079743
7.165869201699992
7.034121346999996
5.548912527499999
3.8081017517000064
3.451448828099999
3.3967710968000002
3.4222504775999885
4.644237963899993
7.326934036303801
6.7227651916999935
5.5077211181999814
7.474665402202531
6.017787094099985
4.690568945299997
5.100921040299984
4.567689274599991
2.9507265396000006
4.6042715102999745
3.897244676199979
6.141745904499997
3.5691411331000005
1.8006402541999968
2.594404852299974
4.882163436899974
5.72709709779999
7.2387037627999895
9.919860565135988
8.279668438696142
7.306192625399993
4.38147205959999
5.618218539399975
5.9204758285999874
9.183191281067979
8.166573001101256
8.254701011696142
10.302239601070708
6.232787866199988
6.756538940405092
6.536603962696139
6.411117663599986
5.99394029389999
6.287802638199991
4.627114001499991
3.7448387114999933
1.6037988723999976
3.412608033799968
6.542803396594861
9.747812509135983
9.37268755949359
9.570704347135976
4.058866430699982
1.5539978011999835
7.073377815199995
4.965787480199974
4.458042980999989
3.7573749358999886
4.872462583899987
5.980291090405096
6.101472761499981
3.278509635899986
3.469844605999989
2.8806625991999666
3.329185205099971
3.3579126204999903
4.507784857202524
7.916014675898695
7.8957056869999835
3.677829409799992
1.4047746489999926
0.6854979863207945
4.5927582198986885
6.093893081696136
5.846092108199986
6.7199531966961406
7.925424591101258
7.070777081303817
5.85542473449998
5.61631086429998
0.9624904353070663
2.0545538329999893
3.169848432899987
4.218446346999986
3.2082268111999803
3.9147438277999864
4.201364015199988
3.258378573599991
3.9888193725999868
6.493276994303822
4.248374082899981
3.684908111599975
3.5350809707974014
6.750555433696125
6.9006027846961375
1.6027817000999809
1.4095283561787686
1.4200635894999936
3.811358189399971
5.810623301699976
6.305617318699982
6.8025843718999885
8.882792552202543
8.882067874067973
6.766704219101258
6.637388169899981
7.84803641820254
3.887999450699983
3.307947621199986
2.996489173899978
6.3266340941999815
9.651070791727983
11.772794320999983
11.281950174999983
11.487615377999983
10.416822056717098
7.99807966459486
8.307845042271966
9.105527723795971
14.16533134599999
13.245544356999991
11.510854693999987
10.122320158282866
13.318212389999985
11.953575637999982
11.04615758699998
11.857783347999987
11.803634414999987
10.673488949999985
8.880604537999982
10.760041666999985
12.937851745999978
12.760459566999977
14.114269515999988
13.066356132999989
13.291194636999982
6.485174740599984
7.765613365202543
6.767495811499989
6.821592344699986
10.298003243999988
10.727101272999992
11.683363494999982
10.98085918399998
12.94290697799999
14.242851792999994
13.820840972999983
9.665688890070703
8.18602966459486
10.379836118010884
7.271191467299998
11.70722456799998
10.11059429014141
9.734476496929252
11.514529134999977
11.315342228999983
12.70507749899998
12.368425277999979
14.925113047999991
11.385875736999987
11.702951093999987
10.587728852999984
6.658854341101253
7.5848488693038085
9.49457053214142
11.331181669999992
12.254377125999984
12.29990345299998
13.380762519999992
6.544085702493559
3.513189237999963
12.445216314999993
7.819686112999984
2.574578311199988
3.295203619405084
8.99189420620255
9.859476287863986
8.021243176299993
3.709507548499987
4.322683802799983
4.6225773787999875
6.308229292299988
9.846754045070695
10.613962711999983
11.406545836999994
12.412216083999988
12.771788617999983
13.925812502999992
13.73098373999999
11.535209226999982
11.854462131999986
11.371466735999983
10.845359089999988
10.894989165999979
11.74988320199998
11.79278082099999
11.683443201999994
13.063049402999996
12.915067423999991
14.054618599999987
11.772738962999984
11.98511606899999
10.791664165999988
13.308219162
14.550870994999986
14.285720492999992
9.453501892067974
4.072664848299984
9.246012837135984
10.272876119999987
13.39857202599999
13.861273139999987
12.892272136999985
11.95236640299999
11.009204188999993
10.964081370999988
12.470806505999988
11.987210782999991
10.068025335787823
12.888902782999992
10.164057688929267
7.966030996699992
11.44844757399999
13.28528607599999
7.886233261099995
9.163545715303833
11.662645905999987
10.14180137320399
12.834978344999985
13.032835595999984
13.021665786999987
14.186652736999989
13.557693639999991
14.116531218999992
12.756634185999987
12.454312841999988
13.476697745999989
10.195423428203991
10.859094054999993
11.166708457999993
11.783306591999988
13.984770940999992
14.164609844999992
14.634018244999988
14.666332187999995
14.017661342999997
13.194942298999985
15.598680306999988
11.86900061199999
13.986132766999997
12.087203074999994
14.309346082999985
11.072922155999986
9.157178848303829
7.419241606101274
9.839689865070708
10.525945745999989
11.606667983999994
15.094141601999993
10.897480645999986
9.44566821589871
12.065130091999999
9.709012751863986
9.835702529931993
8.815601715099998
13.097323029999995
10.653935358
7.27934219969999
10.342630155929267
11.782944082999979
11.879770879999988
12.508386565999992
12.512754293999974
13.020142853999989
13.040387507999979
11.10288240399998
13.598254615999988
13.555576343999988
12.73682032199999
12.66533044399999
12.518454549999984
10.205772777999995
5.142207791099982
11.676396082999993
11.809150104999976
12.784249442999979
12.027549601999981
11.429257244999986
11.461445826999991
12.318799071999987
11.140527671999987
14.077621851999986
13.325984070999978
14.514037719999985
7.784338728303813
3.4468828994999914
4.5085482543999875
7.506304978898704
7.900697384594867
8.5205780167
9.584689556898715
9.955163412339983
11.173941366999989
5.681940397599985
7.308829301506372
10.726414368999983
11.989781862999989
9.666407159271987
10.925191924999991
11.422212484999994
9.968658315999992
12.857020458999989
9.085403988594866
11.912777129999986
12.141673334999979
11.010022428999978
12.073689556999984
6.088495967099983
7.888218226583965
8.013539796405107
11.295161365999979
10.587620422282855
6.883686360202541
2.1479954329999944
7.9839100937959655
11.00227930599999
8.663490975999988
9.481563850271975
9.922029591282854
11.143673653999986
9.397058561787818
9.392382276929261
12.228218281999983
8.345790475506382
6.225961531099989
4.379564063999996
3.097172776799993
2.7556612990999887
2.6193250960999888
3.6917451217999915
4.218082777399984
3.3258211944999836
10.099746997070696
7.0383666839999774
2.9198818557999893
3.3358640395999917
4.486394094799981
5.62888581699998
3.4912212096999924
5.892562945594842
4.866691575599976
1.6850185882999806
3.403112432899985
4.384058094797391
3.4122374068999624
2.7443923522999887
2.7385960921999972
0.6520711586999971
1.7046350860999957
2.4990867003999915
4.343331451399973
4.225114123499986
4.648520774799989
6.455169296303821
8.89606583559487
8.109570379594865
9.535158193999973
9.653565470929253
7.784675242594857
4.003525607299982
3.8631839171999816
4.479619930999986
1.808237446599996
1.762364024399988
1.1153898148646342
1.8472953964000014
1.5741713241999964
2.1298320479999924
3.0587254898000027
4.959216957101249
8.399026896696135
7.998169453405112
3.803855107099992
4.3776278198000025
1.7660559203999981
2.5377540053999974
6.314001551797409
4.750592382800002
4.532683554099984
3.862082656900001
1.524110768099998
1.4580062591999976
2.477611366299994
3.5523089019999867
4.596781240797409
4.3989180816999855
3.57558556669999
8.387686549405093
9.732989349282859
8.80640581510127
7.738295086696128
7.226212286405097
5.500879061899987
5.59174956359998
8.722303285202544
7.156046771202537
1.7667347411999945
0.43043768634999824
2.8526982787999757
4.15648771509999
2.190428953599996
2.8644165099999954
0.800595726492919
2.2660113769999963
2.2955275130999806
0.5780921247353489
1.4549191329999989
2.0586015166999942
1.4330371108999933
2.2406655715999886
3.284439100599986
4.239205972299984
5.1114017989999665
5.899871334797409
4.387757345599981
6.789054038999972
5.859397677599986
5.465061236599986
4.232341197199997
4.107525410499999
3.474445878599981
5.428389298999972
5.162928013599981
4.745202262899984
5.111150990299977
6.293413607799984
7.816270732101265
4.154888726799976
2.146419807399985
4.123783004799983
3.7390062240999855
2.9830222030999938
3.1596398803999883
3.3835779525999734
3.5477175368999703
4.2947829497999805
9.275716970863975
10.568377825999981
10.387986323646382
10.09787728721214
10.371140655646382
8.666711878999987
4.3299096145948495
6.951432409696121
9.76498159792925
10.873719625999986
10.544119871999982
9.680362849282862
10.099115997203995
6.069806721499996
5.35812494959999
6.238957371493573
5.180252899199981
6.489420857199988
11.865398566999977
8.656424934405111
4.4675592849999886
5.3669420073999845
7.299545516999978
6.492597032202541
4.599883065799986
4.989347529599986
3.258553878799988
5.30693614959998
8.607324017203974
11.964233263999981
9.966176530353577
12.651592014999988
11.342982540999987
7.172596774303808
2.9592745101999793
3.1521803145999936
4.137972389199984
4.498193084699989
3.0858619216999874
4.893701184099987
7.493485563696144
10.477600369212137
10.379574868858539
9.792346195999976
11.429849068999989
8.859269992101266
11.731705944999982
7.0068153228987
3.3605926558999686
5.903528482099982
3.1315283706999697
5.009520834399974
5.882954551699985
7.24164914859999
6.461289700303821
6.0988050796999795
3.426197422799984
3.6392942168999878
6.266383207699992
9.029820078999986
5.971280784599984
8.956800764506385
10.718957192999977
11.922275669999985
12.228671412999981
11.909497040999982
9.909128398070697
10.812423029999987
11.297596668999988
12.427311246999992
11.720278516999988
12.659040476999984
12.662459734999988
10.719349288999997
9.631621031141421
7.804386625699992
9.618143965067988
8.608836881999999
8.062425369299998
8.745726046797422
10.206462489212148
11.810994452999978
11.615503075999985
13.23769906599999
12.657558582999988
9.047074526999976
10.343313249135987
5.237489134199971
9.950281756717104
6.844494409202538
12.879087142999984
13.116969187999993
13.29800950199999
13.637240151999988
13.476327558999992
14.148977236999992
9.104018656931984
9.987459899929267
9.76383520371711
11.526277739999989
10.637377720999993
9.46907568372799
10.094406199727992
12.240497252999983
9.771123127787824
9.968844885212135
10.655418987999981
12.932531498999984
12.472945162999986
10.970149151999982
11.424162241999982
9.0044354308987
7.590551026899994
10.231607677999998
10.650795568999985
11.607392425999988
11.679997347999986
12.723156164999992
13.555167186972788
14.590192687999986
