11.600591640999994
10.860617008999988
12.299602320999986
11.752420251
11.260983967999984
11.35886046899999
11.561297216999987
11.750474526999984
9.626675262339985
8.384490879799998
10.490880404900166
9.63598357393198
5.158728626999972
6.393563496405094
8.153402685493585
11.647111831999991
13.072911616999992
12.002406601999994
13.245067460999989
13.67596063399999
14.078602625999995
14.276579149999986
10.93487691464639
9.329783177135978
7.34426279599997
11.36534805499999
11.475653722999986
12.177524294999987
11.056866590999988
9.357412472493591
11.077632070999986
12.147750046999992
12.933279239999994
11.41017754199999
10.56592551299999
12.375922819999989
12.595995283999986
13.277090960999987
12.634974917999987
13.116196511999986
9.47676897893198
11.170254381999987
12.718076758999988
12.592051989999991
12.899679429999992
12.707941695999983
14.499750916999993
13.61606535799999
12.452083881999986
12.258438917999998
13.233212169999991
9.887648167271994
10.580687119999988
13.902652826999995
13.560105127999986
13.568930005999986
10.758273098999988
9.369339234931985
12.237387218999995
13.625309302999984
14.33547096099999
13.89590294199999
14.572516996999992
13.03808069799999
13.07092820599998
11.927083980999983
10.221950573999996
12.488697553999986
11.019725863999989
11.413079825999983
10.958234983999986
12.20721240199999
13.440351948999991
12.074447750646387
10.101179447769272
10.985185581646387
9.880119753999992
8.634332496594864
11.083735449159988
12.169506974999987
12.551109012993598
10.589504636999983
11.385905785999984
10.949562824999987
11.219431257999988
9.433301057271985
6.318386949202523
7.239988679499967
11.307825619833572
10.520702227999989
10.625083671999992
10.51021069599999
10.70084514199999
11.145371493999992
10.950166346999987
9.083445736795984
7.984962069696149
7.142916743506386
9.313311315898707
8.191944091797419
7.429121661405083
7.91693504789869
8.727955509898708
10.245691883929265
13.154657113999992
11.075427637999983
9.586919499135984
9.05361870721214
12.000941402999995
10.669106579999989
10.334029797282843
9.112488171405115
7.194040028405096
8.59549645540511
11.443485024999992
10.239835924999987
10.573405945999982
10.540175147999989
9.325314878863988
7.827241648898718
11.293031266999991
10.63710092599999
9.271753178271984
9.862258554067989
6.410100921594862
7.390718646202546
8.051050218199999
6.869718418900006
9.578333048999996
5.3803777343999855
4.918980885299989
9.255356732135983
4.195490997299974
3.0852676330999924
2.5088309554999952
3.0491517501999907
3.423268955999977
7.05799681849358
7.050702627594862
10.000621682787814
6.594474252299993
6.78819760279741
10.87780132399999
3.844066253699993
5.105768124399991
5.859595111099993
7.520981178299998
5.895321478299998
7.227626229898701
5.698070059199987
1.573753085299993
2.4937562468999834
4.187609976199983
4.311249182099986
7.071230189499997
5.355094802899985
5.466164485199985
4.470582194499987
3.808269880699987
2.4785061675999844
4.5802872970999875
1.8186185348999877
2.533120445299995
2.62771998899999
3.9499045455999866
2.387276350399972
2.0462146682999762
0.874914315213593
1.4851783858999785
1.069135024465994
2.2701401504999814
3.064341311599982
5.9709404831012485
8.98972221213598
7.56650459899997
5.113408262599986
4.094973670999983
1.5939933806999973
2.3806564071999996
1.2378135773
0.937644279585849
3.0572195006999863
3.6426441543999917
4.7912945113999905
6.565098376506384
8.535249398797426
2.402176823399993
3.496533370999976
6.829423532099989
8.55887325899999
1.9105068801999974
5.537982308999983
3.1181567351999875
2.634389898699987
1.5253085784999934
1.9402325866999954
1.5073367644999964
1.904074172999991
3.0820564498999885
4.310316381800002
3.321860055499992
4.9866557738999955
5.484640965299986
4.164070294199973
7.756751512101261
8.997861511202558
2.4932030150999958
4.85331343689869
6.095882368499987
8.173118104594867
7.218689778101264
8.154586546303813
5.67419735109999
4.991523904399993
6.714077853399995
1.742812974499993
1.6508078917999853
1.982034016399991
3.1689994002999913
6.1765570464999895
4.837221281399986
4.446925817899987
4.778767843599988
4.47185059049999
6.973598973099992
3.9062032149999855
8.364836730999983
3.9181294158999806
2.435002365099984
1.4855362075999878
4.895651025399978
6.04364033049999
4.045447508199989
4.408745875499986
4.527109793099993
4.313797058099998
6.579697381599981
7.363987470999987
5.563092961099988
2.492671479799998
3.4161630889999866
8.326817417898699
6.3926464278986925
6.207028143299979
2.3837447753999794
3.225103311202521
4.8917350326999784
7.1042355254935785
3.6937216842999865
1.912474468999996
3.9054486770999897
6.11856165159486
8.981373579405108
4.077613578799983
7.401010305797431
8.91578998879598
9.833655131659988
10.670853020008161
9.471264106797435
9.70006800527199
11.032008536999987
11.371714399999977
6.084953961202536
9.027216940203981
12.391998726999992
9.300188882405113
8.132599284405115
9.615202467212148
1.9027394210999813
1.196308277899998
4.040015634199986
10.270479037353583
8.163031474303823
6.987317993202529
7.612855519101257
2.400139532499974
3.0245098784999915
3.5550418929999905
2.8764952041999807
1.896905825799983
2.375673661799982
9.326573812931976
11.078402314999991
10.578534076999984
11.396875008999993
9.44945747993199
10.244114412002721
9.270116938797429
10.615355069000001
8.037558286999985
6.798907759101257
12.038085117999989
11.526339289999987
11.271553303999989
9.820288328567989
10.31742525799999
13.126731915353593
12.508951012999988
11.622473954999986
10.688232783999997
8.862916445898708
9.604079951353578
9.484919564858544
9.72563325199999
10.430124497833587
10.720180330006393
10.672758544833592
11.294717629999996
11.776599447999986
10.538456778999985
10.461157160999985
7.39752507479999
7.915296433999991
8.859665463303832
12.826716375999997
13.514418621999992
12.545017940999989
10.097052931135988
8.43456707610126
8.304804066506392
12.259322448999997
13.429319536999996
11.983239753999987
12.836035503999987
12.184862641999995
8.746561393696146
10.779082787999974
10.925676339999985
10.097922222929265
10.314744744771989
12.396332133159989
13.825877848999994
10.485721436999988
9.315566116203986
8.319370956405107
10.22803398599999
12.399956557999996
10.1873421920707
8.38478018041597
12.60624579599998
12.111647240999988
11.41866946999999
13.029969163999992
12.326622608999994
11.168761779999988
11.628458419999996
12.638172005999998
12.963738267999991
13.52000322399999
11.96343461499999
10.49540055199999
9.296001278696147
8.867102293271978
8.943746034141405
6.096337634303804
9.896553494311993
11.42039671899999
11.341154441999986
12.205696001999984
13.042357552999988
12.823117513999987
13.010189177999989
10.190648948787821
12.95223220999999
13.427052625999991
13.00191717799999
11.945290679999987
14.076404445999989
13.424397371999989
12.806487734999992
13.34543139315999
13.079522744999988
12.480686205999985
13.002614296999992
13.726698792999988
11.088351584999982
9.767845022727979
9.220927970931989
6.7162274947974065
5.609193112202526
9.743672341931987
11.934141359999986
12.256648592999987
9.08035027779598
11.162409679999987
9.433708933999986
9.051046020659971
11.495379236999984
12.504805558999989
8.460187972999975
10.62689631499998
12.318346238999995
13.833123351999994
12.17048512399999
12.599093253999992
12.785367888999996
12.23028976299999
13.049618825999985
13.171440658999993
8.350128404202554
9.340706700067987
9.038743395999989
11.656942229999988
11.45312452499999
11.069131135999987
12.156565369999992
11.529909199999988
12.218318163999992
11.889590214999988
11.710519489999989
12.40192103899999
12.346091503999988
12.534581997999991
12.50739246699999
12.517980808999981
12.548685250999993
12.555764935000004
11.191956036000002
11.595163877999996
11.750903356999991
8.21137383269615
10.173989384339992
11.519339707999986
12.699441460999989
10.286496555999987
12.876623847999994
13.604377944999994
13.30600363799999
13.584360463999994
12.63631231099999
11.925355361999987
11.957310667000005
10.485801754999983
13.739144787999997
14.087960257999987
14.010257429999989
13.871730481999991
12.691453530999986
14.57866451999999
14.569593868999988
12.146774755999987
11.119307416999996
10.890804055999986
10.824272771999983
7.016634919696145
8.271684353594857
11.583758397999986
11.025709156999987
12.802794573999991
11.978932319999986
11.98392512799999
11.57953886599999
9.834176266339988
7.931796408101266
8.501711215202532
11.13280030799998
12.099287550513584
8.810291249101272
7.01927348329999
6.924170994594863
8.862530686999982
10.078230100999976
10.198101048212147
10.572661551006387
9.059072349493587
9.349739047135982
10.968895920999985
11.115398685999983
10.744227831999988
6.5336406447999895
2.5278875960999896
8.294232139594868
10.914001073999989
6.7511353134051
5.153488325499982
1.635761024499995
2.119723371899994
3.159216528299985
6.180624912999975
9.366665295405108
10.997473987999989
9.919697036787827
9.378051281696154
8.955726715067977
5.120379504399984
3.483456335399991
5.064824465899982
5.00896323239998
5.680362803594858
5.55988191219998
3.003227050799978
2.821522320599995
3.2495298934999792
4.6918461471999855
4.727408343499985
2.976357794199978
3.302446783399978
5.816369541899992
10.90759054699999
1.5793431563999922
2.4540081298999907
2.6561835586999987
2.035250863599994
3.7075666504050795
1.5608598220999839
2.2240825255999805
5.032822730999974
1.375948191799991
2.1277225783999842
3.697967842099989
6.53060088199999
5.562096887202532
8.033765447999986
10.072132748282856
6.725115705898693
4.212763665799986
2.1792348021999945
1.7328188903999953
1.057820363321209
2.7359993041999786
7.615234677101255
6.473111492898702
1.3312226378999927
1.421122897299993
3.5543626098999788
10.017043215929265
2.3530812606999922
2.990598709099987
2.9966395736999867
4.64096363069999
5.205010810899992
7.302329168696138
6.947412560999987
6.578426112399992
6.480023362696145
7.140290628101266
7.372302062999981
9.00331128689871
7.855667010506371
8.499265234405097
8.698913964863971
7.131526856999981
5.060092198202535
1.5251438704999827
3.60753620909999
2.2684319640999946
3.060237528999993
6.124082597399989
7.88640723110127
6.965483435101259
9.605741508339984
1.9819151259999945
1.3327562468999945
3.565252096599978
1.7042617263999913
1.3299235534999965
2.420887664799991
3.822917756699999
5.039540345799989
5.959367956499987
3.129346134899984
3.0097915008999814
4.481342059299987
6.35879564509999
7.307229653899991
6.050157365399988
7.885820696999981
5.584213359099991
3.4541923705999933
2.405758897399991
3.319476550299989
4.139716361999996
3.8380056395999924
2.9538690291999843
3.271736753799991
3.8595387420999865
3.4789619567999908
2.525913343799992
4.860216125499986
9.39425381479598
6.9698613677974235
4.053784152199974
3.265390862999991
2.077286265599996
3.8612686309999886
1.9523137191999889
3.532024468999978
0.9962487440067949
1.662319245899983
2.144430021699988
2.7923109923999827
6.550840884405098
4.303460714699977
1.3262832091999914
1.3271427296717038
1.5604914550999895
1.4005715270999908
3.751999389599986
2.2378930190999946
2.2199743256000013
3.4010762740999967
2.9391883559999874
8.703330511506383
6.978671176099985
6.023096234101259
3.3465883452999856
4.921193475299976
10.19964773099999
7.70559269709999
4.088007344099977
4.520474543799975
8.730594506797424
3.1258126891999796
2.6985614181999757
5.5445246933038055
3.1846325210999784
1.394646894799996
5.3958479735999845
10.623889181999983
10.872221444999985
5.347464221202522
6.440458303797419
5.21341645049998
5.236816682399987
3.3533031951999868
3.2558209182999938
3.0752084350999915
2.4978846465999935
4.515128179899995
1.5313127913999978
1.281533032199991
4.104511944599981
3.915663476599985
4.388122776799987
5.807802889999986
7.880034658797427
6.307453521699987
7.987267163101269
8.960492889405108
6.479820910599994
8.478361689797426
11.023452431999983
3.2614007201999913
1.5601780547999824
5.927329231299985
8.159014993303831
10.977422774999983
8.901340800506388
9.261667808659983
8.70045449830382
10.413681925999999
10.540219797991844
10.07693258371711
8.410316952493591
10.559736854999977
9.217633779898712
8.55350866699999
6.0062832992999855
5.778264475999986
4.5144571243038065
5.9304370406961375
5.185468968202529
10.456854662999996
11.661638132999991
11.21679175399999
7.185007499696143
9.479956343067984
10.289197355787824
11.835558887999996
11.279150538999987
10.985759058999987
11.838406223999991
12.665062110999987
11.643886629999987
12.652304128999994
12.05526186499999
11.97350825799999
9.511402584863987
9.26786026306798
11.117795777999996
11.231075047
10.62337002601088
12.183357561999994
13.664747625999995
7.214499262999981
8.30362666779197
11.828756594999987
11.610492658999984
12.588610747999992
12.871350128
12.423121761000003
13.673510185
13.877895795999986
13.084614626999985
11.780248617999987
12.33335323199999
13.493689254999992
12.316760410999983
12.824742243999987
12.697777941999988
11.620496148999997
10.275624568141424
8.404700176999986
8.774346337898699
11.582493726999981
12.593446718999989
10.539314361717087
8.525782372999979
11.176575968999977
13.786271016999988
12.900065679999985
10.851114144999988
14.352096433999995
13.82725373099999
13.254242202999993
11.377142925999976
10.79273879699999
10.475236829999988
8.313174169898712
10.720770589999985
11.12937797399999
6.974523500101261
9.784207977203984
9.964696359212144
11.150197065999983
9.344881938135982
8.672138934303826
9.297211889727986
11.44750254199999
9.750991357271982
9.00909248365998
10.593047288999992
8.913495423931984
8.465276307696138
9.722626821931994
8.941172500594865
10.22461474499999
10.693652038999998
11.413092418999991
10.473501613999986
12.977770125999987
12.886297147999986
10.607209524999986
10.023964694141425
10.909137829999985
12.58532693199999
12.535721607999994
12.902718580999988
12.197912592999993
11.593559347999982
12.295366381999985
15.242644974999989
14.61512707799999
15.932941274999987
15.196954549999994
15.238950539999985
14.922412221999993
13.891823450999992
13.969372484999989
13.846759444999991
14.62630614499999
15.458004304999992
14.959889764
13.937062168999988
12.739660868999986
13.599291599999995
14.17692952999999
13.485409948999989
12.659569166999987
12.218050187999983
11.405719352999993
14.237642290999995
14.925444484999991
12.824110007999986
9.241830165067983
11.922186051999988
14.494233758999991
13.041735048999993
12.739918227999981
14.212560651999988
13.595794945999986
13.84868774599999
12.127954365999981
10.131157418858542
12.593929732999987
8.422149742101267
12.119238634999979
13.451451381999982
11.161566306999983
8.85366095421213
11.74420997599999
11.295881220999984
12.119025335999988
11.39251171999999
11.944906884999986
12.129505524999987
12.406215754999987
11.64322051699999
11.884650528
12.262238647000002
12.883901124999989
14.465923958999987
14.03044955699999
13.190620995999986
11.799573623999985
11.261209112999992
12.744675702999993
11.933123725999987
14.766089568999991
14.203347866999993
11.622076088999991
11.866083721999994
12.157392322999986
12.211262641999983
11.06265101799999
12.339914087999986
11.102868958999998
11.927897391999988
12.12394238399999
14.026746148999989
12.711968178999992
10.719416034999988
9.233217082202557
9.69884848620399
9.336353889339987
5.556964439399986
8.388016778594862
8.039291749594861
7.565044508405096
9.485045031795986
11.17330951199999
8.779086558493583
9.564417242282863
10.681523472999988
8.509671777303822
10.048729188646387
7.954948481797424
7.798740644797415
8.618257353202548
7.144978086898709
7.4357223053038295
5.632987794499982
5.377096870399983
7.690789485202542
5.892031324799986
3.433214883399985
4.308410501099989
4.374039840699997
4.447746974199994
7.8672581557974395
7.127791798405114
8.54983543849359
7.8807123595948685
7.36821298979743
4.677040278599982
4.487895790099987
3.838400120499985
4.123911506699991
5.604468173199996
8.104087554898706
8.778437991303825
4.246147639499975
6.978824647493578
6.372105427599987
2.0872347442999852
3.383361495999977
3.9533141738999755
4.3500101973999765
6.153868958999985
7.177366291799989
6.528986201499986
2.389282954399993
1.5083454753929124
5.476570693999966
7.802958669999988
7.26741482089871
5.837314108299982
3.017209043899986
2.2661866210999904
1.8688499267999965
3.050683332799985
6.152371113594855
9.9190936110707
9.489604289135983
2.3397764007999773
2.584841189599985
3.1228963546999746
4.534436398299986
3.008231817599985
4.9679865874935665
4.511987597699979
3.8446749953999815
2.188018278499988
4.819919033799978
3.120465788299989
2.8679420608999875
2.1850658202999855
2.917778131099987
4.215188005101253
5.176695094299982
4.111315954599993
1.9833032074
2.3908018752999975
1.8341420928999945
3.3135012618999857
2.4679634231999934
4.370584538299977
8.596937139898705
4.502766772499979
8.141277954101255
7.280059110999982
7.701901545699992
8.332503338594867
7.625573947099991
4.861099827599993
4.566320111099992
7.972844178797428
3.420114707899989
1.9500631804999937
3.3312315001999915
4.03279153289999
6.271091152999995
4.011634179699998
5.6557766494999875
4.260751635699978
3.027092333999987
1.0575755431135951
1.5463351088999946
2.1457254790999922
1.8848525222999941
2.816244663999988
3.1816933028999905
4.482282177699987
5.670246903999978
5.001852659599995
3.776424557499996
6.325214154099994
5.140510824599991
4.5171033523999995
3.7153490005000056
3.0037059387000022
3.198533727999996
8.064647460898714
3.3176426970999797
7.75907828669614
5.009861704999991
3.2525264770999884
3.319582551599996
4.347956120299988
5.393152163699987
3.438678100599981
2.8479415358999836
3.354135613999985
4.99847733309999
6.588295846599995
8.207658929405106
8.51076126859487
6.975531722999989
4.066685816999982
8.452115066493583
10.142482915999993
9.246735359135982
4.08514993589998
4.880456277499983
7.057160765101259
8.340916636696145
10.255151582212141
7.665517077594861
4.598608290099978
3.776979766799976
4.042541377299988
7.572164511101263
8.875757656898706
9.692890322931989
10.021629292212149
10.461370516999983
9.273110996999986
8.729331669727975
8.932155429101265
7.322194959999987
1.363675802599987
1.0488741627795966
4.950186605799974
4.640720922899987
2.0497974288999954
5.051791500899988
10.499272152999986
10.751396813999989
9.299641278067984
11.07685867299999
10.213683391005437
9.899899175999987
7.542674879506386
9.156400852999996
8.11304015349359
7.004121075399988
5.996094744899989
2.706025790399986
4.815316670199984
6.476059548999992
8.174616990696139
6.275648132299985
9.949160726929271
11.904234624999988
5.619461404405092
2.4985862899999782
5.615159167499991
6.106041584799987
10.323285938999991
3.0471240233999874
4.263566889999989
8.161801370202548
11.444805347999987
9.282942538339984
5.663389068599976
6.355781909202533
7.2927315856961465
9.739952461141419
10.36371299899998
10.770600252999994
11.436365419000003
8.241758959999974
9.520090335067982
8.17356811820397
10.460115666141416
7.808919183303816
10.266055350999986
7.8278105774051046
4.674266885405088
6.595130357405097
9.012490171797422
8.559165896594859
10.280555627282858
6.474430067405096
5.941581787099981
6.916102949493576
7.128606307999975
5.971421696499985
9.743027613863987
8.823315594506385
3.43263342439997
4.966373701499966
5.797673358202544
9.20079898686398
6.3261004958987
8.145967979405107
10.517471949999985
11.544930253999986
9.545676304727985
10.831668671999994
10.46388434799999
10.192862891999992
10.57093382399999
11.819776809999992
12.225857921999989
11.605384444999988
12.222926505000009
12.51285811599999
7.59026967469615
8.49270550230382
11.772962899999989
12.681764078999992
12.321472420999994
11.304751008999997
13.13023605499999
13.486538874999988
13.486853986999993
9.443971928271973
7.696747428898695
11.245215005353554
10.461169394999992
12.147134006999995
11.361661149999996
11.808509801999993
10.47349249099998
6.1538654876999725
10.691695939999985
12.323521114999986
12.95499703199999
12.312652637999996
12.374562926999985
14.22536269399999
14.43153010899999
12.722067284999987
12.988156043999988
13.687581542999988
13.038551572999992
13.444642440999992
10.967079210999989
10.178707863999994
8.584217517101262
12.964465459999992
12.477848247999983
5.093675326499967
7.3940098525839595
10.915761588999983
12.19485268099998
13.407450232999992
12.097061260999991
14.102880140999982
13.660518052999985
14.680049914999989
12.190455027999985
13.719131904999987
13.889213009999992
13.295763434999989
12.589027019999989
12.286955729999987
13.24979291499999
13.392916236999993
12.916796415999988
11.91673354299998
11.07584550899999
11.27835338899999
11.663140380999987
10.598128153999987
11.754979320999986
12.21968457199999
10.443957699717103
8.313910960405105
12.063726581999983
13.195259293999992
12.562135431999987
12.67315876799999
12.792854841999992
12.926309568999987
13.538467722999986
6.095106594799974
3.9407830520999734
8.903188531506379
10.256250562999984
10.99170191199999
11.272610016999987
12.188643215999992
13.123058635999989
13.968104648999994
13.148132560999985
13.073848740999987
13.320432723999986
14.415058724999996
12.602994611999987
11.126021601999982
10.71202241199998
8.937404826415984
8.575677363594862
7.315825149493579
9.164354295203982
12.720894498999998
12.499460090999992
13.161280660999985
12.715507609999989
13.260164405999985
14.434963311999994
14.46693419799999
14.089582496999997
14.463375232999994
13.53582661099999
14.309752633999992
13.88408858899999
13.88140432899999
13.87825955999999
12.482563045999985
12.060253960999983
12.028777837999986
11.323500762999995
11.445572889999992
14.26203483099999
14.310279644999994
12.69729589999999
12.586552714999993
12.829219440006385
14.01237891999999
12.839948150999984
13.170385419999992
13.746948794999994
12.95510960499999
12.538743085999986
13.751640488999989
12.852842647999985
13.63181992299999
12.895720150999994
12.894735872999995
12.665950268999993
11.877117312999989
12.17841823899999
11.902498432999982
11.625992505999985
11.062130744999982
12.366243181999986
13.209178405999989
12.86350043499999
12.22020198199999
7.593819480898706
10.381820530787813
7.016186459405099
7.975429634101264
6.861518839999981
5.790565837101252
9.587589039727987
6.154280989101263
7.218649917594864
6.905010150094868
9.191736347999983
7.243060818506381
5.142737321499982
4.969385789499982
5.870425996399982
5.194235996999978
8.33368393859486
7.852430479405107
7.31678830110127
9.664320115795995
10.152558117795992
11.289382558999991
8.896838296493582
2.847942060899986
3.9879011001999762
6.059838630696137
6.444771487405105
4.896560298199976
5.35006170039999
4.412129429599989
4.588484353599977
5.773239407299986
5.458770307899988
3.491087803599996
3.895189331099981
1.7674466353999843
2.5001523543999755
4.563563244599982
2.9528411925999802
7.201586738594866
3.7130604125999938
3.4989168822999837
8.430159361303824
10.186774517858547
2.926829942299983
5.341147463999977
4.515265301499983
4.158269309999981
3.794476545699974
3.0186514586999995
0.8238108960200005
2.790217048599992
3.4827274917999724
4.73995997310125
5.603285177594859
2.867711122099997
2.2396538192999946
3.045834059099994
4.796764266999986
5.400032162506372
6.217515669299987
4.512825727799982
6.347077984599988
7.910183210799994
6.686254367099993
5.492355586199988
6.011311341899993
8.238889543202543
9.024408769135976
1.3300288115999976
1.9853218368999725
1.8236896483999914
2.171699049399988
4.198700059499986
1.1566057143999973
2.4091028853999905
3.7765347793999853
3.9911100997999944
6.0100894561999825
5.343466935699983
7.616014588931968
7.158777529899994
5.207331466699984
6.836450787405094
7.559151507594869
6.386892367594859
8.327848167399997
6.050639498899992
9.03469375920255
9.351794204696152
7.976595736696149
7.809688322405108
4.804261621099991
1.251382650799994
1.5878289855999879
3.2415710479999773
3.954589692699993
7.687003893999987
3.7894662307999933
2.7394289336999913
6.433194235199987
6.581726592999987
4.088897656199989
6.051666993696132
5.71173333889999
1.3413576171999924
0.5316204390499994
2.3593121551999743
3.562993736299989
2.150441412399996
1.5265583527000002
3.297557974199998
4.943791705299994
7.658492857405102
7.010165098594861
5.93436982419999
2.2691788634999925
6.075269447300001
8.353647224405107
7.32950843809999
4.35396072999999
6.678377723699983
8.22199055330383
6.749767094405095
2.163488189699992
3.6882766005999836
3.4395920669999835
3.270759249899983
4.858199482699983
7.606073933405108
6.426852262898701
4.805985307299977
8.5972924148987
10.623152193999994
6.292219869999986
1.6807639525999871
2.462103678899992
1.802730578599991
2.552376541099993
3.4937586669999887
4.884907234199993
4.083657870499998
5.82602231749999
5.972187922699986
6.135596113599991
5.108271498099993
5.641014520299996
7.245442675799993
4.476878158599978
1.3141618466282767
5.276136621101241
5.846152705405091
5.92075089110125
6.330898654199996
5.660975305202529
3.3252603545999824
3.801115147405076
7.6683639923038225
9.236628077795986
10.417098251
9.703591450646384
8.680232290594878
11.365194843999992
5.713871113594852
8.451226206999987
9.253926785203983
1.3596155687203917
2.6594747115999815
1.8651936370999884
2.6067028335999893
1.7628848342999943
1.3238277434999988
2.8145858504999905
3.828437693799992
3.682353782699996
6.340184541299991
9.60723182520399
7.384215339699988
3.9175625884999876
6.123261933898697
6.174039335594856
9.288950105203984
9.1236138107878
7.276247732493575
3.489431750499979
3.937260572799984
11.212932430999981
12.073906903519992
12.338309737999996
8.386221983297425
11.44704378699999
12.08696441799999
11.991099323999986
11.484500882999988
11.041216381999982
8.87283202059487
8.501621275303833
9.667390853898715
10.638258146999998
10.367635200999993
9.760386775202562
12.055445009999989
12.02011986999998
8.095480450405097
8.93639865420255
8.201519218405101
7.7545340178987
8.809732794202551
11.490045269999998
11.596445377
11.919151265999995
10.816633686999992
11.43691885999999
11.276563231999996
9.634860885601272
11.241755678999999
8.318762153594863
6.684819892899996
10.036146659929262
12.445465095486393
11.596476458999991
11.048783797999986
8.417675486797426
9.409215742339988
11.698368699999987
10.165242665070702
12.485398600999986
10.575062029999987
11.10618951399999
11.609496010999985
4.463843870499972
6.886207603506391
1.3881276300282723
2.149295114099966
6.627659374999954
7.032971504202536
8.551051232898702
11.352686915999984
13.742300213999993
12.89109866899999
12.688480205999989
12.746402547999985
13.415051754999991
12.728045975999992
9.643137708999994
11.917803409999989
12.545731904999988
12.907738341999988
13.333030715999994
12.723884000999988
14.078178267999988
13.53790614199999
11.676480918999992
12.294374804999991
11.597263764999987
11.860059791999994
13.71752955299999
12.803448870999986
12.734864727999996
12.683782131999985
13.028369335839987
9.725458862212147
11.428120336999985
8.158312664797426
10.60494875200639
10.118488514629592
13.315641343999989
13.842989097999995
13.455224048999987
13.055636193999991
13.695608728513594
12.920807877999989
13.695343828999993
9.824529486067993
9.364655104067984
11.095921207999986
7.344519763199988
7.523989894099991
9.724226199303837
11.888389953999997
12.076013693000002
11.890538152999982
13.52151635099999
11.876168024999993
10.689559263999993
10.479933252986392
9.524492556863988
8.551937760898712
7.58831905979743
8.712381094405114
9.450122529727983
9.625998207067996
9.219002523863987
12.484724132999988
12.95608941799999
14.167126246999997
13.00223581399999
13.942164075999994
12.569988773999988
12.216506000999988
11.883821351999984
13.763835314999994
13.70181535799999
12.936111695999994
13.93536958899999
15.434258635999985
14.082665818999997
10.042894320787825
6.368240200799989
10.200348748858548
9.60605815737039
10.938101211999983
11.799205799999987
11.598644858999998
12.517552802999994
13.621389325999994
12.967600081999995
12.951225863999989
12.83845902599999
13.59948606299999
13.48901920199999
13.251209408999992
12.899168693999991
12.977284075999991
10.895070765999984
10.266398697999987
10.909069152999985
11.71240456099998
10.784696529999987
8.234353565999998
9.203157894931985
11.980894417000002
12.111590134999988
12.576688219999996
9.795237901203992
11.521719063999994
12.455531070999982
8.98391997220254
9.874723928863983
9.443026238999987
12.579194959999988
12.668041866999985
12.592708098999985
13.032026264999988
13.035816631999989
12.839605900999986
12.614111428999989
12.72493173499999
10.214719351141424
7.806652328506373
8.220969135999974
10.36311102764637
10.998724213999978
10.595616388999986
10.895592823999984
11.941926621999993
11.862440281999993
11.32357534799999
7.780929328898693
10.357254744999992
10.42979977099999
8.162968017594876
5.590175183099989
6.858359423799987
6.849807620199987
3.0442648833999923
5.173081072999987
10.625204551999989
10.957424851999987
10.52854920799999
9.974483868271985
11.88180275399999
11.453963065999986
10.019945249929266
10.883756139999992
11.052517588999985
7.792561093101252
9.992754104727988
9.673951672271984
7.841470182797422
6.160768864399984
9.190453620898712
8.116202423101262
5.267407328799986
3.773120500199989
6.402974548303797
9.476613911271983
9.658706626929268
8.486069828797426
8.378210940594865
5.196752209499985
5.871236790506372
9.97456416178782
10.394697576999985
7.751709988405097
2.8582919249999823
2.0834335998999935
4.415134556599987
5.9618758072025395
5.8209868957974145
3.8727042525999953
6.132834448202539
5.31889646909998
2.70931242979999
2.617031045499996
4.452542272899985
4.929358705099985
3.401071333299991
2.7672531981999815
3.832691542099975
5.213523773202532
9.028907037405114
9.908819132999987
8.11778127589871
2.6945693526999936
1.7506469207999984
1.9777320128999916
6.39670265349358
5.829408998099985
7.268051945499988
8.025328120405106
6.911921363799994
7.082227532999995
8.482964825405105
9.70461388864638
9.63655496514142
4.746515882899985
3.768217227199995
2.469258006299991
1.7361725905999865
2.897852630599977
2.2002303374999914
3.495232020599997
2.195383546399994
1.652262091099999
2.511490806599993
4.976340969799981
5.0216959578999845
9.109998307863963
10.795936298999994
1.2185943622727908
1.1231641683016018
1.7366777480999922
2.0439424987999937
1.9017585570999946
2.303210533099994
2.9537778090999947
3.656768832399996
6.291448275797425
7.4360630279999915
7.532020095799993
7.328135357696149
8.704366877696154
1.8166485030999817
1.9722785705999935
1.5984293105999932
3.393761082499999
6.242445632899992
6.354653169303824
8.213155648797422
2.601433348099991
1.6000906616000032
2.0825985854999844
0.8941690791067984
0.5916970612493587
1.4403983413999955
2.2608102279999907
4.506866807599994
5.3185796523999835
6.162029205299988
6.618572683699993
6.480140708899994
8.005804952999995
5.914485594199989
6.809750256303826
4.341290913399987
6.574941429101266
4.933204324299989
6.466919064299991
5.206431700099987
6.792790058899991
4.7068880080999875
5.536538214099987
5.4541665633999905
6.392915757799994
4.075162828099979
5.485621389799981
6.225628210399989
5.278743641699992
5.431785670499994
8.742414742999989
6.553216406202545
2.5252798308999886
2.135351406899996
2.6341477736999956
2.411812023899993
5.051302300999987
3.7661187438999857
3.6613424239999883
4.431425071699987
5.165881147799982
4.076902395599989
2.921950929299992
2.4918465591
2.651360789499991
3.6504596419999906
6.708616465799992
3.7227923583999907
2.48723927759999
3.755651098599992
2.2748141937
1.7315083588
3.6104870208999866
6.243423675499989
3.915617141699982
7.78188428650638
9.750375776795986
12.314160227999988
7.500222743202544
7.231708946202546
9.149327424727984
9.601144108727981
6.379803619405096
8.955403759797424
9.082255117797429
7.809095875493583
8.175696858202544
4.293274421699993
2.7637949019999764
4.1092836928999805
7.959392297405103
8.069343130506377
8.854337130696157
8.04060056299998
8.448510836797414
8.820080580101266
9.433090068067983
9.043928826898705
11.450816288999997
2.4586601867999724
5.021067227199983
7.358300949101263
7.912294805898702
9.661531269863989
11.024054239999995
9.968761946067989
10.769225753999992
3.6685551772999805
6.4811990753038184
9.454701835594875
11.924549648999989
9.98073069607071
10.340162714999991
9.730289329659987
9.357398176594867
10.149326636991834
8.41947237240511
8.729212811303837
5.913575054899989
5.739181236299989
7.982018598898708
4.4469352340999855
8.350408399999989
10.704103946999986
11.940552700479987
7.712184538303823
7.742294111594864
10.486145032999985
10.482908587999988
10.734793330519988
10.60624264999999
10.141347177033278
10.929561175999996
10.328007165999985
8.125188764999985
3.584813052399992
4.96113437039998
6.7807210341999875
7.398256010399992
11.843741190999996
12.302648667999996
10.919806527999992
12.593779816999996
10.42305849499999
6.630270391797423
6.131085357696142
6.170920059199997
7.623298284898701
8.52342206569615
10.67424216599999
10.046273815931997
10.971978107999998
12.80547437599999
12.157803728999994
11.074295991999994
11.74420876334719
9.200862242067984
11.237723433999989
11.740001311999988
11.640433037999994
9.472019554070702
7.734068507405106
10.228268044999993
11.551635377999983
11.362989256353591
11.975781869999993
13.51056293199999
13.235998095833589
13.721054315166393
11.931686638006388
13.1099732769936
13.152347156999985
11.869651073999988
12.719692951999985
11.472158948999981
13.21214949999999
12.30544190199999
10.421178225999986
9.810430624282864
8.491101904303827
11.843355906999998
9.709245901353583
10.768243149999988
10.860914837999989
10.91253895099999
11.100482116999991
11.123706545999994
11.769620388999993
12.445301099999996
12.212729407000003
11.886303139
11.937619280999995
12.062463308999991
11.81325925599999
11.93464390699999
11.986611904999995
12.785243680999987
12.211951542999985
12.518591977999987
12.07047791099999
11.586941758999988
12.315028634999987
13.37798938599999
14.076037392999993
12.99726479899999
14.099758899999992
14.357279470999996
14.434079752999988
13.575384768999989
13.647492461999988
14.499252085999991
10.880199895993577
6.2240958572025304
10.348100566513596
12.565335525486395
10.55565227799999
10.73270460851359
12.234228533839994
11.746926565486389
10.24131485751999
7.480877490202549
7.984655316202541
6.894487675506381
9.304360076905109
8.55567695919615
10.508689760999985
12.38697424316639
13.292487499999991
13.298551066999993
11.86820195799999
11.12526916399999
13.073620710999986
12.970022779999992
8.948717626999992
9.475826351931993
8.79152964320255
12.649771300999992
10.335889513999982
11.746060247999992
11.96716357999998
12.329716561999984
11.729091527999985
12.321559662999993
13.11499302799999
12.117818299999984
13.020936191999985
12.571221100999987
10.953208976999992
9.126792623931983
9.889538948067992
10.516920908999987
13.289354146999994
12.999541300999988
13.162210276999987
12.339955251999989
13.238621090999986
12.315301404999987
12.005239654999983
12.085100411999985
12.98952978099999
11.340485587999988
10.14502419893199
10.68180661299999
11.630915923000005
14.316059987999997
12.055564400999993
12.18639316399999
11.597414960999991
10.910692769999981
9.204848706067983
10.85087498899999
12.40588839899999
10.888886280999989
10.747192588999992
12.436210302999994
10.868975088999992
9.909576542795984
11.631621119999993
12.608210520999988
12.869531995999997
6.5815737456961365
6.54373759159486
8.437928311135963
8.54890881039871
9.589163920717095
10.173446685858542
10.543673890652785
10.801406362999993
8.10654893490511
4.560008383199985
5.874913078303817
5.485308000202538
6.5768997176999875
7.033892192099989
7.340654827898708
7.904493345600009
12.055959038999989
10.406853177999984
7.789673715202544
6.97950348510126
10.911170801999988
7.200168293799993
6.720785047899988
4.287980807499992
4.527406962599991
4.308119860799991
6.587432182299991
12.054789799000003
10.118108538863991
3.16196057129999
2.006654290799995
3.018371136499995
5.172624618499977
3.234760969499986
6.06505535129998
4.616730610699986
10.346801879929266
8.017594123803827
7.751869757094853
8.68101309660127
8.567707128898714
7.8074298507999975
7.387345710797418
10.977354052999992
9.004302105795983
4.01144502409999
5.3304995971999825
8.975102426101268
9.187413502493593
10.833728457999989
2.258778613299985
0.6479222869899987
2.258920632899992
4.188680017099974
5.781282235696128
2.1452078063999758
3.4088507628999727
1.353855635099988
1.2705611846929126
2.958860417199993
5.136119041399996
2.1619256164999934
3.5203952163999865
2.472580429099986
4.0821377532999845
7.833704135101266
8.303514245594865
1.4603911254999948
0.6890649414100006
1.838431246899981
1.1626306134141313
0.6998357863399985
1.6726915832999931
2.847438430799986
6.3273443192025365
5.870729042099986
5.4078771454050845
5.752582067898692
6.139005686999981
3.1936760314999795
1.3992919341999923
0.8996972711733118
1.4193682324989103
2.1113944823999793
2.9519561400999867
4.900462539699976
4.597206854199988
3.318576097099984
2.1731960708999876
0.9258183714931956
0.8312918764101264
2.4798007461999827
5.6127872207999925
6.76008795930382
7.667519132999989
9.352833013898708
7.615535229499992
7.350056443799991
3.6547422347999974
4.2607478225999875
4.120773361199998
5.718240322898696
2.319765331999999
3.0841709487999918
8.498066253696152
0.7218432269101256
1.2726817061999887
1.626590560900002
1.1818437972999947
1.4370767516999978
2.786381016499994
4.097923489399994
1.7531979979999854
3.125684632899975
6.084214005999989
5.344239489699988
2.4647494491999877
6.607730178797424
2.98287866969999
2.566606965599978
2.2057358642999882
2.6911396697999757
2.669323846399983
3.2521174437999867
3.317247923299993
1.7579496352999928
3.0755442992999997
4.606395870999991
2.773133161899996
2.9097589110999933
1.9067738097999816
4.158247956799982
2.6022263122999902
1.9546174468999935
1.711470497099995
2.580543518099992
0.6411776883101238
3.829372352599973
1.88701696319999
3.2209199890000026
3.542980755599994
4.243890299999989
3.382261315899978
5.299643356299986
8.084087643405107
9.374895695339987
7.648986677594865
5.68862361449358
7.687869735696144
2.600219197099979
3.056498953199969
4.040299558999988
4.26683515009999
6.301739042696148
10.79547560699999
6.127955386399983
7.286946069299988
9.080276164202546
6.674836489899989
1.6122106246999923
4.558143659999975
5.198580602999998
7.127477047699994
6.3507509231999855
7.284099372898709
7.180011112999995
5.038782301299998
7.135616247599995
4.718321127299995
2.857743589799991
6.397049050899994
5.747414514199985
9.458935713135986
10.33722939299999
8.715601649339975
8.12127139589871
9.081152513101273
10.429049299999992
8.845527902202559
9.128665087898712
10.012253086931997
7.837494956999986
9.557635520931987
10.209716590929263
9.275574124067983
4.394212158199977
2.4354820601999725
6.245501481594861
11.141961469999991
8.338217193594852
10.527653664999988
12.41343204199999
11.30029040799999
3.067149232499982
4.243853784199982
5.401952865594854
6.052702435303813
12.481070965999987
9.442045844999972
8.275650567594852
7.938980523696139
7.051938908405091
6.094074134797415
1.9422250319999743
5.08882509769998
4.503886578399978
2.949848094199972
7.949596101398699
5.311748269699984
3.9467977736999798
5.787361149599989
4.438530595399981
5.007658048999984
4.117590277099988
4.400193141199997
1.268296488679591
3.6329424773999777
1.2553316447212066
3.9709442092999745
3.1320623290999756
8.056916166696144
11.601421236999991
8.524677030898708
7.122757371493582
7.433210296594863
7.03410116120255
11.247004961994568
9.21401959840512
10.6240471709936
10.587941501999987
9.187757345727974
10.295294675999992
10.983527956999994
10.562025356999996
11.05543493499998
9.729865054203987
9.431571914787826
8.216968908696144
9.256905938787812
8.855982806405112
12.505811507999974
7.250530149797419
8.306742916898699
10.103759744212146
9.411302273727992
11.383770057999996
12.528486144999992
12.102100303999986
12.050358788999992
13.058718793999995
12.29708649599999
11.988452152999994
11.997888193999987
11.285926833993587
12.833946255353593
9.38050074173437
12.056905073999996
12.689705211006391
11.476688100999986
11.317118564999983
8.250410305863968
8.348460728506382
11.088775567999981
12.852774051999994
9.577962615999988
7.683473966999993
9.297814541594885
13.474843212652795
12.366894710006395
12.418041459999987
13.552682500999985
12.826746469
9.929013038727994
12.507551859999982
12.640923447999993
11.913195008999999
11.155240336652794
11.32630572383999
11.501020545839994
10.708047284999992
12.431958262999991
13.453498445513588
10.203369538929264
9.93327530985854
12.766967765652796
12.215337800999995
11.989122880486388
11.333791412347187
9.962868469135989
9.55428450613599
11.913214342999998
12.404278772999994
12.912448958999992
10.385835034141424
8.95218566427198
10.248042901717103
12.000293590999988
12.206030036999993
10.731605181999983
10.654209585999995
10.827572870999987
11.676111361999988
11.400609363999987
8.925233447303828
9.426430171135989
10.178436216787825
9.749999899212142
12.260647947999987
12.172831807999987
12.094209475999985
10.748582319999988
10.71211589699999
9.464978968863988
10.432729264999988
10.630960646
8.73250826110126
11.192592292999988
8.658527371202553
7.769608204696149
7.197567719999996
7.332847483799989
8.850803012094879
12.53479452216639
9.833260954378554
10.598135474999996
11.395222559999992
11.852417302999983
7.8898694488987005
7.299439123493581
7.75607443080383
11.572933229166397
10.283284631345442
10.327084568863993
10.608867756999986
12.235704238999993
11.095291665999985
12.003542495999993
10.187174103999991
10.878679564999983
12.547617095999987
9.373026199203991
11.104221294999993
10.076374389727988
9.591027552863991
8.901682588202561
10.744134344000006
12.62884592099999
13.061780852999995
11.41081616199998
12.38427870316639
13.810894166999987
13.20626917699999
12.522771888839985
11.802023343999988
12.37839413899999
11.374722509999994
11.750223585999986
12.317261071999988
11.047187690999984
11.368643296646386
11.127161385999992
5.850505796799983
6.6133339951012555
9.829110757271993
10.582157329991835
8.072254850797423
7.330450755303824
7.779625547797419
7.142784150696128
6.911454194594858
8.675555438202549
9.779521548353586
11.054610413999992
10.264100977999993
10.198627129999991
11.150862964999979
9.60226879885854
10.044079048135997
7.753751463303826
7.950888514699998
9.618956176797436
10.960908033999992
12.194102759999994
11.889295112999987
12.151604930347194
9.637215560931985
8.84864856258398
2.9562885543999764
3.585346307399981
8.013465174898705
7.37864668879742
9.990308897282869
11.07989610099999
7.697178395101265
7.212796578999978
7.751754524202549
10.43832188899999
3.988886102299969
2.5475504668999784
6.549853070101258
10.077231204141421
8.372322529594866
9.78747746892926
5.7941006881999835
8.248918505898715
6.235220869399991
5.2105945678999825
5.6616116088986965
8.050393156405098
11.316310679999985
6.942296116594859
1.371306117199993
3.6424700866999826
1.6144769668999885
3.763148533599997
2.411100834699995
3.094580833399995
2.059630203199995
1.3747021956999943
1.879870339999998
2.3908983077999917
1.3976665694999852
1.3355712371999957
1.9699047072999982
2.213930345199995
1.6791427123999947
1.078618617199998
2.2607413176999893
4.237110916099981
3.6041555022999923
1.8524866469999834
1.272334052571702
1.4001786208999951
1.8363271956999976
1.5887244689999989
2.2832920791999918
5.975858166499986
6.891138951101264
6.229532484405098
4.997410903899976
5.062465025299978
3.4201579680999847
5.126425329599986
5.634856935099999
4.086747601299985
2.408371731599993
1.9090580703999829
3.395777192699981
4.433165531899975
5.496025439499986
7.293729249594862
4.90488432309998
2.108774839799989
2.3495055068999933
5.291913304099995
3.643506477399995
3.089085949699996
1.7179751998999946
1.893361589099996
4.554634732099992
4.328207881199995
3.789813864099987
6.943584439101265
6.952583573899985
4.923360606399985
5.877586437999986
6.741425135799988
8.74221679079743
7.282913694799992
7.099205570999991
4.794322601299994
1.2012570983999962
3.1982114975000013
5.832279322799992
5.439346536299992
3.4444894729999866
2.180767822299998
5.281360244799986
1.3543298202999938
3.7044885161999677
3.2503496535999807
1.781815635699996
1.753104618799998
1.1286769628659907
3.2193083754999683
5.879143273898702
4.715902542099973
4.923130656399985
3.652355552699993
7.712171032696145
5.638301802099991
6.4586878524999936
7.241192172202547
8.529109532202554
2.9710654448999874
8.656145021067974
6.2411281188999865
3.555240187099991
7.237099650594861
9.037226248202554
8.61769320979743
6.679592163101265
6.952195721405101
4.9111457153038165
5.464924748199984
1.944781802399989
4.484987071199993
8.640619667101268
6.7640306838987065
7.03622279049359
4.437493928499979
5.2217386413999805
1.8522637786999887
2.4805636901999897
3.5512193801999814
5.187947174099985
5.419518888899986
6.560147560099992
2.4388252288999857
2.1685655806999815
2.4218295379999755
4.0666552703999725
3.1940290877999833
8.59764131930382
4.034924165299983
6.117030630506379
6.060474214199984
6.375741316199987
5.590985369899987
5.706129930099983
5.844755329899983
9.05023760379743
7.626432540898706
7.97930146479742
6.735412649493581
8.304656919898706
10.91347051499998
4.450053858899976
7.314345243797417
9.781086291646387
8.674738497898712
8.938994255101274
5.613327676399993
3.673639289899989
4.292868785099989
7.666313366699994
9.639785378999994
10.091377221787827
7.8198207488986995
3.719868075599977
4.6737598800999764
3.4971517319000074
8.119442863506382
8.626442373696138
2.050320625299988
3.4226052382999805
7.9970796828987
11.38603382751999
10.626987380999978
9.403262544212136
8.646506475797429
8.650261053506384
10.46714874999999
9.064193847795984
10.470394654999991
11.620882663999994
9.793463052271983
11.900257692999986
11.136430251999984
10.251208033858543
3.0631327926999763
4.496889143399985
6.5674780379999875
3.6256266082999913
6.749528201303816
4.821159847999975
6.197466432199995
7.9314503127974225
8.733394250339977
7.551294459493575
7.891154956101255
11.26267125899999
9.941557737787832
7.367100251797423
10.027826905933438
11.792388876513595
10.907094357353591
4.243515162699977
2.26730543819997
5.511843685899983
10.555131708999985
9.242937188787817
7.262801975999998
8.377345466594868
11.899321888999996
9.83257432707071
9.075895661898704
9.299454444898721
9.40980009306799
8.749929884203976
4.46289119109998
8.147306408795977
9.547403364727987
9.434200552271975
3.0536337661999826
1.5220985408005339
1.8240242721999862
4.78516897129998
3.9894010161999787
6.703477674898693
7.965036465506386
9.863471752929266
9.310815380931988
8.798293595898722
11.235886973480001
10.852547411999993
8.721251423594861
10.302918023787823
9.564598107769264
4.881003111299978
6.663533406101253
8.999646871898708
10.227563587999994
4.389940083303801
4.003308642594834
4.802978414899979
6.922355741898708
6.959719459499996
9.354073377999981
8.892052148405114
9.178710812265587
12.270369701999993
12.210022628999994
10.430310181999989
10.746892078994554
13.70752400199999
12.876356463999993
13.439838346999991
13.902363494479994
12.360257080519991
10.950618891999992
11.029457151999985
10.90298941999999
12.288126380999984
13.794364705999994
9.531840518135976
7.892206402594855
8.398517193594865
10.92182241699999
10.559861777999984
11.41289843899999
12.82683311499999
12.270211123999994
13.024880663999987
13.808296929646394
12.281874256999995
13.624658068999995
12.95320635399999
13.381236683999992
13.170981650999988
13.058100869999988
12.669804923999992
13.453459980999991
12.66559496299999
10.419346297999988
10.402635264999992
9.188413503999994
12.20935808
9.831603453067986
11.906839705
11.17205285599999
9.921755705203987
11.88392021148
12.794174968999991
13.729943781999994
13.141682811987193
12.869599793999994
12.98156587199999
12.598590217999991
11.791011007999984
12.375808205999991
10.679129549999987
11.095716253999987
12.482399344999987
12.63719303999999
13.242769750999987
12.235354545999984
13.345329976999988
13.20410944099999
13.287867402999995
13.198983927999988
13.283774906999987
13.196775904999988
12.081671969999988
12.22786523399999
12.86221638599999
11.238146930999985
11.412061544999988
11.293598505999991
11.775992429999988
11.579926896999988
10.75133919099998
12.78391014299999
12.850871558999994
11.921235944006394
11.174972463999998
12.58831801
13.702233497999993
11.520265114999987
10.314854592929267
11.425419759999997
12.484176791347195
11.383283722006388
11.887749334999992
12.344056693999987
11.800944003347192
11.059111061513589
10.87276553199999
11.393075368999991
9.814844264295997
12.068911843652788
9.151552081203986
9.452663038727987
11.732813008159983
12.21727063799999
11.440516875999991
9.342547714135986
10.70928566699359
10.41347066699999
8.374370315594865
7.567843478405104
7.431031715405094
9.073392755067987
9.648130303999986
8.662774078405102
10.012425701931992
10.61773599516
11.37033460699999
12.102597512646382
11.805981146347188
11.726640619999989
7.580633344999983
8.016944351202552
6.561613690199999
8.141079446400001
9.454681967135988
6.753309451303818
9.517029025203982
8.474458715797416
6.460149880999984
3.7858333053999784
6.42617077330382
5.00086681369999
5.928097553999979
5.640966365099983
5.598120535299986
6.183263531499991
7.083667613202539
6.381671424899986
8.886041047696146
4.1490476073999805
6.799779415898697
3.920405975299976
5.324444708303803
6.860507958999987
8.372255851696146
8.27239102020255
8.750584236101265
9.090561857594865
10.467975881999983
4.471130409199983
3.091411167899988
3.4124974334999862
6.789064672898703
6.121887602202541
5.457086515799983
5.591440940899992
1.378787341299996
1.774036575299997
3.6708976516999976
3.4412428985999957
2.6864763274999963
1.826922752399995
1.6507706023999942
2.830667445399993
4.837731007399989
6.549195909101258
7.657355206303822
8.162149378999985
9.802111198282866
8.54077876740511
9.495364184727988
10.086115248070703
9.947828007659986
8.688447254931978
7.466826101696142
6.4988449996999815
11.147295324999996
9.462223681594871
9.07592495269615
7.462699317898708
6.979512878399992
8.134193839999986
8.937563903797429
6.113579933199986
7.479216252101262
7.317377172899991
6.084866242999988
5.262550991799986
6.30352889399999
4.478305694599996
6.79892568510126
7.858643644696148
8.93063767240511
9.057392581202555
5.493029331999989
3.180966126999992
4.556002792399983
5.560079551699996
2.276876928699991
3.6959614089999784
7.176870890797421
5.723382890299981
3.489299681099985
2.348440039099993
2.6767332549999776
1.4404970809999893
1.250397798265988
1.869047393799989
2.509100685099996
2.064297825599996
2.0956272141
1.9012747069999982
1.7167423888999929
0.904389484789871
0.7785041020399988
0.8871407597646369
3.386738828999977
2.1381127303999965
7.431227943405112
3.376018296799998
4.172245060699996
1.397211889599997
0.9908259029271974
1.1425154404727942
1.2782637130999954
2.6656797881999976
3.7753268325999882
4.813412977599986
5.688802876299984
2.395678356899983
1.763635504199985
4.681388409399986
4.3578178344999845
2.286720664999982
2.0322938720999844
3.3816519530999805
2.4180486525999734
4.456286910999976
5.511268865999986
8.158608338898707
4.607994909699986
2.3548402556999917
2.134889172399991
2.7326313582999853
1.91016990359998
1.3522198558858385
1.367023254399996
2.7036661834999753
1.7201506606999755
6.041919419898702
5.593084779399981
4.782883001696135
9.148080721999987
4.100845075999977
2.6431488784999773
1.7124584121999886
3.94912595829999
9.493902627727984
9.190763325659981
7.287718629506385
6.610375620999982
7.402603126499997
6.754213389599994
8.889121855202562
6.019809750405099
7.229867442303826
8.212156236303825
7.970634126303823
7.850757746898704
5.442014204399987
2.468691326899976
1.1597819426659934
1.1467116776339938
1.2736826448989071
1.3246886868353465
3.319019813499977
2.9591897780999767
4.424435284399978
3.9116051116999753
9.002760421863982
6.8526345444051024
1.927792071499989
2.0331229079999877
3.0690208236999803
2.7748915038999797
5.107028637696139
6.364058868405099
3.6669087417974042
3.5768660979999702
4.489154565405085
9.056231748999988
1.6722100173999914
3.9189984679999728
2.0745972640999693
2.749277558899971
8.331770774797416
7.549791627493591
7.626026472506397
8.602271862797428
9.45456931920799
9.688845094212146
7.9036486328000075
9.000448557999997
11.053805912999989
11.606908758999992
9.731674287271979
10.117087556353583
8.87755092920398
10.260539672999984
10.275937996999994
11.307890323999995
9.034794857797433
7.9544667479999855
10.165287222212152
9.22337526089871
10.461562172986394
9.673159298795994
10.57244867699998
8.745952883898706
7.2310333449999815
7.188354562405105
6.50496969759999
8.925860183795985
7.389343194599987
2.887414666699969
6.866490046696141
8.637904161101272
10.394634048353584
10.57805479
12.14707169799999
11.594923481999986
9.351389930795984
9.602146177795989
12.12055675199999
6.992051402303819
8.537194219999984
8.480265190101258
7.671167332506388
6.771464045696144
8.329932879594866
7.96714932099999
8.21958671420255
10.475001233999986
9.033686724931977
5.381264956696132
5.3313602843999774
4.1838093398999785
8.434290150506385
7.992697102405105
6.472184333799987
9.999097100863995
10.937905403
7.213470039405088
8.43203529510126
6.971617015101259
6.482642832898698
7.7901310637974275
8.019895407101268
3.3204936126999782
5.27389358059997
5.728540124493573
6.80145508729999
9.418233793594876
9.954675456061121
12.058095142999992
2.298315893599992
3.889713510099976
9.816044410795985
10.529324703999993
11.816841469999993
12.837343936
13.656643647999994
12.05683088799998
10.38228371599999
10.256498564070698
12.761975408999987
11.06835646699999
12.395995460999991
13.766685229000004
15.380224123999994
13.78247196499999
14.138772196999994
14.05583237499999
13.27380984799999
11.845325782999993
12.212034868999991
13.171348362999987
15.492748089999987
12.29953874999999
13.277749184999987
13.546526789999989
13.23877803999999
12.820190004999988
13.696963856999988
12.787766712999995
13.47747369399999
12.562085555999985
12.389516446999986
12.031524167
13.875882226999991
9.508890847797435
8.33384898530383
11.39062150599999
14.06785630999999
14.200869681999992
13.478702001999993
12.490652575999992
14.096683419999989
13.561178705999984
13.595560656999988
14.551874697999985
12.590120916999988
13.492884614999992
12.916364502999983
11.525707955999977
12.420732795999982
12.163143940999987
10.433719338999987
12.85624445
14.26666863299999
12.868856352513584
12.136814471347185
11.423603986999987
12.130527878999986
12.31460341
14.876822698999996
14.403292956999998
13.437445521999996
11.665492351999987
11.17232554799999
8.853219338999985
7.685552592499992
13.126204012999985
12.583192684999998
13.32522592899999
15.35222491799999
13.053840729999987
13.490134578999987
12.59373523299999
9.849404054212133
12.141006400999986
13.490010676999985
13.315357544999992
14.306287601999992
13.079467943999994
12.840741611999986
11.897880976999986
11.214681815999988
8.675481762696142
9.314179324303828
10.63305788599999
9.077017996202542
10.446545611717108
10.964464031999995
11.103355236999993
10.646916149999985
11.90622033699999
13.427816627999983
13.57697409499999
14.695045614999994
11.99209671299999
12.114944562999995
12.335673377999985
7.449013255303819
7.520193429594868
12.071620299999983
13.034585914999978
10.282873393141424
11.097267576999986
7.61556232910127
7.4802143416961275
10.57975360099999
5.390195667999984
5.034498400899984
6.919381227100005
10.108178544727986
10.317755503858548
10.68351264599998
9.002352363727988
10.289574349999961
10.984528139999986
8.291861073303824
10.18645354599999
4.468115183999971
6.038511364696141
7.5398570998987005
4.530932128899971
4.822797856101239
3.5347202758999847
4.204074452199977
2.3892393035999904
4.155795957898691
5.782234968599977
7.359563761899994
5.567871391299978
4.271531004299981
5.634419668594844
7.454020230101257
8.935732330303829
13.260915244999993
12.766191930999986
11.989636068999994
9.834754383931987
10.315818032863984
6.496566078199989
6.391098947101259
7.666088977101257
8.349400822405096
5.910338072202541
2.7108125594999803
3.216210472099982
7.174709863303813
5.509145106499984
3.067514881899984
3.2076800796999794
3.3369904159999813
4.2389690093999866
4.438215666199978
4.42780264129998
8.869287460303822
7.201608093303822
4.897198420699978
5.305563201899981
3.5413362807999875
3.975158914199978
3.1304999038999806
3.869332086199979
7.739202783202539
6.158994573999972
4.1194008361999925
3.5639136474999717
2.018407450899991
1.7264614852999876
1.520029495199992
1.6875842193999868
1.5292380172999922
2.668894940199992
1.8646249328999935
2.976269638099995
2.8192185653999964
3.022424620099993
1.8671816268999937
2.509201715099987
4.49738464359998
5.816464300493583
5.686249551399992
4.256878407299991
4.568489509599998
4.95324591979999
4.114456100499986
4.7484603011999855
4.528353761299982
5.198739837594857
6.7783126541012555
2.6938987488000006
3.4335452071999915
7.102688128696139
7.341914547696143
6.516845246899989
5.277044094799998
3.5181032699999966
2.168144906599994
2.8911518660999977
5.590770658899988
4.478285514799993
5.318527503999987
3.4904822783999827
1.4411782287999948
1.9351545852999783
3.868587377899986
2.7257476455999914
3.8436115508999706
3.402142929099991
6.013714269999981
5.977203178405102
4.172031867999983
2.9062165328999887
2.7638948668999843
3.535961393699974
6.007913226303818
6.6962463256961415
6.807464115898703
5.773380975299984
4.174642565899973
1.1294814761135925
1.3255020145271903
1.1062350495203959
0.8820866968135951
3.32600998989998
3.52172638549999
3.092588580299993
1.7127621551999914
1.180523521707065
1.057822394672798
1.368412136799992
4.629795982399972
7.48261427610126
8.327954731797417
4.377691722099995
5.696761570696136
7.685683015405104
5.8565892455948605
3.837426397699987
0.9793371631727932
1.4342839797999962
1.251987861599997
1.7919773437999822
2.8246657805999873
0.9224709495646265
1.2260703437858393
7.752687431303824
7.788003532405101
3.274447685199996
2.3163829543999817
2.6675546676999864
2.3679890761999887
5.050518983499989
2.970764274599976
6.730445545999989
3.85991451569998
1.1466194386353434
4.738359992999976
7.256283836405099
10.34340308499999
5.340988046299985
2.8934887359999824
2.8629530776999874
4.142846821599992
3.984685288999983
9.15718567806798
6.28929557799998
5.339969616699979
5.807316912799986
4.8832874083999895
6.170753337099992
5.765347277799987
4.359129717999973
8.01533212430382
10.3493250367171
8.607775419594867
3.0369173903999824
3.03242070309998
9.222694526696152
5.837074168399991
6.121367256199986
6.84860581210124
7.436995930506377
2.5700514220999824
3.202491422999986
5.801381326299986
8.118065882900003
9.970144259717108
2.933347241199973
4.7080115416999755
10.836919883999988
2.051285253899989
4.187302920499974
10.034915246717107
10.379996006858542
10.07878282921215
10.396787061997282
9.532312394696161
8.314946015898705
8.625545838898722
9.256882264795985
11.20643248399999
9.694531440795991
6.497805323799993
9.056356158271981
10.014844274929272
11.24384430499999
9.515539279141425
5.989914829999973
8.022773492405099
9.638351155067982
7.8141808502025345
9.938857319717105
10.057356307999983
9.898204698141427
7.860625126594864
9.16962314299999
10.303970218999988
8.881805526795977
6.820810586493581
7.907645120202542
6.448761334202534
6.346342878696145
6.657269084202538
6.681086335797417
7.181146093797419
8.902261340203983
10.336302533999987
6.130089010594858
9.394276454135982
3.3746265365999717
4.387976574699977
7.447600254797429
8.201490814202543
6.090170774799989
5.248477653499989
8.100115019200006
11.677243476652793
10.921226565486377
9.811479124506382
7.5916734328987046
8.307732173202558
10.348259308999994
11.07081000399999
8.66116325231197
8.891342779493586
7.883640920999987
7.525501426696138
8.535202242999985
10.714584807999984
10.59879114399999
10.07538939979599
9.433829080202562
11.252271117
12.184087005999999
12.119356714999995
10.934736250000004
11.128923917000002
13.927566678999986
5.338481309499987
7.933889320405104
8.993652009594868
8.098950418101259
7.831646710202544
7.268167974898691
8.259940840101267
8.989717372101266
9.401730966202553
6.845780148303819
6.369708038303816
6.167876258898692
7.56572279049358
10.398553079141418
8.994715666202552
9.57735498199999
11.070691107000002
12.555176908999982
13.003549076999988
13.510889127999988
12.198895392999985
11.638385549999988
8.045375178493591
10.447660566999998
11.519462067
14.273805475999994
13.816433895999992
12.51026901365279
13.15715605299999
13.052287856999989
12.041016245999995
10.747868957999989
12.377927982999992
10.956522230999992
11.564967656999993
9.610172033787816
12.79111738299999
10.646301354999983
12.940701357999988
10.611189217999987
10.819424540999988
11.498027414999989
11.866610698999988
13.791496753999992
13.730685288999995
12.497062859999993
13.697444626999989
13.668437005999985
14.01717625599999
13.41514840899999
13.947579299999994
13.878997567999987
14.83043502199999
6.9155752349999595
7.9958657668986906
8.39679107210127
9.125901740999979
12.995597030999985
12.145197002999987
12.070663402999987
12.427769892999986
13.661965827999998
13.570962867999985
11.490277994999989
9.747320413135988
9.819576136863992
10.913512082999993
13.225980597999992
14.258565989999989
14.406877395999992
14.02221835599999
11.94134908299999
13.58355728499999
13.52388291299999
12.274295539999999
11.847570212999997
10.688426215999987
13.182929983999992
9.44546449286399
11.635402401999992
12.023940926999993
14.23782124899999
13.500466132999993
13.982732602999988
11.293039927999988
8.768191953999985
9.067208921797432
9.151393865999983
10.367255519070701
10.917990111999991
11.549646364000004
11.78659343999999
12.79799808
10.746726539999985
11.886849799999984
13.15851072499999
13.268194698999991
13.443668737999984
14.180455048999988
14.44259416399999
13.31175218999999
11.459614806999987
13.190728045999995
13.109079538999994
12.480554621999989
11.353872761999979
8.02964457240509
11.057804917999976
9.866338375929267
10.001164524863992
6.806632197594862
6.731872065699992
6.22626014559999
5.691993879699988
7.820255247506379
7.977924966405098
7.05783520199998
6.633535050999981
7.402999816898705
8.741978976405107
8.462470852696148
8.176860877999983
9.323495187271991
8.69892000430383
11.570366961999989
10.271728699999995
11.429216004999988
11.085807593999984
12.905944435
10.730111855000004
10.818101200999987
10.384098212000003
10.143952979999991
10.904081344999991
11.164908983999988
11.441468815999983
10.430776423999985
10.86772074699998
9.96186274878783
8.206216795303828
6.1933920532025395
8.274612069696147
3.929652212499983
7.477883537303804
6.672264175399987
4.419472859199993
6.051074122594849
8.480134330787806
7.531022441101265
6.813362484700009
8.201913864100007
4.786301434299987
8.669391870101268
10.803529958999997
9.58750902265999
7.037518383797423
9.177834190405108
6.835114512599988
3.7926415343999857
4.68322977749998
1.7094355330999824
6.155417765797415
4.69469261629999
3.457665400699999
3.5620912414999824
7.043510684199995
7.340839039599992
6.3517410735999915
1.7577467223999967
6.151066177405085
3.2888576980999895
2.8045607726999924
2.45301329799999
4.694445173599985
5.779807517999983
6.008596090699992
6.43675580899999
4.240467306499998
2.480267468299984
2.212403723099989
2.220137416099989
2.804723628199977
3.7196557189999817
4.222722016899984
7.934604431202549
7.542865974399992
6.036951692199992
4.391942640696132
3.2681553969999855
0.9993034361858503
3.0717047576999796
4.613803153999994
2.2561552077999942
2.1518434173999945
3.0020551711999923
2.1151945571999855
5.588013293506381
6.65133791499999
3.7765322204999863
3.0419734939999907
2.9629114837999877
3.2378705550999958
3.1402923537999845
4.072245895399992
5.34067198939998
8.582323612999982
8.091316520696147
7.00587037349999
7.73529897769615
6.3297872268999935
4.259340147399993
6.315923263493584
6.916517243999993
5.818283898899982
4.742933512899996
2.6408436339999986
2.6259321822999984
4.077577300999975
1.4733405517999953
1.5739339843999973
3.1260216536999765
3.1287531203999954
2.701758654800001
1.5655438384999996
2.0726342986999957
2.506289771999993
3.4950355498999897
7.471514199797412
5.529531719999992
5.714754991101258
2.029586419699984
1.3400891738999954
3.0560964950999656
3.3667299910999864
3.58634126279999
7.005657238797427
7.323113719199993
6.11863164979999
5.994874887099987
8.965493667594867
6.776178565999978
9.611914375203986
2.586229611199983
5.064556741303814
7.372316728202545
7.294840776101271
8.569509461999992
7.979168011506384
8.290244793696141
9.911443115141422
8.469267849696145
1.2052520385999932
5.350615460199991
1.2769499831999915
2.327191918899995
1.4196088759999919
2.173165624999988
2.046873934899978
2.2585388457999915
2.764102278099981
4.66546683349999
3.6864971663999873
3.7454469710999896
6.964798391696142
5.89171089019999
8.12523516540511
8.301795396405103
7.7062078444935835
8.435941628999986
7.301285717797421
3.619057386799987
3.9726180663999804
5.829850997899981
3.922566001899994
4.897289755199994
2.1418640593999863
6.595937390101252
9.689995637659989
7.958177207898703
4.567142787199987
3.3112230651999868
6.100358702099989
7.462981478899997
7.102200929303821
9.587427105696156
7.887774389594865
8.71470203859487
6.579654925499991
5.78269037019999
3.683402598599995
2.5313629195999927
6.396410548399989
9.432916908303831
10.835665423999988
5.281842703199987
5.136846157797407
5.442631161499978
7.307857012898701
3.2872790893999744
4.325460023499976
5.040159750405096
6.184121221898697
6.315864924594861
6.628797273303823
5.420291897599993
4.278315895099987
5.402178205899995
4.123035389699986
8.536898925797436
8.43441347499999
6.9414973815999925
7.415851193199995
9.876972114717107
11.479810892999994
10.458844661999988
10.502749666999991
6.837779502898686
8.949073872415982
6.319929893506376
10.279036187787822
6.787410710099988
8.2699670654051
10.875673661999988
9.533579989727988
6.7126893844999875
8.172774533101256
6.3171814879999815
3.668079563899993
2.19632675479999
2.9866936217999833
6.3812828780999915
10.028944915863994
7.613717228696142
5.924065901199992
4.937428605699996
4.602055096399989
5.926336045799986
6.378947981303824
5.967661973599988
6.244937106303819
4.828335566699997
8.573594293202543
9.660686041203991
10.167350403999988
7.488149214199985
7.246401452599997
8.950042323303842
8.205808598303824
9.471801673898714
11.605870368999993
12.151497727999994
7.1886429625999915
9.853534478858542
10.751552491999988
10.651988041999985
12.220624268999988
12.383048754999985
11.105892104
8.95473135820398
9.616377999929268
11.442501896999985
9.400241519202561
10.703070049000003
11.239280569
11.780077202999987
12.283083896999987
11.145772965999985
14.41640018799999
12.054501590000005
11.622068693999992
12.888807581000004
11.050652132999984
11.197814586999991
9.821076318282865
10.721341675999989
11.053399151999988
8.557483804303834
9.064700120659985
10.411718715
11.990184482999997
10.464714098997275
10.855228802
11.077639472999985
11.749202762999987
11.053653016999993
10.869799973999998
9.588170976203985
12.101915210999987
13.669705439999998
13.271940372999985
10.50909273499999
8.016326632696149
10.960358405000004
13.415122479
14.146267991999991
12.931579789999992
