10.35859638399999
12.913132526999998
12.72336227099999
12.337900501999991
11.720737319999989
10.246518804929268
12.997872448999995
10.903791927999988
13.127966179000005
13.399259556999995
14.318166134999993
13.977460558999995
14.56323689299999
14.369094912999989
14.080167885999993
13.484130823999983
14.364777880999998
12.580093296999989
13.774925307999988
13.20438442699999
13.498099938999998
10.196498774787827
12.047548723999993
11.797928718999987
11.405279160999987
10.747483339002711
8.693410389696144
8.486559049999986
6.963403936797424
7.391407438696143
9.086023666271986
5.643800480699989
4.656124671899977
6.925509962506382
8.567996818493583
10.827947504999983
13.68641340799999
12.625397797999987
9.969968691999986
4.996779423499974
6.6897160857974205
10.195041673212149
12.01381658599998
11.518478023999995
13.117068523999995
11.686277987999986
12.701026389999987
12.25991124399999
12.411555922999986
11.811000095999988
13.023656693999992
13.315133269999995
13.563425509999993
12.542997257999987
12.395613898999988
13.431016088999982
11.48470507999999
11.443507528999985
11.614258285999988
12.230817524999985
11.215832943999988
11.012334981999986
10.074603419339988
10.643136190999986
10.274959007212141
11.29573577399999
13.202640587999989
11.416928914999987
8.186358619696142
9.288342477271986
9.175145681797424
10.69857406799999
11.184100153999994
8.94674793089871
8.683351667797421
8.73746921540511
7.180719663999987
9.338383250271981
7.613319953899995
10.251021946795992
12.071522181999988
9.637821466067969
11.375370649999986
8.109086975101265
7.614236985799993
5.811812802099998
5.819341171299986
9.052520512271979
8.719225103863979
9.81885730293199
9.34836543886399
7.503806278999986
11.281172947999988
10.307334633999986
10.027460382067996
12.595999523999993
11.009127939999981
9.963286364787821
12.30714720599999
11.074106403999984
9.112984934999984
4.179671797199977
5.1226152495948485
7.739443185405085
6.827967336999978
4.462746066299979
4.978969328299986
4.647563732899985
6.522693952898705
3.893178117399974
3.8280799666999825
2.435831381199985
4.31474700930381
6.482989323405095
7.448867320303819
5.108930497699975
9.650355364999962
11.508256353999982
12.522580135999988
2.2466729675
3.4363191894999843
3.9339615279999807
4.316014959699973
3.5579702636999992
3.328114227300002
4.3758789046999915
5.074456410199976
4.719809698499993
4.53719175569998
8.354664889493586
7.206700215101261
9.701234233070704
5.1631384307999815
6.959531210303816
6.138547701999977
3.8760545592999844
3.2554450454999917
3.6852759215999993
3.247822875999994
5.658639160199979
6.614183624303821
4.426514649999991
3.942278549199991
3.38473272249998
6.375185865797413
2.9342281600999836
6.654285415599995
6.1954928635063835
1.902709925799985
2.470132299799979
7.71147465210125
6.104289552303795
7.91678495479742
8.747539977999987
9.917166546717102
9.76302129206798
1.1923764495999989
1.7757695373999907
2.9856297027999874
4.85851572879998
1.3804000167999908
3.7185924834999735
1.7999173446999865
4.766917845199983
8.013898261999989
7.212630560303823
6.79676630099998
7.133304081696144
6.563588001999982
4.529260011299986
5.019643078599978
7.781098878506388
3.458331129499983
4.984154110696138
5.836962370303823
6.434091052199991
6.52827834010126
5.906784849493586
6.981360543797424
8.796555219999973
9.690784475795985
9.93513222972798
7.405999966405101
4.017335316499986
3.5219496016999785
1.8481168593999933
3.165686456299988
4.45095223079998
4.13206358029999
1.6764745040999962
1.6426323562999976
0.7893239565797409
1.9655994643999959
4.281545762599987
5.734377387999991
5.372217475898702
7.746125117506376
3.6351211226999736
6.55997102969999
3.666036521899992
3.21170183869998
6.896994078099991
9.230096041898713
7.812346972699992
7.284343937699994
5.765185511799993
5.890116387899991
4.991016262799991
5.144793333399985
3.52548262019999
2.8791279448999876
4.242479785199984
4.930044883699985
6.894236617999975
6.896326280202548
7.059666955594865
4.782033477799978
4.270328938299983
6.524950501999988
5.715013709999992
7.029249568202535
4.117046847499987
1.1275976958999956
2.1460423903999786
2.862698985299981
2.481617625399983
3.517973896799983
2.452365576199994
3.6591112655999853
9.789629641795987
3.34658211359998
5.396915380898692
9.862229174863987
10.564501999999992
5.874693972799991
4.171733024599988
6.9840053223038225
7.175933161899993
6.168940737899982
7.99197841640511
3.1827916182999894
5.901656124899991
2.7190063994999845
2.6925330184999767
8.159771629303817
8.643050530999982
2.533554104599979
4.0378034316999765
7.105965200799994
4.403313497899976
5.529011915599987
10.146086599787832
8.108883995101262
3.734998779299982
5.12626509249998
4.9073003356961316
3.545330508399969
4.386938423199973
3.8078936370999736
6.150199415594863
1.51525190429999
2.118381217999987
4.3941115554999755
4.215148277299992
6.946954133599986
5.4861974547999965
6.457243417399988
8.53101927030382
6.163655003405091
9.515194479271988
1.8706488006999857
5.393322605898694
8.010059121696152
9.566662768717102
1.9912772628999795
2.269696789599977
4.589306538399979
6.378852239999981
4.801558901999998
2.2180372313999865
6.654941741899992
7.870455056797432
7.916594511405115
8.919326327659977
10.619959453999991
12.173150705999989
10.811729886999988
10.117324880999988
11.166351072999985
2.192526925699994
5.817125611898697
10.776909745999998
10.058268037122247
11.449495585999998
12.523617553999987
11.042612443999994
10.89429962
11.050124312999989
10.97996786299998
9.011039472999988
11.189556989000003
5.784835928299984
8.615635755898706
3.377242327899991
11.616480152999976
5.697330976899979
1.6848867248999913
2.6387565612999917
3.108710755899965
6.684063468898703
3.937562004099978
4.82432264099999
2.7267795882999897
4.004518398999995
4.668212622099981
7.188373719797428
7.09996402589999
9.641019045999993
8.712968554696147
11.355894231000002
10.866937446999987
12.539919962999987
11.65172070499999
11.060110424999998
10.566542763005435
7.951591566506373
9.766676774717103
12.010792951999985
10.65379249999999
8.705216006339972
12.59136353099999
10.377804417282862
8.548190649405104
9.94552199099999
12.112994361999991
9.729274703999991
10.135869961646383
11.140461220999985
8.562453178405097
9.058337058999987
10.18683805399999
11.705927564999989
13.673719538999993
9.546384356795976
4.612712109399979
10.362578495858518
8.005701654101268
9.143228181339989
8.436111238101272
10.852532117999985
12.199373607999984
7.445108467101262
6.915120799303815
5.985489100599992
8.317077188101266
6.568026235999988
6.610052271999996
8.453334440594867
11.355363431999988
11.94844961399999
11.891066184999989
12.157201322999986
11.830650644000004
12.389955295999995
12.638205796999992
13.279220020999995
11.713090050999982
12.516536941999993
10.424817856999988
12.78290233299999
13.326176261999988
12.341726027999988
9.59866589506798
12.957952128999997
12.275760680999985
13.037659676999994
12.30924573499999
12.128237917999996
10.624559464999988
12.11639122299999
11.773072275999988
12.314194594999986
11.39556130199999
11.745348383999993
10.28912854913599
12.448313172999994
12.349163755999989
9.946295439033277
11.795630501999986
13.57450201899999
13.129242278999994
14.07025730699999
13.848766523999991
12.84609733999999
12.62058642099999
11.491981237999987
9.788047517271991
8.397483967594871
11.391197928999992
12.380833684999992
11.135493300999983
12.150137282999996
11.846531753999999
9.176117750646375
8.436516859271963
7.312646255506383
9.490796473696156
10.319887549999999
11.430582486999988
11.67782407699999
10.300768030999995
9.86785355213599
9.601902651999989
7.064093965101263
7.147417066999982
7.1765701217974245
10.226730633646389
9.075373765727987
9.371791125339985
10.675446857999987
11.211674338999991
11.84428454999999
10.602975319999986
9.299054000931989
11.30327369999999
11.699716367999988
11.113378211999988
9.616324058659993
12.288922930999991
11.549424379999985
11.727853425999994
13.251803843999987
12.289443798999992
9.828663420070706
7.7523393584935825
8.33395690159486
7.388374626199992
7.0853280898999875
5.835092423999982
6.930149763499992
9.900492073068
11.816287537999996
12.300895666999994
10.857804706999994
11.829524108999994
11.34302244399999
10.40798902299999
10.965148806999986
11.413691317999985
9.801680537271993
10.345508025999985
11.817964763999992
11.182680228999992
7.475471861303827
10.79987972999999
11.531638999999984
11.081656461999989
11.835272563000002
11.656176203999996
12.40520041799999
13.779411426999996
12.605761771999987
13.675156888000002
10.64209971599999
9.65394178614141
8.870775526405106
9.760348319999997
8.780436273202563
10.281016735933441
11.118947358999993
10.16796472314142
11.174002013999992
11.51370350299998
9.994664561353582
11.203581894999989
11.599253696999984
10.20860643307069
10.724279909999982
5.761199757399989
6.431398179599995
3.059327346800001
3.659937333699993
4.471160159299996
7.746656245405096
10.074383965997278
10.925365133999993
11.65529118799999
10.82292151199999
4.959509760999987
3.814953186000002
3.112420736699987
6.382504396099984
3.4141430266999846
8.43973849789869
11.116029326999984
11.861840803999995
10.292222413727991
6.9134609176999975
8.289599848898707
6.694403515594853
9.700589068727991
1.5665239470999905
1.7746617966000016
1.354306010399997
0.987498668778778
2.410598329199998
3.568630235299997
4.916435209699986
7.156723802202538
5.462564579797421
4.47857546840509
9.033663348271977
10.666382575999979
11.095585572999996
9.74330971520399
1.724660546899996
2.788622154199996
4.048743824797406
2.6150529937999925
6.752686003099992
1.360876550299995
1.3248668395999863
2.591032348599993
3.7835335799999807
7.586178495797432
9.595793575999984
7.7161851409999835
3.7960076262999927
4.487698619099988
6.436471569799997
10.05163254400272
8.101441589405109
9.607929888931983
6.859753411898703
2.8232305663999915
3.1020501633000044
1.9405266891000006
2.725282136500012
4.243381881699982
5.877244755599994
2.4212073226999764
1.9015970824999837
1.4811935210999925
1.2295931075999968
1.595664250199999
2.2503014373999997
2.448668498200005
3.136056401099994
6.633960276797417
6.381640417506385
8.179113989303817
9.46664768379598
8.617930107067977
8.692268261696139
0.9512474213727968
1.380527603099999
3.0342519378999757
5.2442029937999814
3.7485418761999787
4.997044961499983
1.4111624923999935
1.8422804290999895
4.68330575409999
6.484564752199986
3.1498930770999896
2.4566565337999915
1.5655793090999965
1.6657050521999968
1.6483688872999922
4.247772787499999
5.395861337299992
7.137514302101268
6.3182936095999915
1.7467549941999867
3.444377258299982
6.319587295493583
4.346625837699976
6.468260035699991
2.0128832732999906
1.3739646468999938
3.3000278594999854
3.433487840299998
2.102478259299995
1.3370211089999962
0.9870072031999968
3.472288087499987
6.330226788303815
9.996192066999981
9.680434538203988
9.763427625999988
6.273433825699994
3.033698532099983
2.601342359899993
3.3695544753999935
8.228254183999983
10.87395157299999
10.625455945999994
9.619125405931984
10.455280295999989
5.788071543899983
1.55073618159999
2.5437535750999927
2.2043873290999936
2.7618043578999925
2.7135316802999885
4.562166741899998
4.906118054199976
6.993145490999986
8.229048333696145
9.49699840227198
8.41200493769615
8.472505316202547
5.84207825620254
4.255284298699991
2.3256859527999914
4.629692562899988
8.163724609271972
10.382132145999993
11.550191181999995
7.680455319202541
10.502770386999988
6.058237937898699
3.16335859219999
4.328598953199976
5.612252018699988
7.523610946696151
8.736393107594875
10.630743268
11.155110601999993
11.020496894999996
11.572532515999994
6.506755416899985
7.805743626405105
10.663429473999981
9.845287321353588
5.19799023279998
3.001256811499988
2.8908302352999806
5.334928982493578
6.811361228898697
7.3815374968987
10.661001951999989
9.295944964594874
11.57515142199999
11.213677318999988
11.048902556999993
12.165413306999996
11.185625544999995
8.876490255795982
8.016118066405108
10.432643874999988
7.103704347202545
6.896118777506386
7.9199841385063845
8.845863087506396
11.092824305999994
10.082061893999994
11.974064319999991
12.317355089999992
10.93583088699999
8.355059556594856
6.6446705596961415
9.008672029067977
7.184480410797429
8.156316899101265
8.545483416696147
4.447912548799993
5.7997879119999975
8.371338575696146
10.623449274999983
6.552109657303822
9.760005602999975
8.810355891405102
7.614890147399992
9.021485340898726
10.201984297061129
11.655424039000005
12.314690149999981
12.871713706999987
12.832774396999987
12.254788869999988
10.799326096999986
11.950705875999981
12.943737697999985
13.021005221999987
10.42604826799999
9.345821879727984
12.878525326999977
11.364704369000004
11.165101842999988
12.889342281000005
10.552013073900163
10.936148769000003
11.891164843999988
11.023266655999988
10.994603867010886
10.226330619858546
10.573297037999987
10.530910810999991
11.16861676499999
9.763998487931985
12.935675257999987
14.04704168999999
12.758924054000003
11.76921536099999
9.484873295727986
8.896023232999987
12.879541785999983
13.64243513299999
13.495897433000001
13.555289247
14.234956476999995
14.971645791999997
13.962011184999998
13.95588297999999
14.019575649999988
15.159447405999993
14.901505376999998
13.884739103999992
11.908085390999984
12.720408654999982
12.800059267999996
11.795036258999989
11.782889022999987
11.194093496999988
12.798777680999995
10.582702274999988
14.603108370999992
10.857128785999985
14.883763350999985
13.637468155999988
13.47710173299999
12.351604188999985
11.160465874999987
13.493038755999988
12.30619184399999
10.764626778999991
10.376449279999989
13.816549987999998
13.929975142999988
12.865246493999992
7.020729971300006
4.94090665129999
5.441205847199994
8.79779206089871
12.876879215999999
11.567004792999992
10.808136284999991
11.555492421999991
12.031939583999986
12.443933542999986
12.524339541999991
13.310965770999992
13.133768072999986
14.695990888999996
15.351352613999994
13.518988785999998
14.115858469999987
14.186804467999993
13.208628113999989
11.19129343399999
12.216736591999993
12.766079061999994
11.962280541999993
10.901859369999992
11.793499882999996
10.444012096010876
10.824800965999984
11.465855362999985
11.898570298999987
10.927120803999989
13.387908892999993
13.62116889199999
12.380966804999987
12.346440716999984
11.388445623999994
12.264259421999995
13.300594271999989
13.149699140999987
13.947287003999987
14.320653823999992
14.25287477899999
10.95448117099999
9.367150384659986
8.908404980339979
6.198973811303814
7.542359622202546
10.438213724999988
13.701188424999993
12.810632554999989
10.528317084999982
11.612645989999981
11.632493166999993
8.672145440696145
6.798790220594857
7.396624340797429
10.263551740999988
9.779266245999983
8.856193267797426
9.734271920791992
9.172812817405118
5.055711064099995
9.353711308303833
12.683738155999997
11.921340011999987
11.855940911999982
11.633733768999985
12.370010529999988
12.160844347999989
10.326435828999987
11.155289235999978
12.375494469999989
12.377029242999987
7.724845188899996
10.322634827008159
8.72599252469614
11.292434510999984
12.417161702999996
12.773534879999984
10.381266485717102
7.030246409594865
9.942000740070707
9.096864021303828
7.732872949202542
7.4997620834050975
9.163686840797434
10.987429339999993
8.546843861405097
8.198058787493597
10.656790861833608
13.277128272999994
12.685350876999989
9.366948294067987
10.339481643999989
9.713783578339982
9.366546185203989
11.038161301999985
7.729783444202541
5.439603628499978
8.978385429271981
10.271344500787821
10.693073511999993
12.131850182999985
12.610563544999987
11.80279208999999
12.231967425999999
11.423101368999998
10.439442496008159
9.402214099067981
9.310344921931986
9.902691882203996
9.70665106033999
8.320012541202543
6.902442343101267
3.8087489318999856
7.046727880898705
9.814467341594876
10.501388720999989
11.601914764
8.615028942898704
10.859397829999985
7.445973342898704
6.014847936999978
4.521924114999985
3.9419826278999954
1.501524523899999
2.1216533249000054
5.206712029999999
4.563414950599983
3.9909445373999817
3.100085865799976
5.998238659696135
6.603804426599982
4.075289646899988
2.2093963515999944
3.330073715199985
3.7853057189999793
5.78078512729999
2.0357574294999736
4.722953512594836
5.9745342895948665
6.111662831099981
4.00167469939998
5.497113146999986
3.988729968299985
3.28776887659998
5.137813601699995
4.773172055099998
6.975599095202541
4.502806281999981
4.092984976199987
1.3986470763999963
1.560420048499998
5.290765765399985
7.444385592696146
3.993452313199984
3.9923020781999816
4.22808828579999
7.019404479999981
9.23183409579743
9.146252258303834
7.040368569899991
1.052040310600817
1.3566213881999967
2.2557570601999744
1.07784254670136
2.548094248999963
3.6754503631999893
2.6242813857999954
4.2194592849999895
6.2328472854999895
5.662449304199988
8.886000694303824
8.532306747405103
7.993232562303821
7.993143608101271
8.84400377810127
2.8740107055999853
1.2912514785999951
4.752034497099985
7.769290710399995
3.493974037199987
2.430548687699982
3.6808873763999923
6.238115287799996
4.757510165399991
3.1775475372000024
2.1585235214
2.7222115326000016
3.7343613311999935
2.6287968306999985
2.396829469299998
2.618025686599991
0.9169434290931905
4.414739620999948
3.7512540313999927
0.9393994996067917
1.8065453444999744
2.283528677399977
4.678564082303809
8.783959271135979
7.838526457202546
7.30564232329999
6.292604031405107
5.876995326199989
7.263537086506377
4.9481451522999835
4.557739891099988
6.512309791594864
8.662985392797427
4.20725532069998
1.1096343404863975
1.1487315554727888
4.48798304899999
2.594350442499994
2.448297061199988
6.557087789898701
7.3739881561012695
7.15596835330382
6.47946991420254
4.891500312799983
3.860080921899991
6.715246940599988
3.701072583000001
4.148293331899996
2.7410873900999975
2.5997417785999835
2.8912899199999904
3.522581990099993
6.214442398099983
6.864642283594868
8.039197332797436
7.244486935400001
8.18391502840511
8.594842201202544
6.924424537696135
7.895065270999988
7.635454782101274
8.706555007898713
6.713260635399993
3.932129733299986
5.294284153699983
6.260275515699987
2.8021020293999888
5.6466407669000045
7.744643839999995
9.226765426594872
7.145979428101257
4.120265153499971
5.342708517506373
9.05121501310127
8.63599673769615
7.5003849029999925
8.267259934999991
8.89677170410126
10.306145006991832
11.190939048999995
9.585488261271987
6.337001167303816
8.221580068999986
9.494978094339984
10.404882619999988
8.636953785696148
10.014267936787826
8.670259129303824
6.472283158898699
1.4008841240929049
5.445751065099988
6.0911887191999865
6.959931889299987
6.8557325286961435
5.220700268599998
4.542369596899998
5.562799005100003
6.667900076299986
10.926537632999995
11.66876950799999
10.649247121999977
10.62750543799999
7.536004795799995
6.648408737199996
8.304569178800005
10.072564203002718
8.263448141506386
10.502131925999992
11.772376516999985
12.375639762999992
9.937910433999996
11.520697700999987
9.24411833040511
4.787186625699972
7.010951554898696
6.999507264696144
12.395256807999992
9.307416683999984
6.871913162202544
10.542738366999982
12.376714525999986
10.916940207999993
9.636825231931988
6.43787170559486
8.535667941303819
8.237016743506384
11.678877156
9.643718844594874
10.220849954135995
12.132775421
12.16478958
8.877550776696152
10.419977464099844
12.248667394999993
7.91043304289869
11.661497498999974
10.959797405999995
11.995036591999991
10.970711588999984
9.127061665203982
10.71309383499999
11.338800158999993
7.93987860259487
7.822503257797424
8.193435969493594
10.029023738067993
4.785889315799994
9.379427696135979
9.065437707493588
11.040146726999993
11.559242583000001
12.923895380999987
11.42800460199998
6.0610517409999645
12.176920519999985
12.021620157999987
11.437805819999996
11.79004349499999
12.30779042699999
14.307147402999997
13.814035386999992
12.535468003999988
12.777055376999991
11.757220598999991
9.668729856931993
12.816556174999986
13.64067379199999
10.045094407795972
9.115761500659982
6.239179850797406
10.089579217646367
12.25847753099999
12.608862284999992
14.145603376999993
14.16801340199999
13.05230591099999
13.244952105999989
12.568026061999984
12.649524569999988
11.872089054999991
12.63931537199999
12.562702686999993
15.03262045699999
10.39624817672798
10.897694144999988
13.85200829599999
12.021229137999995
14.082685322999993
13.142971882999994
14.227021682999988
14.090702292999996
13.46352995499999
12.854328225999994
11.467954244999987
12.301593166999991
11.58060056499998
10.293656132999994
10.315478698999986
10.720645719999988
10.865612468999988
8.634788514696154
10.998892496999991
8.709049412493593
11.412888869999989
11.76288370199999
14.479243659999993
13.659536797999992
13.65432591899999
13.313380253999982
6.578659675594847
6.8460355972025315
6.384002860999944
7.639337535101258
8.027602398696146
10.356873713787817
11.246606548999987
12.03169331799999
11.666507453999987
7.424472180202534
8.995701193135979
9.225323017931974
9.347231008931985
6.683306407202535
8.59397165830383
12.16401685899999
13.86515167799999
13.607397190999983
11.035424737999982
12.282261858999988
12.349495522999998
11.511687599
11.669790168999993
12.952826847999996
12.309069979999993
13.752167769999994
13.618489005999992
12.520684366999998
12.829705913999991
12.504112571999988
12.299757165999981
10.982842527999988
8.083328507999987
8.795842298898705
9.491659997727988
10.492834201000003
12.761652770999996
11.535443818999996
13.760235390999986
11.401990711999986
11.530100812999988
12.215320611999989
10.983798945999991
6.381995768699989
8.60384949189871
12.000834008999991
12.113493819999992
10.841444028999993
8.863205795303827
10.934128573999988
10.547766038999995
12.670065127999996
12.149794378999992
11.077788758999988
12.276865407
13.566100226999987
14.136035325999982
7.141462470999983
13.334734446999983
10.905736835999994
11.275551545999978
11.16827813599999
10.716663956999984
10.514302028999985
9.476608798207987
8.801175500506385
6.932440545696143
7.801422953797418
5.567394261202521
8.02759347379197
10.780094500999976
12.173169381999989
6.609126179500003
10.008422605929262
5.874522068799989
6.801028225700004
10.282255067282867
11.934604825999989
4.361395667999976
7.983165275594855
12.691587465999989
12.256812122999994
9.455052767898717
7.527650381506388
6.771826220696143
5.697722123699992
5.1934094085999885
4.613425927699986
3.9028037597999843
4.038642298899987
5.241224824493573
9.970112812863988
11.221025689999973
6.573835795594865
2.5396587295999753
2.9638613585999867
2.805253987099968
1.714163362099994
2.056404289199991
1.6251826919999917
3.884737284899998
6.47163393549999
8.132791488594867
8.222833908101261
9.156330966135979
6.677798551898703
9.77226579899999
11.010336103999977
11.846750748999987
9.123481123271988
3.666434805299979
3.2671063064999935
2.2529472671999926
2.2227851623999912
2.5098126159999885
4.002654286199996
4.3107023482999915
4.65657477259999
4.384992483499984
5.8591037932999885
2.3986953383999916
2.261332282999996
2.056861614999996
2.6595988479999932
3.574088711499994
4.983509486399993
5.212223559599995
4.918235211199985
6.494052905303819
7.899199394202547
2.675927368199988
3.6699785994935725
2.7675405135999904
3.0760976821999875
3.7229868926999883
4.538235252399991
2.7853612639999916
1.6409379210999921
5.307900944493565
7.682957372999986
8.15785457459487
6.473774543799989
4.102623078899988
2.07659831239999
0.39015094184999977
0.7009834888499998
2.7638298614999903
1.5516002349999904
2.676641601599995
4.05757658689998
7.630769822696144
7.8298198044051
7.822613633696137
6.836907711799988
6.482843273899987
8.62747045289871
6.515886274699992
7.443951708999977
6.744574160797414
4.445977197299984
2.0776557067999843
5.208604881303814
4.463228288299989
4.365853608699988
7.364350384493577
6.455929154999988
6.7356646942025415
9.934119911141426
7.462593720999985
4.070381610099982
2.835595138499973
4.474347004699988
3.4909485015999935
1.7008249541999978
1.7552216323999923
2.071393647799991
3.1032582824999806
3.953493717999988
3.12503664399999
2.4283389953999857
3.0482790679999834
5.47967364499998
5.363437022399994
5.747278970299997
4.7364367736999915
4.833345204202524
4.225300996399989
3.692765512099986
5.89635436859999
5.037761775199989
4.461533265699995
6.120826298493582
7.715752914405104
6.9104712935948545
7.8387753937000015
5.871804086299993
5.920455984499995
9.252184364203984
11.030485682999988
9.686349925141425
6.016184593199993
4.103222488399988
3.446303599499992
3.1602748321999967
4.605381861899994
3.3619968535999956
1.9264907958999977
1.7770231093999973
2.3313409103000016
1.5669529663000012
2.3201009246999984
3.7033812667999864
3.9487305343999934
5.455017791699997
3.5591344695999916
5.2361353454999895
6.90512111359999
6.22350488129999
7.314053736899992
8.125346076999994
9.094976097101263
10.714742853999985
11.778083924999992
9.892188206339993
10.713258234999985
11.05057472699999
6.670234880101256
10.075545527727988
8.586784738202562
11.922465630999998
10.11305796199999
6.767771661405105
12.06210428299998
9.722232658282866
4.621120506299982
3.7810822600999945
4.668295722999989
7.5391021895948676
6.258325524898697
6.422199705499989
2.0781894210999683
5.862867379797402
7.0000497115948574
6.906308676099991
9.730043031212144
12.704032342999998
9.668359228646386
6.5594970993038215
2.1228483230999857
3.6499162566999868
4.830318788099995
7.325098403898691
4.9896906600999795
3.5898538756999807
5.335496849099983
2.2100600493999782
8.462729168795962
4.875209739699985
5.681517291299984
6.180260548405098
7.008748049898707
6.204189187594865
3.9443568252999874
6.354285127299985
7.6634864471012705
6.606825775099991
3.5087119720000026
6.443727856399993
7.0247662078987005
8.528649505594874
11.697633399999997
9.285908492999976
3.7296330199999734
4.56628204499999
3.352435414099991
4.074351293899994
1.3650045409999956
1.7280592467999913
3.9789784636999905
3.092041302499989
6.241872976696133
9.935863104135999
12.467162931999997
12.499092327999993
10.491831017999992
7.6831738128987
8.66115740359486
5.542184091199989
4.528425053399997
7.464622001594871
12.185200274999998
11.68660092299998
10.77436529399999
10.02190738520399
12.664051879999997
12.07422221499999
12.945676879999994
8.986093067895977
4.9831925475999705
4.077605773898655
5.130543560797391
7.345386398303826
9.160377848797435
8.551427999931967
8.463937396202557
10.703524543999992
11.994758446999995
12.265673455999995
11.391848949999986
12.39502873399999
11.070098041999985
11.584812624999985
13.390955591999989
11.497777315999985
5.8805609817974105
4.547312107799981
7.136566659493583
8.118356683303825
9.133266166696155
8.89072733149359
5.6299973373038155
9.44705638586398
8.591905058299993
10.112779263203995
10.986115181999999
11.333379004000005
11.128361342999996
11.723360047999993
10.031088166863995
10.719675249999998
12.916932554999994
13.348112444999991
13.174868735999988
10.401271952858544
7.6386498123038145
9.513419425999992
11.516940262999992
10.270702924999993
10.60947020299999
10.109848129212146
11.310679819999981
8.73497301479743
8.698611027493577
6.781238178999984
8.994527012727984
11.422830815000001
13.471658689999993
12.511434108
11.301347686999987
11.42196910599999
13.974797008999992
13.612951883999994
13.484760109999987
13.658656235999995
13.190253803999994
11.41231546599999
10.542243220999987
11.379100769
12.657852785999983
12.788573034999983
12.168081321999985
13.601646113999992
11.31117529799999
12.690588492999986
11.46387980299998
12.751267507999989
12.980800507
13.374353029999995
13.124198537
11.518595418999995
9.785316368067988
10.321705884999991
9.063991453727981
11.865666129999983
13.07148905299999
11.608310674999995
9.300428828271984
10.943594585999987
9.610238430797438
7.4056125808986994
8.554409361303827
9.496259593135987
11.239221020999981
10.442927724999988
10.465823177010872
11.717464255999998
12.799437174999996
11.887937638999995
8.71007705379743
12.862332590999983
10.224236062717102
11.770207686000003
10.892393436000003
11.363398925999999
11.942941912999993
12.076554175999986
12.00776993699999
12.222892794999984
13.718321291999997
11.706181218999983
9.856943266212141
9.939175556929266
7.6402272934051085
8.706351071202548
10.824344988999986
7.903605844101254
6.209725604199986
7.16318784789871
8.096623358202539
6.730048493999978
8.552987879898705
11.951972631999972
11.219321993999992
10.501626319999986
11.567656113999986
12.277384485999992
12.311932046999994
12.299473742999986
11.604007981999983
12.581106385999993
10.996897997999984
12.889026114999993
12.189469617999986
13.466283112999996
11.295755539999995
9.651004727135994
9.979741540659994
10.545053405999985
10.371545174999987
12.152134743999987
13.136211670999987
13.048617529000001
9.514800299067987
10.403425281999995
12.511547786999996
11.025986040999973
10.726897744999993
10.44750392299999
10.292733961339989
11.723941373
10.73799821899998
8.276152511594859
9.16734247593198
8.267401591506385
5.054835995499981
5.668819836399987
5.697578118900009
6.016998190300007
8.255048724405112
7.655678689594869
9.09350379330384
5.034904205299981
9.499739564659983
7.3203158493038245
6.709344030797426
6.108938391099989
9.933594874717107
10.561486692999981
11.403814582999994
9.830139807067997
10.49775801999999
10.607063857999993
8.960720339999988
8.335538755797433
8.193268217506382
5.051702049299981
10.673796395999984
9.530059445202555
6.680566006499998
8.791898258999986
5.601711704999967
2.8546391250999883
3.1810134566999806
2.635330735799968
5.652282714799981
4.615883009303811
3.177266509999969
1.5537517043999876
2.9836027984999824
9.604530136070688
2.9286097609999926
3.0220169097999823
2.9714600905999866
2.179762483199999
4.804889631699997
5.204332058699979
6.121346791101258
4.152287022399991
3.5957760268999905
6.390806990099982
3.752145443699984
3.6135713988999907
2.1948551604999946
2.266362117
2.0695650695999768
2.236334786999995
2.1666443358999996
2.769926756299992
1.9866382186999898
2.522650888099987
4.877202250699982
5.4711123198999845
3.0277836883999836
5.389577445999977
8.480735824594863
9.809781126271988
7.8848245467974225
6.949974825999973
8.12417995299999
7.35292518310126
9.445801840135989
7.35403473049999
6.512614680506384
1.1565156434067922
0.9552947445931929
0.843070453920392
1.1570878448000004
3.0623583983999882
3.1638651687999944
2.1773895873999836
3.3127624770999957
3.279378117399996
4.15696069489999
4.47118370669999
4.346133958399985
8.112820399506376
9.486352671863983
9.35027965093199
4.8509060119999905
3.063316422999995
1.8664347548999938
5.692112951699989
4.8718629256999915
4.5990979964999905
4.001437069699993
3.6619932280999814
3.6202796065999854
7.488894578594861
8.713896141101277
5.743368455499995
4.7256612624999965
3.840499319499996
4.3240670943999815
1.4508958861999977
3.4377321746999727
7.399293565405096
5.865551271099984
4.380277569599995
3.157256379699993
5.600214178499995
4.065488360599987
4.130064346299977
5.927954669199987
7.366956559797423
7.779025479101257
7.612096586594859
7.613771273797429
7.1005103545948645
6.9085851241999885
7.017114558405099
9.654179733203986
5.9218793014999855
7.16129792019999
8.816463285797424
8.81571833189871
7.4508367095999954
7.834279319797428
7.51539672699999
4.650459660299981
4.393409770199982
5.58665099029998
7.034786804199992
8.114360548405113
8.881359574900005
8.643984281898716
8.31479325710126
10.844084842999989
9.283289324999988
1.069470637992924
1.1662850356997276
1.3798966260931902
1.6387541933999892
1.21456678429319
1.3738913127931889
3.8381288283999644
2.2948554732999855
1.0781559661931952
2.0436935424999656
3.671291682399981
6.196406233199984
5.905750215099986
8.483185578898711
10.034170263999997
10.049798522931992
6.135008760099987
7.6126734695
9.710969915863988
5.2054886077999845
7.499491503898713
7.875719154405108
5.690225752299986
9.301427975339982
10.787099650999986
5.927822778303814
7.748976951594854
8.753986148101266
10.782667881999991
8.609359800696138
7.181289051797417
4.766291172797411
1.8896697982999788
3.895391009499987
5.874705587799998
7.666182582099998
7.172903895594864
9.57452552489871
9.624721310405116
12.614142407
9.56323206020799
7.239837370303833
11.812647271999985
7.122648323101256
5.149715251202533
6.040027026405098
2.9581025542999937
4.394375318900002
4.620149821499978
4.885724035599995
6.995557269299998
10.893743854999997
9.623429116797437
11.402971740999979
12.20047272599999
11.396666663999982
4.807397334299971
3.8554494109999795
5.898413281199984
8.488916915898706
6.315246598799995
10.964586223999985
9.192544100999992
8.106253401202551
6.645335684199986
8.140356687898702
10.372201763999984
13.055224625999994
11.202546395999994
12.536201301999988
11.019036048999995
10.97505196099999
10.207639210646386
11.811906394999998
11.539677392999991
11.622212739999993
11.50012118499999
7.985248651101267
12.76149008199999
10.845175222999991
11.948745609999987
13.515060383999996
11.265070054999988
7.148886492898699
7.872357601898699
11.873003089999987
11.209073844999986
9.84773681935358
7.164252410899996
7.697498564101269
8.771556884797427
8.444945487999995
9.467290087931984
13.333556392999995
11.420177103999993
12.24607902099999
12.484195666999995
12.228276467999992
11.977259333999992
11.473314353999985
9.470436054999977
13.130819388999988
12.754986437999992
10.894767856999986
12.121851778999988
11.220075265999993
10.984205085999985
11.527198438999994
9.629313276696159
7.809676736506393
10.708542258999993
12.238377029
11.816038627999994
11.184253432000007
11.525426438999999
11.773274117999996
13.198785365
13.292052753999986
14.013457937999988
13.129801717999985
13.778933637999986
14.939142338999993
14.299330727999996
12.699624877999995
14.533589423999993
14.48809377099999
9.93485791785854
11.208630860999985
13.234264658999994
10.187276768339995
11.614906235999992
10.110190118271985
9.277896649135984
11.96718092199999
12.921629744999992
9.918757023727995
11.065150171999997
11.091375542999987
12.36798088799999
13.418696804999989
13.995616210999998
14.33711872399999
14.41791115399999
13.396232828999988
14.153490813999998
12.390052555999992
9.960535842929264
10.324703454727988
8.99395939030001
10.876990314994565
10.695584928999992
14.077010723999997
11.29231818699999
12.219910117999987
12.407683582999981
3.0182971847999895
9.803421971070705
12.300017081999997
12.153983754999985
13.449069097999992
12.403253054999988
10.883451635999988
10.376338130141422
9.863620997717103
11.071510355999989
9.089042481999991
10.907840153999988
11.919525841999995
13.02970899799999
12.632215496999994
13.908059638999996
13.646703930999994
13.725144868
11.753157996999994
11.552800158999984
10.738670391999992
12.039568369999984
11.492013285999986
7.090777465799989
6.044908338899988
8.22394303740511
12.513709986999991
13.608516498999991
12.228216213999989
12.563480497999985
13.677375455999991
12.797992208999998
12.07611312299999
11.694304122999995
11.750984299999987
11.940611582999987
11.547432204
11.136782172999983
11.775632773999991
11.45286964599999
9.448848323067981
9.648017968863982
8.655169573999984
11.351272611999988
12.301321241999991
10.044468380795989
9.059116964787817
12.418513898999992
13.877361144999997
12.64967614599999
13.284322304999991
12.565310071999992
11.17789563599999
10.850080108999974
12.212667306999991
11.37558145399999
11.112406681999989
5.836464836099989
5.691914286799983
6.472246472199993
3.564475218199996
8.017034999099995
9.552035510203986
10.466770363999991
9.241858352795985
9.824508637999983
10.16292073206799
9.845855461070707
9.808855609070703
10.542055770999985
10.65931218399999
9.003974203339984
1.8290997588999969
5.254755992099989
8.079951817303826
11.185288494999998
8.130679959101267
6.905451303099992
7.444157186898698
2.518718963599982
3.7647571853999797
5.503620880099989
6.05808051759999
7.058860995499992
8.403751563999986
5.3993046814050745
6.499297657799992
4.4340502486999815
3.3047039931999898
2.8460141265999948
6.096219760099983
7.424485464506386
4.033372412099988
2.4818506957999937
1.9834288009999954
3.541806202699998
2.774872854599997
5.612818254099993
7.843903323405101
6.852851982101257
4.453529653899976
3.9408753356999817
3.754366506999995
4.719019103999981
5.436587280303818
8.078113558999979
11.025177515999985
9.592576322931988
9.245716770898714
3.41135696559999
11.082716018999985
1.5939996993999932
3.2485031020999884
3.0870924163999933
1.832252032499996
3.083777702299993
3.6399830001999933
3.6485894317999987
3.2058124114999873
5.196414825405097
7.017235449202542
2.300123792999981
2.6143239394999984
2.644422518899993
2.5613314544999874
4.79632264859998
0.8760002094203929
1.4588413497999975
3.391493528699996
1.6744291762999979
3.3615230300999652
1.9349604537999874
2.1544002440999934
2.1312974776999973
3.5749022048999683
3.221546844499983
8.427578547696138
5.764131886303816
0.8344620921067937
2.110476519799998
1.4119721541999903
2.293933705099999
5.123598515303803
5.721909266696142
3.786394428999979
4.910975059499988
8.125591291797418
7.393776927202542
6.6846172423999874
7.090951098599998
3.972484982299992
4.1201735122999885
4.847193923999988
5.939097210699981
5.935483134506379
4.813520710799984
5.707023718299991
5.527157058699998
2.9261063704999892
1.7193080749999965
2.729019651799989
3.912633946199988
3.8228449981999852
6.921936355599991
1.8320787932999927
3.2275850768999788
3.509965385399978
4.7659662703999786
4.673172430399976
3.1584227996999923
2.093983799699998
3.3345100554999783
4.81690821379998
5.6564648131999915
3.750501841699993
2.380795133999982
3.3801696670999895
2.867367439299994
3.3129151259999743
5.7111886963038145
6.906942262303816
8.795035705594863
7.764817587303826
3.6188929061999717
4.334952757299973
2.6277319671999892
5.302687605299979
9.700986537135988
7.078826084899987
5.198729391499994
7.729648391699993
7.856712208599992
6.74716649779999
3.4060530456999962
5.60110944369999
3.1793327559999898
3.738961291499988
5.00071994020253
5.338423390202535
5.937537063594848
7.919698631303811
5.327363598599981
3.040213272099987
2.6612734893999797
8.000255841099996
8.815690318203979
10.150718677005436
8.09112100979743
8.520299870303838
4.370812963899978
3.5604046798999844
3.9766278335999874
2.4352427886999823
2.9836890410999857
1.883696769699983
4.9166479369999845
5.305034159899999
1.703580282599994
3.593899438500002
5.993035424799994
2.9238688262999935
6.10543784329999
7.110181144696142
10.27198559899999
10.624601249999987
8.303718278493587
10.008636511141423
9.670879217493598
7.9991818648999935
10.481756026999987
9.890623478795991
10.429507392999987
8.841839347863983
8.938943200696151
11.821562305999995
11.058010483999979
11.795623111999985
13.379854171999991
12.421506525999993
11.798619779999992
11.860048943999999
1.958111070299976
4.436417015099983
5.16500431369999
5.560254051199988
5.728311320499985
6.450390925594851
8.000408000202539
10.020215357999987
11.150619333999991
7.760170318594864
6.437696661405095
12.066243978999985
12.100145868999995
12.131233816999998
12.330153975999997
10.142866320858534
9.173803047135976
2.4015007247999858
4.164849584999985
2.147958329799977
3.51947146449356
5.387358518999987
4.478545196499986
12.733970208999995
6.95068446959486
4.413689427199977
5.989145764199981
11.880818416999965
8.377040006999968
10.629673314999984
11.354663283999995
10.833274663999982
12.890597204999995
14.246630376999999
14.219963529999992
13.671147120999994
10.288386932282867
10.723145994999987
9.897700430203994
11.109827572999992
13.817232575999993
11.402109440999995
3.3261053695999836
2.5398336776999844
7.431725648506374
7.879700186200003
11.473114069999998
6.004270555101244
8.68467021789871
9.987738096717104
10.666757509002718
10.471158872999991
9.586797607405117
12.912175957999997
14.254722681999992
11.982395896999977
5.105344026199976
5.291466854898694
8.945095794795975
10.072770540989122
8.530833026101273
7.312867800898696
4.621409588594843
2.7358640197999757
5.5481144623038015
6.4611439025948485
11.110271537999983
14.103180146999987
13.686134534999987
13.646144030999983
10.217366628999986
12.333689991999996
13.063703779999996
12.036326668999994
6.209617279101241
9.978482571271973
11.725627428999978
11.938515796999981
11.849908727999985
10.819458697999984
9.722720992999983
10.879881333999991
15.40024031699999
13.92990931099999
13.188125002999984
12.194274064999986
12.092578809999996
12.725574399000005
10.68769683999999
9.269297820999995
10.293471253999982
7.576274194299987
13.32880508599999
12.076157729999984
13.49093987399999
10.793779017999984
11.57082635499999
13.831174903999992
15.02520019699999
14.007353423999982
12.359924280999994
11.410410924999988
10.072788948033287
12.905045735000003
13.674787133999988
12.146380419999987
9.928671247929264
8.847396635271988
10.180615644858547
9.025406234795982
12.554417069999994
11.733352030999988
9.275511622594873
10.431929650999995
11.544503861999985
15.126915874999996
15.127407375
14.41986201299999
15.149110819999994
13.873106948999999
12.119514666999976
14.57267978999999
12.754869608999984
10.62757754499997
9.996409258999982
12.346993749999987
12.135940330999988
10.924816222997283
12.730385013
13.007576189999993
15.228390767999986
16.58534726599999
13.848080828999977
16.868088378999985
14.510502646999988
13.058197849000004
11.09359430400001
10.561000760999999
10.113237747141424
14.393290774999995
13.234562957999987
11.719054181999986
14.169347138999989
15.272205643999987
15.85088064299998
15.25559083599999
13.456731061999989
14.530011332999988
14.067514568999993
13.000931316999994
11.42717066799998
12.222471329999983
10.906403306999984
8.569404602101255
10.115239495863987
9.258761732506398
8.244729330405113
8.064455833405095
10.234207852135984
11.63216475099999
13.379684617999997
14.66109779799999
14.759064074999985
13.559749759999983
12.147903254999987
15.432906199999985
15.172339661999992
15.718250332999991
12.722012147999987
9.505277867070703
10.497812230999982
12.353762319999994
10.93173576399999
8.580410459895976
9.069939619282854
10.596489863999984
12.911675615999986
12.381147546
10.310514943986398
9.082954916271978
14.097891851999984
15.350115018999995
14.76317266699999
14.218446618999987
14.57450241999999
9.995512954787822
7.682516636696148
7.575380146797409
7.320473136898706
9.2145143067171
10.274707235787819
9.518683505202556
11.429171372999988
11.108342255999982
12.284616544999983
11.674335442999991
12.19150445099998
10.470175054929259
3.416295884699965
5.746950971999987
6.376970457499986
6.467607366898703
5.390945950303815
12.362603774999982
7.6181325302025416
6.861140615797431
9.315928019795983
12.058021848999983
6.200275161699984
3.9501395934999906
5.488323828101253
5.606199768099995
5.674903677399984
2.226589996299983
4.175921105999987
3.2626206298999834
4.726768182399979
5.59187536159999
4.522338075299986
3.924394125399994
3.865876823399994
2.642066615299991
6.167985823101259
9.489897280929252
13.648118570999985
8.164109666271964
2.746357301299971
3.207044123799987
3.2287178664999887
2.8286096282999877
3.867529003899991
2.871691493199988
1.6270599837999977
2.369711175499992
7.735702755696153
6.160982849099982
9.330979991067986
1.1703281926135942
3.1752737152025245
2.129730671699993
2.6332336760999713
4.156186590594844
5.087312620499986
2.529757125899992
4.018975807199989
2.8068100997999927
2.4344805861999994
1.9679024215999903
3.3499441832999834
3.8693607314999747
6.280217628506377
7.2064404784935805
8.209814852898708
1.7110311782999899
7.210472170999969
6.656284002699989
8.031060124202543
8.11652824549358
8.163475935405112
6.047434811405097
2.465498426799994
3.35691468509997
3.5176493560999895
5.475326299999969
7.7533729705948575
8.473457189898708
11.056471801999987
10.21526793072799
9.761018762135997
5.563486825599991
8.105145375101259
7.02568549499998
7.832000593594858
6.3321882216999885
5.023871314999976
5.071434696999988
5.694617492699993
5.5536864593999855
4.644923190299986
5.396224021899992
5.444765423599988
7.381968392898683
6.526243675199992
4.086518069499987
5.866485174599988
3.8544228362999844
2.4190436477999926
1.6444662414999935
2.5889547423999755
3.927663272099983
4.2034445739999935
6.629401449594848
6.9068978377974215
3.726881863399993
6.136912029999986
5.266863928199986
5.585018510399985
5.056313322399985
7.046568682898699
4.837464866599982
3.438007450899979
4.6993903655999985
4.81927853389999
4.818674223299988
1.4352160903929039
2.4199709990999936
1.6615740432999928
1.934380105599992
1.7735465346999941
1.6342892226999857
2.034354078699984
1.9719922805999819
4.464920344493577
4.976880255101256
6.105636952202544
10.037903478999983
9.36733047927198
10.040536753858541
6.492578263898693
7.102737356594856
7.372443170202541
7.285934992999982
3.9699712600999866
4.9926694594999805
7.770409419303829
8.739009649696145
9.485044747931983
7.497146409594859
10.156458251999982
8.639655700795974
7.897997390696148
8.373415249594872
5.328292285199982
7.288104214506388
6.643337042200007
8.225103118898703
8.729161717202546
3.350449546799978
3.999503497299977
6.268284025594849
10.788468488999985
4.591440724199972
2.4668211928999866
2.056366537499964
4.61806128689869
3.411798670999987
3.877384272799982
4.642229707299985
6.389904264799994
7.382896392799994
2.7279764251999916
6.448040771499992
5.442342596399976
7.6901909957974155
2.962201069599981
3.8442536971999925
6.487342127999989
9.75101687010128
10.362306659999991
10.904241092999996
9.36340502620255
3.616359587099985
3.532016847202523
3.777317967199975
5.876259760999981
4.178224426299989
6.179271577499985
8.428902854898702
9.564748222282866
9.276367796303836
10.290260696282862
4.072805500799979
4.612996115101251
10.173007763795978
11.03116311299999
4.305076791399982
4.984591850299982
6.863236001594861
12.847323639999987
6.793568122898701
2.363961904899981
7.1256678908986855
8.362663667303824
12.192397956999985
11.712943468999994
9.501830596931987
10.288966991999995
12.570336606000003
10.635691910999993
10.814438616999988
3.240645561199983
5.910093214405087
10.51716283999998
11.563248531999989
12.906591781999989
10.982955552999979
6.0878674758999844
3.7025456893999764
3.362743293799966
2.168434857199968
4.249115913399984
7.152677137797423
7.5373405150999995
8.042092922999986
10.516703191999985
3.7747502501999746
6.352919392405054
2.6614486205999706
6.519514131202535
8.887499734506395
7.849720233199999
11.505392044000006
13.258521519000002
13.694957535999984
12.232489562999994
11.815011619999995
12.457641970999983
12.906304041999999
14.577714249999994
9.180629550202557
6.243506846583939
9.588148251212145
11.257045734999995
11.810738968999994
11.765551854999993
13.942710734999991
13.576329354999997
4.580193611099975
9.935440916271975
8.332042591898707
10.766470617999985
11.255373598999991
10.60331227299999
11.215813880999999
13.113275408999995
10.78332386299998
10.001779830929275
7.293460623199995
10.350851506
7.757587083405105
8.445767706303828
9.426480477898721
9.876037098795994
10.958260735999998
10.60561119209985
12.219369971
12.453761616999994
11.786869983999997
11.708088654999992
10.351996375999988
8.376445727493591
6.570972802699989
7.210002432299991
8.728009042400004
10.02768218221215
9.254943312101272
11.729546689999983
12.355739712999993
13.399567077999988
14.474530868999992
7.803782829303801
9.641145254646387
11.863522053999978
12.789697013999989
12.146540787999992
9.531403568999982
11.971700574999986
10.522778116999989
10.837621180999989
9.841089392070705
10.06007435471711
10.923186071999986
10.440091839999992
8.694968897999983
10.12478744365999
9.491632617135982
10.489304481999987
9.760499690135987
10.37438895999999
8.97344777686398
11.265965720999988
9.83444031513599
10.631125046005439
10.185565734931993
9.24568568269616
11.937258506999985
12.741053362999995
13.404350837999997
11.949470594999998
13.260493720999996
12.924014361999992
11.716963538999986
11.33422106499999
10.22918333427199
9.490821563795995
11.229129198999987
11.275917472999991
11.453563268999988
11.399754950999984
11.120214567999987
12.189696653999992
11.423719050999996
10.125884435999989
12.09210903499999
12.538139356999984
10.680289354999987
12.14891384299999
10.28142867999999
9.041430483999985
10.434335557717104
10.831821782999995
11.184164408999997
13.026135315999996
12.33748147299999
11.916507680999983
10.945236037999985
11.621696999999998
11.237914583005441
10.554410419999993
13.010969211999987
13.743381702999992
12.155720615999991
13.783467471
11.994162179999993
12.223948841999988
13.349017531999987
12.531840313999986
12.09384831699999
8.037449691797422
10.304706030091687
10.539830280997277
11.564893002000002
10.07705786728287
10.670034997999993
13.661021993999993
13.971962800999993
12.533004754999986
12.408735337999985
12.52773223899999
11.810319376999992
12.593919286999999
10.760640171999992
10.27449573699999
10.485378542997287
11.952070424999997
11.143332580999985
10.29588270414142
12.992986818999988
11.204374793999987
11.071456437999986
10.747884995999987
8.02877341610128
8.433676965300002
10.270298151999993
9.084995095797433
10.151590468999988
8.061470280506395
5.60548239439999
8.882559947202553
9.884299366797435
9.094567694067987
7.303350408898703
5.627533891299978
10.335654553141424
10.398488222999994
11.48084700599999
11.565050178999998
10.007145341339992
7.677482908599998
4.837471939099997
5.359468936199989
7.8967930785999965
8.125627140797427
7.940663140898704
9.40998878620398
8.926220672594871
6.573023786898691
8.82403567806798
10.073965628070702
9.982430554135988
6.8578077285948655
5.948138490299981
6.746547152699985
4.640244375599984
5.816999029499986
7.187103813202545
5.91400395969614
5.463950935399984
6.479150459303819
7.883840592999986
7.530220143101268
5.007868493699985
5.190491380299982
2.1465076323999894
3.4934006682999863
4.905325567599982
4.920921649199983
3.8325460326999954
6.859489486699997
8.304277307101271
8.091349841303828
8.687515267931975
6.8133379409999835
2.026145669599983
3.710316761799988
2.3148029494999856
5.180578297399982
6.136289973399993
5.128794218399993
5.327958702099991
5.861669808999994
8.44193300779742
8.966007829303827
3.1458065673999873
3.5735485000999936
3.245773455799985
3.918149685699988
4.722974847405092
8.218584503202552
2.6960359740999857
2.342271325699979
2.557548097199992
1.0731236712339975
1.7102964263999896
5.717884954797424
2.376923950199984
1.8571484679999741
1.361347986214122
0.8559683114999985
1.499199174499993
2.1772231307999834
3.129634431499985
4.86609772489998
6.2020927261012595
8.090503771999975
4.3397220565999834
1.563348927299998
3.5916050857999666
4.881577233899978
4.205693562299983
4.470338343799975
6.585986085493565
4.135404911799985
8.318947814898713
7.065645782499991
6.421029661594867
6.324229844699988
5.823855639599988
6.68148874969999
4.571748075899981
4.323235206599979
4.998622015399981
5.8063052138987
7.480712266493582
8.07254228520254
8.879153385898709
8.974988615405112
2.700584851099989
5.720860398899988
6.415184909101265
8.298465200797429
7.5499525711012545
8.16752549440511
5.225598086499981
4.652919642599996
5.637473632799992
5.948691058299994
5.874520782499996
5.575693357799991
7.640977061506393
5.890587295500009
5.013291220099997
4.979495228599992
7.136187507599996
6.14993289949999
1.865781146199996
7.047811364696138
6.402047022999988
7.739800331101265
8.180467671202548
5.586599475099996
5.711718893399986
6.921481996202539
7.750132308999992
6.305067460599995
6.296894753999994
4.868886959799995
5.9060070113999945
6.777272091699988
7.3350845412999925
3.51996548459999
7.246248384101262
4.2204504592999905
5.664302391101255
5.961443147303822
2.3141961028999836
2.6144553634999843
6.108256843594856
8.586862242101267
4.242712966899983
3.1585273437999954
8.338200373797426
9.364067987067985
9.13552429810127
2.8767980514999896
2.8928500869999967
3.2310056441999855
1.4625769308999845
2.5170604155999796
4.35099695430379
3.5685231902999845
3.6120663314999732
3.4076398040999845
4.501848567199978
4.7404647064050796
9.95652792813599
10.395003782999984
10.761565490999985
10.264761222858542
10.713902447999988
6.139316712999982
5.971759907499983
6.134492959599982
4.8784810668999885
6.366583541898707
7.8026933547974275
9.052878521696153
8.535942120405107
10.558970468
8.936679852303833
8.668849320999984
9.93840035584721
10.062215481717109
11.269441217000004
9.339985162405123
10.156754025091683
6.619956297299988
5.99931414179742
8.468602856405113
8.48776780240511
7.359869105493587
8.641988938898706
6.230644798299993
7.091809242202549
10.079133795141434
9.747278593271997
9.635269520594878
8.84262515410127
8.530824169898713
5.388955421399993
3.9039071624999875
7.486488177506374
9.098945153863976
7.219392932101251
4.987812054399966
6.366478391999983
4.988559097299986
6.346817895499992
6.022262564101256
8.542902241493579
9.81968508133999
4.586603770399975
5.880425389099992
10.618538679999995
10.237418856858543
8.36309075920397
6.3553401031012635
4.451755941799985
5.191849166898697
11.902780350999969
11.289449114999993
11.56379867099999
5.27542695159999
6.566927482594865
9.777956655931986
10.112932018999993
9.710467904696156
10.73506946699999
8.21248712010127
6.877570304899996
3.329596417199978
6.701682408099987
7.813499769601267
8.318704966696144
7.4038085891999925
5.461605715898692
5.89166086730382
10.016452957141421
9.90219492328286
7.619557636999971
8.811486305202548
9.67130253764639
6.20244181059999
10.863206142999996
11.486533564999997
12.604164582999996
10.775363587999987
10.903807897999979
10.456031823999997
12.220180747999983
12.79037136199999
12.611120696999992
12.176324140999984
9.869953187727996
9.273566458103984
11.750084031999993
12.787438848999988
12.407182207999996
6.245887235999964
6.700206631506363
11.545326276999992
12.162277787999988
8.473186457799994
9.563683351067993
11.055303492999995
9.496411517203995
9.501208512931989
11.216257338999986
10.87880847499999
12.420255312999997
11.109445110000001
12.381068406999988
14.220765224999992
13.13733640099999
11.920133286999988
12.836125724999992
9.66792361465999
11.36579274299999
10.48278305399999
9.203125044303833
10.725662842991834
12.158474315999992
9.866866366727995
10.552794077013596
10.122294139070709
10.15887833399999
11.857787615999996
13.335220560999995
11.994164414999993
9.43900722499999
10.575514170999988
11.342100692999992
7.757591774000001
9.734358950797441
8.54913558959487
9.936242031931991
11.209474363999993
10.042241606067988
13.646607316999992
13.974026125999986
14.14312451499999
14.975039424
14.09266756599999
13.162609670999984
9.214506054696159
12.826011324999996
14.211260911999986
13.140367551999994
13.33478872799999
13.787846779999988
14.568889145999993
13.997827353999996
12.68938599899998
13.791410808999993
12.860188105999994
12.926120299999996
11.081816890986392
11.38427024199999
10.984757320999982
11.699409292999988
9.299766671863988
9.359942417898711
10.98751560099999
11.25555077499999
10.557429146999985
11.171016459999992
12.486572971999989
10.724359029999988
8.202160433999984
11.040462727000005
9.830671292103997
10.99246232799999
12.673233918999996
11.780358323999994
10.163632290727998
11.475864846999993
12.61723746899999
13.066257090999988
13.403823461999991
13.758140597999988
13.241566393999992
13.41178198999999
12.789297494999987
11.83645340599999
13.117418415999994
8.150595490999978
9.902258660931986
10.858962911999996
9.891947251931981
10.552369053999984
11.57567757299999
11.485017048999993
9.223544593797435
10.439424808999986
11.838996695999988
11.078454344159992
8.292366676303832
7.991169174200003
9.907679345795993
7.2394586135999885
8.209453651405113
9.028714976500007
7.396930313099997
9.069702310202553
7.74263014830382
6.385387528999999
7.0611358931999995
6.911025816299987
6.221999604799986
8.162176684600004
9.174386210594879
5.939525979599987
5.868154098499993
4.454690142799982
7.433547766101271
10.58380397
7.654612403898691
8.4011750854051
9.424509022493591
11.031773195999985
5.571037863199979
8.554117071493577
8.126678356898703
8.0611967346
10.974871718999994
11.379219857999992
10.682559817999989
10.012821928271986
9.531400637863987
10.174335554646383
8.295652131696148
8.559315490696145
6.625502062999991
4.260702493299975
4.0400604186999765
6.267269561797407
5.612553935202534
8.921725692795983
9.937650279141423
9.285919047493596
8.477464752200012
6.07731007689999
5.2371447006
7.568103970303825
8.813197434999983
10.000019737141423
11.010817374999988
11.838191952999983
1.6477256957999868
5.717118118303809
5.746276632699978
3.0544139586999903
3.3928433593999796
2.454694726599993
3.3849578536999947
4.335424105799984
4.930225927699988
6.784425970499987
3.613415124499992
4.8082301146999775
3.6555047225999884
4.72914390109999
3.42025446469999
4.46182715299998
7.342654305999974
9.608627468931985
1.0362815244795927
2.5365002822999783
4.391917759699978
7.665680862405097
11.309985541999984
9.943904238929264
10.132569706787823
8.531386567696151
6.822779225199992
8.007631872599994
3.3966447967999915
3.7744947936999993
4.524906436199986
4.6189003982999814
9.368080055141416
9.38693797610127
4.3712224975999785
1.9912044814999923
1.1779541930999975
1.255661512799996
3.3553563872999876
3.983226237499992
4.92540357509998
6.609092719999982
5.50817130430382
5.894524203499985
1.9742932998999934
2.0999266082999957
3.8446255218999714
1.7306119475999897
2.8465888061999833
2.740607661399982
2.7353958724999967
3.510568656899995
5.152273585499992
4.092957856799985
7.662722340405108
6.17070387119999
0.7829071309067951
0.9518958603931886
3.372432342499996
5.213143360899997
4.225987087999994
3.6502186690999805
2.104957842999989
5.076897840899985
7.21006262359487
8.718427416999994
5.395940939299991
5.474393856799987
1.7210270720999887
5.335642381299985
4.131843371599995
3.8829778564
6.976932051099993
7.833927706898708
6.31190484009999
4.212475312799982
4.711597517399987
1.075628327928278
1.9337723861999907
4.506737258899969
5.217918724099987
4.961037058999989
6.787079371594858
5.5995322768986995
6.519372256506377
3.933134959399977
4.377052358999981
8.722721446202545
9.027707025101273
9.911322509863993
11.066890741999995
8.434970404101275
10.389945463999991
3.235645870999991
3.498221214299989
4.006800268599996
6.948164724699997
8.84391643830383
8.244781608594868
7.05896675259999
7.659811064101268
7.5609775543038245
8.448663433797424
5.532709889199983
2.399303765899991
3.451136265599982
4.06724310610125
10.033641400070712
8.877763096727978
4.265681645199983
3.0459866851999697
2.040700703399984
3.147087475599987
3.195150707999982
2.777079731799975
2.1105329970999867
5.897479237399985
8.171907470696139
8.121515873696147
2.571819201699979
3.7702901900999817
4.4421769484999825
6.138540046699985
6.026839376799996
4.7590922775
4.271774705499989
5.916460626199993
8.654346861303832
8.696255447405116
10.201523161212146
11.71666679799999
1.3934288253999934
5.766148318506356
7.445980581696146
6.546106512499987
6.166287538099995
4.15302527619999
4.446029087799984
5.357437387099993
3.2105380919999886
6.0906836776999915
8.925624182101267
5.455780223099982
5.590283659399988
3.7128407378999984
7.494693470799993
11.186220379999996
12.123949701999992
11.558320360999987
11.753117611999995
9.90714813393199
8.88727008969615
10.366430837999989
10.714336992999991
7.811648313898706
6.893235647599989
11.267687270000007
10.094075917030567
9.77801027986399
12.181099114999991
6.003736895799976
6.804969586202541
8.653334286506393
11.631038144999994
9.034738037101272
12.213322326999986
9.372985539135982
10.521193001999993
8.920457974202558
7.9921633835063774
7.1164195282025435
11.633057676999977
5.064384289599982
5.529099613999984
6.484106407202544
6.228103973405107
3.187300082399973
2.4599944091999806
5.656765447999976
2.016754510499983
3.19993831479998
3.650081584199972
5.152020101899975
7.60670155186395
7.347645248405109
5.095456220999983
5.150359760999996
6.190223484799987
3.300046707202517
6.3811792098986935
9.046361349506398
7.93224936979743
9.089230166594872
11.371732035999992
10.820597049999993
9.156890873795984
10.857823192000003
10.181824843989121
11.701353853999997
11.622465626999993
11.512742582999993
6.375561329696136
6.4282345444050915
12.208366970999997
12.004251029999985
11.710213831999997
11.631423536999996
12.08395658999999
12.110044088999986
12.977384859999988
11.700985326999978
8.15662441572797
4.939029748499975
6.759313073696132
10.17689727499998
7.709887966899995
12.235557398999992
5.45301063229999
7.740318258696148
9.659949014303837
8.441139720200006
11.75708242599999
11.667094443999988
11.219846300000002
11.338244176999995
12.905595968999995
13.001274824999985
13.516536127999995
12.900375126999993
11.75121150399999
10.880077462999997
10.44810806699999
9.219703254696153
12.663193468999994
12.475555089999991
12.112470170999991
12.866229802999998
14.201094413999996
12.442243525999997
13.230760575999991
13.209569976999989
13.084734783999986
13.451698563999999
11.712414075999986
12.863535735999985
12.548437671999991
12.168376777999983
12.516845832999993
9.672491854931986
11.616342536999987
12.08783055699999
13.21553256099999
12.597662609999993
11.36737820899999
12.042839644999995
12.116750934999992
12.699393818999988
13.196708469999999
12.749481464000002
12.136609137
12.417495196999994
10.048398588727991
10.708301400999993
12.062706305000003
10.716871845999984
9.182388902303833
9.059730871594867
7.2706104796999975
6.476513008099989
7.738706108100012
8.426531559797434
9.552859136999984
10.278301870999986
12.945471775999986
13.943688231999998
13.124364165999994
12.856314818
13.184336976999989
13.720449033999989
13.574231684999985
14.022301693999994
11.196903547999987
10.581929319999995
10.748070055999994
11.133807918
12.684027290000001
12.590303971999997
12.684492211999988
13.062461970999989
10.217820837271992
11.16310405699999
10.509212383999985
10.592992455999992
11.927910438999998
13.09488542299999
11.982788061999992
11.705244813999997
12.878035001999997
13.871424935999999
13.231867712000003
10.08511367200272
10.88165107599999
11.150044397999986
12.67096207299999
10.632314232999985
11.314116805999989
12.117967721999992
7.763931541399998
8.605941662594876
10.477216047999999
12.683479506999998
10.80808869599999
10.249667119989118
11.273942298999987
10.623336983
10.454290268999985
11.002552585999993
8.759804849202549
7.421105241405107
8.650616455101275
9.627335389696155
8.756674490405105
7.64993903199999
6.64089053339999
9.961052285863994
6.812931391899996
12.578013735999983
12.279793105999993
9.947042665030564
11.311489913999996
7.942348539696149
8.078898500101266
7.536402163696146
6.344259451300001
3.974464880399996
4.390493423499996
5.778129592899981
5.180978413400008
8.56628121489871
9.740317721727996
9.840680418271983
8.151174441493584
4.6050464889999825
7.243596079999964
10.92717346299998
8.542405847202541
10.814232577999999
10.002175570795998
9.378360835212142
12.087152639999989
8.345058180202551
7.303652722202543
8.266265867594866
9.019457643067984
7.456217890899993
10.597053377999982
9.428667327931983
2.731021714799988
2.451877006499969
2.4024941253999716
5.4526348876961315
12.046398836999987
6.047401103199985
10.491608964999996
11.928376754999988
3.7148863585999896
4.641659350599988
7.902978327899995
9.378073930405112
9.16692327579743
8.045956864898708
5.561347650099992
5.000848889199988
8.399924844405106
5.365670411696134
1.8038019866999953
3.012165512099992
2.891838848899979
3.451737585399987
5.751339111299988
7.833745835898712
6.987312351999993
7.090166316200002
4.236996377599996
5.494143466199991
6.964626289399991
7.292020152303827
7.383513091999975
6.614009577898702
5.046885522499989
2.8927427184999877
5.811200863599996
4.544315493799997
3.9942919677999957
2.896884559599992
4.382865675399992
5.434639189101253
8.04455950320254
3.243327871699979
2.3233808440999866
1.0524653355717033
3.9551205459999887
7.628165187099992
9.216321026594875
6.2998972014999906
8.086003501898698
6.176931042499984
6.869254188499991
8.96564993440511
3.4273623137999847
2.7464388793999963
7.871025811797426
2.5520004012999817
2.1799260253999826
3.878965133699992
4.2054251342999835
9.814802815141425
7.780678402696151
7.31706837459999
2.0430150023999945
3.7524254043999767
4.802561262499985
2.9106688415999704
4.346145968599994
3.729615637199994
5.590448747299987
3.2688267013999894
4.0499222213999895
3.05909996339999
2.6802115615999873
1.5236210555999965
2.002105221600005
1.5685286376999903
4.778082289099987
3.693231315599975
4.180927325399982
6.824141218594873
9.460985545203982
8.773365592999992
2.7964323165999847
1.7959098189999878
3.181570643599982
3.011906872600002
1.511731379699997
1.4920320937999967
3.370560986299996
3.8298786269999905
6.079131909199997
8.46991101379742
6.882346314999986
6.080058680699991
3.6282978882000037
3.6031661391999896
3.50422644809999
6.51968961489999
6.096830433699985
8.140388330101267
9.670659849659987
8.988447128303827
7.917523669405108
6.0719959274051
10.330198388999996
8.280437113999984
8.830842762797428
8.623638209493597
7.817748951696151
3.7271131255999945
2.3775094253999964
1.6478479201999932
3.709230429099982
3.336639971899985
4.435474923699983
4.755673857099992
6.014789953599993
7.013604461696141
7.111843153405096
8.831485624696146
8.469451385506384
9.405112020898724
7.325596626300012
5.83375262599999
5.451490652500006
6.674390866101267
6.932987651099991
9.095185845898714
9.277241863999981
9.711663891717109
7.752155616797426
5.099260363797412
5.3703465392999865
3.7059248855999973
6.037706295799994
8.247914224202539
9.686677745070705
7.297560707101268
10.297211957999991
8.179743585202546
7.969940113797426
2.419451141399981
3.1717295485999726
5.447996630898691
10.857053653999989
9.228671726999984
6.239161422699992
7.065970078999984
9.136333442696152
10.997090458999992
11.729031760999993
11.412210801999995
8.454643711898713
2.472703356899985
5.99096590420253
6.146625332599985
7.009475682099994
10.963127587999987
9.35958393399999
7.942434648101269
8.689284385696162
8.423218273898707
10.703250258999988
7.837512968405116
4.830908814999988
4.1567959578999885
3.486930599999995
7.737670967101261
7.137776683
8.067576229899998
5.667119995099986
5.474074290499986
7.057097198506388
10.197967524999987
9.613425189135988
8.552074307303819
10.231548930282866
11.228084195999987
12.01067677299999
11.429717174999986
6.559779591405099
5.817759831199987
10.619905866999986
9.077641322203982
8.684575703405116
9.680017845207994
12.356246869999996
10.377728388999985
12.011017083999993
7.120080931101254
4.264624414099967
3.8750038421999804
8.068082379202544
10.16013258199999
10.794553546
6.526267900101268
7.343217518594865
9.963902845863988
4.774905531299988
7.907190574600002
7.768171507299996
8.075978420999979
10.837591335000003
10.029748199339986
10.661756634999993
12.635175014999994
13.942920647999989
10.553717263999987
7.451633698999993
12.896365014999986
2.8583093581999717
8.14822666020254
10.335681565929264
11.216236949000004
12.11567890799999
12.212569054999989
12.595399329999998
8.728923567135979
7.059891470303821
9.310353677271985
10.150466597000003
6.33237317499999
11.479726859999994
11.38840822399999
12.340922774999997
11.901802121000001
12.852543979999998
9.720108007858538
8.791318217506383
13.705984911999993
11.881109289999985
11.660453742999985
11.760632477999986
11.69379796599999
8.057449455303823
11.143896605999993
11.757881238999996
11.096592560999984
9.605666293203983
10.021777201858548
12.53027063399999
12.81509482299999
11.295737649999994
11.156520444999988
11.315852855999996
7.73080579220254
6.541661344898695
9.990915063353583
9.977435734727994
7.443305097999988
9.216630557303832
9.126068856797426
10.131792867999991
13.145451140999995
10.273237086353584
11.914845453999993
12.200840729999992
12.528529783999998
9.374451600594885
9.82440258640512
10.598982898999997
11.144462503000003
11.916071878
9.275905278000002
8.264317477400006
7.084136624101264
11.260467765999994
12.73826851299999
11.41830091099999
11.952351114999995
12.648654506999996
13.101674447999988
12.864788549999986
11.23981932799999
13.703201334999989
14.37926857599999
13.131009829999991
10.419508069999992
9.862710560727997
9.043590777594874
10.859870342999999
12.921798458999993
13.294189335999995
14.19928984699999
13.068702671999988
12.176245351999981
12.785603396999994
13.146657271000006
14.029105408999992
14.722036988999987
13.078758417999987
11.100786696999997
14.122612874999989
13.95058311599999
15.754970306
15.393296280999996
12.327478913999993
12.781529654999996
12.042412546999989
11.950868442999983
11.505533562000005
10.097416805999996
8.077833776898713
12.582605073999993
11.93896044899999
11.170506399999983
12.352566167999987
13.085709841999998
11.412632013999987
12.214600544999989
9.672155574000001
9.559505075101285
12.535929072999998
12.515067174000002
12.237415125999988
12.836679786999998
9.040200793506385
12.681843140999987
13.177012707999996
11.171841755999996
10.00588279600816
9.930190484727994
10.067327236969444
9.484107742203987
7.949764295999984
8.87191386720256
11.930842350999987
12.323154011999986
12.244073151999984
9.84869850779599
9.637708106999991
7.5841336287999965
9.433271768202559
11.919896367000005
10.572366553991843
8.80360588680001
7.322752819800004
11.044030132
11.188328562999999
11.017325533000001
12.646524117999988
11.741021493999993
10.544194959999988
10.269661339999997
11.230487230000003
10.569052583
10.444623017999989
11.35783486199999
9.176349899203979
11.78345376699999
12.248398292999996
9.595894418203986
10.12870986485855
13.517127942999988
12.247907424999982
10.683648082999992
2.8794355102999893
4.385706544499979
6.061289100599986
8.02663678889871
7.0200306579999925
8.854747990405114
10.608132479999988
7.93773943330382
10.786478264999989
7.092764021299991
6.6908241698987
8.78451205899999
7.381196980299993
6.747194844101265
8.105572289999982
10.236986363141417
8.010446597303826
7.311185632299993
7.770011601299991
7.473382873499994
6.559231661999995
4.456879093899985
3.019949935899989
5.79409626769999
6.793924148599989
7.235810913099992
4.807903413400002
6.780176498400004
7.988582003799992
7.806967716999992
8.191966932696149
8.59758452150638
9.25038931279598
8.192815548696146
8.556822676101271
6.627991358898699
8.31843656769615
5.759776528899983
4.947537708999987
5.467635754405098
5.327342051699996
5.184706739799984
6.431969192499987
8.583841320797431
8.803139645271978
8.446991770898707
7.9769626953038255
7.433398948696141
8.329217796303823
7.831219160506385
5.777286598199988
7.416742503405102
6.659846141101263
3.7209295775999993
4.083797895799994
4.300279678299996
4.624988412499991
4.341651109299991
5.182950295999987
7.437973364299989
9.933607034203991
7.579334847999989
9.740597734067986
7.577808070405106
7.710872190898705
9.259145574999982
7.1538822632025365
7.090337620493575
2.2881550704999927
1.3419245238999862
5.471590943899988
3.1386061233999896
7.851834345999986
8.999304490696149
6.166887802099993
8.015215731797426
8.686246911594866
6.354679330399993
3.826471792599999
6.231124009696138
7.68925151820255
7.462370158405109
2.7405164306999894
2.1404412491
2.1846137954999967
3.0128389419999917
5.036370803799987
5.185188233899979
7.831065864594861
5.483458135999983
8.844139134202543
10.16351264499999
6.582702268999994
5.693040258799991
8.570254679898706
6.614723823493575
6.505365833999994
8.73640235750639
8.058842340101267
5.94611773069999
6.515937362699995
6.473314230299999
5.606335345499993
7.199664169303826
5.026220281999992
3.710930070499995
5.383334960899993
6.303460368299992
8.516242845202544
9.30373352049359
7.541327461202544
9.09365872799999
4.840981510899987
4.948611511199983
4.263453462202529
6.6165886748987015
5.073821856699991
3.33770698239999
4.938951347399983
8.480621974202544
9.528971168646379
5.995448155199983
1.6450081908999925
4.665147335797414
5.885948017898697
11.019571528999991
8.019440258797422
9.785316351212147
11.288146639999987
10.293274302795991
5.090298066699987
4.339944477799985
6.019827217099983
5.415651632699992
8.129439654493588
11.717778591999993
10.23738770599999
11.413918207999991
4.456081849699978
7.113824699405104
6.429226591506374
9.285488651999984
11.195142577999992
12.201707849000002
8.425896803303832
9.00789220893198
7.013700624101266
2.7823334868999847
5.113097380101255
5.6846851623999894
3.957763305699995
6.1396431793000055
5.442825648499999
5.838871171599993
8.755594805900001
7.553776632700001
7.947525349405113
11.113770008999996
9.878222807203997
10.235200400991841
10.530132964010877
9.644022131203986
9.628308671727991
10.857837871999996
12.096234089999992
10.582237862999984
9.685562995929264
8.19128406979743
11.531844517999989
9.992911255999994
9.264753414898712
10.12049529414143
6.6332261489999835
5.910699153099992
9.000240489202557
8.11944659420255
8.24131303710127
10.334716394000004
9.25436889800001
11.390434649999996
11.98401238099999
12.565516459999994
11.109928290999992
12.544839911999993
13.086985634999987
12.077399227999983
10.217203422999992
9.906496958929264
10.854755546999991
9.910982290728
9.009735798727975
5.441482510399986
3.446561410499994
1.5426599288999923
4.783978996300002
10.368835750999986
10.046830898999982
10.588676537999998
8.98493005220799
7.665177677898698
7.172324383493589
7.179305294797425
11.472995356999995
11.174160193999997
9.212305447405114
11.843271576
10.38272670000543
9.965690022212147
10.126230356989117
12.110865576000002
13.86617013199999
12.742711239999993
13.496599619999996
13.656319597999989
11.099667193999984
7.96277305759485
12.70153202199999
12.711442722999992
14.678812818999988
14.228750951999986
11.826067437999995
10.586168117999982
7.7497596679999745
11.058801002999987
8.126198100303808
8.141176914999967
8.650456262202548
10.747943136999979
10.41617251699999
11.032445044999987
10.567478820999984
9.641941288858549
10.951154192999988
12.860934112999988
13.276196495000002
13.156235836999995
11.531014364999988
11.843535666999996
14.304805800999988
9.750684164282857
9.917330943212145
11.130369732999988
12.833881200999993
10.147837741030571
11.310280192999993
12.38720781599999
11.521512037999992
12.87147556899999
12.585103478999995
12.052296036999989
9.281545309271964
11.368215270999972
9.094269284101276
11.776438588999982
8.386696253999993
5.561381895399986
10.155851910271984
12.893134240999984
15.421433491999988
13.735951218999993
13.783896094999982
12.370465137999982
14.306468377999986
12.371893519999993
14.776749318999993
14.139348093999995
14.566062600999993
15.506647245999995
14.989328225999998
12.732412418999996
13.871812711999985
11.931869820999985
13.97146763299999
13.612580063999996
12.574466816999989
8.862707943696151
9.962940313795992
8.93545368040511
9.490642445405118
10.82979710399999
7.355931890899989
8.481466627493592
10.348554874999992
12.008733843999991
13.71197441399999
12.983320968999987
13.825507992999988
12.76094728999999
12.67800157799999
10.873156538
10.525275998986398
11.580073667999986
9.73088432459488
9.78243990014143
12.51724033999999
11.488037429999984
11.612550980999998
13.472690651999999
13.062507519999988
12.524769163999986
13.356136972000002
14.062611275000002
13.272032296999992
11.697306965999989
10.584385108999989
10.604276415999985
11.606203812999992
12.345600405999994
12.830533060999986
13.782236179999986
14.232542858999997
14.128418744999992
12.462730446999991
12.78121862799999
12.743888025999993
12.466756533999995
8.282411477696142
12.247096682999983
10.391521293999995
13.493881867999987
12.791489325999988
14.005347751999995
13.102926461999989
13.185995823999994
9.83543831793199
12.332589148000006
12.65958463399999
13.18690638099999
8.976013545202566
8.691515777594875
10.637902485999993
7.861132167101268
7.36323730620254
8.264536291493583
11.447160741999983
12.200219513999984
12.89310458099999
14.193997353999993
12.789401962
12.342608702000005
11.834583648999988
12.679487778999995
7.72804251399998
7.72954619140511
11.283507522999988
7.169388354506378
5.542737702899985
11.444784289999985
10.013682136646382
8.918795104999994
7.563129122898708
8.613938706999999
9.840632804895998
11.594468967999983
2.62965355219998
2.68416061549999
5.560227915999976
7.112684112493586
8.186967254594865
9.33270190120255
8.53831207279743
8.993524079898714
7.210690980500013
5.3074858688
5.215761883500002
5.143650866699997
6.843804083299997
5.519767324799994
4.134518165599997
6.309154919405103
5.276320902999988
4.568230981399985
5.960254020696136
7.894747511303835
8.219710879493599
6.2888661818999925
5.055085818499991
6.611559699999991
7.271563218696143
7.390687969999991
8.057753417999983
6.960975134299995
6.182102139299994
10.235892008999993
9.732324621727987
10.174009834212143
8.72631596679743
6.589931912199995
2.9690656402999993
2.6085179244999863
4.307218792696124
2.1659196502999825
3.372530953999985
2.453834143099986
4.352670483405091
7.484704640202541
7.586836016797425
4.426374523899992
2.6692237410999917
3.676855163599987
4.3857834426999895
7.641731191999971
1.2756803224717008
1.8737435073999966
3.5401375442999883
5.975908875999973
5.44173899689999
4.149043827799997
2.4035728408999972
3.861227903699999
3.0761117644999945
1.904114125099997
2.832615420499993
2.367745182799987
3.767458103899981
3.9238299163999772
3.0978954131999785
8.793343530303831
6.379080595399992
3.0635290770999943
2.426475181599998
1.313857995599998
3.5244047713999946
3.330326032999988
3.200840771499984
1.8953574813999818
4.555603440899984
3.873319976799998
2.385330633500013
1.2792364577999906
2.4093571914999905
5.626662097199984
6.4928567351999895
1.7768383910999956
1.5481879607999918
1.0886163648717022
1.4465321227999905
5.133325326499979
4.445655827299983
5.492239553799992
6.616986720299987
6.840252171299992
2.2623097793999847
3.4714051833999804
7.265848605303823
6.798978153999981
7.065881240799986
5.484596583599991
5.741315771506375
6.836704710405097
5.052454446399989
4.6690209533999845
6.7303480225063765
8.446847340405101
8.015239401202544
8.812056648303834
8.864845625303836
7.393551824999985
5.367611704999998
5.325614269999992
7.1609655486961366
9.233829594271986
9.906606022727987
4.587704676799986
3.134717866499973
3.759435165399977
6.841457493599989
7.0020322219999835
8.910743884303828
4.916254133599989
3.88494779819999
4.281019085699994
2.5167687987999914
1.7277073562999985
3.8202147567999725
3.132343772899988
1.774684466599995
2.5688255814000067
3.306378248600005
3.666844512900003
4.375842190599987
7.229445747405096
8.063869164999986
8.465824890101263
6.500512033099992
6.629450537101263
8.997500974999992
3.387546249399987
3.3639380858999934
4.181348060599993
6.67080966949999
5.961169805899983
6.387156700099991
8.15648956449359
7.584242539999984
10.16240432728287
6.700447970599985
2.3474539367999836
3.7763269713999743
5.418787028493578
9.88019406420399
8.853595669594862
8.178539628594867
7.736654089405105
8.040061428797427
5.785404756199983
5.311893048099984
3.665743344099993
3.5032130752999997
5.179966041599992
5.691167501799997
6.607856620797421
8.363966842696147
11.201410520999994
9.092645486339986
1.119835144807065
2.8220761229999862
1.0074277275999923
4.875047683699975
6.4128402389999914
6.413490727199993
7.7003980117974296
8.558788091999991
10.445526612999997
7.504647215303823
5.909944856303822
3.048434687799979
4.692749360699991
3.5256480559999845
5.9821681763038175
7.1000661849999736
7.8358278075948675
8.510737213101265
4.971199960299991
3.8529526595999943
2.6959103042999892
4.332192808499986
6.428330238299996
6.91321680150639
7.357957490493575
4.8394516890999775
5.565338326999975
6.787544746405103
9.471483370999985
10.386465689000003
8.321846552999986
7.3112672317999925
10.96731744199999
7.820797288499996
11.425713473999993
8.876225720202543
11.666106992999985
8.931457698067979
10.40765198099999
5.614696293599982
2.195692744399981
3.318291807599976
6.4641072875999965
4.780754717999994
8.081900338700011
5.0646654540999885
7.54837985839999
10.229494522070713
9.567685128858542
12.98663929099999
10.614044983999989
7.983257234202544
5.025754539506369
1.5736775512999857
5.679163554399984
6.5549380233999965
6.53217570339999
6.028227244599992
5.673072750899986
8.548397738594865
10.009669230908324
12.125787053999998
11.009198294
12.817880434999982
11.61289158
10.500452208999995
12.127471241999999
13.735844517999993
7.993178158594858
8.886002365103986
8.228203173800008
10.445487158141418
11.458691009999992
10.80918842800001
12.164071859999996
14.629866271999987
10.403428516999988
12.075760380999986
13.363909211999992
11.97320190099999
9.358297892797431
10.11485507364639
12.982082265999976
11.602367463999991
10.147968632659989
8.211264005999984
10.594008540099844
12.109050118999996
9.396719753999985
12.904562125999993
13.94100217599999
12.022923356999987
14.165827732999992
12.42264500999998
14.586568003999993
12.860192414999986
14.361988416999992
13.799660378999986
13.874672402999984
12.09319953199999
12.816976662999997
11.061368091999993
12.643611677999989
13.655558286999991
13.374551639
14.645570658999995
14.406599865999993
14.299308745999994
13.023683968999991
15.156269765999989
15.689941155999993
14.81500943599999
12.891689309999993
12.394852054999996
11.584258446999996
11.955707607999994
11.98921279099998
14.06704154699999
13.774222881999993
13.739904674999991
12.550684264999987
12.177647898999991
11.187163212999986
7.628681372101271
6.508135327099998
8.631866014101272
9.027216676303837
10.288316614991832
10.364111093067988
9.394360096795985
13.578721735999991
12.915440497999992
13.523750983999989
13.76698648999999
12.746461030999981
13.620377424999987
13.026782929999989
13.89108249799999
13.204565377999987
12.022173691999999
13.926287662999997
14.370410145999996
11.681173253999994
13.262738892999998
8.422785908493584
10.549518535999985
10.647094878994551
13.059312481999989
12.72782842299999
8.845274136405108
7.269789140299991
8.410912248202552
7.799693221999991
7.1114265762
4.942689500399993
3.787795019499994
3.6012882507000055
3.423513116499995
8.890115710271983
10.98633447399999
12.454377805999995
10.517734781002714
9.841265353271991
9.456316569500002
10.049167977931985
9.743491683999986
13.101341053999986
11.192358883999999
12.815392191999994
11.315320823999992
10.32129694799999
9.812395372000001
10.48697729298911
11.279793503999997
8.780939137303836
10.03779857792926
8.683711576797435
9.60725231313599
13.149112949999987
12.85907490499999
13.68107543899999
13.93111358899999
9.960485841271987
10.225242871067987
10.191176100135992
10.12447985828287
11.238344233999989
13.290787490999989
10.478392933999993
11.06594853999999
11.566513283999994
11.428451438999993
10.192236713994562
10.652818523999995
11.891461864999997
10.290499056999986
11.360153122999991
10.788744626999993
8.45337775730382
6.51702244869999
6.246033314499999
8.25181362299999
9.280463485696153
11.459790777999986
11.589763698999995
12.536468392999984
11.195755230999993
11.016733974999982
7.993361129797423
9.879773287999972
9.145243688999976
10.512353124999985
12.504191172999986
10.250666923847211
5.352807487500009
5.449962849400015
6.977680255099996
9.715949404931992
8.708931037898699
6.133699536099997
8.426930010999984
10.483988178999978
8.32476111599998
3.4303430877999808
1.8599282531999828
3.6588934356999925
6.938632086199997
3.7211055053999957
4.8960892837999825
3.956043162499988
1.7323654693999897
2.6713741134999673
1.9357456267999862
1.9868359191999891
2.479881695599993
3.305328816199992
1.483481043999995
4.927005680799993
5.781137228399992
5.274948449699983
6.273084361303818
8.332126472506381
6.448040597499989
2.800306620799978
4.122278291299995
1.7784528594999887
2.2151641890999985
3.3520085525999836
1.6940167251999811
2.891251336699988
3.105554191599978
3.191163436899991
2.9186182297000065
3.205728894
4.000581353799982
8.907457649135978
9.087812448101268
5.7967077315999855
2.4193702132999864
4.539553527799976
5.319692906202537
7.922676194799996
4.006610807799993
2.3000731048999823
7.968426248202553
5.62138280029999
3.942373152199987
4.012164672899989
4.715109349099983
1.9558465926999908
3.9443841445999728
6.2212548035063815
9.084634898271979
4.064120861799986
4.917004583696135
9.036434640493589
5.926171716299988
4.858417771899994
6.834735310405097
7.491920120202548
7.464523319999984
10.262620187282863
8.078025028999992
8.728057176202544
7.810698657202545
9.618422750931991
1.3258583384986373
2.193982411199988
1.5893589004999964
6.537391244493564
6.53586156009999
1.9745812285999942
2.5244103774999918
2.489534521499977
4.228347979699982
8.348284789999983
10.050711022931992
1.030089871113596
0.8990809211795985
2.0477278914999952
4.425783450299992
2.7945067138999717
3.548582286099976
7.475639617898703
7.3615581496961395
8.862230003405102
6.928280570999983
8.025142311101263
9.263329051135985
6.4804735228999935
6.173144235199994
7.041838502499993
4.89916940309999
6.431162950099992
4.37460711359999
2.5004867446999834
5.415133442699988
8.24130347899999
4.787923152199992
7.161452580299996
6.978642901599994
6.270455136099999
3.6742459441999893
4.777224887099982
6.624558349594858
7.5271403747974235
7.9261251906961405
10.296058724999982
9.546752610863987
9.04645901793198
9.623504165727987
9.874354406795991
9.281970033303836
8.702222004696145
9.713271435659985
8.577036920202541
1.7523103408999912
4.385575596599983
5.87852309569999
6.838113944999993
6.166610909999993
7.2925390502999985
8.231536206101277
7.433865560900006
7.703001786799998
7.217568688999991
7.626293408202547
9.090739869696158
7.041373940999986
8.589209487898707
10.076423321659997
8.713270657303834
8.960942925999985
7.377543969699991
4.637520509299991
4.489930699199988
7.110236602797427
4.642912046799979
4.089349790999992
3.9429123092999925
5.254585130299988
8.16203721310126
7.499254667699996
5.173179832499982
6.808738943499997
5.826034925799991
7.725750767500001
8.511539808696162
11.468026172
7.204759944202544
10.664778155999983
10.272493341070707
9.912676930135984
3.2586134948999725
6.334499793999983
5.378387962299998
6.031927841199998
5.482235925300001
8.825443905594875
10.913538830999984
9.809470759717096
9.249556642202549
10.56112901599998
5.154447679099982
7.101204981999958
10.974046843999991
10.132090579141423
6.594672759999984
4.063916513099982
7.425625500506388
11.625686410999986
9.70872073820256
11.925760636999991
9.519769813493596
7.864002833594876
4.077219865399976
2.290764620999975
4.362256045499983
8.521574354594872
2.5104403869999974
3.22567604519999
3.5013312072999847
9.90597886686688
10.893561202999996
12.075869164000006
8.995472952303833
10.979836820999997
11.187515175999977
12.783439280999989
13.536566796999999
10.327640609900163
9.883462609931998
4.874553330999967
6.182653987099987
8.281095742800014
12.244421935999986
10.496332178999983
7.051473858594862
10.68815302599999
13.768102121999991
6.272493867506383
8.741788333067975
10.134102585999994
11.04738684799999
11.485861770999989
10.567969362999989
11.546043874999999
13.248449358999995
9.945212782203994
9.79115943133999
8.702010234067975
9.311220259101267
9.806147999727987
10.137770607
9.76509001306799
8.914568029797435
7.02068721159999
9.042439053303832
12.335726287999988
8.757279644797423
11.619564177999981
12.306206228999983
8.586726264999992
7.263064813202543
10.757743616994565
13.188232329999995
12.496347107999986
12.481922317999995
13.222744962999991
10.605773064999989
10.483963289989122
10.652650266013612
13.747964864999991
12.061615287999981
10.697669086999985
12.180293144000007
9.540583918797438
13.291935022999992
10.080311395212146
11.10476697099999
9.945669677795992
9.357306695727987
11.104327488999983
