14.77386104099999
13.775279435999991
13.416754181999995
9.454094158898712
9.290083850067983
11.930744552999997
12.029345586999991
12.754038570999985
12.739438947999988
13.732253187999987
11.193668660999982
8.698185450696142
12.528903072999972
10.338596602999994
6.598088462797414
6.673413532999989
8.362907928506376
10.466818252999992
11.60040917199999
8.050775031999992
9.675416511659988
12.046534391999998
12.734919223
12.805960271999995
13.03907015799999
13.488997140999992
12.07089820099999
11.773668383999993
12.536914948999987
13.952742664000004
11.762543463000002
9.733213928202565
12.346661074999993
14.132740795999986
13.320998310999984
13.820025538999989
11.420202630999983
7.426206603999988
7.92761530149359
8.721953625506396
8.886730517594867
12.81126909599999
11.726421523999985
12.650440769999998
13.738566024999992
13.525055155999992
12.81797146599999
12.118885477999992
8.944184629797432
9.145096957405109
11.227236071999993
12.006652419999988
12.92732598099999
12.996438879
12.44662255899999
12.611661612999992
9.137334204101274
11.116456170999989
10.885125387999986
13.369664135999992
13.467682369999997
12.743878876999984
12.70910956299999
11.415707880999985
13.121930289999993
13.999798211999993
12.52144245599999
11.05249083099999
8.92289009089871
6.744714169299991
6.5674339248999924
8.861771717797435
11.381849413999994
7.778667608594866
9.731808982863988
9.60228935093199
11.623455051999999
10.161806845067995
8.7827286789
9.70455737
8.460491238405112
7.059024987799993
10.05804365392927
7.7419816695948676
8.919799185202551
9.46969459828286
13.53051039899999
12.834567174999982
11.433819236999996
11.17689363399999
12.288479912999984
10.858553499999992
10.241591837013592
9.792349665863998
10.309825380999994
12.537932741999997
12.733489760999994
12.38918852399999
10.958039272999997
9.972664917000007
12.431506212999992
12.651093722999992
11.692117212999987
11.83817257799999
11.665616808999994
11.73031726499999
12.094301478999986
11.172918227999984
10.239570800858544
10.765450718999992
7.337204769898709
10.368670417863987
10.305629925646386
9.919394732908321
12.508601526999989
12.341865983999988
7.000897671499989
8.503116874696136
3.7833354903999825
3.550243876599984
5.742602802999977
5.493474310299992
5.024507020600006
5.9759587433000165
7.4223853378000015
6.391554853799991
6.579014556898706
5.308506980899992
3.484212495399988
4.2741898864999985
5.892547003200001
7.377585922202545
7.984338342303824
8.668138778696148
2.454026507599996
3.8142220077999736
2.5677318038999872
3.265659104899982
6.47013039859486
5.447504672202537
6.394688955696139
6.745735530101262
5.694097436493577
3.850920640599991
4.863647283898691
2.746107156399983
1.6624278777999972
2.2752117049999967
2.338341593899997
3.1033054366999955
3.748184660299995
4.02643045959999
5.179388540599987
4.547940280199997
3.124644253499992
3.775383329799984
4.209249464399974
2.745078932199981
8.212953713999969
7.827987242099993
10.064986122070707
5.039142881799989
5.70293928219999
5.2641931365948595
5.263518325799986
5.201901773099993
5.573298814399992
4.963284431499998
5.3024915267999875
4.003832223499995
7.222941628999988
4.151560217299979
3.8674864470999712
3.2425236754999793
5.180426716594858
6.897720190405095
3.6023723998999873
4.5294767714999775
6.794309251405104
4.218905374099992
2.4806942153999945
2.2337697556000005
2.2148125412000073
2.6688808120999945
2.7561702010999958
4.5078690810999875
5.807520330799987
6.977053814696142
6.548734587101257
8.977998081999985
8.484986741594867
6.236056834405103
4.14235875549999
2.524398506199997
4.679614413499986
4.370543267799992
5.910433232101261
3.68817900239998
2.0247860763999825
1.7370817626999966
1.582027101099997
1.5608004058999991
1.5434476624000035
1.8927611632999952
2.546179008499992
3.13908598939999
4.196633183299979
5.615000836199986
5.362872828696138
8.785081285101263
9.203090078696153
9.808796542271983
8.335655757101266
6.225025897202544
6.250916625999993
4.411733790599987
4.4735625228999965
1.8400868758999962
1.9504184998000094
1.9002012634000003
2.5337305389000018
1.1696553023999983
1.1297836031000006
1.6366854384999963
3.972042909199993
5.896773538202533
5.6863142914050995
1.5142660476999876
3.5233888183999795
8.848103387506384
1.8614883101999655
7.029835946696138
3.4966554030999832
2.0855824798999856
3.504163131699993
5.1895151046999874
5.3016172484999915
7.653400445594856
9.498401721135988
9.36790752406799
4.501758424399986
2.2675263335999905
0.859163547130002
0.9191303114900007
2.1199912674000005
4.574095701599991
6.978621908594866
4.732249313399994
3.3169130280000014
3.9187012558
6.22153018799999
6.302261735499996
5.363491319299976
5.292281593299997
5.623108586099996
2.9485546097000017
4.245508161899985
3.4334461760999933
6.929352072099998
9.459145607000002
8.599769036898714
6.62262054289999
2.2845066436999883
5.7182168456961415
0.8827957051203953
7.041781030303801
7.156442243999985
4.227900537099975
4.669074023399983
9.430663282863986
7.962152830493593
9.351552033999987
5.6889178847999835
6.1855954497999885
7.034530535899999
9.309171714863984
2.9899044738999807
7.3549741211012565
7.723422878999982
7.77636958620255
9.414581281999986
12.054634795999988
12.546035853999994
9.440769340493592
12.315746322999992
7.013325755299995
6.977167399594869
7.379727014199995
10.781265761999988
4.968821736099989
5.123972882099988
8.056394419898716
7.820662815898717
10.032845937010878
8.120589038099999
8.79591349330383
5.319411450199994
7.98433850099999
5.985595977799988
7.905285488898715
7.185313560506391
9.026557519493593
7.869204043600006
8.808003286700007
8.218766513100004
11.351092620999998
12.578577392999998
11.747266810999985
10.92810137599999
11.98099949299999
11.171725016999984
12.124355681999985
7.892744157405108
5.108892965699984
6.095304039000007
6.592402880899996
7.026630943299997
5.63513578949999
9.776125082405125
12.66776038199999
10.29132622799999
11.962375078999996
11.81623774599999
11.91147639599999
13.962717980999992
13.508705460999991
13.79720280599999
6.154844914202522
5.2095378829999675
10.178319351141413
9.54710833130384
7.2341879654051064
7.824827040101266
9.890730297931992
9.883410906999993
9.780050518863986
12.845899212999985
10.898953968999992
12.367374027999995
13.061702147999982
10.734052739999996
13.075129450999997
9.935454945271996
12.198190465999982
14.99409474199999
12.545258167000005
14.152857692000008
14.095623070999984
13.01023962999999
12.892005033999991
12.984695637999987
12.046849500999995
14.133845136999987
14.92396180099999
12.159408095999988
11.28735886399999
14.146608410999988
10.040421885795995
8.663044966101284
11.149544974000008
12.993595145999988
14.044813155999984
13.639738811999987
13.747626825999987
11.044744251999992
12.146191730999988
12.276692135999996
12.84904697899999
11.481528066999998
12.338317487999982
12.03156503299999
13.474586010999992
14.123307692
11.892682412999994
10.431132909999997
11.052828292999992
14.120365931999993
10.884250033999992
12.619913323999986
10.896019292994552
12.62358374299999
13.481980140999985
10.333805114787829
11.974333230999989
12.106857061999994
12.37696847699998
13.746191497999995
10.79038591199999
12.087244986999991
11.687413743999992
10.64209943799999
11.167566617999997
13.395392895999988
9.820767816136
10.160078811727994
12.17573519399999
12.393890035999991
14.670867260999993
15.251585476999988
12.945255234999992
11.944997686999995
13.039875983999993
13.698279268999988
14.849843399
12.88686590999999
13.693611997999994
12.764153025999997
13.565711046999988
10.756610251999993
11.181233483999993
11.365177327999993
12.92500523799998
12.862639792999992
13.646940494999996
11.924568689
11.528520823999985
10.789800185000006
13.504131574999999
12.698513483999987
10.887743770999991
9.747720576506394
10.767600525999992
11.696137049999992
14.959994826999992
14.90020078299999
11.50995021399999
9.38496492913599
8.482838183594868
8.39062425079743
7.950185055493582
10.950210261999997
11.234545712000006
10.818736750999998
10.032018946858553
12.497590719999998
11.768413287000007
14.249546996999992
11.335802843999979
12.44342449299999
11.712424157999987
14.101412250999994
14.277200898999991
13.797713596999989
10.393482525999993
3.6393257232999714
5.228223725899982
9.113739260929256
11.997923328999988
8.174033575405106
8.16396487730382
10.57636186999998
10.733649418999988
10.522665409999993
10.829467345999989
7.944869677699996
9.282843653898707
12.057205691999988
12.259837598999983
12.512679195999986
13.442484519999985
8.120415431202547
9.145015293931985
10.642203377999982
13.198174102999982
9.695989314212138
7.492868005399995
6.984630345202536
5.974146935999974
2.0522853652999706
5.161774131799991
5.9486117339999875
8.259828765898703
7.422227337594867
6.895549996899996
6.37783083800001
8.143702275101269
5.994006959499991
5.5135148879999925
5.712324323999994
4.521855995199994
3.2030636245999933
4.335377140799996
3.4253908812999923
3.721608448799985
6.990604196202534
4.6500403122
4.524617652899992
10.191614817858548
9.110662795999996
9.729817340070706
9.457590942271985
6.421489134202508
5.103982655299987
4.686039256299999
5.289466311599996
5.614463816800005
7.280667971799997
8.782372880594858
8.687080989101263
7.661125953696143
9.551205699202553
11.714460592999986
11.213180536999984
10.671830640999984
12.023250484999995
9.25603987730383
7.965723280299995
8.090740730299991
8.582245007303827
9.11084698179743
9.854858256659986
4.954171881099995
3.8321935058999905
2.0787307387999894
2.5953000183000023
2.0148155089999835
3.290998864699985
1.7490706878999849
3.8115927154999802
2.6547321532999786
3.2665354705999996
2.4240758468999877
5.880249072299988
6.866611477699996
9.34631138920255
9.408530195727984
8.764259419303832
6.44713101199999
9.57119168399998
9.734365612863984
10.42194865999999
7.8843309845063905
1.7003633193999983
2.7902647979999684
7.573136465506384
7.431463304101255
8.398927563339974
6.400387708999985
5.042197048999982
8.893950195303823
9.463961738727976
8.466795712303817
8.299718377696149
1.1822541765141394
1.8098106400000011
1.0422111403999987
3.7004115432999853
7.116827003506379
8.891537199271978
8.46650111389871
7.961953332493587
9.332173858727982
8.321300967405103
6.853856938199993
6.084366699199988
5.173795840499991
4.454465246599999
3.627720196500003
4.094888871799988
5.790968627898699
4.840579710399982
8.521728295898706
8.284060597202545
6.207621328699991
7.0236082808999925
7.8764626876961525
9.590023384067992
2.7843014663999943
7.374289712493578
7.460336091594863
5.166773413099993
6.679856849696143
4.988606971699998
5.347501919600001
4.272202288799996
2.288360880999999
1.3557354842999991
1.80012070309999
3.5560295546999936
6.635075338696147
8.301998313898704
2.1530653533999917
5.59728263699999
8.493822094696148
8.128267863500003
6.514040450999994
8.231432302898703
4.813457485999983
3.2599118850999993
1.260699771400002
2.1234080687999826
5.188090614303805
4.61451785889999
2.792228410299994
3.717016697699987
3.5494521118000004
1.4865217621000033
2.220724922199996
3.7093231780999845
6.2546924880999875
7.3349059066961315
10.956686324999987
10.853945456999988
2.109836909499996
2.5611691054999914
4.489856158399989
6.034773765600008
8.880605734303835
3.8659425551999895
4.305822410599994
1.0422429043863948
1.3001512526999994
3.2850366134999764
3.474573670999999
4.468501368699998
4.088812394699988
4.129136001599992
6.839305079699992
6.7378844254051025
7.038808711202547
5.8805958602999855
5.982992727699982
9.72732161572798
7.395029592898704
1.710431607099982
1.2214535644646318
2.2208977920999766
6.147658450303819
8.744836234999994
9.471282377594873
6.647738569599993
6.389395281999969
7.101133259594864
9.264327604696163
8.524813758900006
4.881735746799997
4.9588001220999836
6.080958241303817
4.687075022899979
8.413245906101265
6.969940673797421
6.600489956696133
9.39552353813598
10.806108243999978
9.290316770898709
9.31385647586398
6.243056492594865
8.258466613797424
8.929126640303839
9.694962992931977
6.270933154303813
9.372934977795984
12.18787439699999
11.640569129999985
9.132370350727983
7.335538952594862
6.307748431405099
7.8787701127279615
5.304060569799987
4.52708879089998
7.342253161594859
9.18845942989871
11.705526516999994
12.87013122899999
12.20230780299999
10.717853379999982
12.633797126999985
12.627238399999996
10.02738595285854
9.288812425141423
13.049788572999997
10.398384829787824
11.62461198399998
12.153251778999985
11.95281382899999
9.492500334135997
3.058626252699996
5.047187049900002
3.171960136399997
4.175200647000004
4.387985003699977
8.981677685659978
10.624144610999988
6.8755783690999905
10.570664386000008
10.294478065339987
12.151782143999995
10.713115075999998
11.768602164999985
9.484020942787822
11.209192315999985
12.649478637999993
9.810087104858534
8.052750846898709
6.395459143101263
8.241987841797425
8.835235287506393
9.436979263303842
9.671377151339987
10.262768984999994
9.827977369696162
6.646507113599995
6.435157919299995
8.53101197199999
8.476603628493597
6.794923498500017
10.491292052994556
8.96762383120255
13.528436221000002
13.294746380999994
13.893752634999984
14.15945044099999
14.612565639999994
13.009383783999994
14.381213173999996
13.479396056999986
13.411460369999986
13.649524872999994
13.325956780999991
12.66702567099999
12.885428661999988
13.407776546999994
13.222592191999993
11.157175902999985
8.656086834696143
8.822255444303835
10.297871343999999
10.303210686999996
12.862380598000001
12.588214545999993
14.661370148999996
14.302339831999992
15.043063363999998
13.686347397999981
13.041999137999984
14.14003449599999
12.52424537199999
11.574175734999987
12.31282868299999
10.735439330999988
9.40347224720399
7.277763201898707
9.853202026271985
12.33249545599999
9.204891622931987
9.499633467067985
12.43327157099998
13.88092092099999
13.778379500999995
14.672735129999992
13.526867406999997
12.798834981999997
12.747413894999989
12.355225159999993
14.337623717999989
12.76388295699999
13.522760856999994
14.159034327999995
14.70612522599999
12.544316578999984
12.535988595999989
13.69246616399999
13.456774474999984
14.339634296999987
8.744245954931975
7.27806498713596
12.174357891999996
12.631341651999994
14.007583568999992
12.461146055999984
12.399260369999988
11.308375239999986
12.230061620999988
13.021013788999982
13.585418635999995
11.398552007999983
12.20956259899999
12.205935790999996
11.864621409999986
12.768093804999989
12.896252549999994
11.078991457999988
11.53948141899999
12.623782676999985
12.84346637399999
12.509985537999992
8.833070188898716
7.9944883269999885
9.992022143727992
8.604544126900008
10.59324684799999
10.184647902999995
8.979983789067974
9.822916674858547
10.194839496005441
10.524106081999994
11.118030359989119
12.145772696999984
7.824346653699992
10.710689362010877
12.338525152999985
12.578222025999976
12.674539684999994
10.558945110999996
10.887356824
10.013818281727996
11.57202395799999
12.478472208999984
14.124129326999988
12.44983116599999
10.87551777799998
9.269268572999982
11.812658010999977
10.590008230999997
11.906406980999991
12.287544361999984
12.302952820999982
13.87853306099999
5.015761352499977
2.478558068799985
4.699221153299976
8.951253659101262
11.214174804999992
10.00539588006799
10.110244763141433
11.293692678999994
9.571656083795991
9.954016953999988
12.930694281
10.04241718784721
10.041546217091687
12.21949159699998
6.398388737499986
9.58483675220398
12.569547056999994
9.443050828594874
10.169367905994559
9.619498451202555
9.393441449
9.424082174795988
8.904231332405118
11.379496732999986
9.250133769135985
10.254827514717103
9.24766102293198
9.265192658999986
6.074040626493575
2.5673374114999907
2.2236893660999923
6.630384001202538
9.563653628646378
6.189256591799979
6.042346220405083
7.3974250824159675
9.64971605686399
8.657077102696151
6.692805062898692
4.054462834199973
3.6946306014999877
7.177303953594865
7.9930719604051035
7.370084080493581
10.191522317646385
11.829970015999983
9.431547126863988
7.5573045914050985
8.745920109594866
3.6220999465999677
3.9279998855999754
7.00450305479743
9.979626884353578
8.102147058101266
8.457101879898694
9.564466462795979
10.033425421070708
1.188802369399999
1.8914127089999972
2.334602421599998
3.107678259299997
4.6257677978999965
5.604132180799994
3.708429315199984
3.174964468399982
3.263947898899986
2.2158198363999984
1.4181790572999944
2.3869318755999958
3.501552064499984
2.877829896499991
2.8043476638999847
6.3288330428987045
6.155742965696123
6.427306913799993
3.8074908141999897
2.744184144599979
4.736524523899978
3.67097997889999
3.051054711899995
4.5528784301999865
5.915270303299992
5.748444564799987
4.151532147199996
5.548721540799994
8.58245474240511
6.347731018099993
6.341941186499986
6.879204153405094
7.741969619797424
5.956191245999978
6.695803895594862
4.520388970899985
1.8022949294999935
3.9554105987999977
3.644460575899991
6.7491660384999905
8.606323884594858
8.505542254594868
2.02166606289998
5.767067343101234
5.476111469999987
5.276116305499992
5.606813456699988
4.572917695599992
6.973620916699991
6.177479191594861
2.1082519820999934
5.3247607697
3.5830091475999972
6.39500482179999
6.502010371405096
8.47663580320255
8.42893683169615
9.052107301303838
2.26559676209999
4.37324764709999
0.9941587728659894
6.359733164999988
3.084207049599995
2.517410717799987
2.144399974099989
2.6109285766999855
6.1460590316999975
3.2419905883999984
4.509064015199999
2.4890709609999906
2.252706555199999
2.149699778699998
4.414030541999991
2.897190765399996
5.992498812899988
8.524864082203978
9.076022837863983
9.20825312810127
4.938934432999988
6.871683647199992
8.028278385898709
9.417448193271989
10.268417782999991
9.642584173594875
6.60207615809999
7.499967040999985
7.072496311999991
6.583503085299995
6.858933529699995
6.614587637299998
5.751395587199992
5.630668118299993
4.8384830428999885
6.407150628699985
7.12212905269614
3.8542862258999806
8.041529486101258
10.869676189999987
10.806172461999997
10.289506908999991
7.234126563999986
7.937509165999982
9.833524391141422
10.502690403999987
10.951687649999995
8.64120911249358
8.140113015696146
8.96539763950639
8.254169001797434
5.104105749499986
9.837704907135995
10.839015890999981
6.760191714506375
5.5739684310999875
6.916813511696146
7.545483725000003
7.182778697202544
8.591171551493588
4.0909662780999785
10.83470278299998
9.736657434067984
11.861666385999992
10.647917118999992
10.488808881999988
9.240366969303828
11.280634511999986
10.800580704008157
11.507844101999998
9.880507014339988
9.03264323579743
7.239615711999989
9.207924743696152
9.921570709135988
10.61670516499999
9.726271864303834
11.50321755099999
11.74183662699999
8.85940319520255
8.753578906202561
6.4899986678999895
5.019630346699991
4.890848049899994
5.991317120399986
3.1666206664999974
2.792653474399996
3.142262913499998
3.3027052414000018
10.005385615659987
10.109352466991842
10.782316218999988
10.096379656999984
11.123850210999992
8.581826316797425
6.2125648208987005
4.524024813799987
6.160096749899984
8.092156036405111
8.389847770696138
4.9423525817999785
8.230896878101253
7.151670878599987
8.378679841594867
9.167682591135984
5.433988052399985
6.325464816303818
5.234465342700004
1.8179334182999947
6.183757163999984
9.303605386271984
10.44299461399999
10.536992491000001
9.220947027727977
10.02060705271709
6.851692750493581
9.26575828859487
8.854596359303835
10.333212546999995
11.895386844999988
2.4208422683999866
5.826501603696137
9.792582955895995
11.589775738999991
13.909250983999984
10.439318764999989
7.348824058493567
7.189748677070652
9.712853105141415
9.165293144135976
10.191357813999996
11.971872797999996
12.800583980999988
11.862559377999988
11.121567547999998
10.723155936999987
7.945828181506387
6.858642481999993
10.234717069999997
10.044556114141425
10.441106354999993
10.787326614
9.77963779127199
10.721722551
11.394092634999991
11.117860851999984
12.222129947999987
12.190757654999986
15.620714077999997
13.986987624999992
13.082904815999992
13.203502576999997
8.134159498594853
7.791246015898691
14.253578675999979
13.552261025999995
11.750055094999993
14.288109153999988
11.868313152999985
13.48147815999999
13.531009458999996
13.16513102599999
13.984053646999993
10.160417416282868
12.185326146999993
14.738139963999984
9.928761636282868
11.742786591999995
11.740650367999997
12.616231136
12.319537787999995
11.718602533999995
13.163747918999997
12.589391082999994
12.799744909999987
12.401823452999988
11.476855330999987
10.290332342999989
12.289363004999988
12.693214310999995
11.786512983999987
12.784252552999995
13.298564542999985
11.45487445199999
11.536482526999992
10.899489200999989
9.703091154339988
11.992239103999989
12.27545284599999
10.874496110999994
9.768883857696155
13.516107761999995
11.987251209999984
13.065216962999992
10.275507950989113
8.679039344797438
7.563364494299995
8.937812159700014
10.604094234008164
11.297851455999997
14.548596178999993
12.153990522999992
11.77754530199999
14.354119117999996
13.64946977199999
12.328969629999985
12.501747187999987
12.92708002599999
13.678221242999989
11.794314678999996
13.588255918999984
11.564005900999993
5.202621441699988
9.47280225820398
12.811012755999986
11.108740453999989
11.889347976999987
9.748713748135993
6.894235923797426
7.329261263999986
6.710034095799997
11.147753612000004
12.278189890999995
12.58534598699999
12.108339536999997
13.295091733999994
11.317957166999985
13.736330539999987
14.11273787199999
12.064805718999992
11.515620347999992
12.281757500999987
10.093657826141428
11.367824537999988
11.001984382999991
11.610708312999993
9.621083155863989
7.680674262999995
10.595564513010867
11.333247008999995
10.937699218999986
10.801976471999996
11.301172295999987
10.166623632858549
8.456346237202546
3.850274024999987
9.676022868203988
12.353097765999989
13.074474654999987
12.046246378999985
7.682828965797431
10.257690983717108
10.35644331999999
11.706157410999987
12.864847020999992
12.526248449999995
9.888143090858545
8.256163299594867
8.084154655506376
11.655108074999989
12.630606063999997
13.072521226999987
11.315204786999987
12.125848925999987
11.94843974899999
11.971910457999991
11.858628391999993
11.799132358999998
12.708155950999993
12.76997945999999
11.516085129999992
12.708195897999987
12.107701529999993
12.540898775999997
9.520989860659988
12.270597194999985
11.971773200999987
9.38032531130383
11.107309612000002
10.726375802999996
13.06890958599999
11.35705158999999
9.368575559999975
9.90498047792926
8.289966790797434
4.394954200699994
4.713568492099984
6.1910529831012555
5.173273715199989
5.750265071099989
11.335698473999988
10.378973905999986
5.723094093299995
7.947101850931947
8.024956663493592
7.781806321699992
7.504069258101261
5.59321278689999
7.892959521506378
8.337675685101273
9.017968121303825
6.994618658399991
7.436910349999979
5.708038690199991
2.898532659899992
5.2837780853038145
3.7263863601999896
5.614172714202531
10.64404876099998
7.519517356898703
6.274673353594855
4.204477169799989
2.9127649672999976
6.547367866493584
9.000670288067978
9.303372598203982
8.227614753696146
6.508723753399987
3.2272330855999893
3.0560446869
1.741321679699998
1.7566030227999825
3.4076141616999975
6.078559681699989
6.67953631899999
5.1425153853999825
4.267089134199993
2.0746349166999885
5.798445065303811
9.057113029506388
7.566038012696144
5.279721987899989
6.801768969699987
5.131482981899998
4.273219749499993
5.191097843899994
4.625642915299993
5.769337451199988
5.974802171299986
6.77191260379999
6.34470901489999
6.110481652799996
4.158307717900001
1.8379786086999959
3.965750321999973
7.410070634506379
5.6354647185999855
10.819309142999986
3.694453898599995
3.3718228408999877
1.9478473601999962
1.95888752439999
1.3837272270994556
1.3115706767999982
1.6035878142999964
2.1160026809999963
2.9967681289999986
4.896458433499973
8.072130241405093
7.170134957899989
2.636441767899988
4.453976492299992
3.4301844985999943
1.6236744948999962
5.937354980506356
5.963891593899994
5.577908682299989
7.2187218398987065
7.777363043202548
7.154753173799992
5.213580830399988
4.740201068099994
3.1223909987999985
2.8269758895999986
4.646665283199992
2.8060274459999954
4.881944230699986
3.0651325042999895
5.761031355303815
5.367837071199984
3.4858767241999984
4.855221374499991
5.418933761599979
5.701322936999988
1.369873853786388
5.515675942999981
10.118601950070707
9.665558959999984
9.442120826795989
2.4579368270999953
2.5077231383999767
7.746648731999976
5.994150753799985
9.216986500659983
7.445145767202542
7.886049287405105
7.540572511299995
6.8610767211999875
8.088062889101263
4.964909435999986
4.922731027199997
3.576383406099981
3.0327899154999822
2.3493142699999936
1.914246905499996
3.098528776599983
4.018768998699986
7.998173174999989
9.449669697594876
10.346412069999989
10.473303313999986
10.88457624799999
3.592989260899986
1.5096764129999911
1.6419332641999853
1.8380632430999742
2.789637251299983
8.60835547320398
2.6272538314999814
4.036497329699987
7.006551782199993
7.87055091250639
9.882583628863992
9.69759520879599
10.471937158
11.26597111699999
8.811490673797428
9.923436126787832
10.008768035929265
12.546682486999984
10.460066518999982
11.309224505999982
9.027783044282858
5.7399305129999725
6.384597216797424
7.429230270405101
7.797206150797415
8.745351505999992
12.036515206999994
12.13113503399999
4.2444725005999855
4.464932669099989
3.5342067078000072
9.737533909717097
2.4143868880999766
2.2867579772999846
3.380434634399965
3.0334542281999832
1.846505578599984
3.1678579192999856
5.704791348303815
6.926557337999995
8.747482360797429
9.048220407067982
6.126420469699992
12.179789369
12.325082068999997
8.94799376369615
9.177350422696158
8.564480122405108
12.804632102999992
13.382473905999996
10.090940498271989
11.080808553999994
12.967138184999992
11.788557956999995
10.71658483099999
12.559185367999982
11.250592353999988
13.71753086399999
7.080537388594858
6.118122927898689
11.654959990999997
11.62865717299999
9.434535658203982
11.63519643899999
12.721001214999992
10.282902575900165
13.141659366999992
13.530533646000002
8.199679380797427
12.30941409599999
11.76717278599999
5.8416007415999855
6.316712553399994
3.522194917299984
2.990905447399985
6.202287026999976
8.992146002202546
8.752737454200004
8.168883744800002
8.45213593440512
9.595372689797443
12.715360447999986
10.208963680999998
13.747385793999987
11.89748342699998
9.756424163863985
10.49110203699998
11.780025586999992
10.279763096999991
10.917992499999986
11.476183501999994
10.511229233999982
8.451611483797445
11.357052276999987
10.797492116999987
11.653345637999994
10.445351812999988
7.3715968749999865
3.1095956984999793
6.153359194900007
8.369678628493586
12.052247024999993
12.691659301999998
12.165370861999985
13.535768039999985
13.194202424999995
12.571504896999992
12.771801430999997
11.01004597199998
13.83745904399999
13.903595293999993
13.637294114999992
11.569388199999988
10.66530794199999
8.193487545797424
11.15565089699999
10.097646198999984
10.884042656999991
11.08273072099999
11.715654645999988
10.63114047899999
9.869185916067998
11.872149123999991
13.901264629999995
12.952649262999996
13.793244683999983
14.720339344999989
15.006993087999998
15.213298322999997
14.519962125999985
9.834984133931988
12.44119818999999
14.623973676999992
15.390975782999991
15.505283048999988
13.95660522599999
6.732144763202545
5.76701353149999
5.1479118667999835
7.391723522899989
11.168560970999993
12.588446978999988
12.078246848000001
11.301860014000003
13.654788363999987
13.478485912999988
13.938356936999995
14.361862961999991
13.698812119999985
13.260031240999982
10.673532868999978
11.330094471999983
13.032064116999985
14.763207914999986
15.297895556999995
14.022890763999994
14.501108881999992
12.761388328999992
11.478353573999991
11.146957985000014
11.022800418000006
9.959204635877763
11.332296828999985
14.014270516999998
10.911817573999997
12.58758663799999
13.814422852999996
13.025428768999985
14.48710185999999
15.560199219999987
14.771063047999997
15.767170220999997
16.606927294999988
11.756555420999979
13.17757762599996
12.269813646999985
11.059888184999982
9.177542581135985
10.424500382999998
11.804286439999993
10.11343327799999
10.868844507999983
10.784491094999982
13.071755318999992
13.373147265999993
13.64757661099999
12.181452622999986
11.477547025000002
12.881228893999996
9.01989407810127
6.299275701900003
6.178731851199992
4.91397427829999
4.447373182699991
4.471121307399984
10.413153095999988
10.489985854999993
10.87565983999999
10.680626899999995
9.518814817863984
6.440477835101237
8.858723298594864
8.755821348594871
11.414985608
10.585624920999997
9.200805119203983
7.639277625999998
6.943573873898703
10.725868183999982
11.411892943
8.926178497303834
9.421059379594874
13.550210953999994
13.319982764999999
13.020438485999994
13.135344268999996
12.214319129999986
11.717927060999992
13.818325857999989
9.118988876303831
5.4851386123999815
8.480887890594861
10.588763630999985
13.974393297999997
12.349889846999993
13.261834896999996
14.079324692999995
9.364663751135987
10.220128530929252
9.273206565931982
3.6873112853999928
3.3073922988999906
4.380670675699999
5.183829244999983
3.5848042373999838
5.23989181979999
4.877479574599987
6.782665734899994
6.723592163099998
2.6294931014999983
5.208653379799997
10.68572643599999
7.08962864989999
5.948732481399987
7.122265626493578
6.389929780594858
5.124942510999977
8.132672820999984
4.000533508299979
6.983433319101251
9.655278289797437
5.650291310099984
5.11121894989869
7.139376512101253
1.6088997420999906
1.866612957799986
1.2709325504212081
4.537258549499982
2.521384809899986
4.28281411289997
4.916863566599996
7.938660317999994
5.131876231399989
5.14872340240509
4.7797228042999915
2.5907359557999903
2.0709326140999993
1.8069221740999943
2.6074608672999893
1.5298362075999947
2.0354018355999886
1.8569003188999929
3.0329065825999697
5.22802088929998
4.667678170799983
2.9851145980999916
2.9838150741999856
3.2707666961999973
5.006955467199991
6.6427179198987005
9.284912556506393
7.624628791797432
6.1461328185999875
6.667847111499988
7.0199875671012615
3.0113523803999804
4.533183647199991
4.524776895099988
2.188208390799987
1.724622430399992
2.1250225478999982
2.9599357284999934
7.596438040202544
5.898767076101257
6.930713157696137
8.980631594797428
9.363357076999995
4.536827159099994
5.197136231999982
6.661994352699987
7.716674200405109
7.337847515898703
8.276891715999986
2.7677766189999735
8.570282865898703
9.503953102067992
5.16561414789999
3.9382466903999958
3.8854894607999952
2.5113770537999947
3.00682860109998
5.82231257629999
5.964429066499987
3.3763065108999837
6.595469590797414
5.633474961899983
6.4671418319999905
7.253970446799997
5.167749981699991
4.171173327599991
3.9149320266999963
4.768952392599995
4.55176993559999
1.75202325129999
4.840783276405083
5.0669002852999885
4.375496865799981
2.130839411899994
1.5032613875999932
3.0222014205999916
2.9929871963999823
3.3899703322999777
3.716571772799982
4.203320689399997
4.71207934110125
9.555979711931991
8.143538732898701
7.348844964594861
10.197639488141427
8.827921369898709
4.790579611199989
4.366002166699987
6.494057568399996
3.9516232009999905
2.061945179699983
3.416563000499989
3.9855386734000033
7.293751823405106
4.536040837099986
5.646364132699981
8.246659547405109
6.367151696799997
9.92441127007071
6.876761349506391
7.485858236699994
7.871444293200001
7.43947965389999
0.7487501562100001
1.1542095912929176
1.3539710555999964
3.809960359199998
6.5656558166961405
6.487884773303822
4.291556649799984
6.247229190099989
3.118842727699989
5.238381303399986
2.2807733153999883
3.758127859499987
3.91784919429999
2.2666579925999972
4.434321194499998
2.5557233626999927
3.7889370055999785
6.675254438797414
6.714592355300001
7.272386277797429
4.965033636500003
4.435584367399986
9.362051238999989
9.21694171910127
7.336841352797425
8.990424983202548
9.537174482795988
8.861372808797428
7.337333756999986
5.9054871337999995
4.3344198807000005
7.869277224699998
9.598101287863988
8.296903190594865
9.256544996727978
10.668990116999986
11.55771888999999
3.974346993999977
5.984695574999974
1.5229123717999866
3.1202570968999863
8.919278164795974
11.042952111999982
10.394509653999986
8.172743853797428
3.0629773131999802
5.918870896898695
10.961582480999992
12.209923598999994
12.08442192499999
12.125353504999984
6.99111178129999
7.830472883594868
11.90146994799999
11.395319005999989
6.39217174069998
10.230008922999994
11.246269808999998
9.684373615999997
8.573366773999977
8.783121386699996
9.28704018099999
11.757382918
6.046409899898691
5.851010159299989
4.8303833983999676
7.638175537101258
7.703778039594869
5.676906922899991
7.1060804046999895
9.90180508420256
9.134391885405115
12.045806749999986
9.409367272898717
10.490680755999986
7.394770974696127
6.517973951696132
3.340106948899973
3.605796617099985
1.4843399627999814
8.111819729594863
8.3922859924051
7.629361837799997
9.32781639572798
7.130778617898701
9.822289219787821
7.608091473405104
8.547359478797436
8.604336636405117
9.61868241586399
10.349048856999989
12.363445897999998
11.97092493599999
12.709915548999986
12.067253658999993
12.721887856999997
10.399618110999986
11.811256641999991
11.518739080999998
12.844476023999999
11.964483356000006
13.027525719999996
13.606082616999986
6.181198681594854
9.609764012070688
12.097034887999987
10.521612813999987
11.76268887599998
11.911573287999989
9.706673582339995
9.872422651795992
12.082692404
12.241557316999991
12.30047481399998
9.701227523858549
8.803700129696143
8.663146585101268
7.1479930634051065
11.057003277999998
11.866507116999985
12.314847753999992
12.701894277999987
14.414942531999985
12.603424311999998
13.879122778000003
12.313254096999987
12.358103492999998
9.850862718135991
11.03521502499999
12.97933044699999
13.05694474599998
14.206408280999995
15.046994951999995
15.170408022
9.878874456863995
10.803617316999985
13.515818841999987
12.740120951999991
12.517354676999991
11.419972829999992
10.909606316999996
12.080651194999998
10.888257885999998
11.140995186999989
8.709316206405097
7.8997015838987075
8.2750944518987
9.384916921999993
12.938182147000001
12.683925910999982
13.47401776999999
13.187546482999991
10.50028493699999
8.864686543303822
6.49041111150638
9.264460655202551
9.273957446303832
8.465781599271976
8.462384222405108
11.983174943999988
11.233891660999976
9.921812310863993
12.017108391999995
10.078474215787832
9.628808259727988
7.3711371596999955
13.00745052199999
11.880334780999977
12.676004989999981
7.709090483099997
11.145405134999987
11.431955378999985
12.701093209999987
13.988693142999999
12.90492386899999
12.232276256999997
13.539226905999984
9.996271095203992
11.708131586999988
11.757836480999993
10.454043598999986
11.32079677399999
13.246792959999993
14.450102732999994
14.437315336999994
14.154231695999991
15.07389758099999
14.519735299999994
14.122385529999995
13.142998179999992
13.74778740499999
13.020142217999988
11.896187742999993
9.676840046696158
9.152632418863984
7.532616474899991
12.172829880999986
12.22059563899999
12.180030605999994
13.99131250199999
13.827619433999992
9.045481994594866
9.284648580931986
5.883545503199987
4.066725067099992
11.655407697999973
12.357877660999986
14.699847797999992
13.370330756999993
14.015855857999998
11.624296076999995
10.695029413999992
13.022106792999983
12.72011537499999
13.268946914999994
13.126743931999979
14.422190359000004
13.247891936999995
14.671782116999987
7.006393090797424
8.216013980103977
12.252281771999996
11.68807829399999
13.272726293999996
12.35386600299998
10.90277147199998
12.345466161999987
8.931921697999993
7.478175216700006
8.904582153303837
8.495923815900003
9.55322772679598
11.969171552999988
9.796003889339985
3.196950157199991
5.705774096699982
6.506930024696136
8.55691344449359
10.98133677499999
12.57370660599999
3.9828355178999804
11.260702942999982
11.033257633999995
10.764303994999983
12.116582348999989
9.431886259339986
6.103021748399986
4.953153250099977
6.8218377547974125
6.305485838303818
5.60973635859486
8.924178346303835
5.6258192489999885
7.332746401999978
10.886185021999987
12.497927581999988
8.487631661999979
6.173625746199983
3.2178228713999752
5.26419161529998
8.541382473863948
8.758796821594867
8.539077293405104
4.63495696410125
6.835740866101251
6.4073794738986924
10.85009291499998
13.54703686399999
12.534637174999983
10.642077654999978
11.537437072999987
11.66368099799998
12.126986574999986
10.612076629999986
12.404336136999998
4.8016443099999995
2.9575132125999937
3.4321666015999988
5.6503716582999965
9.174528883405113
7.425086767594858
8.933510975727971
10.160144721999972
8.162755401594865
5.195622248799979
7.553730966202538
5.878788055399989
2.1169597579999886
1.597691439799993
2.0635159759999895
2.581302647399989
2.4207878997999908
2.5639518173
1.6548309447999932
4.821653276101246
5.363790916399986
3.806277880899999
4.106831201199995
5.247680784599988
6.350447399899991
6.469905859399989
6.329473487898702
3.2899736281999745
6.884108857696135
9.370151151999988
7.617391334499993
8.524721136506393
10.138039461991838
7.0236378280999885
3.859562152099991
3.2948222365999924
2.8264249755999957
3.9292550185999846
4.364903738399984
2.369023020899983
2.0716725066999904
1.0258885627787786
2.4240053375
2.686893481399995
2.838716249099993
3.301365718099991
1.9932876128999921
6.363508203101247
5.907363894699994
3.9222530990999886
2.6570621795999925
3.691276530499988
4.028771859699992
4.856999687199998
2.570849198899987
4.570796128799992
3.7347282729999907
3.9495697860999917
2.346448512299999
2.2930760314999885
3.511548333699991
4.537052822899992
5.221247686799989
2.4635878386999948
5.628735514797416
4.759224893199988
3.7413634307999875
3.420645059199997
3.6965699111999824
4.676030946399997
6.5829061554051025
7.432834049999986
5.1700492949999814
1.9385408599999863
1.5202958355929155
4.050081741303815
3.9961034453999735
5.784220861797416
10.033888217141415
7.004608859303819
1.2315988562717022
1.070499523272797
5.048939836101245
5.442785066199985
3.2189660155999933
4.5780853942999835
6.825853721594862
5.436422911101258
7.611750282303823
6.150905381799992
3.9760609512000005
1.7013393233999954
4.334772183199986
3.816559901399983
4.654069813499989
8.382079232797425
7.835984019499997
7.438719062799993
9.263775845303828
10.945996129999992
9.92279500420399
8.091174772594869
7.506316252101263
6.003713539101247
9.723932078717095
12.01746717399998
11.001451702999983
10.290174186787821
11.697155871999993
10.906524570999988
8.884578686493585
7.410510356099993
7.899115698200003
8.434797329696151
10.088467523141423
10.767527298999982
10.326798249858541
5.334207093797416
6.305238445999976
9.018770434727983
8.719537696797422
2.1629242110999845
2.3565537459999866
4.1369384841999866
0.9653505997912188
1.6176619118795832
3.138372494499989
3.639249905399993
5.098637741100001
6.584148364299993
7.404144166599997
5.121272717299992
3.43959587709999
4.910553163099998
10.069546592787827
12.87550127599999
11.407408352999983
12.421729212999994
12.108686568999989
12.581493598999996
10.65653897099999
9.404098731999994
9.637134902999977
5.529079946898691
9.432926936212139
10.023723976070707
6.421346009800006
6.579396914700002
7.904675086999997
6.366601487699991
8.050686665303823
7.935458692898692
3.9702244674999694
3.592794522101238
7.612200440999975
6.137054299899984
8.360182803303838
9.210155319135982
10.127255470212145
10.658329509999994
12.126878835999994
8.730909310898706
8.844725015303824
9.506383645727984
10.058632328863991
11.45181279099999
6.639142253099989
4.948576676899988
10.387810434999995
12.344768685999991
10.896035312999993
8.600218548594864
10.411339425787816
5.575723190299976
4.7923821685999854
5.594604026799984
9.770184648070696
7.6739391754000055
8.409047273303818
13.439851711999983
11.48873612699999
11.42936179199999
13.359842573999984
13.466639951999994
12.48156854699998
8.890698702999972
12.565914721999993
11.445103486999988
14.357949067999986
11.737027419999986
12.714476758999991
13.734594549999997
13.944991977999994
11.696937940999993
7.02782935329999
8.373473886101268
7.7813226729999885
6.401180070506378
10.114481846727987
5.2721295043999925
7.008025422699991
5.976964071699993
11.022712002999992
11.36275000799999
12.670138388
14.231292675999988
14.598247982999993
13.103091301999978
11.752495952999988
12.65816088999999
12.48910011899999
12.386560882999987
11.377765387999988
13.668492597999995
11.623203070000004
10.165256572986406
14.443180454999995
12.185057813999991
11.18648423899999
8.974789605700014
13.034920553999987
12.870909902999983
10.410610938999987
10.329520819067987
11.899268859999989
11.430472522999988
12.052554464999993
13.428791695000001
12.139467220999988
12.525722785999989
12.083319027999988
11.178349778999992
12.143367791999982
13.51585319099999
11.984601687999987
12.213797848999997
11.114997933999994
11.784738231999992
11.20574515199999
10.493752001999987
10.621083201999994
11.230125570999986
13.758524967999989
15.203645084999993
13.297982464999986
13.836292389
14.206982958999998
13.651275284999988
14.64907577099999
14.388410866999994
11.687787494999993
11.49253131399998
13.91129067499999
13.607109183999992
13.450914712999985
13.72524154099999
14.072209510999988
13.743475722999984
14.11504122799999
13.701438225999986
13.058098774999987
12.101940104999983
13.315805388999989
10.620698073999991
7.612978024303812
6.309893527202538
11.307450452999992
12.378155521999984
11.091043688999992
10.985839954999996
10.048181053141425
9.999236668282869
9.679964982594875
10.680281560000005
12.693902469999998
12.434893282999987
12.229440035999986
11.412506648000004
10.834476744
12.150146998999997
12.39568539299998
14.160771546999996
13.547276949999992
13.85159225599999
12.21197395499999
12.623278890999984
13.637469919999985
14.358223885999996
14.976118461999999
15.851033475999992
12.702715578999992
14.188536777000007
11.738592651
10.762875470999989
12.892285372999986
9.159243305999992
12.1104105
8.145981806900002
10.52921954701359
11.40075541099998
7.174702265899994
11.089532966999998
7.220411564594867
8.210528747594855
9.335984919795985
5.577306028699985
6.017377058405098
6.990847727999975
7.396455563405098
6.36442253879742
6.549292227202538
9.409568023696155
7.250217004399989
6.173612264999991
6.497283831799993
4.148955694600006
4.558673083499991
8.949888284203979
9.188093072493594
6.070589298999986
4.92444695129999
6.682287484699993
6.432309994499985
7.232314001499989
6.209219187899984
6.5119704146999835
4.14426861719999
6.900896998594862
8.506871379101266
10.081408195353587
9.770865470931987
11.185027753999991
11.423947736999995
8.963387622101282
8.701739529405115
6.954455386399991
7.529430995200003
10.175062136863989
9.063469593863987
8.07142890169615
9.583477267506396
9.360384551999989
6.129057984898704
8.786669163493581
9.578986468659986
4.685000099199972
7.402261393696127
5.085211825599987
4.89446656949998
2.1122185378999814
2.7726166350999852
4.456155845599982
4.533772929399978
3.07297070309998
3.74650569309998
4.505761825599994
3.8154290267999764
4.996793539399989
4.657098692299993
4.790914710999993
3.656220802299992
3.8626744216999938
5.938052694696141
2.992378736899983
2.1750272506999875
2.530117370599982
2.1612476867999826
5.0029779845948426
10.162843556141416
11.126512580999988
9.732959133931985
8.722232150303828
8.459943823199996
9.489505630339993
9.240025416594872
8.193942311101269
7.830428448506388
5.14044007869999
7.9146254623038175
9.126523112339983
6.916929263303824
6.970435852101267
7.452184007303832
5.045810429399986
3.7274899536000055
5.232769416799997
4.196820033300002
2.5202618438999966
5.101696952799998
4.488897732499984
7.398530631999989
6.063543362399989
6.828270469696139
6.685653097493582
5.832808613599995
5.326747409099985
4.791966287199992
3.9087828917999916
2.873002410899989
4.620509378099981
5.7283388564999855
4.362954692099987
2.7508184662
1.2475040648999964
4.7300398177999785
5.282198542799994
6.180015756199992
10.684857207999993
7.903756886303824
6.208276638799992
9.436013735999996
3.79227675019999
5.670520936594858
7.368602212493579
7.690877952594865
9.31719939720399
9.279949220203987
8.702529168696154
4.877506275899995
7.056675042696137
7.3006037552025465
5.586423983799982
6.365634054599995
5.658369731099996
4.262763053899993
2.074378247099993
2.585433033799978
5.326864762899978
9.933452668858546
8.66703462679742
10.06209745020399
8.72440114899999
2.0406857863999868
5.445391081199986
5.360756726099985
5.634319963101259
5.322348997499984
5.0672846847999935
6.313654943799988
7.269793550099993
4.269604946899992
5.288497988899981
3.465307269299982
4.111132652299981
4.673278034999996
4.290469432099984
7.663039872696136
9.598428356931986
5.445294317599982
2.3509328383999875
0.7939397567795955
3.769487113999989
6.4106587798986965
6.3952463057999855
6.239040708899992
7.79113302610127
8.434219201696147
6.007835678099987
7.5671148972025435
0.9241605438135884
2.8702922088999836
2.7148159637000004
4.500720750399991
4.452452915999993
4.295893450899999
5.584159219399995
5.3481480957
5.3507916138
6.43169554439999
5.832230508399983
3.959452928199986
4.308063963299978
5.892850471506372
9.571370677141427
4.480374090599976
0.9963235381070553
2.747126174899978
3.822345051599973
5.541813735999984
6.58776391749999
7.049607784999997
8.373132392900004
8.420934039303821
6.828985592696131
5.312456866499979
7.201787681594865
7.989027506999982
4.336890013099988
3.178127607699985
4.770950193799984
8.218274990797422
6.3412399733999845
11.729645359999992
11.173845804999985
12.924701150999992
10.29434247427199
6.637000328101255
7.380730657999986
12.22145916899999
12.21575292699999
12.210175792999994
10.215012987991834
12.068270986999993
12.667814142999996
10.19007370135359
12.25151028599999
10.580694820999991
12.753265023999992
9.46107375340512
10.002182554717102
13.41509158599999
14.409504911999997
13.89180572499999
14.01357167399999
13.362039226999984
12.204229426999989
7.597931068405098
6.7781481002999895
6.341652618399988
11.39791194299999
9.518099261506396
13.032446676999996
10.915410000999996
11.44268176299999
14.013501063999996
11.916245617999982
14.256034676999995
9.706645194999991
9.555375599795987
7.902947651699998
10.41510552199999
13.061216695999986
11.238385155999987
9.773753460787821
11.798698139999988
12.544182116999993
12.044590166999994
14.36920237099998
13.319654322999988
12.515934791999987
13.438216375999994
7.876993104594851
7.933375500339958
7.999467369101252
11.018499627999994
12.339565476999995
12.389367524999987
12.011526314999994
10.950562163999987
4.238943220493561
12.29737733199998
10.052793167067989
3.4955067122999797
2.420910777299978
8.078684527594866
9.743178745999991
9.160655367999986
3.5792574508999997
3.5063339400999998
7.028915312199991
5.7572576293999935
9.830857676795999
10.891301484999996
12.799613550999986
12.369007436999985
11.791972524999988
14.099380127999991
13.155310560999988
12.824451623999995
10.601538502999984
13.954586568999993
11.550922564999995
11.955824766999994
10.80935532399999
11.671436471999991
12.174286550999987
11.904899190999991
13.507414840999996
14.22320239099999
11.905163006999988
11.101931125999984
10.047541468863992
11.871953718999993
14.737517794999992
13.898644422999991
15.226819748999997
7.05155884859486
6.085783073415956
7.835298434405101
12.087811449999986
12.305676238999983
12.814689846999988
12.900146367999994
11.795385967999986
10.946937925999984
10.797412975999988
13.36632984499999
10.624615810010873
11.149654896999985
11.601010109999986
9.289394955405113
9.077290351931985
11.76183762699999
10.847202004999989
9.009633242863988
12.06625772699999
11.708187810999995
12.630550361999985
13.674197121999988
13.120832717999988
14.43540097999999
14.602203484999992
14.39337076899999
14.398596602999989
12.905347028999984
13.271492406999986
12.36170546099999
9.889697784271991
10.719772183
11.151429601999993
14.08137604099999
14.610516254999997
13.970600153999994
15.21621356699999
14.420197626999997
13.101920333999994
15.197586234999983
14.441754082999996
12.662674000999997
12.27383356199999
13.697048800999987
12.04683619199999
10.476701265999992
10.211884677070708
10.166037947070707
12.731731853999984
12.178724044999989
11.11770087299998
11.821362896999986
9.64648975986399
11.551742802
10.226600786989122
10.923762444000001
10.025204855204
8.923732327303828
11.105487241010882
8.545966581696158
6.4630432114051
10.1431804627171
11.64411700999999
11.836039248999997
11.928125457999986
12.778826766999988
13.662350879999988
10.922063915999988
13.507103141999991
12.078605465999985
13.792852389999995
13.441488793999994
13.24849159199999
10.15337801978783
5.740180050699995
10.751320855999994
11.298113537999992
12.492549149999988
11.60922319799998
12.659130036999986
9.704139460863985
12.727526864999984
10.833547468999992
13.494474753999993
14.238584867999991
13.788002776999987
14.123902942999985
4.859114927696122
5.789966152999974
6.191571078499989
8.795386798100001
8.151339483600008
9.553658448797435
10.524098252999979
11.991163994999988
8.96118040920254
6.4713860793999896
10.184995761070706
11.701360813999987
10.083122524999988
11.163126585
11.975411687000006
11.198765586999999
12.329512644999992
8.571702047696142
10.72971351299998
11.996509653999983
11.80217523999998
11.804011313999991
7.412676061999972
7.473155461101257
8.78234467010126
9.722391432141416
11.544359289999985
8.849340141203974
1.8834280501999792
5.579282633999963
9.931666317787826
10.881842832999995
10.276453005999993
10.632449820986393
10.157464393717108
10.52137483699999
8.964609855795961
9.094706797863969
9.918029757787826
8.938103224202546
4.750345260599986
3.6326773589999846
3.4253097427000005
3.0292048752
3.7017880202999898
7.240749041699993
3.0667136886999864
8.696537531999972
9.001161132858535
3.631622131299987
3.7092291945999856
4.355214649999991
7.137042143199996
4.3798995025999785
3.6845707290999723
5.281564358493578
2.1118131087999905
3.1890101806999724
4.867189701797417
5.499302108797415
3.8266746154999804
3.4349795531999927
0.5741639683700007
1.6808126571999988
2.564799882499983
3.681224745199974
5.090554377699987
5.333775628699988
6.914015965303828
7.845702969405101
8.528323792999968
8.127360771202556
9.846600782858538
11.211649285999984
5.680373142999988
4.23146197359999
3.701859371899989
1.5911918807999965
1.4761739639000007
0.9676457181929222
1.3675004851999994
1.750028515599996
2.371020240799985
1.9762024947999903
4.370031254594854
7.1229048233038235
8.88373742979743
4.946265647899989
3.820166017199981
2.3021350509999956
3.6438589248999773
2.2439732970999713
4.749480874599996
5.281672952299994
3.4953181670999953
1.3949201630000005
1.5032022385000023
2.920088105799996
4.42027580259999
3.4818039092999813
5.239746636999984
4.624562747199989
6.188267195101257
9.17698749689871
10.510903975999994
6.808612533599991
8.362823728898709
7.124825949099991
5.6742882735999896
7.86191450499998
7.763485984797415
4.6174569381999815
0.9081136073067956
1.4868985091999876
4.319337945599982
3.7725299193999975
2.237652551299982
1.2654849624999966
2.0911964539000016
2.3220715026999934
2.480691810599988
0.8391628137583966
1.4283303176999922
1.4469060561999978
2.5553645644999867
4.366446137999998
5.0604933669999825
5.029650070199988
6.489921775797422
6.013998648101266
5.023185075405089
5.839366465799985
6.379934277299994
4.2710865432999965
3.3560150725999978
4.242277491799999
5.336504376199984
4.849642855797414
4.952851235999992
5.541928558299991
6.262899441499994
7.992562666299996
6.477007022101263
2.56020949859998
4.244873902899985
5.0570878615999915
2.9154026214999953
2.769667167699994
4.252071031199983
4.740436350999977
4.240794445799984
5.4542969649999815
10.486360366858541
10.607589000999988
10.948838344999986
9.49208975379598
9.318292150931985
6.3678185897999855
6.278116557303818
11.522873620999977
11.317004206999979
10.985697730999986
10.054437622067987
9.742242355203995
9.198402616898722
2.1780432067999906
6.550118125898704
8.015307757594858
5.457234883099977
8.139157316594872
11.838000454999996
4.5895378631999915
2.8837373870999916
7.141999127202544
8.771808976795974
4.851592346199991
3.7715324187999912
3.1092467666999863
3.7486134002999876
5.855147245799993
13.028252695999988
13.40451827499999
12.51600483999999
11.070270324999985
11.996307869999988
5.247075091599981
3.35826965639999
3.899835293599991
3.206719605999995
3.818485507199993
2.7277794036999854
4.709776951599985
10.993876986999991
10.055532221999993
10.281472318999988
12.435010233000002
11.283821096999999
10.237077368141424
10.825236535999977
3.241834371899975
6.739899623101249
5.185988076797413
4.2147116897999855
7.323001003999991
8.750899447594877
8.306894245898716
5.631495532202535
6.139905248999995
2.0644990325999957
3.4009705962999868
6.954551303101256
5.41700518799999
9.03322007899999
11.434083385999996
12.121701949999997
11.746775936999999
11.524467248999992
10.845525615999984
11.018031795999995
9.812620455929267
13.557073459999987
12.33632981299999
13.617080158999995
12.729208933999995
14.15880343299999
10.064022863863991
8.272187303200003
8.742024375898708
9.76649107979599
8.36619984440511
8.401965119898712
10.948662038999991
10.70697464599999
11.13841974799999
12.924128760999997
13.572140986999997
10.260791909858543
10.604487040795982
7.319253279101249
8.191458592202547
8.205850943000009
11.151654359000004
13.863855849999995
12.875724276999996
12.387304891999989
14.598709359999992
13.896670922999991
15.056806307999986
11.363515050999988
11.993222356999992
12.109371523999986
11.852453840999992
10.895619349999986
10.336743348999988
13.727906008999994
11.096385138999985
11.608390122999989
11.81908650699998
11.719626032999987
12.595347635999987
11.351162845999983
11.973779535999986
9.84969251572799
9.191258099405113
9.794425691061127
10.449885323997277
11.377875890999999
14.156655549999993
12.721580579000001
13.762328147999993
13.226509131999988
