13.200245397999991
13.383031853999993
12.67845870499999
12.539802080999992
13.50329508999999
12.831663259999992
12.847168178999993
11.270873313486396
11.66801613799999
11.612229752993589
9.437385699339991
8.699504490696158
8.363175569199996
8.689332888797432
9.191220213303835
10.620654484999987
10.33474948999999
11.774657728999998
9.820673837203996
10.521380191000002
12.82725127299999
12.091849138999994
11.406396677999997
9.856811581271987
13.008900933999994
10.058018012999996
9.902772434999992
9.186184460405107
11.065580861999976
12.758254899999988
11.81519253099999
11.839766347999989
11.31543559699999
13.015633585999991
8.844183120696146
10.84558322399999
12.49591321599999
8.251232600405107
4.614977604699995
6.862503655999995
6.547570658899992
6.686879151899985
10.119498263646385
10.937479517999988
11.051409650999988
9.515877299339989
10.866073472999993
11.807711811999988
10.886168424999983
10.592915363999985
10.182910066141428
11.472151162999989
10.66864253699999
9.288701792898712
10.617712189999988
7.856348295594864
8.001256217999986
7.1692315825948585
7.558845919799997
5.316772383099992
8.082672375499998
8.389508093303828
5.997609304797421
4.370472528099988
1.819145968599976
4.708814407303816
5.0341919982999945
2.92018662719998
6.6452825805948565
6.426545408599988
6.077614144898698
6.657130560299988
8.220042898601264
9.096527456687985
4.185312507599982
1.8173424010999883
4.616542663599973
7.623703051797411
8.612024941999977
7.613856628415976
9.83038299868799
8.738557270797427
9.911505020070708
11.652317647999988
11.516367158999989
12.433463277999994
12.373365707000001
11.401228228999997
11.028935644999986
10.41485742021214
11.422116521999984
10.22802361464638
10.210515443282867
9.341600173999995
8.707902220202548
10.46574183199999
7.413036462400002
7.981368736303814
5.473366195699978
4.9442604935063725
9.749838241717104
4.831226138299988
4.937490847799988
9.41371416013597
9.27144925989871
9.324468759202555
10.41819991299998
12.080396489999982
8.25700248569615
7.6238469925063805
7.223291912797423
6.994539012101262
4.399429965199997
2.6084008391999935
5.479879800399993
4.234904666099999
2.5662565398999884
6.426500469999988
7.847923113999994
9.026990554863982
3.4872205977999915
1.6792261199999965
1.6476424117999915
6.174277096599989
4.82299569699999
5.239401412999983
1.9209227858999909
2.8518395339999767
5.037691746499981
5.229027125499984
6.248794543506376
7.171806790199997
8.856780490101277
7.32283037409999
1.4059194595000004
0.8114475596271966
1.8714243042000003
1.7357165130999965
1.4835245239000006
2.8197880828999846
3.157124912999989
0.8869607405795977
2.0815254714999947
5.6448609879
2.565762281799993
3.245369338999994
3.4252265381000004
1.708643949899999
3.2061024352999867
7.422903601101261
5.727290154999985
4.928565977499996
5.060944049099995
4.1717527251999975
2.6514731277000023
2.0056512466
1.9892039138999857
2.4520338271999678
1.2238765823000017
1.477342607100002
1.4050242766999976
1.3791956984999925
2.7951413360999773
2.527139753699999
0.8071972548499999
2.5806234694999706
2.7062498198999854
3.019657237199989
1.3496907180999955
3.863281878696129
2.019456819199996
1.0698311660005444
2.9546469115999914
1.7238523452999999
1.0215770352117133
1.4731276916999756
1.4222615127999991
1.3331540038999956
2.607086016799984
4.1563349761999895
4.639844078099985
3.6866723159999926
1.3510256881999947
1.3414669478999888
2.5761580382999987
2.4509096679999978
2.32739080199999
3.6185425536999962
7.61384089510125
4.783047067299977
1.8093889831999967
1.1935674636999984
2.639834759499999
3.122618786599991
5.201238400299989
3.8193403563999793
5.322508192405095
5.390936781303817
7.295032748405092
2.3813270781999827
5.542053398101241
6.068838775599978
4.922213865699991
5.533340803493582
8.046746261727968
5.317039254799997
5.942691458099983
6.056140422099994
4.3095853530999815
4.3228311919999864
0.9473236294912182
0.8740969451000016
0.5700405023599977
4.123536637899984
3.8528990294999885
4.774676710499986
4.818814205899982
7.631846141101262
7.203561140399994
5.298062358099994
4.798543086199991
4.678755645799981
5.591593217499983
3.6336028792999935
4.1773293289
2.027053311199997
4.2671967177974075
6.184119578599985
5.1322292006999835
2.7560245743000005
3.8655009398999716
3.777051986699988
6.2734817718987
8.409804841594868
3.3384965117999896
3.0769306792999904
1.8898815520999857
5.1646075179999595
3.8430492644935685
7.589043794303818
8.942359757999988
5.582361698899998
2.459260322600002
2.290493881199987
5.425448297101243
3.8095043517999905
4.319530345199992
5.988369650299997
6.427391253700008
7.720805636600005
5.114900869799983
8.363872915594863
5.7011901961999945
3.0386856643999955
2.2345172363000056
5.460680647303814
6.380163861099987
7.092913157696141
7.222919090303821
8.971772575405108
9.777697364863993
8.401220664999988
9.072027969405115
9.203674179101272
9.61988752140511
6.456676927199992
8.377342721594864
8.287791921999984
9.769036895863989
8.084479411303827
5.438569633499993
8.114893060303816
7.5228090912
8.164243725594865
8.412404708898706
8.893816255202555
8.609869180303827
9.631638301067987
9.850269874717108
5.936654557799989
9.21801760872798
5.942318930099992
1.904654380799989
4.866412637299987
7.520663774099989
7.736690666202549
8.57830269779742
10.46364464999999
6.3104144424051025
5.840244461101261
8.754148396203973
8.887464569101267
3.3535927978999904
2.9863743010999877
8.39851133886398
9.539511036795988
8.271642759696137
5.9130040833038136
4.752968774405086
4.454799928303807
9.852052032499984
9.637143713405118
8.354413706999994
3.840329342699985
7.733269685405097
8.014766635101264
9.60581795665998
7.682611254898703
2.3920717483999883
6.337152149999961
6.8004699294935875
7.099930047599997
9.366407522727986
10.022184263717113
9.630185627787826
10.327294080997278
8.943683613594873
7.68286328430383
10.008526473999996
11.915018352999995
9.036303964202562
11.09563171699999
11.05597029548639
11.794669920166392
10.278658032513594
8.219444699101269
6.37753561710126
9.316800308135988
10.896095772999992
12.431525179999994
13.119145768999987
13.114608945999988
11.946203217999988
12.795347701999994
12.623988161999993
12.068762719999986
11.03454694999999
12.793993358999991
11.638778609999987
12.57389128399999
10.768439885999987
10.629458999999992
9.167341523696152
11.814684159999981
10.037038729931986
8.294125884999987
9.26413555759487
9.686066297929266
9.508010571303835
9.548634313999996
10.478198008999989
11.358665082000009
12.828313546999986
6.6784857909999635
8.954181707797431
6.014231770299994
5.826652232399988
5.640096844499985
7.316695014999989
8.667202479601281
10.37611075399359
10.552791701991833
11.80966751699999
11.25325673699999
10.303212870999992
11.708810320999994
11.251673105999986
11.409491047999994
11.807766472999994
12.681464319999987
12.332596695999994
10.542564325986396
9.394793003863986
6.630451263399999
8.591869679300004
9.115707867415983
9.337199441659987
6.122875244099992
7.495819110099992
5.7338168654999935
7.846631820696143
7.541469369500007
8.97009742130001
8.963907739303822
8.764783518999986
7.561457337999993
7.125454470799997
7.931381689506391
8.113133219899998
8.7392388474
10.474667053141426
13.67935635399999
11.048696186999988
12.090529473999995
10.650709202999986
9.96687130285855
10.85939789599999
11.136873658999994
11.840690737999987
8.485985731493585
9.759123411727991
9.936037226931992
9.337738118000003
8.30796059269615
10.14793954937215
8.679547203101272
6.432833064299993
5.173013978599991
5.849143818699992
7.661709927399993
10.171851465999994
9.513745201067987
9.807925120659993
8.868187809797428
10.384037475999985
9.955131140070703
10.667520839999993
11.632719611999995
11.339965590999999
10.21778320799999
9.873365603727992
10.966081791999994
10.973180222999993
9.361230569339988
7.506287695299992
10.535644835999987
7.906223243696151
9.156165069594872
9.745191952659994
8.986861086999987
7.897217103594868
8.71525550230383
9.435552653493602
7.4402131988987055
10.669718445999985
10.254640909005436
8.204219543506388
6.914580305499987
7.154515771506372
8.941242636101276
5.568546411100006
10.892775031999983
7.80495560910127
7.75845482330383
3.657197160299987
6.597287773099988
7.675612293999988
5.512916172799993
5.270900155599987
4.5992466599
2.764150883499987
4.059164485199984
7.108099301099992
7.700117187493576
11.161962409999992
7.864894415303828
5.187169842499982
8.74492890920397
6.169054586799993
3.7891638045999816
4.6112034347999975
5.166726611299992
6.364604603594863
7.731136549399998
5.476044383199987
6.667928518699991
8.575149688696147
5.107322676099998
5.723577358999984
8.198040011594864
7.67339426569614
8.385617022696145
8.749338523898702
5.750930334499986
2.9656512694999937
4.476584335303807
10.169388990858547
6.603473483299988
9.131395280339984
10.955097154
11.026707198999992
6.1152434966999865
3.006776890599977
3.59918336640509
4.756181640599973
3.9678181502999896
2.3743316176999882
2.467127532999981
5.953354186999979
5.439965609699986
6.817229907199993
7.082160209699996
7.358516160594849
7.906357797202537
8.410556805405108
8.15737462620254
8.496253163101262
8.990911093101271
6.763315946999995
5.720537155199993
4.644402423099992
3.7424749434999995
3.8904825073000002
4.609272206099987
6.185384335303822
7.2386883545063885
7.5552399749999894
7.573192993202545
9.398864068594879
4.642198519899979
3.9941931411999736
3.343322630299999
2.003475918599994
1.4836283217999864
0.6878836770999956
3.0739458954
2.321535935999994
2.394936251799983
4.363141914399974
4.545583816499992
2.8085344817999935
3.1295557662999722
4.391124694799986
2.0909282593
0.6550885303499996
1.8033468719000032
3.426512957799993
4.8846146026999815
4.845806980899986
2.284176135299999
2.2813396010999987
2.7017840210000004
3.2851334015000013
2.8672991210999976
2.635404675299999
3.1499099959999923
2.4727928832999977
2.474682215899998
3.328145785499991
3.835129251099996
3.80380836639999
2.4349914565999904
5.234476278699994
6.314707481399991
6.885104313699987
6.936606870999978
6.060409095797419
5.663328106699982
5.024542465202535
4.377875862099986
4.626155636599996
5.552811939999998
3.7669023330999973
5.463909582493574
5.714947407499982
5.290385397299999
3.7193684310999955
2.7169125702000008
1.9256083160000004
1.6079113556000004
2.655925118999974
3.4844819580000053
2.0610527297999957
1.9143239226999966
1.6210038726999896
2.3658106444999754
4.319140443399995
4.24918313599998
3.0024083023038006
3.164626156599998
5.04267296299998
5.120953317299997
5.29876749729999
4.7898990279999945
4.34755727389999
3.293465608199998
4.884440997299994
1.6542259078999992
2.8832579497999933
2.148248150599994
1.3028454310989106
0.6299756844499995
2.7748831832999974
3.725939074699991
3.627728919999995
4.449809925799991
4.776901164199986
5.479186100799995
5.88110455319999
6.115534434499998
1.7534667785999976
9.057880436696145
7.151902352898701
7.199289862099991
8.90946553650639
6.294071562199991
4.99108591
3.0940250869999795
4.642079261799984
3.8590897429999873
3.6666265410999825
3.345167266799989
2.1897173827999996
1.0477997833994563
1.6478819457999996
4.124394509899979
3.0017562056999902
0.834400363072788
3.2177291274999815
3.844589364599985
4.496374754299984
6.641405232199993
7.921428514101255
8.565831620797422
8.103604371594864
7.941121849101259
8.831917976405105
8.888592506405105
8.132393366999985
6.294073962399989
8.134192369101257
8.757888461303823
8.621127337594867
7.175316770898706
5.015025814799986
4.8701752868999915
6.176853318799982
7.05787998050638
7.200431246898709
7.2252512894051
6.729440913399986
5.187735569799995
6.489234178199999
5.50780198519999
5.428481562799982
8.141510890202536
7.707943060303818
9.582143592863982
9.908023791479996
6.857304734797421
5.67434707029999
5.524326017799995
7.798002925101267
8.237958239696143
9.248228486727987
9.159406349202548
6.561496629303819
4.961599516299974
6.462626997399984
4.764283814999978
2.6994641845999925
6.797162661699992
7.268808371006383
9.884873019282868
3.3894187942999703
2.8912607818999834
9.101611775135975
7.47287407840511
8.500879351797428
9.515326934863978
11.19705008499999
10.147602212646392
7.479101884499996
8.306827212493591
10.49747678799999
9.997920803863991
9.796057846067988
9.10842635189871
8.21093730320255
7.988760436999984
6.725919241303826
9.063596969594867
9.693160459938388
8.513841595506392
8.222047670006392
10.443984992999988
8.803347677594868
10.227063721999993
12.613815871999995
10.388731881999993
10.37751978599999
13.290845321999996
10.123688102787826
7.464810310405097
11.702926097513588
6.792330886799994
7.928395155303829
8.6257715210064
10.396511882159988
6.937235185199991
2.147568229699995
3.9796543854050865
8.179609220895978
7.282813052399993
7.913223677101264
8.529150228898704
8.48309260559487
7.007013651999991
8.916658451797435
7.925948222399998
7.0150763961999925
11.57902852199998
10.866768718999982
11.941819718999989
10.483860862999986
6.73432557679999
4.818045371999995
9.867843960727992
9.263599690202556
7.916876243594864
12.164223586999986
11.24494871999999
9.223956918303832
7.040164898699987
7.906504090899996
12.110798364513586
9.09774833530383
8.746708892797432
11.613109464999988
12.58341433599999
12.81116847099999
12.93410834999999
12.211545055999988
13.634272829999992
13.00861136199999
11.707512670999995
8.87827944179743
9.262746635405115
12.199504435999994
12.327068270999987
10.439993094999993
12.063164345999997
12.86751077099999
11.823062261999988
11.671490044999993
11.364946642999996
12.710537064999988
9.965013867141423
13.180155199999986
13.416894616999993
9.695607195999989
9.051246771202553
10.136561472997279
10.349997374999994
13.59810504799999
14.304631225999987
11.650909148999991
8.474702342202551
4.713256007399974
9.193833373999986
11.085169666999999
9.581063131795988
7.184060098303809
1.335775697299996
5.239231658898679
12.893957326999985
11.018243723999992
10.66066508799999
11.108859662999992
9.809080110141428
9.06366564030383
9.524414637863991
10.751885082999982
10.450178664999987
11.72443693099999
13.90459303099999
12.141335097999985
11.817619941999995
11.083668226999999
9.731839030166402
12.194099030999991
11.826494529999984
10.309282246282866
7.3486636672999985
7.2065716353999925
4.556383853099989
9.21490924213598
10.039178427067993
11.454352854999996
10.342926352999992
11.575978971999985
12.153014643999999
11.150236548999995
10.546335601999987
10.640181637717095
12.99081181799999
12.44158883499999
10.604176189999992
8.116949925202547
11.972439365999989
10.648762496999987
8.902286300696147
10.874932813999985
9.116867440797433
8.880674705493592
10.255607136999991
13.65076175251999
12.40428775747999
11.942229765519999
13.400784077159987
10.369523721212138
8.004044116202548
8.57382187499999
10.25694073199999
10.45305284699999
8.852313511696146
7.715461215202546
8.485242541493593
8.991457826196148
9.19376883849359
8.365079438803827
8.383985931405109
7.663775633202555
8.949407794196153
10.440741248993593
8.784409797696139
8.978551104696143
9.898677305561586
11.802491906999988
11.887108135999982
10.581851926999988
11.086347307999993
10.037963807999983
10.932263309999986
9.884406143135996
11.411421056999993
11.954961951999987
9.257845387303835
4.59750355989999
7.292928666696146
8.365787928797431
4.697476768500001
10.042704513833597
7.733745211797425
4.548643228099989
5.175587206999978
8.223676127594862
9.580671475135986
7.747990023797421
8.612264340202543
9.555353698795988
1.858498036199995
2.6027854094999974
4.255377441405091
9.12599049063598
5.622183444199988
6.574780590803808
5.542139399699993
8.34141529690511
6.990693597405099
7.855145283493589
6.857785932898705
8.72925631559486
11.010593316999975
8.414626922594866
7.314681108099997
4.220755924999992
5.719998399399994
4.041430276499992
7.262675738499991
8.09223329010127
7.162452241493582
6.100081097405102
5.341311830099981
3.9556587997
1.0025797120999995
3.1393611953999954
4.629697962999984
8.290103289797427
6.015986050405095
3.3433132003999733
8.51444585569615
6.55382997129999
9.421110113493599
9.344172848659987
9.744146278405116
5.967826196299995
4.696864277599991
2.0536610167999907
6.4033591918987005
4.168234687799996
1.3367839951
2.404571774300002
6.043496580499985
9.605694982931992
4.9046169112999936
8.325339613303834
6.76039958339999
7.1428089446999925
3.7990104842999886
2.2235501037999983
4.191660508699992
3.1503268035999983
3.2030424407999982
3.284284312399993
0.816871120627194
2.4269030562999925
1.9456784958000002
1.6776123519999988
2.1076988540999992
1.6578082932000002
1.6563471008000001
4.743185693405079
1.5415949386999965
2.095359411600002
1.0661811568999993
0.7679268550899992
0.6922017060299994
0.8967315728202556
0.4787600119599997
0.919231538493195
3.2527500533999643
5.69593875269613
6.555389567594856
4.503078709399989
3.9500397353999857
2.504321133399999
2.6441555084000035
3.2327448685000033
2.7035550567999973
1.4917776473999844
2.0574561432000005
2.015470623799998
3.1775495025999922
4.15450271759998
3.8176331252999876
6.722130599999978
6.56429139099998
3.7039756438999802
1.2771165161000002
4.074373791499969
5.768864061000002
3.8347394393999807
7.020506935099994
7.084276058999986
6.2054847960999995
4.025610092199997
4.081580471800002
3.540519958500002
1.5451200957999998
1.6101980910999913
0.894414215933997
1.0024323555966708
2.652677751199999
6.100526518202539
4.0975447036999935
2.9410940185999968
2.6833313506999983
1.0689095347271966
2.548999076799986
6.766381272899995
6.40397421719999
4.050983215299999
3.89496712039999
3.685950456199973
1.0001007166929248
0.4144252241099997
0.86064195242
1.5475126388999778
2.9968954497999785
3.338115266399996
4.130337774699994
7.405024502594869
7.096908334399988
0.8404243176506397
0.7814607553339975
1.6403834334999958
0.6381437598199992
0.43858742123038214
3.468893243399995
5.872451606797417
4.114551591499999
3.6740162490999717
7.750805464202543
7.515067398101263
6.595321581999993
7.66077837369614
6.195680105599992
5.699184648099993
4.728246386699986
1.9734443465999958
6.232491551202531
6.8025548141012635
8.891120359797425
9.699910424863988
7.232433790594856
7.855887478599993
6.301482739299992
6.49854952999999
8.312253073101262
7.134354562399988
8.05692315520254
8.391210595696142
6.811534867898697
9.425893148863981
10.761511268999996
10.072736088717107
8.133279075594873
9.874273925863985
6.37520413669614
5.357547035199987
9.172539442271992
8.203802091999984
5.003391215499987
1.7352662642999952
0.4689015763299993
1.244067289699998
7.174753707899997
5.115113482699987
7.004765412898694
4.291512062099978
1.3494230626070511
3.96268315889998
8.129569432101263
3.11095991969998
1.6694116729999926
3.933691081199983
4.030837837199987
4.839990550199985
0.8501312176795945
3.1686615279999772
7.26432880250638
5.1219351119999805
7.729179389999997
9.67346886293199
10.14369002199999
9.7763721770707
8.257133190898708
8.573298817405115
6.704044935599989
9.10777299959487
8.871209460405103
9.8805309020707
8.079153001405107
7.270678681899991
8.230024351493583
8.770773501594869
5.793615977499989
1.6876508330999895
3.087295315599984
5.753496490506372
4.054246194499975
2.501407502699993
3.602770150799985
5.94203346859999
8.808883563202556
8.492528021202553
9.052522322101272
7.724236157200004
7.121653713999989
8.430311195405102
6.698133984398705
9.947071578999987
3.9638986724999907
3.618720265199987
9.73261542066638
6.438893540999992
7.68893114320254
9.132043495196152
6.522659338400001
8.077685427899992
7.98492184140511
9.023099079898703
9.767789593659998
8.874455624405105
10.666601413999999
11.522785724999986
11.556361001999985
12.017518793999995
9.807639331067993
11.165597802999988
10.285843792999989
11.300257340999995
10.778009298999986
11.677130713999992
10.722152855999989
13.698407734999993
13.666917319999992
11.461763469999992
12.232787827999998
12.559503497159989
10.651582076993584
9.509631365999983
9.49058418279599
11.749384035999995
12.154303804513592
10.633777442999993
11.616591181486399
9.167011607398711
12.0980479450064
11.566909328999994
11.515174013999996
11.361252235519997
11.998591042993588
12.94623406499999
13.72578447099999
13.40718574199999
13.71130772099999
13.448220215999989
13.062092287999992
11.967892794999996
11.471511367999982
11.25072193799999
11.685380922999988
13.554390714999991
12.541196431999992
11.850067603999992
13.671710877999992
11.645510221999992
10.606937955999989
10.793561788999995
12.164195914999992
12.262690928999993
12.262734142999989
10.670313881999988
10.985138579999987
10.05904664771711
9.675807316583988
9.065486740101269
9.822914460797437
12.852990085999991
11.75538464799999
13.674595962999991
12.573286252006394
13.372777830999988
13.127421506993592
12.57651492199999
10.745806999347192
7.990741479499993
8.199443273898714
10.1902596467171
10.396488651999988
12.014312354999989
11.604242009999991
12.063739931993593
10.675396633646386
10.814545285347196
11.553371653999996
12.297571059999992
12.21236735099999
13.027875765999989
12.349478504999988
13.419384646999994
12.863406536999994
12.434737215999991
12.74991240099999
10.680472623999988
12.26387875799999
10.49807637599999
11.889839091513593
12.62496442865279
11.04745523399999
8.372190193202552
7.882274204999988
11.055222413999989
7.977202500898712
8.824444349696149
8.593879510506394
8.553336517303828
10.440943599999988
8.143123530594874
11.20177069999999
11.542281838999989
11.585815925999986
11.498921705999987
11.119623737999989
8.557680332898713
8.226999359101267
7.7989866836961435
11.721261394999992
10.935057139999982
8.521174241594862
9.990950373858555
11.363984607999981
11.756361162999998
9.830459492353581
12.179033075999987
8.54743188020254
4.7318704818999855
6.260828442405101
6.0181180664050915
10.367856841013591
11.71820463399999
10.189574488858549
8.293940072594866
8.796212336696158
9.657966035339994
5.269733103900001
8.493573068202556
8.074165771506392
9.096783370999992
10.54993570416
7.760028863493596
6.448961596694364
9.409607955931989
10.34111345399999
12.156837543999988
12.042033959999983
10.547887330999984
11.566498366999987
7.680960922202538
9.446612777795984
10.340372952
9.284462098795984
4.767002311699984
8.027172653202543
8.60263395079743
4.961947134399999
6.162260800199989
9.882763737519994
10.98168897199999
8.426501119999996
6.120834474199993
7.973637019303831
8.750214628594863
5.47368385009999
6.724179772899992
4.704651170299989
2.1316567199999965
8.206397903405103
6.759664437899993
10.312237556353589
10.726875638999992
8.169108052099995
9.609217484999991
6.95466481019999
4.280021276899988
4.97360578459999
6.095243934599991
7.090585496493586
7.3485864669999845
9.089052082863985
9.288941261303835
8.351004826400004
6.4042640701000115
4.288113635300007
5.969330119299994
7.17590765839999
4.529928514099994
7.339082073999978
7.376511392199994
7.336673481797431
6.933371751399996
5.956034869400001
8.095792419405097
9.718018014659991
8.016815066493583
3.355677104199982
4.227780856299982
1.146356275186396
1.735702461199996
1.8468974854000006
3.1470768447999653
2.512356974800001
2.6775893493999923
7.004729679931956
6.246300740099992
6.074419085696133
6.863550511202517
8.62376613010126
5.231007621799984
2.0161527588
1.881533712799994
3.979249537699978
7.014662933300001
6.374893493699994
4.0522966842999955
7.253971774299997
5.475662225299993
4.311954280099993
2.611032554599998
2.2101386291999976
2.6313339081000016
4.378584246800001
2.184924771099994
2.3176498366999816
3.6442273559999787
4.695920567303817
7.008406800797425
5.105701492299985
4.022184828199989
1.09241295861414
0.6207767050700008
0.7989679412799999
1.4384574813999873
1.6688297194999808
2.4888912948999953
2.9814323241999996
4.902678498799994
6.132510092199985
6.884340267899992
5.735195156899989
3.8214052154999836
3.846008956899995
3.4905001632999806
5.054324311799996
5.375193687399989
4.76104320529998
5.852893020594855
5.554695326199988
5.710585943599995
6.916908558696148
7.718293275506387
4.133320025600001
2.9219493041999978
2.929223197899995
1.6456169295999976
1.3030414124
1.0140340663966696
1.7963543503
0.7121873016399999
2.690154473899974
5.802785002099992
4.1625803878999905
3.9872925033999973
4.008035812399994
6.23070679169999
6.492159049999993
2.756819190999997
2.9126077483999695
2.382467001299996
4.580609980799978
7.153534364303819
7.843604936202543
5.7379519363038165
9.084795750405112
8.46108149569615
4.248048985299989
4.258654161099993
1.3057236725
2.350145169099993
0.7576825560599999
1.664635665899986
6.290572463999984
5.663215566999992
3.3478528412
1.012775593772798
2.9402277160999786
4.673821635399981
7.427428572101271
4.627790325899992
5.083776753199987
3.7632411925999896
6.652547140499983
7.121384991499987
5.246805233799982
7.785566409303814
8.386919401594861
9.58350719772799
9.210528976271988
9.191256913863985
8.152065714999974
7.7384537491012635
4.969781002797407
7.120044990499998
5.665803004506374
6.016603532405105
5.686588565099994
7.419610099797426
8.745597288659976
7.212063729898707
2.497170625299988
5.17277387239999
7.803100076303815
7.303750505101247
8.900578282135976
10.994326056999984
5.748576861594852
2.4897804259999954
1.9134183883999785
4.777920931999979
5.848632040399992
4.861809391799992
9.482137568787824
7.3481299744
6.7108981017999865
6.808338525399989
5.049110510299991
7.733079042099998
9.614828272999986
10.998710441999997
1.8861309691999917
1.6254626479999916
8.593501206999973
10.77604233699999
8.815555569506392
8.078237269594869
9.10818447420255
9.789748644999982
4.600836308299978
5.916591264303819
9.04671614840511
11.332089847999983
11.64439428599999
7.135404255696133
4.755531138599991
7.1636475738987
8.696460549898706
8.850330094898714
7.258388981599988
8.764418196101271
8.00592379299999
6.540428044094869
8.015873016405115
9.7565867080707
10.503743853999977
4.432613088999987
3.2501110747999724
4.2740368911999855
1.5141986815999933
4.067520037799995
4.001322116099997
5.579829327399989
5.273811134299986
5.985150529499987
1.091070493021211
2.431174038699997
2.2199923385999685
1.5578298446999725
8.143354171863978
7.618943662999979
8.581889466898712
6.1405277617999925
3.677977398699993
7.170361969000006
5.54221519469999
6.545937982199991
6.495142436199985
8.065346681200003
9.090926657101276
10.499250232999982
8.936967068506389
12.146894145519996
7.329290542594857
12.72202293899999
11.12660983099999
12.770863498999995
12.582191114999993
12.77783295399999
7.98301399840511
9.551732929999993
8.931061003101277
10.016232136659992
12.800886310999987
12.599082068999989
13.493218853999991
13.229719426999996
13.737307572999985
12.616151533999984
11.213956740999993
10.724524334999991
9.540141267271993
6.2634312163999875
7.083643377699992
6.882270642100003
12.597175341999993
10.93279500999999
11.20828436299999
10.890327517999985
9.020356317101268
5.832016079699996
5.4691282989999745
5.061092753599985
7.867701159696139
9.671937858727986
9.402243044999997
9.098673039202549
12.178757361999992
11.746974054999987
11.802247437999993
11.984472757999994
13.346113614999988
12.66468985099998
11.330628019999992
9.78859565114142
9.217589416479985
8.874213816791976
10.29570666199998
8.309671533202547
5.656125065594863
5.981399262999991
7.547545519999986
9.00860877989871
8.64681523440511
9.508775332594874
8.524805685405113
10.409289031999993
9.673774761999983
10.87727305499999
9.10826222230383
8.89757861479744
9.224595985405115
11.461996444999995
12.390859347999996
12.758189325999988
13.219733266999997
12.80902822299999
11.311097040999995
11.058327245999998
11.833010701000001
14.086867746999994
12.573809929999989
14.19733637799999
14.048196682999993
12.751140262999987
12.22429066899998
14.867558463999995
11.244647812999986
14.159384627999982
15.685094529999992
13.889476008999992
12.210582389999994
9.379007751506393
7.466880838
9.20683790120399
10.641358722999989
8.077256526199996
7.263878468303827
7.240700680499985
7.498992254594869
6.3180127730999995
12.78600065899999
11.558715978999997
11.313149759999988
11.878882805999984
12.674035279999988
13.149242095999991
10.551936745999983
8.356589099101274
6.519838345299993
9.186132333405112
10.971778721999987
9.35856194165999
9.947410137931987
9.421073457203988
9.314831445303835
7.891808798202544
12.201370656999991
12.082611144999982
12.912854346999993
10.80365209399999
11.35946339899999
11.443863282999986
12.009052320999993
13.10126280199999
12.702961568999994
12.390735277999989
5.718655120799992
4.429173292499973
5.36687332759998
7.09748357240511
8.616615947000003
8.821073637405116
6.370636013799997
6.468696051000001
6.824132791099998
7.86488895259487
7.7111312224935835
4.74676088259999
7.500491882303826
5.546514305099991
3.5595534194999936
4.986143719499986
5.235409706099993
5.194276283299983
5.2194079284999875
7.8653945908038345
7.205225874303805
7.8953204193038236
9.545012638929258
7.353428779594861
12.241199978999996
10.171093936141427
7.799456834405104
6.450777714499989
7.412783599898696
8.885668412797422
8.723131559797432
4.893683747899989
6.4264296538986825
3.273979745499989
0.7895622912400001
3.5025298675999745
1.1526398742999977
1.0769056527032013
1.0663360993133133
1.6950250092000023
3.6241875716999994
1.0260300668787816
3.4151422790999733
6.527250706506383
4.361655677799979
2.8376403487999835
3.7172531280999905
7.6976344588986985
7.958376560999981
6.763411616499998
7.334594573999997
5.7300218764999835
5.3721552994050965
7.093689045696142
7.616109994493583
7.3989730362025385
8.666379539506387
9.465802357353585
6.624254544099986
3.13079091799999
2.2850169936999873
2.161861109899987
4.250289146399975
3.362232017499992
4.331983816499985
4.177792134099992
0.8832948069727985
1.5910575821000026
0.8432685975100004
0.8568029807100007
3.052693753099993
1.3548787520999999
0.7643657747300001
0.9744533743900021
1.7285841506999997
0.9401315279999998
1.5998252182000006
6.210358363303816
7.262520346101262
6.147761480699984
2.0767372085999747
2.449511564599975
3.1073330611999856
3.050583477799998
2.2433350266
1.923890997299992
2.3953827163999826
2.811586846899989
2.477217283599996
5.526582951399983
2.8915560042999853
5.039364121999992
2.0122485152999987
2.5034561004999967
2.6444768172999997
1.3683113419000001
0.6915962446199992
1.1540858002000007
1.6330645934999966
2.0176292679000056
1.3514601501000016
1.693990878299994
1.998434545900001
0.9956707624272
2.0514995421999958
1.3295667373999989
2.1212349166999864
2.872865025299996
4.452449258399989
2.755632456999996
0.9020296343800003
1.4074035049000004
7.697450666797412
6.573485418699993
3.410131915299996
5.470192639199996
3.926173489399999
3.0082421233999947
3.9878755492999907
6.037915345797417
5.382834321599977
5.905033431999997
6.27193074339999
5.570954711899997
1.0875228303000006
3.050256075999975
4.780567950399995
3.886200611899997
5.562338870202531
3.835982043499998
5.520373156699984
5.679069735699985
4.840936199999996
1.2779499069000004
1.146485714427193
2.7081789290999634
2.67586161799999
4.27476391449998
3.53337924189999
3.170097431899998
3.872725617999983
4.839214036599976
4.181953950499992
4.27944890289998
2.567489895599999
2.5968435683999926
6.34128885350637
9.504280386271983
9.305086195271986
8.115008088696145
4.862429354899986
3.459443101499983
5.739941786202535
6.115094279499986
6.836500860594856
6.563687660199984
6.087933256499983
6.250283927899987
4.160941223099999
6.493750544696139
3.9869331649999955
2.476536663799997
3.053322993499988
4.127349221797402
2.1119224318999863
3.96118390809998
5.368163496399992
8.492463442999988
9.302631971696153
8.773088302594875
6.890071763599991
4.223816741899989
7.577011727899991
6.759944020099984
7.44373674469999
8.668678535506386
8.599793621797428
8.726549790999984
5.630342456101254
6.313968119797422
5.969881623797418
3.66331122889999
6.075676997399994
2.530238883999999
0.9514787885700011
2.1912184813999733
6.205708393899989
4.016762924199979
7.656281486499992
5.7277982085999835
4.2374662673999755
8.370213163797432
6.196009434499989
1.9745972228999942
0.9098962190727896
4.0877535567999725
2.73676983179999
6.4235616104051045
8.57854004059487
7.7699171661012665
4.576848957799993
3.379678214999989
2.4267691146999866
6.970975753797411
6.824267363006387
0.8789864138717091
3.2225134490999894
1.6392673171999965
4.418135249299975
6.24172496799999
9.161122839271986
7.223277044699994
8.86790836939871
6.3423022614051
2.8056670394999896
5.537041662599996
5.124668580599988
6.432155978399983
7.3691671126961396
9.64458682872799
10.619074019999994
5.258031457500003
10.92922849299999
3.5934825301999904
4.935324647499977
5.066810368299981
3.5094233458999806
7.347818135101257
8.62959215550638
7.49700624389871
7.126462881506385
5.871196650699983
2.185283224499983
1.5302096831999836
7.023053524797431
4.392540551799985
7.915282771303828
8.126360208101259
6.588615750099985
6.278067776499992
5.604429026799995
4.929557833899991
5.529552580299981
7.335659126297423
7.3403229232999925
9.653647431931997
6.801477444499993
7.02022481229999
6.345558647199978
8.672303770405117
9.123357896405112
9.421638536067988
7.191513836696142
5.531625939899989
7.864963485699997
8.594730630506394
7.648281684899998
8.443456317101276
11.671175623999995
9.737790412929257
8.227885238599994
11.377886774999995
10.627669320999994
8.704068809493595
7.335521160899992
7.039450099200003
8.579590817297438
1.9231035552999916
7.792546787999969
9.352578828405113
10.769417519999992
11.745619836353594
9.602499360787828
10.559163054999988
10.37486319716639
9.133530728101276
11.895924096999988
11.768537009999987
10.997050503999995
4.312253744499992
9.380355902101268
9.888034675557103
11.223189510993588
8.770022267196149
9.092844502303832
8.701291255202557
8.17623849179743
10.47514230699998
9.022616404795984
6.540404045100004
5.8799051436999985
5.5596138167999944
8.825667936696158
12.495809678999995
10.339584643999991
10.844223054999997
10.123733221271996
11.917519605999988
10.725356714999995
10.463510665999994
12.759028311
11.865261083999993
13.278858104999994
12.59188144499999
11.611856453999993
10.134044282659998
10.725480601999989
11.615108560166393
8.883245631405106
8.022418843101262
11.145189964347194
11.717336881999994
12.35607064064639
9.068166087212136
10.550374821519995
13.221765918999996
12.776049015999993
8.747655575594877
6.627777413898707
8.540956182898709
10.302065262999992
7.454932783493583
13.54427070199999
11.587282189999996
10.206694555787829
12.572016244999997
11.54735862899999
12.381072155999982
11.764185999999986
10.374796848999994
5.795399807699987
10.158547542999981
12.111617441999988
12.125350138999988
12.73608464399999
2.2119862700999833
4.408966599999982
4.520304365499987
10.926969686999984
11.915179436999994
13.624164882999994
11.250519303999988
12.007730816999995
7.873363517797414
9.276495866405108
11.300944663999989
9.584755569353577
8.388561140405102
10.699751012999991
10.11145703421215
9.366333062795984
8.720732461493581
11.385462921159984
7.672542861905112
10.859241344999988
9.583914654659988
8.860206922898705
8.828545541405106
5.671528982499993
4.848301504499997
6.805632933
7.0526070084000025
7.003320625299986
6.865877990696145
7.494349496506369
8.450817806999982
9.049050186202551
10.145063615282869
11.551354609999988
10.658268097999981
11.321599634999984
9.36105151979744
8.488936206101263
6.16738639830382
4.874390260299977
6.430419288599989
9.258287606797438
5.935866360499985
6.72752819059486
6.5339471634000095
3.0912484511999954
6.557838323999999
9.754629388398715
6.595782220506378
3.2583913222999925
6.976738859590375
8.609865184000004
7.191498744199994
9.618173640271989
9.196538678006393
6.426114498899988
6.853327125499994
7.9547279037
7.876266976905101
8.69912366330383
8.77527599950639
8.702253207405107
9.85473035893199
6.079498742696149
3.0589428908999894
2.5381555222000096
2.8730974533000064
5.781000212100004
7.430833904999996
7.785755976899999
6.61387133030381
3.3585137404999856
2.8831882094999743
6.047415649405087
5.371257501199995
11.134361142999971
2.082725331099994
2.5137081604000038
1.5325811066000021
1.8690141448999944
1.3923220047000007
3.3518766158999957
3.6446992644999936
2.444818757600001
2.2719661818999963
4.874023931899975
4.540912348899991
1.9994679641999933
2.3825065642999963
2.3707162383999965
2.613575759899992
3.4476679168999906
3.504761888099994
4.082664623999994
7.005356597898702
8.586804008506386
7.249579031405105
4.863532511899991
6.262025352499988
5.72973856199998
6.5544097426961425
6.954832351699994
1.7859200271999967
1.8470435836999965
0.911550830270001
1.8513274123999854
2.064335707099981
1.483429186999999
3.656497070299994
4.210292918399996
0.7758131861700003
0.972415262407065
2.6639437804999897
4.466982763696131
3.9844450499999886
2.8797763381999935
5.125520202599998
1.385644921899994
1.7194657349000002
1.363366259799994
2.7027075728999708
3.233574645999993
2.406543289199992
1.4005131209999953
3.2209019439999915
4.620060839799986
7.053673565696137
2.280396806299989
1.2715327117000024
1.615130888399996
4.529547357199989
2.8544953261999835
2.6633768172999988
1.9593275374999897
1.3626240478999978
2.260721295199979
3.545075591999996
2.7823148482999946
4.773883566299992
6.311258520493575
6.049026287797415
6.826324658202543
5.552014656101253
4.184496276899975
0.9365583651659994
3.3084330413999625
3.8398234755999905
4.6115305573
5.93641732029998
5.807690269499988
7.058448463405097
7.305101682999982
6.005314025899987
3.186050035099975
7.5685642165999925
3.241265124499997
0.5397691540696142
2.540885752899986
2.9387372924999715
3.3233977736999756
4.333119615199984
4.340093072499981
4.438095431499977
5.967994006303818
4.917041856399991
2.9062358931999897
1.8222182265999958
5.111850810199986
3.507554998799984
3.434774060099996
2.0477517441000006
1.1403712311
1.192338011200001
1.561590849299985
2.4493214507999723
2.1056243361999893
0.8317782233135964
1.6183275314000005
1.6369601196000005
3.2150246139999954
3.727396787999992
8.825352587931981
6.033977670299992
6.838788589506382
6.050731339999993
8.458342086797431
6.984805030797425
7.716477024797426
9.149706889303832
8.469627807594868
7.820868167101262
4.626170587199973
9.240763491863985
8.810296261727979
9.214805346795982
5.33711573789869
6.216037353493571
0.8583405260999997
3.601869161999973
7.971267329405107
7.829969747898708
5.83935397189869
7.5598018341012585
3.4015057404
5.2595697967974075
2.7391996001999837
5.106822625696128
8.145976608303826
6.306953518696138
3.7151525832999814
3.634984057599975
3.841522518899999
1.231539631665994
4.929790547202534
3.278207780499985
4.133286109899999
2.4192084487999965
4.998216577099978
6.520727340699991
8.913565322931982
7.720004879797426
8.000232073999992
5.4749661269999885
8.047731678797433
6.986277551303814
4.625135282899973
1.250588610799981
5.360342982499982
8.98058152310126
10.123183834933439
11.766213469999993
9.657728457727982
8.64346779479742
5.272556440699988
1.7607428513000014
2.1991706054999867
5.379230808999977
7.9707329544051
10.09541226028286
9.954548171999983
9.361466393999986
7.1513722899999665
8.537860346999986
5.342176711999992
2.850735176099983
6.0123464095948504
8.340265850797417
7.830073417702554
7.231500958303825
7.191629664594871
8.046444578599994
7.467226724202543
8.99523428027198
5.791046708699989
4.286755761696131
8.288387551898705
8.791058177202542
7.922108398405111
9.25602862240511
5.665540875202538
4.125827455099971
6.28872494659485
5.06255672609999
6.287768438696126
9.095093566898708
9.516875027339983
10.740222060999981
7.578327441405104
4.869955915799989
7.711954423493581
4.2267521438999935
7.087581393399986
4.24440553439997
5.603154650898697
5.951192272899995
5.629900515699991
7.762468933099999
10.763739394999995
6.374013325499996
9.417083036863986
9.519037519863984
9.07451339110127
7.421153158594877
7.327000443999997
8.517795730594864
11.487876737999992
13.111535249
12.391967917999992
11.21222192699999
8.06540382840511
9.463378988727989
9.582631446863989
9.233558065863988
9.371428668135987
9.341091999797433
10.207785669999998
11.494663872999993
11.721184887999994
12.16127297199999
10.693906373999992
10.882708820999985
12.314210189999997
11.075107229999986
12.037450960999989
11.058562455999992
10.10068133699999
10.603239939999982
11.036377724999994
12.12837558699999
9.555372630203987
9.41997210540511
10.104926560999992
12.225316454999996
10.62481253699999
11.177613122999992
9.80090977786399
12.324245624999984
10.774944216999998
11.590952540999988
12.02754274099999
9.83975457913599
10.074803933787829
9.308277273594868
8.57489481659486
9.629283683863987
8.487413406405105
10.746933965
11.217987649999982
9.064653060898706
9.082646749898707
9.178101950101267
11.675247254999991
12.474803373999986
8.868112902797426
10.031359733717107
11.35698291299999
11.295268725999989
12.751602538999986
12.418235317999992
13.433651853999988
13.057565381999984
11.490700406999995
9.242743397659986
11.854079367000002
7.68129121859999
8.72486212306798
8.829904931727972
10.823478547999988
11.606349007999995
14.172957662999986
11.025382830999993
10.520392904999987
11.053451633999982
11.403978866999982
12.367496761999988
12.103892380999989
12.39762172199999
10.60340857399999
11.617621189999987
9.513896954203988
9.988494375727987
12.91789019299999
11.477185587999985
10.884067678999983
10.707863372999993
9.40859792186399
11.208923670999988
11.746145044999988
11.652340622999988
12.799470885999993
12.366294419999996
11.561232663999997
12.46297009299998
9.265096025101268
8.68630411379743
8.104018951400002
6.533444238299991
7.282513272101267
4.301321174599986
5.719390003999987
8.27811402589871
4.567685629299991
7.196541152999985
7.045562756299994
4.865468823199996
10.097011949135993
14.19690155299999
9.929905946282863
10.932638791999992
11.02782044399999
12.96994065199999
10.21363257292926
12.277725590999982
11.948568981999989
11.82090392599999
9.157091628999984
9.670722621207988
9.777034649795985
12.24735704299998
11.52093101999999
7.020476797506376
6.057784706101241
5.673377389499985
6.026836904900001
4.413743119799991
3.390866856399971
3.651538183599975
4.60825230259998
7.491300659202538
6.2399492554051035
5.072203665199995
4.556627665700001
6.957043751500001
9.49511090865998
8.721337461900005
10.330407963727984
8.559686103797421
10.289571734999988
11.855016082999988
12.08964020399999
5.348222672999987
2.392779641699994
6.770327416999981
7.346354716506386
3.767039485199994
1.5191059218999916
1.6896653000000066
0.968957313914142
4.898336398299996
6.166968823199986
1.973835774199997
9.683689239659978
8.517909991506382
7.122686682101259
7.522023948696144
4.8587729201999865
5.483598718299983
6.213111665299992
4.795350613399999
4.666226998899989
1.932886164899989
4.700194471696119
6.221900489799995
10.057856196717106
9.283978739898712
2.3966357680999875
4.375579315199989
5.45696364139998
4.867788008099983
6.31192886050638
2.0411882599000037
1.122714393599998
4.227218357799979
2.8402852355999824
1.9120912460000024
2.6209267227000015
2.967045913699991
4.4919773757999835
1.5673519118999912
2.906224816899985
3.7273570815999846
2.3599297378999964
1.673268760699998
1.4708178969999988
2.6217779739000004
2.8061267745999996
3.418815713499999
0.9605471645282861
1.8809198867999817
2.1646163054999916
2.7403540221999703
5.538761996506364
6.102388151594847
4.159451235999979
4.810186410499991
1.8679908187999796
5.935585981797403
6.565443835399984
6.018921641499986
5.671466441303814
4.98083795779999
3.578941021699994
0.8919147660303829
1.635908534199979
7.582430705303813
9.012867159999992
4.829994966099992
2.350346267699992
3.5271439239999745
3.4567804198999754
2.460864425699996
3.203011341899993
0.8416935585999956
2.7098441131999693
2.726665695199996
1.9422811126999833
1.5966330733999916
1.8166292830999977
1.3902155791999988
1.2093101675999938
0.7005499360101265
1.4039854476999916
1.3899245880000002
1.2510370350858497
3.7938204680999674
2.6727075255999964
2.131030297899999
5.616948091101257
8.468565058898703
4.986488734399993
5.5054904633038175
3.446218481399999
0.8466714814207978
1.6091598510999874
2.7404834807999756
4.944425721699979
6.512641329999977
4.506004986599987
1.9384452620999952
1.859090855399992
2.7055484496999824
5.526081674199983
6.5599334838999885
3.2646249831999987
5.428313233899999
1.9782131453999947
0.9848277167203876
1.6988075012000028
3.7298527023000014
3.0146823012999957
6.3619266953000055
4.844022544899992
6.422054649405101
5.053404504399996
3.205471476699999
3.326104798899981
5.362126031499988
6.799297448699994
7.3410931869999825
6.547681730699987
8.19623331449358
7.1599277542025455
6.105076766999981
7.279781442303825
6.278513354506381
5.345744012506376
4.481805587799992
3.423172100799995
5.945754638699988
6.4478299071999885
1.7514385360999931
1.2063620513999944
0.7733430972100019
1.8390492034999861
6.578575791899991
5.273488351399995
8.206316995202545
6.423375115999983
6.745144985999979
5.11839039759999
1.51055094149999
10.052161140282864
5.312709599299993
8.737758328202538
8.125198702999976
6.671165689099993
1.6351445373999938
1.4723604812999846
3.618186206099981
6.793189974999987
8.379427067594873
6.38685245669998
7.148278201303803
4.625544415299997
4.965168102999992
3.1730914367999947
1.5908279571999995
4.494529438800009
5.340815608199986
3.905904548599984
4.6033018950999836
5.63857328339999
6.8610548203038215
7.450956672696145
8.149197618101272
9.541165829339993
8.205750874303824
11.621813906999991
11.657846862999994
11.73761268199999
11.782551703999987
11.918055211999983
8.146671322594868
7.847557144202536
9.583838993858546
8.134100280797426
7.333520371999988
9.773452978659995
11.808072104000004
12.812967911999992
8.19649345859487
9.625131387203993
11.67688696699999
9.029184146101267
1.086819671699184
4.3584448134935645
4.925315762299992
5.533280915800005
5.776061956799991
1.5715163527999956
1.9944624191012392
2.287771549999989
2.508222369399965
3.28272886659484
4.22325248109998
5.215704672199995
8.3041304337
5.509566667199987
6.678775915493581
8.974767840594867
9.707025550863992
9.431903231863982
8.766007537797424
7.5523259354050865
5.636254917899982
5.555441526799974
4.416734291101247
5.765764776599992
10.908098484999988
12.175603698999991
11.695184015999986
10.569942664999992
11.618957435999992
11.043179856999998
11.138237765999987
9.713541191067993
7.460708311499994
2.4241702132999987
9.402972868311988
8.90125680850638
8.511851950101272
11.04770439499999
8.647187275696146
9.449663742067985
10.409520115999989
10.276783460999992
8.840997323594872
7.394489791898702
9.075126914999977
13.558690951999992
12.343404433999995
8.968548460405104
8.342613018797438
7.182025491300006
7.426231619303831
7.291749240099993
9.498952638202557
7.89196433259487
12.307880266999987
14.026856844999989
14.175441369999994
14.192444988999997
11.803467173999993
12.724341086999992
11.753404371999993
11.888688384999995
10.70503420999999
11.040522237999992
11.980844289999997
10.714809475999992
10.046181860282873
8.563431066898712
6.977703210405099
6.5717124404999865
7.278869316101267
8.866449089101271
9.116466216999994
8.875235203594876
6.20600126339999
4.903265240506375
6.909408213797426
7.267208772299997
7.770601492303824
13.911052595999987
12.874341143999992
9.81071145313599
8.288464494303831
7.978910627696148
10.417602302999985
9.453294215282842
8.624948574797422
2.7709758590999805
4.557492752099987
7.888583341999981
7.20964305420255
10.689096505999979
12.858516419999988
11.343453248999994
10.427553185999995
8.802156806898713
11.345010201999989
9.937819972135996
10.564521181008155
12.26950923599999
10.51981880999999
10.745887748999996
11.830597101999995
14.235249065999987
13.527588648999991
12.332943644999991
11.258690857999996
12.16281234699999
9.826726512070707
9.132529904135982
12.466719631999984
13.54400857799999
12.102504586999988
12.29476579099999
10.982300747999986
12.66679697299999
13.196879368999996
9.291866674863991
12.798312481999973
9.85725795593199
10.836834437999993
10.184635533070711
8.720662832594872
6.9139863646999915
8.608476196303833
8.83453951420255
11.296017402999992
11.673702648999992
11.717351261999998
13.171218300999989
13.595217116999995
10.252007912999993
11.993567850999991
12.686790352999994
10.692237514999986
11.702060714999988
10.809202736999989
12.166227508999988
12.770086695999987
12.348021090999987
13.730906945999989
13.438602370999988
10.840739168999988
12.711514623999983
12.493877923999989
11.367818450999982
10.704958411999987
9.050080561863979
10.577784369999986
10.490367496991839
8.493411259506393
12.772127921999981
12.345365770999992
7.282165365599993
8.63784773860127
6.714013804599987
7.268804794299994
10.288353321999992
9.323923571863988
9.463337486203985
9.607805219999983
10.429946872986386
10.539718546999996
8.479870799303832
6.251137782299991
6.55276924129999
10.74516417799999
7.315397177099992
8.44933859249359
5.885973481799982
6.016739933799988
8.826938610797432
10.253036134203983
9.228980563405107
8.341966349791976
9.463253358339989
10.171685026717102
9.76439982283359
11.501662081999989
11.238942782999985
7.441050190696148
5.168837280299979
4.825515525800003
2.2426127150999986
6.396611526506368
4.649568124399992
5.028131434599989
8.071370838898709
5.23706056209999
4.880807733199989
5.461634677099995
7.943165399202552
8.840575306696143
7.7981352630948715
7.75993278499999
3.421764112899989
3.5069514983999865
4.905760191299986
5.266492446899993
5.4278602752999925
2.0385095565999913
4.916425329599987
8.145812730405108
7.71541712189871
7.361813078303817
8.918458355696146
10.82841787899999
10.732408111999984
3.1324489928999997
3.0431123900999832
6.140779180899986
8.245151681493594
8.348783116101268
7.574198318506382
7.03721345520254
7.752694006303828
7.4040503798999895
9.270221186797432
10.782847977999992
9.352883357135987
8.52297244569614
8.421894607493579
6.901821003699987
3.7077210051999976
2.721943072499997
7.393184025594867
6.639522691299997
6.823985620101254
10.465194929999983
11.25326845899999
8.94490429230383
0.8292773788506396
1.8431704926000019
2.2733061919999953
5.130693003797407
7.531887127696144
10.241448726002716
5.451532784999983
6.810900363202543
6.745228068499989
8.180371026594875
1.2425595748999987
3.454092767299967
5.664909156799989
4.191832832299988
6.416271137999976
6.82908704679999
5.089197785899992
4.559270429999986
4.267419903599994
2.6302766311999903
2.3200859359999755
2.6452448592999747
5.204049111898694
5.437835415599991
5.3586965514999845
7.187429992696146
5.416562774699991
4.2867519835999985
5.879371263101248
4.916091143799996
3.006799900799987
6.414674929797413
4.840390701299986
7.653957640101261
8.908480602999978
9.83376853320399
6.479763433799988
3.4811495299999793
1.1609549375986385
1.057786615092922
2.850262503099999
5.962722033696128
8.184478370696143
3.499820983899979
1.4421433013999811
2.604875598099979
7.043225849899994
6.694950640898695
7.54879753879742
6.976213598599991
6.163725704999988
7.587993223594859
7.668012281797413
2.5777111815999776
5.5575152724935695
7.391607900999978
7.324421374493582
7.723207221999979
7.19590490569999
5.735822720299985
7.188300634797421
7.37096824949359
9.764319111727986
8.762881059303828
0.5126656200400003
1.3320180771
3.500093844599977
6.366452102696144
7.283676180999986
7.397745428506383
2.6422495254999956
1.9628644011999785
5.251173445099978
7.440162086506382
7.452167657506378
3.9993840896999866
5.480169052099979
1.002671150693344
0.9056387329101271
2.016617277499975
0.8374691013200131
1.0681492043353495
3.3197918014999774
8.364114277727966
7.4139054641999875
5.8693860320999764
6.868348147594856
6.376325888099988
5.671867767299988
4.865584132405089
2.5261709792999762
5.898855996696138
2.6653444823999983
4.9767420806999905
3.9295476104999896
6.571072093202545
6.85286969909999
8.014356840493582
7.945344697594862
8.897756700101263
9.824408015271983
7.647910559101264
9.077935772795978
7.011159884594861
7.428472224399995
4.523208804299995
8.29531554259487
8.298833805797432
6.491972315999985
5.880420954899991
8.029341381797426
10.286133657858542
10.56081753799999
9.880108319070706
11.063550060999988
7.68078905330383
7.338303247099994
9.028910595696148
9.567627751135989
9.370651786863988
8.617868588303818
9.532501226797434
9.492805342067985
9.280618998696152
10.02471519006798
7.047291921999986
7.369702717599992
9.465133396931991
9.394913304067984
6.42411218409999
3.889669615199982
3.0751550094999858
8.035667501797416
7.404596577499992
6.445790356399982
2.4575078429999846
5.058351379405092
4.616397553999985
4.907617962599991
6.13748893739999
4.406195498699989
5.32719936219999
7.92060512699999
7.920688828999998
11.96519264499999
8.953180528303832
6.397691378799993
4.2485802169999936
8.360167130999985
3.422030891399972
4.682416567999976
6.314405374099989
5.374060256999987
3.969281355299991
6.680796563699986
9.488707801858544
7.549609646599997
9.59476817479599
10.303986439646387
10.203941918929262
9.508026945339987
7.7463551589999895
6.881396441699998
8.889437829594868
9.647240417339988
6.048754862999983
5.907033987399983
9.897642546237108
8.60041229859487
6.765407902493581
6.981346882594864
9.839093055795983
9.533616699135989
8.846237889101264
8.938394166600006
10.32647151627199
10.721783040999991
11.167035799999987
11.914674817999993
10.731805839999993
11.223814036999991
11.409986696999992
10.906371189999984
10.275452372787827
10.96016581299999
11.690030715999994
9.972012649659993
10.289556050067988
8.791509278898706
10.452876941999989
9.77268603979599
10.636302236999986
11.939170777999994
7.756337136799991
8.672253903202547
9.441579092271995
11.620412183999989
10.796667054999993
11.560166103999995
10.289001055999995
7.882941526799992
7.292587686199987
9.415344731101282
11.388711181999993
9.11354362030383
10.481702390993584
11.288310604999987
10.593221193999987
10.258017317141428
9.04011390530383
11.38587499399999
10.450330360347195
10.84006071299999
8.927625358594875
9.958903323271993
11.878607207999996
10.286920781999994
9.486301489203996
9.24957006530383
11.356979136999994
12.188770752999993
10.346389998999983
10.741208507999982
10.363622014989124
9.700457730067992
11.68736385499999
10.641940320999984
9.478126240659984
9.914765936203986
8.561871617101263
11.284233996999992
10.711999457999989
12.335735787999988
10.769014077999989
11.45944790599999
7.713043652299992
6.56850523219999
6.868065490699984
6.970793612699991
10.579142435008153
11.44474776599999
12.759519919999994
12.804340304999986
12.786097872999996
11.824428629999995
10.22468289935359
12.255293711999984
10.869605631999988
12.265553647999988
12.993662929999992
12.480019689999985
13.196701623999996
12.119041608999986
12.320194706999992
12.817838489999987
13.465412977999993
12.198322255999988
11.324694401999986
11.051501522999986
13.875994077999989
11.412381371999986
12.546072181999987
11.55535578634719
10.179273876999991
9.171811321999995
9.319256759727988
6.2712694045999955
6.965303767399989
8.526665176405112
7.654295259099998
7.275164578199996
8.127735612499997
8.38420057979743
10.187811778212149
10.572682969999988
9.03108492740511
10.417474259999992
11.366858454646387
9.479429035898715
7.5170131881999955
9.520006489727987
8.486390564006387
8.370016769398719
6.519210815399986
8.478334794594875
8.97200494386398
7.973064665202548
7.909050952101271
10.202141466999995
8.181971342506392
10.39121286799999
10.952478698999986
10.992088743999995
8.639335690303827
8.437904496799995
7.2293019547
8.691224398797432
9.47776639265999
10.747913480999989
8.616859448202536
5.804227874799993
6.015203800999995
6.781723835799993
7.549030857800009
7.6038419296
4.571171537799998
5.795628315699982
9.490921362203979
7.8921308182025465
9.582256291135986
9.980286392135989
12.157232388166394
10.348761317265588
9.622719567765587
3.6703200835999783
9.214388462692135
10.706095024519989
9.216054913303832
8.155545840506381
9.38714303740511
8.090438093601273
9.28333459170255
9.064739007594865
1.372155996699981
3.487947167999989
5.376472575405094
7.389325921599994
6.526699339299997
5.889074613999998
7.442271586599992
5.65884314269999
3.4132976180999965
2.1063592377000018
2.4663169829999934
2.4176364791999845
0.8635642551271977
0.6965687058399999
3.311087652599989
6.7409979293999935
5.210734036299994
9.272241584863973
8.467826333601275
6.301510992399991
8.980221502696155
10.165817016717108
7.471349583399994
4.012787484699994
5.083518896499974
6.166477987699998
2.9500044951999898
3.2414559493999877
3.472562615999987
3.156662490799986
3.1074550246999886
3.2789187591999838
3.4885650741999923
2.4563431777999982
2.4466817718999927
2.8222434035999764
3.8532596587999843
1.5790039519999843
3.8956081084999794
4.694687622099989
4.093265743999974
6.973820155299987
8.478383091696147
8.092893243405102
8.1353701904051
9.051313709999986
5.5843387772025315
5.887207453899981
8.568974459797422
6.074615302999976
6.761971839899996
6.078280662493568
8.447239788863971
4.389246134899982
4.3339695250999855
4.2910221374999855
6.323718257101253
6.3053117844050925
7.4571650786961365
6.183406315599993
2.4830463637999896
1.05198071757171
1.1974006011999971
3.043322253405079
2.403465127599989
6.182802551303803
6.411753836101267
3.286467253099998
5.80557878110125
4.866822788999983
6.424412536599988
6.493648919699998
5.14164513849998
7.185499642898699
5.7103607161999905
5.311640364099992
4.885342652899988
4.992802935799981
4.1195754088999825
4.082178880299979
5.197377087405092
5.959291543599986
1.883128086899997
2.649846363799983
3.922681523099967
1.5382586394991833
1.4177933775002673
1.7840294158999996
2.8919336974999705
4.193971108999977
5.47507478789999
3.3808078597999907
4.393796295199982
6.202925836199995
7.725397334303828
6.3188295867999855
6.837073376499986
1.6640045730999933
1.1277108321141334
2.211863327000003
1.2506808669999998
3.4283591124999924
5.7407026565999795
1.9131874480999886
4.585121691898695
1.3710909652999999
0.6557690052999994
0.5519607467699992
2.729599168399994
2.20428301849997
4.847676284797409
7.300281664999985
5.437621031199984
4.4656240554999815
6.782275942999976
7.25476904450638
10.142582214282873
5.583917448399996
6.931043150303827
7.311881742898701
8.072456845101259
4.684653066999992
3.331821195999978
6.269196725506365
4.459729217499991
1.5180922194999946
1.9340712356999719
3.7883729949999734
1.8998017867999961
1.6570879439999933
6.688176007101267
3.107837937899993
2.555439550799988
2.5831374114999948
1.4496383498999972
3.2411141097999923
4.680289430202533
5.669344871499986
7.062487674
7.596351699799996
4.966976869199994
4.5151065169999915
2.3929077498999964
1.3806724608989078
4.024717852799984
1.0877646087999993
2.8439837859999733
3.4218579757999894
3.7077540435999965
7.331050445594861
5.74381091919999
4.437815882898693
3.4002863601999787
1.4049210133010837
3.679846118199983
4.751639645399982
4.673527745099994
8.685571882594871
9.17955911879598
8.86985495150639
9.844736566135985
9.631638626070696
8.661669898999987
9.534475045863982
8.486779873696156
9.907950431863997
7.807967733797428
7.919223663303829
2.443966355899994
1.1936440064271947
1.5121028501646208
2.173948117099999
1.439782981899997
1.1714491694339906
4.104328941299989
7.408968240399991
5.415204392999968
9.539189338795977
11.535952103999994
7.703213146999994
9.203384957898717
11.52712067899999
6.315741964699981
3.5760417464999854
8.995960172999975
10.879203522999983
10.818724202999988
7.1616494658999965
8.131437422202552
7.996899865696152
10.937429781999995
10.95023178299999
9.995062489203992
8.327660337797433
9.95397972407071
9.914519226067995
9.323871887135985
10.217367692717104
8.746624430797427
8.92736195079598
10.076915457141427
11.400976136999995
10.982597007999987
8.733575434898706
10.661146660999988
8.309439417999991
6.637010394299991
7.3277059905948505
10.156691137787824
10.704915911999993
10.849774785999998
9.852178910863998
11.200006663999988
9.792497300795992
11.397373795999993
10.17267084499999
10.854230663999994
13.125098748999996
12.14490336199999
10.66174788099999
8.455858802797426
8.745995579493583
8.76683015749998
8.506167546094867
10.573564188
9.63902744765998
6.209363978599984
8.662494322202548
9.41208769230383
8.907777340696159
8.272136135898705
9.047166842696157
9.86340088028286
12.983820490999983
14.14702664599999
13.255736666999992
4.563481437699984
5.775787286399995
8.442463966405105
4.51697603759999
2.549954658499972
7.873467472797417
4.16478625949998
2.1632065856999856
9.707209358135994
5.683427816797426
8.034080937202546
11.46408766899999
11.980604892999997
12.61202496799999
12.94591167799999
12.038800136999996
13.23654820599999
12.106886451999989
10.893879633999992
8.56265560149359
8.874539575202546
10.833622002999997
10.731766689999988
10.511060384999984
12.246030988999992
11.981971283999991
11.261237577999987
13.181557067999984
12.262393194999994
12.841095489999988
11.815287496999993
10.876742109999991
12.354952338999999
10.127966621282868
10.512268426999993
12.227607818999983
7.84271347349358
7.214889692699994
7.6972128875999966
5.1344164794999925
9.27267034606799
8.128643693493595
8.830129577594866
10.218978887929264
10.792245565999988
11.305413329999991
13.889552126999995
12.80159585599999
12.99854201199999
12.806667876999992
10.159503644999987
13.04272187999999
10.958782958999988
9.97623249978783
14.834243792999992
14.45858416399999
12.978307548999986
13.759009763999988
13.030741713999989
13.216081876999993
13.829482670999987
12.01392246399999
8.414248753405108
5.158280290199991
10.312337845999993
8.61207289731198
8.829572163405103
9.72801066285854
11.42436742599998
10.107887184067994
8.39311314089871
9.127457130405114
10.149250809999993
8.415080047594868
10.368287092717107
13.338426146999993
12.058494739999988
10.948559374999991
8.916209326202553
11.249284235999996
8.280165681506391
6.912504420506383
8.634411802696139
6.6690322585999935
8.217651979101273
11.048760000999987
10.231909720005435
10.018331120212144
13.460812513999993
13.349522588999985
9.24627212369615
7.745626255800004
9.741715428135992
8.94431681369615
7.579723304696144
9.960119543353583
12.257077967999992
11.803338344999988
11.929635763999984
12.149128902999983
11.849751514999985
10.274596938999986
8.804452168203976
11.561306753999986
10.438851920999987
11.646033120999986
13.969430266999993
9.904014575141424
11.026902210999973
11.898884368999985
12.749003458999983
12.880511983999991
10.850597786999987
11.789979483000002
11.035950985999984
11.362727898999989
10.358973633999986
13.187066919999985
10.43785779399999
11.396207067999962
7.000908932506391
7.4736627807974125
4.804126611299992
7.085763021898702
5.658060494999977
5.3481875045999985
8.200314073202552
8.258235453797418
2.66666184389999
2.5867139480999928
0.8124100484800004
1.8681697372000043
2.4696687179999985
0.8658432335900011
1.2917667585271928
4.353190019199981
2.247221212799994
2.452141877699991
6.13933303529999
7.259888212599996
8.010302870202544
6.062642156999999
3.1734904021999975
4.747842092899987
5.40775230259486
4.988833758499982
6.840674374405091
7.465358604405106
9.034908138999988
2.7582546355999926
2.4610556183000014
4.091579356399994
3.8724400391000033
7.071437046797408
9.95909553685853
10.523689085282856
5.541593099999985
1.4931131911999922
5.004463804599989
5.281660064699992
4.2041189589999926
3.0929060271999775
7.222061814898688
9.425704615863985
5.240145777898695
2.336851203899983
3.6880608596999904
0.8654359726900005
1.075039611799996
3.504427577199997
2.6764021361999935
3.16050332339999
3.114669210799978
2.9640683211999983
4.471043058800004
2.9527232956000034
3.8365701232999854
1.930364950599969
8.591401403797418
11.175334289999983
9.303282984931982
1.939815031399999
1.0457232639991836
1.5344924149000012
1.4610729187000022
1.634290808099999
2.7545859847999985
1.4250369750999994
2.3191593902999874
2.253085368299979
4.750035124199982
6.880066693101253
8.38874627989871
7.267513914499994
1.8977464232999965
3.307546981800004
3.5648679900999998
3.8338035751000037
3.6375965972999857
6.560190664696116
1.2813779662999945
1.2842965972999982
1.0405073379999987
2.6325920699999963
0.7608459646199992
1.4364750909002717
2.4986972045999956
1.790881158399994
2.5842038955999915
3.7264195693999986
5.4749581253038135
3.944795794699987
1.7551860640999966
2.510724854999981
2.8727487090999806
3.9485167678999895
4.202098046899986
5.578137844799988
6.555310159303817
7.193521952799994
3.8833492934999962
2.4994245102000012
1.993746643099993
3.046191274999991
6.271158265696144
2.4010349441999863
2.115603558300006
1.6083765045000016
1.9103553818000027
2.0709263915999814
3.4527772140999975
2.499727259799991
3.034912515299993
5.323370565799981
5.281430737299984
5.699573838797416
3.2135333602999925
1.7070127242999953
2.9896200225999854
2.6442032210999944
4.751726705899992
1.8956538375999972
4.931322972099987
4.652343868999982
6.500259565696142
8.599740641797426
3.6998481246999866
6.1629841124935725
5.475644862405101
9.155123860202547
8.364045548999988
2.807764567599987
1.4869454446005355
1.6623359832999884
6.693231475797419
7.143925819399992
8.421502288797425
2.495316171299993
4.783403242499972
5.331601608303817
1.579308108499999
1.8480222594999955
3.2285216384999993
2.561243241899994
2.956945336899996
3.9992660903999897
2.473474932899991
2.593785763499994
2.304804998799994
3.2314681518999966
3.689135661299995
7.064835465999984
8.631179350303823
1.9203795958999939
1.356017478899991
2.2451408095999814
4.515973557999997
4.321765966799983
2.982559738199981
1.1880204178863933
6.481003549202523
7.652190489202536
3.0283466338999863
2.0639265395999966
2.2877719588999916
6.6425383743038156
2.3695879958999977
7.70470283049358
2.475517292799997
4.138982498199982
4.959663844303812
9.670657714858544
8.47542152099999
10.958318043999995
12.032709006999989
8.584247378493588
6.900114245594862
5.031659596299992
5.973419145202535
5.898535021999983
5.451226364099989
8.233174919101257
8.615187290999993
10.412085209999987
9.722726228203978
9.184434873999983
3.1567396605999822
6.970355502303821
4.996833207699989
5.892715208399993
6.1662868590999995
6.768263653599989
7.789843922405107
7.579538621499992
6.263242309600005
6.558376170299987
5.864169419900002
3.742026827999987
9.587102746727988
10.138282091005438
9.611593508931989
4.733215698199984
8.864388815311983
7.810686045799996
9.888214515787826
12.123278426999986
8.764183555594876
5.732882997099991
7.95181309510127
9.935755598271996
7.948228500400004
9.34602663730384
8.261683200101267
7.15190866699999
12.89007700999999
10.086005567929268
8.200851455700002
9.466557990999986
10.975714222999988
11.541621535999989
9.844518623271988
11.126674373999986
9.768629385271993
13.230782393999995
11.298625492999992
10.513421773991835
9.979022096212141
10.448128701999995
9.118791732797428
9.165370501795987
7.678789900202549
8.416176530499985
6.914746112101264
6.264129405199984
1.191236935399999
2.025251954699994
6.5361243026961375
9.695311498999997
11.131990024999986
12.233580376999992
9.982689263929258
11.557691343999995
12.694668829
11.966197356999988
11.958623784999986
11.491484739999992
9.263343768203985
9.169603971898715
9.384588722135998
13.242182642999994
12.700957883999992
11.96926654099999
12.20596970099999
12.39536337099999
12.047858788999989
11.61986395999999
7.162698922699991
