9.441182118141425
11.733038770999993
11.170614792999984
11.808855839999985
10.397443029999991
10.909232490999988
12.717062256999997
11.325780304999986
11.362287671999992
13.338971796999989
13.563494617999986
13.077307786999986
14.274064155999989
12.633368175999994
12.310205193999995
13.428997674999994
13.691025094999995
11.516437874999989
13.761310047999993
11.851777978999987
11.561827959999986
9.20133855740511
10.800014586999989
10.50475055699999
10.956651763999991
8.492002090506386
6.555045280506385
6.763181027199986
6.461405624405106
7.202578546101264
8.657864096101267
3.528585552999993
3.646850723299983
2.857133143599985
8.123888691696147
11.189401476999986
11.70357850799999
11.801289603999985
7.5655597777974215
2.8915781020999938
6.0896789336999895
10.158498739717103
10.556112320999988
11.349439243999994
12.30197777699999
11.37329130099999
12.474490924
11.421902134999986
12.076712970999989
10.778412314999988
12.342840316999988
13.32214364499999
12.494656693999989
12.322361684999986
10.647660077999985
13.128055852999989
8.450640359506396
11.835451563999994
10.33933742685854
10.086396501141422
9.567094526787823
9.542394279339987
9.363687109271982
9.955825526282855
9.949124824646383
10.774315911999995
12.89259448499999
9.260284384135986
6.07308286899999
6.804487237493582
8.732219390898702
10.54979545399998
10.139401286212136
6.341857430999991
6.659206828303824
6.585876310696143
6.486808740202542
7.291837834202545
6.469287046799989
8.518853878797431
11.089630823999991
7.926350588999975
9.67452656872799
8.003437114000004
5.914878132599992
4.1091230620999974
4.3678537002999915
4.367750312799987
7.749813983202532
9.254088833594869
8.288274110405112
8.273758053594866
10.600264077999988
9.729175437929259
8.958023066696157
11.279477904999984
10.040298918141426
10.18241980292926
11.295709080999979
10.193871310282864
7.408432138101268
3.524418479899995
3.7723999816999814
6.908238781696144
5.392380619799998
2.842429389999994
5.146070378099993
3.4563780608999997
7.258281718399994
3.6365014420000032
3.8448534927000053
1.425127598599994
3.3020231322999996
5.859177590898688
6.44084661249358
3.4069947890999828
9.506958854787811
10.561919318999985
9.812213639863993
1.7977359726000022
3.4410865233999974
2.7965453917999983
3.478362766999999
3.705478569
3.7206088683999994
3.4415103759999996
4.077155161999976
3.1101725249999834
6.422591336101257
6.964657221999996
8.78192618410126
7.73585526579999
6.638159150696131
5.4079835586999785
4.1785504562025295
4.424781274399991
3.9443692962999957
3.629599383499996
4.200950657699969
5.4494854506961365
5.781818696599985
4.0083513869999985
2.0717133636
4.179197102405085
4.738061822499994
2.703304975899993
7.410373974600004
3.8159947890999963
3.1769023131999887
3.4787995238999794
6.785706460594861
5.254710555999982
6.480622552506382
8.966406761135977
10.927453135999984
8.617673422135978
1.1224783762000023
2.0351403427000023
4.067693720999982
3.294319377099991
0.9601346597787782
1.781031707799991
3.2513835311999815
5.90520810549998
7.570228793303831
6.855355703696149
5.985055471799996
6.301044644202542
6.077405670199991
3.223852288799989
5.7043300827
4.959668431099992
2.344667984
3.9770920165999826
5.158312770099991
5.871308253499995
5.710847909499995
5.821334753400002
7.080937780797421
9.557987298727976
9.715679978929264
9.664150524931976
3.1559057082999873
4.511815597499991
2.025366627499993
1.8461769210999996
3.206915954599984
3.7194770202999803
3.5912627121000007
1.5966930679000007
1.5633353805999963
0.6379808052101235
2.414737516799998
4.989717994699992
4.850997128299988
4.563670175199975
5.4902314498986895
4.839139088399993
6.198250755299994
2.0707950393999948
4.725072210699985
6.165196484399992
7.059380644202539
6.300738655099988
5.3080777160999935
5.061792893999994
5.3787790847999934
4.9215053146
3.6601779433999853
2.0716708205999947
2.883957939099996
3.187900918599993
5.000296226493573
6.9816706421012515
5.39716770019999
5.571223303199991
4.697747041303809
5.38884346310125
7.052420785493582
5.874622286999989
8.40048268593197
1.7689425887999992
0.7952837266000008
2.1258757720999952
2.984186878999988
2.8178042099000007
2.501417456099997
1.8781683090000012
5.171694270303811
6.428848733499991
2.983757954399996
6.035867401101258
8.409557749898706
9.484022029067988
2.554270428499999
5.3323783248999845
7.357673632797421
5.834764588899998
6.394352421594861
5.946759204099994
3.3801132537999856
7.0704963988987
1.3692137420999992
2.739926385499972
7.213749035594866
6.337117198199987
2.1207739272999944
4.031830128499987
5.372795184299997
4.911739163202525
6.394564596594859
8.118021054101265
5.056795941199988
2.193715429699987
5.67711725919999
3.2722160003999776
3.05355608979999
3.275021668999979
3.158963027999985
4.752733081099994
0.5309948278399985
2.5254329848999872
3.196210293599984
3.29961582949999
5.833990153499991
4.790610295101256
6.924326649506384
7.595065351898695
5.911023089594852
6.52919544219999
1.658694338999996
6.195932708699989
7.940983785999986
5.84875469359998
2.0202863373000004
1.8001092040999944
4.715923193405096
4.704187593099988
2.961150685099998
3.9764152465999674
6.560325907899989
6.6793777297999934
7.019460909999982
7.4379525711012615
9.44575545665999
10.291247260999986
10.402288178999985
9.685751232931986
7.225060647594864
1.785313827500002
7.996362785203968
8.952170599405108
8.872609974696156
10.441942034999993
12.088504552999986
10.528750757
10.14071029814143
10.487477709999991
9.398000321999985
6.780228686499987
9.131570951797432
4.835452400199995
9.626073553339987
1.7639118941999963
9.591325355659983
2.9040334578999962
2.1370562331999987
1.6798008941999993
3.5208606612999698
4.454774075299989
3.874985632299994
4.279954475399983
0.982212308499996
3.562359443699999
4.409244921899989
6.006931692493578
7.823761608898715
8.696963293506387
9.036481397999985
9.977952622999991
10.759404030999985
11.688540117999988
10.603359307999991
9.865850201271996
8.839268131999994
4.633816999799986
9.717689965863986
12.85919095899999
9.116516487101276
7.681694894405093
9.669267939863978
6.359879002399979
7.658110406506378
9.799969439787827
8.198341860999982
7.89749828030381
9.285732394282856
6.808709068303819
7.161512503101257
10.005983935646395
10.175100089013595
12.502641071999987
12.788162853999992
3.6886244369999925
4.758143150303809
9.21148127593198
7.926107997101271
7.774086552399991
9.04284783940511
11.016735776999985
8.34121722869615
8.213392645303827
6.855283508303812
5.913448144499997
6.654864762899992
6.097173104899985
7.097389192199985
10.342383140717109
10.56554678299999
12.248697655999985
12.15778229499999
11.935323858999993
10.23038831186399
12.388018395999998
12.531696535999988
11.380652791999982
11.225342786999994
10.905638442999988
10.593451760999985
12.497165267999993
12.416618258999991
9.966346482863987
9.188352593999992
8.948614643898708
12.531814341999985
12.235084203999993
10.87662965199999
11.057589962999993
10.82249267699999
11.70290651899999
12.19061703599999
11.180309919999987
10.970507952999982
10.779593184999989
9.686452154659989
12.173554326999993
10.93930850799999
8.423420872506389
11.878710720999988
13.102615203999992
13.66959157699999
13.70608134299999
13.03659084899999
11.982383637999986
11.396210872999985
10.795952869999985
7.73789260710127
8.836267651400004
11.64958926999999
10.756910749999989
10.921621003999988
11.265883616999995
10.451978774999997
5.825645303303812
3.3377714034999713
5.243834411599989
9.595021746791993
9.947109587033278
11.748880842999986
11.063147191999992
9.783900158795994
7.784939065594863
7.292130628999988
6.705667642202545
5.843654899599986
6.965495446799987
8.58525844569615
9.30939700006799
9.994112089646391
8.413391906696154
9.856475454795994
9.754044032212148
10.327549801717108
9.294730065898715
10.192856545999996
11.019976999999992
9.367701809696154
8.114124363696149
10.591677193999992
10.371720621999991
11.403830750999987
12.145636403999994
10.75925370299999
9.753163517863989
8.214098199506394
9.136146400506389
5.7594031966999895
6.1426196044999894
6.77241977539999
6.37295428159999
10.800390697999996
9.828238906929265
10.608165217999995
9.433985005202551
10.589739542999986
10.154165711999994
8.463814608797426
10.345148614999985
10.104118777353586
9.019678095999984
10.822777366999986
11.012895911999989
9.190858464101266
8.230865425101268
10.921042324999988
10.456372503999985
10.679946668999984
10.822869857999997
10.649810001999999
10.837103153999989
12.89666664599999
13.60645693799999
11.798689992999996
8.645446374493591
10.99027172199998
7.247159394797428
8.73734267730384
8.238008033797426
9.833388595727993
9.844290011717108
10.97865122699998
11.821427192999986
9.796280485646381
9.099507865898705
12.222777811999988
9.974973745787823
10.861645641999985
8.026081256101262
5.218336556999997
5.958916683999996
2.804954077100003
3.360775981099988
4.670077284199989
8.173384461999987
8.923077777101273
10.108267362999987
11.41950272199999
10.478980066999993
2.4524451522999886
2.3661942306999997
3.3259294372999855
4.615082066299996
4.292787028499985
9.576250703271967
10.4228801087171
11.083020405999992
7.743564004499992
7.001152366599991
7.152174237101262
6.271202972405092
6.734649165299988
0.967514890385851
1.1236018954994549
1.1698582473999943
0.7895485942863946
2.820100497400003
2.4963368316999897
5.855782958999993
6.435507301303818
4.492879849199994
5.451557102999967
8.48761667620397
9.386040371795985
9.690092668135993
8.452518972797431
1.4553718445000015
1.496633898900002
3.533498396299987
3.5233408493000025
4.2280946608999885
1.0067969758000026
2.4265420455999847
2.5640563598999964
3.6267399123999833
7.480987216199992
8.5512045958987
5.448978761299991
3.6127836318999966
4.309566296399986
7.0095382552999945
8.192410459899993
6.7631880126999935
8.92737812350639
3.7481281997999862
2.1120662658999882
2.724821458400005
2.065489602700002
2.7023678574000076
3.8557117644999828
5.056147962999998
2.2751856826999814
1.7234725722999948
0.9479892706931983
1.139388796999999
1.4516435790999962
2.022209239199997
2.1938666000000073
3.6352393250000055
6.234836250299987
5.723141311594852
8.660565187101263
9.163482662999982
7.797143200696135
4.928021849099987
0.773080667110001
0.7206050671600008
4.02097956239998
4.9696639235999776
3.2535757598999835
5.881191711399992
1.5313556580000014
2.5042335892000027
6.639586914099993
4.58210464019999
2.510651643399997
1.9195299849999967
1.5945603133999966
1.5409712829999924
2.9288245833999857
3.90645196079999
4.920145960999983
7.848368826303826
4.788409936499991
1.3330039519999999
3.67886354979998
4.502262229899993
4.129311660799989
7.7144023849000005
1.4805168640000006
0.8917417018900009
3.128321258499988
2.599950323499997
1.7776914611999937
0.9963604280353563
1.0782389449999945
3.8826306746999872
7.051120819101252
9.885661315929264
10.072938708353586
9.660004269282862
5.773259187299988
2.0875193770999916
1.456572607399993
3.3739253722999867
8.892338609303824
9.155379386898709
9.151282301303837
8.695800640898703
9.780356892271987
4.6092074996999886
1.2394130108002739
1.9713721190999975
1.7994408446999952
2.70086091609999
3.252658454899985
3.3082409591999933
5.638212713599983
6.647151621999993
8.637247637898712
7.424926806594869
8.332889355506385
4.883892666599978
4.156812138399989
3.958789950599987
2.540977517699991
4.704308778399982
8.431038101135975
9.063209106405106
7.13674536899999
7.889478366101258
9.464845535203983
5.868274955699982
2.882487101699972
5.173913536099985
5.487966708399992
7.307214817799995
9.104099175999993
8.855027667202545
9.677810430931986
10.396855823999989
9.392450854506395
4.740696018999992
8.838728929070689
12.04245335199999
7.747095498696134
5.688402949499985
1.6672876510999988
3.2977850829999737
5.8515314269999745
6.251851539594847
8.233566641202538
11.550731695999993
9.700388957202554
11.151993026999989
11.58071602599999
10.507126659999992
11.360160186999995
9.95875323186399
8.014055964696148
7.849069628898709
7.786903932202545
6.429777571101264
6.890880506898703
6.800822442594864
8.857507818594872
9.442368185271985
10.18128358914143
10.719063163999994
11.678134592999987
11.102356237999986
5.405333084099992
6.6134609741012556
6.931753047199991
6.0762171371012546
9.00621523899998
6.443147592199994
3.8429384917999903
5.775420803799989
9.590416546727981
7.672609756506383
6.3617775176961375
12.044366454999988
9.22288991550639
6.453777976999988
8.255543415800007
10.03838985293198
11.177508405999985
12.526658320999989
11.993149379999986
12.968721473999988
11.876014115999984
11.265362911999977
11.899493169999987
12.47682655899999
11.767916825999986
8.549379243506383
8.336866702303812
10.499496647999988
9.169747442594877
12.26252037399999
11.745257589999989
8.98121054989871
12.266728058999988
10.117551748787829
9.161471623202546
9.127827772493589
9.018795149202546
10.051491570999984
9.831813572795998
8.888194471696146
10.639030886999986
13.175308753999985
12.628703821999988
12.000235058999978
10.414845077999987
8.829905256696142
11.340539193999984
13.886794739999985
12.689854351999989
12.593676153999995
13.930455909999987
14.08411873599999
14.299490612999998
14.299068780999988
12.811102431999993
14.031742391999988
14.750315635999986
13.373841405999991
13.01959967699999
9.659962426863993
12.243790970999983
10.425602332013604
10.353441530005433
9.75619894099999
10.34028785699999
9.970902958795994
10.57055517599999
14.190457929999992
10.665564945999973
13.436711080999993
12.223509137999988
12.27754562999999
9.142283709696144
12.144375626999985
12.158792078999987
11.325387024999989
9.480983602931984
10.82219917599999
12.649493020999993
14.010248443999991
10.299255312997273
3.2732599791999966
4.195476171899994
6.786002313199988
9.152684684797432
12.716688093999991
12.549035084999995
9.908884753271991
10.420981353999993
12.835290543999987
13.55349881399999
12.463890345999985
12.875685006999989
12.665074225999986
13.638104912999996
13.746972765999992
12.589273229999982
14.824092678999985
12.311586045999992
13.455987221999994
9.285152728311985
10.771759217999996
11.909917220999994
11.04391294299999
11.68654011699999
11.516791361999992
9.64637078399999
10.864070362999986
11.606912736999991
11.06588965599999
11.926585669999985
13.07650477599999
13.119122846999986
12.159772095999989
11.809015151999988
10.78603320299999
11.987898180999986
12.863239094999992
12.476282850999985
13.912193097999989
13.951881495999993
12.937200293999988
8.693184480303827
6.957467736799992
5.914618266299984
3.2933764053037966
7.065135574303823
10.928041720999982
12.651274497999992
11.429091952999984
9.730330599999984
12.71938357199999
8.848123393202554
8.999655340594876
8.082315483101253
6.4243931411999915
9.085812301583987
10.122455685282867
8.740847889696143
9.899760890141428
6.720367961099996
4.55439625239999
9.05858431849359
12.086850002999991
11.09850444799999
12.26921951899999
11.786611431999987
14.244841697999984
11.186519396999987
9.61842837979743
12.839110090999988
12.096773807999988
10.803025777999991
6.4606161148000005
8.90186282959487
9.986625660787821
11.204238245999987
12.60629998599999
12.57393300499999
9.372688844212128
8.681947709787806
8.89782963869615
8.03693835450639
6.732278597999999
6.493351010099993
8.318272615101277
10.365493744999998
8.68025677031198
7.009894075000007
10.25930927293344
12.778064902999988
12.399400667999991
8.611362136797423
9.045210163898712
10.133251446659985
10.752944332999988
10.784029923999988
4.042439620999996
6.018315075696129
8.799755888405105
10.065094436866875
11.390040053999998
12.48715818899999
12.291309752999984
11.479297405999985
11.568247392
10.129130801271994
9.388154855303831
9.088698893696142
8.370668972797418
8.408607919303838
8.990726470898709
6.9663972777974275
5.656263696299988
5.050384326199988
6.8135675461012655
10.445554050999998
8.317799816898718
9.415764744727985
7.969068191493586
12.088555440999984
5.831150952099984
4.852716108699982
3.9753735930999974
3.3603133026
0.9727590988135987
3.415787571700012
4.876702816800001
4.351235678099998
4.127667877199979
3.4443247054999673
8.12727491910127
4.653496339399992
3.527771577500002
2.119727659599992
3.8623264312999734
5.928776959199985
2.9971966460999897
1.4590513335999868
3.748924342299975
5.819695892303817
4.29385187679999
6.161794975303821
4.735952737399984
3.341960987899999
5.419799299599994
4.422433566299992
5.264150392199989
4.579225044303812
3.660869018599972
3.162267071499995
1.099782608799998
1.2798244918999966
6.632630372599994
6.656003768899992
2.968759982299997
2.901720072899988
4.045786958299985
8.532345921303826
8.600086848405116
8.575767019699995
3.9307701613999937
0.8841619021400019
1.0001522218912176
2.2766037185999934
1.2264905546996019
3.3565950835999665
2.3185292252
2.4130168549000013
3.892962448099988
6.487074044799997
6.030269093299986
7.50447731320254
7.909173895303821
6.895312049898706
9.274604823203981
8.201106289696153
2.1345495574999966
2.1875625565000005
5.486968830899981
6.707283119199994
1.5969649733999949
2.369722802700001
4.9390931137000065
5.7146859786999915
4.580236006199992
1.2368965682999962
2.7779143294999993
1.4960890136999945
3.1129472443
2.608598667900002
2.4140922119000034
1.708025541699999
0.9474180293100013
2.816898083499979
2.1974799453999987
0.5233500287099978
2.391124146999958
2.258100320399974
5.105836921696126
8.467469415303825
6.530528527799985
5.518230868499995
6.012648495500001
5.897913290405086
7.151933669999986
4.181052389499997
4.794771107499984
7.3746339736961435
8.444859010303825
1.423133151199999
1.1798751083000005
1.5867875336716981
3.3486033278999963
1.778224726899997
1.8577491485999926
7.883743536405098
6.869658561696141
6.358226525898696
5.6939562240999875
3.3208676772999963
4.32611607359998
7.134635661303829
2.9108621108999984
3.6178053818000007
2.0946623687999884
2.898280970799987
3.322072598299985
2.8999413085999914
5.222948402399994
6.874104138202551
6.42023213809999
5.432242336999995
7.805636541696138
6.010448380999989
6.395727307101262
6.97698450779999
7.48643941959487
8.387071217303825
6.737297369399991
3.273596107499983
5.522952450599986
4.367450732399995
3.434551458699984
5.476658793600001
7.713279258696152
6.503998257399982
8.734821256999986
2.886616284199987
7.87297820893196
7.827082327303826
7.3494183349999895
6.249971412699991
8.686833604405116
8.634699565101263
9.542489186067984
10.15957968299999
6.892520196493581
6.844653887898699
8.978102757203983
9.733532997067986
10.701838401999993
8.317294952405108
7.411658415202547
3.2111941390999954
3.9891203460999898
1.8720006255999753
5.6372354995999885
5.09890266569998
6.375054147303825
5.52653391269999
4.42938337399999
4.163362713599994
2.9827961257999984
8.049296281405098
10.163106632999991
11.88633366099999
11.18769715899999
8.46432225040511
6.138158682299991
5.789786709599998
8.236681863405106
8.934381129506392
7.749293620303826
10.834068509999982
11.810570676999989
11.62991457799998
9.711205056791995
10.77073136699999
8.023054965202551
5.027065438799989
5.128649549899986
7.36505590820253
11.346364213999989
6.205582600399978
7.439998655696142
10.464797165999986
11.334366575999995
11.428526037999985
5.535641627499982
7.082237635797412
8.898815565506386
8.517214053303826
10.034156709203994
8.684573788506388
9.981664933858545
11.677389216999988
10.932215725999994
8.457464242594874
9.172422299202555
11.690062900999985
5.949115920999988
10.953846120999971
11.034945211999991
11.460336117999987
8.39697100679742
7.212307278405104
9.67948086533999
9.599726493797435
7.264297389202543
7.262222196999978
7.025224543797421
6.99370980679742
5.558930937199981
8.843521704101262
7.623908413699995
8.871460166898716
10.669154925999987
10.021199888727985
5.005388139299978
5.550814234899986
12.261437667999989
11.53859597599999
10.923522710999992
11.706426655999987
12.49928711899999
14.089928544999989
11.424135431999995
11.038090067999981
11.435170154999991
11.012114905999988
9.713240632727986
12.95980558599999
11.778742644999987
9.054300808795988
5.396294888299985
2.3045016631999733
9.70330919028286
11.167663378999995
10.832151583999993
12.771520643999994
14.461329802999993
12.227652070999987
12.678471439999985
12.049409069999989
11.84569010199999
9.399818714895986
11.06082497099999
11.98123870499999
13.675648368999996
8.244852146899992
12.048463959999985
13.566328449999997
8.904448028594878
12.490709058999995
13.89105225099999
13.004873670999988
12.921569278999995
12.44654730799999
11.606691729999989
10.17595895528287
11.161558240999984
10.58208611299998
9.80539535072799
9.199111239594869
10.472260883999981
9.55179188827199
7.609439448499994
9.133972427405109
7.727203097499995
10.081934507858552
11.061132813999988
13.23095808299999
13.883911098999992
14.08615368199999
10.291001517994555
3.0941607757999927
5.097776448099987
8.249425112898699
8.620956272898708
8.982176681493597
11.867861698999986
9.444418363999986
11.131039614999978
7.883720808405101
5.596345179699987
7.885680387931961
8.427667202797434
5.063871089199982
4.991562074303815
8.262576338202532
12.632664013999984
13.79575842099999
14.09516389599998
10.07725190421215
11.458695826999989
11.004585114000003
10.095935833795995
10.582633057010876
13.43310956399999
12.771936097999987
13.402655622999987
12.811330558999988
12.072862394999996
13.01413600599999
13.088073476999991
11.745299930999987
8.452213693202554
8.179276251202548
8.052297982797427
9.163196797202552
9.570355166583985
10.185932589999997
12.117990507999991
13.652488793999993
10.04262887579599
11.414221732999987
12.18589006699999
8.427184585594869
6.421701766999993
9.200874822999989
11.298298444999988
11.341972649999992
9.256368891931983
9.01222084033998
11.167965503999994
9.653993872103992
11.882730404999998
12.648140847999988
10.99994888299998
11.641409092999984
14.500274221999993
12.045190131999977
8.295059568791974
13.079553852999988
9.299434712202556
11.118585601999975
9.961941778866874
9.027369831797426
8.482904699696146
8.712370603898705
7.725471546898698
6.4627505828986855
6.8677397567999865
4.765358335899974
8.613539520311969
12.663677833999985
7.8448326888987125
8.00832947690001
4.826277177399978
5.6546636688000005
6.725959654200003
10.310481984999992
11.047270611999986
3.367619868499998
8.744216174203963
11.76548647599999
9.369842089863988
8.437362412999992
7.217094271898699
5.418245207199981
6.059273313899996
4.889130558799996
4.482022015399993
4.152976759299973
3.702409654199997
7.551983480797415
9.820229513646387
11.632616236999974
5.514144705199989
2.022756323199992
1.5983312377999994
2.27773111879998
1.4771229416
1.4584636565999995
1.9817515273999897
4.616611468500003
6.912130946399993
8.953783929405114
8.0638208664051
7.6370548507974165
7.866958154303818
8.482649800101267
12.275970794999987
11.489424950999995
5.086086433399985
2.5682287307999956
2.1747628463999953
1.080420137013595
2.7292032805999993
3.0346245131999874
2.8809741637999977
4.194382586699992
4.833369110099996
4.627321084599976
4.338927868699997
2.1127959945999955
2.5178009399000016
1.7740942916999962
2.475555705299999
2.988498715199994
4.753383523599996
4.240267674299992
5.464576672405103
7.54360563659487
5.837573455799991
1.6741108214999987
2.9472439727999795
2.6240128554999966
2.8990932128999924
3.5616640517999723
4.069230973799998
1.785733548
1.5424518432999899
4.185531784101246
7.791873863199992
7.683553866599994
5.127710159299997
3.3423172728999964
1.030685175503199
0.730093749620001
2.398864134199984
1.9353976058999993
1.8738311706999962
1.8589191756999957
5.040368815594845
7.2872429748987075
7.6195545318987
7.441247250405107
7.102825384493576
7.083432958999977
7.2596205977974275
5.11608249509999
7.782190327339959
7.052303375202532
2.576253779599995
3.1080252562999715
6.492457122797419
4.203244023099981
4.463724426299984
8.174956230202543
5.75545839539999
6.703047218303813
6.603186064099986
6.751644432101265
2.2454559539999965
4.061488853499972
3.661847941599999
2.518320178199998
0.8930811968799999
1.7594127365000027
1.6623466292999933
2.6011597075999715
3.092048756399988
2.0270310653999983
1.3628436751999977
3.309024046303802
4.9505758605999866
4.7105091018999925
5.907831687899994
3.656041294900002
5.938299101303787
2.9510689147999973
3.765988848899981
6.341985293599992
5.290290432699985
5.131958564799999
6.803204466199989
7.043412126202547
6.930599609399992
6.427262600699996
5.908285678099999
4.840252670299985
9.407361395203985
9.230454696795983
7.911095262101261
4.865955209399988
3.5660344130999944
2.922971597299995
3.3658345077999994
4.780436891200004
3.346321167000005
1.2016362243999956
1.5075559525
1.8880047913000044
0.6782318278303814
1.5398853179999992
3.605638561999991
3.5405743834999956
4.750465202299994
4.50624929659999
6.475936787399987
6.15298065949999
6.643364381399987
6.620992448399991
8.957020791594871
10.094603774999982
10.824566503999987
10.05502268079599
9.811129685999992
10.384597837858532
9.202376319898713
9.396469015646376
9.61349652399999
7.4459655395999915
10.928665738999996
7.078706773399991
7.3814409728987025
10.334696629212145
6.327288473499984
2.7771482192999923
3.484024308799986
4.5374734420999845
7.619403575101262
5.524187127699982
4.722717222599986
1.5445813934211958
3.4878781966961228
6.654046679696141
7.264041001898713
10.064813497931993
7.563378550696145
9.678270840339986
2.4070607436999913
1.0977864922659935
2.218579507399996
5.635445135499984
4.146929591399977
2.681840673799983
2.170410983299992
4.984463532999991
1.1514818939141258
7.4572577758987055
3.640703420999995
5.259071646101261
5.693781144696134
5.290191647299993
4.496696298199978
3.8596338927999843
5.817253843699984
6.382749150099991
6.846605749500004
2.2086741561999848
4.909581640599995
8.729008857696149
7.110099891696148
10.67404094099999
7.262549282797426
2.1235537047999915
4.566781039399988
4.380163778699985
2.3993314101999967
0.9464831610787754
1.5987490890999925
4.739160519399991
4.062010440099988
10.3941933747171
10.421002555999994
10.448826682999991
13.003484456999995
7.8952537384051045
6.704237522898701
7.296335263101265
4.776271517899993
4.635457516499989
8.015082086202545
10.40785278299999
12.792045975999983
9.670774587999995
8.263159153696153
12.495256043999992
11.671798751999981
11.39074638699999
5.365634530599986
2.353265675399989
2.171060255399971
4.66460803829997
6.52484878079742
8.257051329000001
8.155621635405103
7.415987350506387
10.353324670282861
9.849978399795992
10.82238535799999
11.359104413999987
11.064681685999993
9.740042456070709
11.964804828999991
12.421902849999992
8.132524081405107
4.000428301999995
4.653835870399967
6.087308518999984
7.788307363898708
9.163021699493592
6.591533665499988
5.474266537499987
8.703409156797433
8.832558764599995
8.670612078898712
10.98251010599999
11.587695798999988
10.52717579299999
10.644539644999988
8.5570807159
11.117400722
12.303066761999993
12.544890416999989
12.075665995999987
5.898262690699983
6.060039883399987
8.418355668594872
9.79884996021215
10.190376155
9.120291450493589
8.19731568449359
11.193010631999973
7.195896455405104
6.235868002303805
5.966873532099992
9.277717536931986
10.666623010000002
12.63852713599999
11.539752207999998
13.045372844999994
10.908610711999993
13.758898943999995
12.575137571999992
13.649955068999992
12.554198119999995
12.470409726999982
10.108412596067991
10.737698659999989
10.845698980999988
12.710188184999984
12.638971018999989
11.421916846999991
12.748241799999997
9.992485375999983
11.730300429999986
12.423820940999988
12.884733693999989
12.610428512999993
12.992623528999992
11.84152953899999
11.126827154999997
8.504299146999992
11.453667008999995
10.84916052899999
12.826315142999986
12.690373163999984
9.705255064271991
9.857429367067988
11.824432000999984
8.011333383199997
7.809266764797431
7.202005198699992
9.843119073339988
10.722702315999994
8.980682672101274
9.467658189271996
10.151839704931994
12.108696555999984
8.757748394797426
9.477127873202551
13.13318175999999
10.304992130999986
10.568330510986392
9.786732005212144
10.145159771787823
11.561765003999984
9.832830784717107
11.598109830999988
11.91457432099999
12.547780933999984
8.599486628696143
7.845172723405103
8.66307433320254
6.371733195499982
8.199303788797422
9.953469319141425
4.936230526699997
4.944390873699988
5.229379621899991
6.329145864899989
8.520516023303825
8.465625431797429
9.397995555101271
10.574175802999994
10.306140117999988
11.263921020999987
11.606485325999992
10.307112014999996
11.51663807099999
11.064027810999983
12.530827884999995
11.511039908999988
12.703968583999982
12.408978119999988
10.704553185999993
10.494885018999984
7.785614916999987
9.810711523271989
8.291787638898704
10.829771163999983
12.597398848999985
12.351967127999988
11.439839249999999
8.840142446898705
9.670163310207995
10.85868064399999
10.679644233999985
8.83136035920255
9.009473380999996
10.47260091399998
11.585553266999996
7.664410754405108
9.546922299141414
9.210482675135982
7.644699386594867
5.600938726799984
4.959168661499988
5.21673587490001
3.5682503203999927
8.453648760999991
7.889918467696145
7.117787078900003
6.677101525898698
7.312586819506383
5.8900206664999875
6.415734603899986
6.512358338899987
9.70012154085855
10.863522529999985
10.437370124999987
10.518452607999993
10.193907943999989
10.027632388203994
9.37706952072799
8.04715981899999
9.068238502493587
6.527889837594852
10.768138691999996
8.403321855202547
7.006743753099991
8.462201856999993
3.618879222099991
2.9553091110000014
2.0181217666999993
2.9840850554999725
3.832857633999995
5.445012161303811
2.6907468535999883
1.3336663299999971
3.9762925246961287
10.01279347221214
1.5938165679999992
3.4415278274999785
2.4760109435999946
2.921208160400006
4.396464343299998
5.149429559299982
4.767858027599976
4.566671673599995
5.062855908200002
3.2428412169999845
2.5181651305999884
3.4061120620999965
1.7733133162999921
1.9390383667000033
2.526675372299976
2.132889036599999
2.095129969800004
2.6838673797999943
2.2694078368999957
2.792226289399994
5.190276191699987
4.106541374199998
3.44146899109997
5.376688330101256
8.969646928271969
8.42579318999998
7.968452362099996
8.606476286303824
7.966898022500004
7.9517790863038185
9.518979627999997
6.740938740499986
3.672202062999988
1.0617175435999981
0.9396275119800008
0.6533233509999996
0.7731163465500005
2.1300588271999925
1.1154642653999982
3.0320846877999816
3.126691377299994
2.3730132049999924
4.362000987199991
3.5354181594999936
4.322107498199982
7.798265969797421
8.578624861101265
7.90079024349359
3.1309271056999943
2.033180381800003
1.4658394912999935
5.468731339999986
5.030929057299992
4.118120466599991
3.0589803405999874
4.015792553699978
4.149240037499984
7.679345315594856
8.474365655499996
4.341775477599995
2.9660581099999943
4.401515698199992
2.2693120482999865
0.8222451549500005
3.436019732699969
7.161215994303826
4.989745010399987
4.116703153999994
4.163129081699975
5.523189979594855
5.051795193499983
4.986119615202534
5.8143141861012575
6.992547518898697
7.348905017101263
6.756809257493583
5.09013609619999
8.551518896339967
4.888118803399995
8.136560475135973
8.758510583506382
3.61460857999999
6.918816357399988
8.450545518506388
7.704444811999987
5.932326020800001
8.33643934330383
6.246068807999983
4.532642214999977
4.163300024399994
5.811905822799983
6.881347949199993
7.902156054699998
7.7306058730999965
7.890380903594875
8.929485125696146
9.099263322405106
7.916601460303823
1.1584366623000013
0.9838141626400017
1.0481233105795948
0.7736126480067977
1.2267236504717052
1.0318932218727965
2.8159177810999765
1.453108583301085
0.9695247377117135
1.2111195343999865
3.475430026199979
4.463459570299989
6.0220467528987
7.151641986101268
9.309981317067987
7.4159565842025446
5.7681997283999875
7.597966720594871
7.445722151199991
5.7133501037999865
8.073202545202543
6.284244850199988
6.540318850696132
10.309930148212134
5.256172759999978
5.956892538506373
8.371639404303815
7.899558607506385
8.307677497898698
7.7275776642025376
5.739358239699977
3.0063617934999893
1.9481192229999873
3.4103089583999826
5.616057131999997
6.300452973899997
7.723449925199994
7.885484175099998
10.27673789821214
11.30291848599999
8.195452412405109
6.961403558299997
11.820274314999983
3.1108849486999777
2.626541683999967
4.265107711799993
3.030372083999995
5.528794979900007
4.493440376299986
4.450725062600005
7.3893728821012665
10.438153023999991
9.871638732929263
12.214344971999989
9.434047997999976
11.036394210999982
1.749304746999993
3.040173194899993
5.202218983499984
7.061703680405108
6.680522396899997
11.641784853999996
6.78985564120254
6.2969098998999895
5.297094012499988
7.899083744797423
9.771332517999982
12.32390721399999
11.65975359299999
10.138738120999985
9.439811045863992
11.19212189799999
9.966405442863985
10.899430916999995
10.992455143999994
10.698763045999991
8.049059158303816
8.526871061696141
11.567643938999991
9.827588857999993
11.577782483999991
11.547689837999984
10.398661634999991
7.23040837399999
8.376164067101259
9.18648737789871
9.259876591506389
6.726158518999982
6.961753286696143
5.9009670241999865
8.205226257303826
6.659806207299989
9.32069554899999
12.771260584999995
10.606286931999993
12.058517650999988
10.906198273999989
10.933462240999983
11.965303283999983
12.87699528499999
11.52013770899998
12.186497643999989
12.250722136999997
11.168485111999985
11.770565934999992
10.668036507999988
10.90477061799999
9.912281130999999
7.544310545299998
6.563094419899986
10.831566695999992
11.73177097799999
10.898040014999992
10.506241068999987
10.451180826999995
10.710696287999987
12.583145191999996
13.411701865999992
14.217609800999986
11.817723476999998
12.492823021999996
13.492288753999992
13.029885607999999
12.378519260999994
13.842186249999992
13.329448887999993
8.98218743899999
11.03321177799999
13.224977265999987
7.227468193099996
10.952592940999988
11.39466328399184
9.83312054127199
11.037087574999992
10.488922909999985
8.722181800797438
10.730827376991838
11.345956479999991
11.469423179999994
13.030448182999994
13.228638241999995
13.74297331399999
13.336616703999994
12.28724021799999
12.739104409999992
11.341380974999987
10.627174546999985
9.656256045659985
6.091311151099996
9.800005722
9.623783413795994
12.48426207599999
10.344936023986396
12.919852137999992
9.839365858339988
2.0496979355
9.95125653385855
11.267100286999995
11.867742527999988
13.331617290999992
11.51470450399999
9.300334269696151
8.96551801150639
10.161061242787827
10.146815647931989
7.9946955994051105
10.710675274999986
11.087564333999987
12.698027999999988
11.873071277999992
12.865577128999986
13.349585395999991
12.789415899999996
11.616996277999986
11.31695813899999
9.59266810299999
11.80733061799999
9.910044998135996
7.254327755699991
6.233004954499992
9.122863700898712
10.937265934999992
12.889897178999993
10.260781484999994
13.278345519999991
12.322296918999992
11.293156165999987
11.115990607999988
10.72787090799999
11.309255649999987
11.65618469799999
10.782515407999995
10.15611277614143
11.511230358999994
10.213166856271993
7.318401777594857
8.123085787999987
8.024229777493591
10.576920673999984
10.098997744863988
7.678079789696146
9.728606382858537
11.266949624999986
12.857213410999993
11.524038624999998
12.615730539999989
12.609338431999989
8.875591114863978
12.188381829999988
11.27148910799999
10.839782747999994
9.891140006999994
3.7550963820999956
5.364676301599995
6.275802856399995
2.4316215972999897
8.141616964696153
10.26826360599999
9.840702801646387
8.76398521420255
9.733271745203988
7.932219593799993
9.69671764820399
10.269970977858543
9.828011061067993
9.076567161594863
7.119693067899989
1.8165958694000033
4.203857197599976
9.583395999103992
9.172723005700004
7.65954765469615
4.7051249221999845
5.405770878599994
1.5318776809999972
3.6150869461000013
4.309403353899997
4.661893577599989
5.9407136062999975
3.7722276671999944
5.568726301594853
4.4639901749
4.231582646199995
2.487524458299994
2.750240971399992
4.892253298999998
6.223313311799989
3.300622067299994
1.8707608321999996
1.2684678359999988
2.1114580184999947
2.1962639159999955
6.958932574506386
6.737934742696139
6.354874780303823
3.572434118699993
3.1471423903999853
4.287582893399995
4.120763056899984
4.724802665696138
7.294699601696138
8.842224937405112
8.842166014101265
8.216034107999999
3.0208620192999867
6.639065971405101
1.7684269791000014
2.2492986023
1.7426379593000008
2.2086062424000024
2.9749932219999886
2.8851403991999978
3.866970249899997
2.6294236617999966
5.2927122069999895
6.675121551493583
2.6548669739000035
2.5726446228000017
2.455437739600002
1.6506424300999865
2.4787616454999855
0.6610366513300002
1.8540046599999995
3.173832124299998
1.1758881332000015
3.6398914916999736
1.6462038207999996
1.7923808472000002
1.7475853226
3.1573406692999693
4.196315397599976
7.800577181999987
3.098659249899985
1.0624868993941479
1.460884278900001
1.1144643889999977
2.0256881682999963
5.337693087799989
4.641933966099993
3.5021085586999994
4.338343962099996
6.655854528797415
8.063889553863964
7.236120693999983
7.181025671400002
3.442141162099994
3.6255614959999924
4.392397499099984
6.2763062087999835
5.663140335099994
5.6020795348986905
5.914742188999988
4.041846964999997
3.9527923598999952
2.2988909392999903
2.9675723708999855
3.906601759299997
4.071153279099983
5.045673297099995
0.9942140354200012
2.0633070022999855
2.469625012199976
4.578967149399974
4.302645458999963
3.1490111434999966
1.8467510651000003
3.500260447699987
4.668468060299981
4.820627232399995
2.3116091689999916
2.6409433822999886
3.103462161299991
2.756596656799991
2.6225391921999837
5.736442213399991
6.1634503891012535
7.9138260817974215
2.7999394286999886
2.2757035460999724
3.155201220699988
3.4053364928999907
7.154028845202542
9.127062647999987
6.84351881869999
6.077382244899999
8.113967750493591
7.928736148101265
6.033848623699993
4.822985563699989
3.768891256699993
2.97806032559998
3.5021396560999882
5.075487040696131
6.203681874101247
6.215662618999969
6.984610484303817
3.162763943499993
2.8634208618000008
4.52996186519998
8.001197494493592
10.130649444717095
8.436088748202543
6.950032479899992
6.68482918399999
2.6222166030999885
3.132608253499981
3.569432472199991
1.5498996886999883
1.9983732039999942
2.2598844268999803
4.391573168899985
3.7634569930999846
1.4758162017999943
2.8947518295000023
4.706798764000005
3.189303669699987
5.628057971199982
7.982551470898707
8.969504067999983
10.54447625599999
6.277919360399983
9.996158067212146
8.499226629594876
7.095798982202545
9.423143534931985
6.6575246337999925
8.261225553898697
8.029316513101262
8.324888598594873
11.36376965599999
11.437501940999987
11.375432505999983
11.128639789999987
10.844273891999995
10.587305955999986
9.052632310506386
1.2104203861994534
2.946082914699993
3.795124453699997
4.151090676899995
2.2759507781999893
4.5696772644050885
7.750142695594848
10.565443464999978
10.491311307999984
6.510911062599993
6.324090650898694
11.379978611999984
11.14476216299999
9.698578060931988
12.25899655299999
8.33461833949357
7.596473725898681
1.899784768699995
2.252372244299995
2.262995085099977
4.969406243899978
5.374111167899988
6.124877728299994
11.868942623999983
2.536082650799992
3.520266670199982
6.469269616699987
8.430393014499993
7.613267779493579
10.266499560646373
10.21207954407071
10.171886819353578
12.32187857999999
11.931981647999995
13.78889539299999
10.866451146999983
9.513739068727986
9.447890513727986
8.315660082999997
10.210399661203994
11.763944390999983
8.47503114779743
1.6773097869999938
1.3680206008999982
6.354016769405097
8.198841569493597
10.813528634999987
7.496021067797418
7.222185386696133
8.40016844020255
10.41433747699728
10.142007597282864
9.167892553795985
12.867872593999993
13.361855041999991
6.371497486898698
2.947112458799996
4.912463726797408
9.688634490999972
8.204979058797425
6.085810574303818
4.458312684599975
2.13925205379998
1.3839843627999977
4.42128864289867
8.386784403999961
12.853261747999992
14.270229720999993
11.99446396799999
14.35027001799999
10.435930053999998
11.537152457999984
12.019759432999985
8.234999992405104
6.22416012120252
11.298542491070675
10.239243376141426
10.378520736787815
9.973340989787827
9.042269337506392
9.253145101931985
11.30352049699998
15.00113621499999
14.718283591999986
12.18902337799999
11.069737310999987
11.027733780999988
12.688162478999995
10.761788721999979
9.49915673831199
9.48276115579599
8.28774935610127
12.158455480999997
13.849447431999986
12.685574392999994
10.738393776999985
9.710489912271987
12.993673298999994
13.672371499999985
12.58202724799998
11.215311226999981
9.72463470913599
8.503702697797433
12.771362894999987
12.598428394999987
9.613858802863989
8.580558525101265
7.808268205299994
8.10627241820255
9.929761502067993
11.260732207008159
10.055953060929271
7.920107020594866
8.504255265797436
9.680784005696161
14.115062085999995
14.60935259899999
13.021435265999987
14.565610439999988
13.402039768999991
13.81486637599999
14.368876523999988
11.250557439999978
8.891130938795968
8.729209944202537
10.806976967999972
12.13642600299999
10.385625466931979
12.5801687
12.537264939999988
15.299852518999984
15.375223337999989
12.591117629999975
15.626541733999995
12.944503318999992
11.708057269000005
8.749651737999992
9.003207983271984
9.706720794795993
12.696326543999993
11.991826735999982
11.830285573999987
13.381454108999986
15.26288263999999
15.767538529999987
13.755762128999987
13.87606165799999
13.527976381999991
13.126815449999988
11.558556676999986
12.794898699999983
10.512282555999986
8.158546293594863
8.813642672696142
8.175463061493595
7.799853790299999
6.888650033594862
9.216264355506388
12.99020090199997
10.570520606999992
12.607696897999995
15.138620098999988
14.58895939199999
12.716748464999982
11.57039343299998
15.173131278999993
14.065092275999989
13.007295781999991
12.49458125299999
8.048718624895965
8.627644648696139
9.891229954659991
10.290682186999991
7.687805052202536
11.155104888999974
11.195165946999985
11.619944976999987
10.728978052991842
7.437543208299997
9.354206339999983
13.627319182999987
14.900218827999987
13.956195780999982
14.660094217999989
11.381333133999986
9.10586025240511
6.1266000869999875
6.251559452799992
6.555247927899988
8.682166210898698
9.882197430282858
10.05178362000816
11.399587447999991
13.07713724999998
12.209192808999987
10.86842357799998
13.419537279999984
7.457199908405101
2.8954185454999735
5.335370297200004
5.239907546999991
6.727919598399996
7.124861881999962
12.96926777499998
5.881627226299989
6.05748926699997
9.565474551271972
7.608466186493586
3.1785978866999898
3.793143424999994
4.585899525506355
5.014087574799998
3.7865351760999975
1.9789754210999952
3.838827799999988
3.7772929427999955
4.381534762599993
4.665381022599994
3.991217976399989
2.777351217699993
3.3758584151999997
2.205611415099986
7.378573670999985
9.113544175795969
11.08941928899998
5.441657325699982
2.288852879299985
2.619627349900001
2.3188962859999895
2.07510345609999
2.67624278259999
2.5187498839999893
1.1897917708999968
2.6524264129999926
6.05902003329999
5.686101119999991
4.73830077969999
1.1325299276117151
2.059611660799991
1.785547224400002
2.7080680800999875
3.847418426499981
4.661478355399998
3.1189374236999976
3.629879878199996
2.3516721114999948
1.8658019439999993
2.2286835097999877
3.3375891036999916
5.9601900084935675
6.311650591999981
8.194960122696141
2.3313668624999884
2.145188983199965
6.3759937407999905
5.524425086999983
8.46876337130382
8.03952984769614
6.409564126599993
6.923010917696134
1.5997233200000007
3.175256320199974
3.484743365499991
7.93218601530382
8.194230648797422
9.394980087303832
11.041912433999979
9.09684525150639
7.126319331399992
4.786485584999987
6.985276467898697
7.119624418594863
8.320161337303823
5.648759876999985
4.52683290410125
4.997121118199995
5.882248416099988
4.445858840899978
4.922459202594852
5.554542750499992
4.866944982899995
8.181579742271964
4.3728209487999905
3.7496971251999875
5.909896438599987
2.3991953551999954
1.0879512908999984
1.7194552260999945
5.358791020199982
4.459396638499992
3.68624707489999
7.026378750594856
4.28263113559999
4.853509864797409
6.15433542329999
5.618830929594861
6.186015260299988
5.61515859530381
6.263139889499993
2.9539277556999886
3.1415283446999704
5.359930255099978
7.033022152696135
2.925165122999982
1.7212479919988988
1.3089874053999946
1.3366276992999986
1.185040519700001
1.7094442046999965
0.8551953322271958
1.332814317299999
2.301151823399987
3.7702653716999834
4.421123254405093
6.95703130799997
10.354753295999986
8.101816171303813
8.127724543797427
4.783486805696128
6.60273847499997
5.635003449999978
4.229702976999987
2.877627465799982
5.4755199508999794
6.08443497009999
9.527826396135989
8.021085667405108
6.469505046101266
8.458551698303813
7.40199736630382
8.48223552859487
6.493093691999991
5.125583290101254
6.11625758509999
6.175515505999999
9.467474400203978
7.999549233999991
2.3431362990999927
3.809000289898682
6.324052496303814
8.51412811130382
2.38192533569999
1.4933600524999977
1.2124071815339867
3.341424095199991
2.7476218749999948
3.529966181899982
4.807191317699978
5.872758532699985
6.530063294999992
2.5656891723999897
7.217019238299997
3.381731375101243
4.884969146699978
1.8828621642999934
2.9549493819999952
5.878045123299987
9.440972817999997
10.230906805282856
9.442664723135984
7.878893788101261
3.190025730899994
2.7359050841999943
3.220135810899986
6.148814701799996
3.9235235321000017
5.207435214202532
8.779390563999973
8.05702673650638
9.88892092428287
6.330441093399983
4.614975077797414
4.060472387696127
8.439751493797429
7.879581124898704
2.4162802474999947
4.1267246291999875
9.078821388202554
11.907183286999986
5.475521078506377
1.5939511611999897
6.256003712506371
9.265130891282855
11.956495354999989
9.366254011646385
9.010561431898704
9.7156624985064
10.747646117999997
10.297944332929262
6.124824954199992
2.725798825099992
6.706788511696138
10.442038345212138
10.234925195212146
10.360828565999983
8.179046740696146
3.8301587615999844
2.9803515487999896
2.850269848599986
0.9776667096067925
2.762226785299977
6.21385692289869
5.508993575999998
9.115846256999971
9.138565940898705
3.181862690699987
4.3998913299999725
1.680144215399985
7.272761776696121
8.232448506199999
6.855950918599989
10.622335636999997
12.146135209999997
13.426037046999996
11.929713259999993
11.31851265999999
11.945274177999988
12.268967798999997
12.651850336999997
3.533019869999988
4.853349801594847
10.77375046699998
9.828048349000001
11.887224537999995
12.258338056999992
13.427943375999993
11.324149817999986
3.469780905199987
8.191891726696138
7.881977926594869
9.20043078920798
9.232044901999993
9.846128512727994
8.915747447202545
11.286668053999987
12.883606711999992
8.871170086696155
5.968696632399999
7.778673084999998
7.4177827315948655
8.51017456359487
8.380358754000007
12.189914950999986
9.4799229737171
11.250922456000012
11.368259874999994
9.603599497999994
13.272697671999993
10.661883013999988
10.06896065679599
7.929720602405112
8.311410949696146
7.106070123303827
10.842926543994565
8.998641984594865
9.61032499228287
12.431457418999988
10.872021206999992
13.288198302999989
11.688191816999984
4.870559928899984
9.96058890992925
12.521268187999985
11.296317382999987
11.294286214999989
12.93835787699999
10.239568345717108
9.839998336863998
9.020718225101268
9.494201914999985
9.651032752999985
9.601375874311987
7.350755137594869
7.880269039898707
8.858034443696146
9.03092865299998
10.139746614070704
10.432404067999983
9.056642767203986
8.83760944820255
10.134366569659994
8.718347801202551
10.72019920699999
7.886203240999992
8.604818653898706
10.604566501999988
12.072432081999995
12.407926645999988
12.542892377999987
12.554624538999986
13.539978037999987
12.566311794999987
10.265516984717106
9.651219869999991
7.964759027099995
11.979065963999991
11.40853726199999
10.912468923999988
10.631903501999991
10.819575020999993
10.860580370999992
11.49834905399998
10.421586053353579
11.433635718999989
11.76114693299999
11.464199379999986
11.36474000999999
9.107313259898714
8.954861614999992
11.384889300999985
9.183592449999987
10.087258837931993
13.234777010999995
11.344406486999992
11.535999361999988
12.092665864999988
10.235227260989117
10.297064690010876
10.35375850699999
12.724257320999987
12.599729543999992
11.397261104999993
12.253697563000003
10.281994489999983
13.350457367999988
13.116058845999985
12.527657270999983
10.40913783599999
8.20874228210127
9.556276370202566
8.895023434405115
9.393984806863989
9.428702464203988
9.853027917339986
13.193335929999995
12.77107736199999
12.692362475999987
12.28252821799998
12.297927987999987
10.791251961999993
11.170842168999993
11.286452427999986
10.26353993799999
9.760089697303846
11.784606565999997
8.338219822696136
12.38070921899998
12.08958032999999
10.187934703070708
10.340045054717107
8.970482560696151
5.6699118041999865
5.789117219499993
8.522368987999988
8.872556111101265
9.76216934806799
6.183667777999991
5.587131683299989
6.905894790599988
8.98173496699999
8.864397528101271
5.669208740199997
5.565695001202529
9.875958801311995
10.951914036999995
9.98559142472799
10.861250448999998
9.02015728910127
5.230727625999998
4.408635021999992
5.045647485399993
7.969330752600001
6.856169627399989
7.457354919405106
8.823000778207977
7.161810755898709
7.127945982405098
9.852825414999982
9.493131449931989
8.470127258303833
5.894401521299992
7.38956773530381
3.6955735885999927
4.755673849506373
5.271796429399994
5.23703618469999
5.712452001999973
5.079500250202537
8.280105435202541
7.808573924303829
5.826742011999993
3.4432163314999844
6.131920538299999
1.821980235299982
3.7543436355999784
6.098808178699982
5.326234837299983
4.195351663200005
7.644043275500002
7.561208537299991
7.679227152999991
8.322117201202538
2.2965622940000006
2.077615934799991
2.974250056499999
2.2007536681999884
5.562220651199981
6.023974774199998
3.4408144271999968
5.506434864800003
6.27029260559999
8.627681973303822
5.431938716099994
3.1912145141999897
3.8587197875999983
2.542451135299993
3.2375172103999907
4.800337467999973
7.071906344599994
2.5624354033999976
2.117174096699981
2.1786578444999978
0.7947791355099998
1.8919170836999768
5.415638734399996
1.615349151599995
1.8450794311999923
0.6034481859199998
0.6395121750799987
1.2151689606000013
1.954191703799998
2.34915484159999
4.796241897594845
6.305589018199984
8.698022108506382
2.2052244887999968
1.2286859084999995
4.347313737499973
4.552288832099977
3.5713956542999954
4.667054382299984
5.616968815594856
4.196729757699991
7.187089402799988
5.962387202499996
6.291045820594865
5.931205372599997
6.3230241790999955
5.427707493599985
4.073061915599969
4.3486067641999755
5.26951845089999
5.69767063749358
6.504906411696138
8.490105322303823
8.227651242101263
6.4449074386999845
3.0450968947999906
6.305250588999987
7.217550003101254
7.849052792405106
8.107783848594863
5.465366012599996
4.480071359303809
3.8991486815999883
4.682536614999993
6.025270851099995
5.648656648299992
4.437848908999999
6.26336773529999
3.5090648467999928
4.868433799699991
5.657479792799997
7.168050810199995
4.699446818499995
2.3624959975999813
6.557641383399987
6.194102680999982
7.536879037506386
6.671883535799989
5.028653913899999
5.8544286117974185
7.519428221101258
7.003276296999997
6.282246185299994
4.246348622099982
4.963198106399996
5.742984422300003
5.93651687619999
5.040616873199994
4.138047994999983
6.617707090799987
3.382794403099985
5.971950369303803
6.181042443797411
1.9157939650999973
3.008565811199974
5.199203778101253
7.090513700898703
2.8036332305999876
3.2804600570999902
9.399478022797432
9.306985179067986
9.525161657795985
1.4525327484000001
1.7113149550999978
1.6565558577999981
0.8554951096659967
1.9791142577999807
2.776212603799985
2.1135469283997224
5.2857095932025295
4.041318182399973
3.4398419127999906
5.218583505202522
8.583555303999987
9.705637544203988
10.723862378999995
9.698475024271989
9.40246930833999
5.542574705499984
6.419292715506373
3.594640054299984
3.6093934905999894
6.043749369797421
7.067595739696147
6.9992615340999915
8.059204028303832
9.279051911898716
8.719407144202549
7.727354217493592
7.597469863900005
10.66848629799999
10.462008072989116
9.127218893405118
11.096930796999994
5.030239112899984
6.52653713230382
7.492267668202542
6.474042944299986
7.089275379898699
8.49960193020255
4.6519738616999815
8.03308888699999
9.450021752898722
10.078589775067998
10.039953118929272
9.108463375898706
8.180369129898708
5.316838461299992
3.705447672999989
9.922366920339975
7.362496389797423
6.462153424101262
3.742312449599982
3.744118958999995
2.987893141199993
6.2077694381999935
5.715096148696138
8.067030015594865
10.441186141999992
3.138593016099992
6.94637480320253
10.440596688999983
6.513905323797414
4.2777504333038
4.5006647155999895
3.087971455399989
5.071733799699984
12.465395812999994
9.252588197303828
8.58159152369615
2.734677755699995
5.9868384201012494
9.512618640067982
9.25078055569615
9.692980662646377
9.258510823101263
7.095060633898713
4.216708457899993
2.6153858657999876
4.643983792099987
5.9945242554051
7.1807906554935865
7.145443014499991
4.253720214799989
7.251931532303809
9.777593609717101
8.010894035303817
6.165304537999971
7.661207690405099
8.44376893769615
7.191238694797427
10.685735744999993
10.84144085499999
9.831072965999992
9.776015963787819
9.054241354271982
10.853742951999994
12.156595501999993
12.13409279199999
11.355235993999985
11.27748295099998
8.417734516898703
10.760184984999979
11.164231931999986
12.786532500999991
9.405903494203983
3.900417787199991
9.421812892207994
10.25776719372799
11.663931081999989
8.09034159089871
9.297915364101272
9.953410905339998
11.271314649999995
9.491851101795987
11.029819481999988
11.139694974999989
11.791213762999996
10.532664756999996
13.017360595999994
13.51116268499999
12.451631421999991
11.915677195999988
12.244008935999991
8.496316148405107
10.392596462999988
8.826783703594874
8.393917234797431
9.301896818659996
11.842916218999994
9.088797256506389
9.922601806727988
11.082445527999988
11.09659915799999
12.058203509999997
13.404048044999996
11.55822458299999
9.839981994727989
11.21301306599999
10.765696645999997
7.6853580444000045
9.763852824405122
8.666628787202548
10.37653911899999
10.07175428479599
11.508932332999985
12.800997777999989
14.179873217999994
12.961532926999988
13.910053129999993
13.364945141999991
12.776125025999988
9.052939630101278
12.02018520799999
12.360203608999994
13.59567197899999
13.439350184999993
13.481992956999994
13.207621551999994
13.008067933999994
13.75574102599999
12.881800606999995
12.835408703999994
10.517002010999997
12.573098296999994
11.523577184999994
11.438386570999992
10.931873571999992
8.370321424898712
8.61301002350639
10.919460227999984
10.292551145929268
10.140011105212151
11.23340710399999
10.83754846199999
8.68801790920255
7.958828855899994
9.523793780493593
9.668684878646385
10.5543193437171
11.387448665999992
9.864475709659999
8.425136985797424
10.084803387353583
11.64822027899999
12.269607161999991
12.91134383899999
12.930627437999988
12.476731804999986
13.308887168999991
11.799788808999988
11.884524051999982
13.210285459999996
7.47392831420254
9.393894753999996
7.958415148898708
9.266495248405104
10.250467168999988
10.980640340999983
10.733796859999988
8.866743269303829
10.481887293999984
12.654573183999991
9.453841015727992
7.51174234309999
7.425572051999996
9.698531611727997
7.347638171399988
8.363133386202556
8.438145114100008
5.884805807499995
6.023743716399998
7.312931069899992
4.847842597999991
6.1499290160999855
6.522434094199992
6.997644900499985
6.643540049699997
6.640250952099996
7.974555917405112
4.077336050399993
7.127546534696142
6.289351560999991
10.404997057999989
6.622026022299984
9.322958341999984
8.75184913640511
8.748352247594863
4.997686849999982
8.04863073579743
7.899105229199999
7.159768797299996
10.855546982999995
9.586809085067989
10.628949141
9.571157565203988
9.054223524339983
9.016884474135981
7.13166660310126
6.406855752594861
6.446999938999996
2.729041935699977
4.324748826599981
4.991624417099983
5.763580554202532
8.935360099797432
9.918275955141425
9.263613942000012
6.2924806717000115
6.027734844999995
3.4600475188999926
7.910984373506391
8.771411500493587
11.029010190999976
9.291828759863986
9.67058886406799
0.8791503653479975
5.958423034696127
3.2397553832999906
3.3108146088000003
1.7030959762999942
2.1612516724000024
3.9465252457000024
4.92056033629999
5.07547267459999
5.621823991399997
3.624271621699995
3.7242188506999767
3.3734044341999905
4.403339840699993
2.888148483299982
6.233615397594848
8.068605219999968
9.473846891863987
1.0043988011117155
2.132111920199985
4.777629099999975
9.11990256665997
10.015981866353584
9.124885537795985
7.20605568239999
7.04033068539999
6.804596978797429
6.063163122599995
1.8297906860000004
4.646530303999999
3.007940481599986
4.770475918599981
8.170078884898702
7.530150927696142
1.876615069599993
1.3457599869000016
0.7409218677499994
1.0229354461787796
3.7984583007999895
3.324848330699997
4.7425210906999835
6.487475530999991
5.426111454797415
3.00274946439999
1.5752744263000054
1.6461530532999895
3.100632774399985
1.599452355999989
2.43907758789999
2.8656314818999875
2.347155984499997
4.458087600700007
3.537282299799998
3.1706189559999984
7.721836004599995
2.641078158599998
0.48441558752000147
0.9372052272863962
3.2774709671000006
5.5095980026000015
3.478581523099999
2.8939793960999904
2.5573584000000027
4.222425836199989
7.3456361709999936
7.394773803699996
4.701188653599999
5.005724073799994
2.098463284299999
4.705550656099993
1.496293881199997
4.361119203199997
7.751304277
7.433992684898702
5.231003068499989
4.943200755299982
2.8417076384999884
1.1075014842999977
1.5554715560999937
3.93491331329998
5.63416130519999
4.946463743599993
7.526728572101255
5.037496736099981
5.9924928649999805
1.9037860396999964
5.4554201766961326
9.330383697659983
9.795798515203998
10.352474849999998
8.701932394405112
8.754392053202546
7.364137084999987
2.605816322299995
2.4924178756999917
3.819688690199995
7.528529614303828
8.428411517303832
6.900203092999994
6.516884965493584
7.211394340493581
7.1296232634935786
6.076977879299986
4.942661254899997
2.003012519800003
2.7458834305
3.206091230797404
9.35785727827199
6.376235031101254
4.176697523499995
2.598693022199986
1.8182921035999982
2.231035714699997
2.6955311004999807
2.4001610869999945
2.098358378599998
3.821751777599995
7.026753950499998
6.871000762899993
1.626600535599987
3.089356796299968
5.492078121898684
5.899161453202539
5.786121876499997
3.5402529555999935
4.974754841599989
5.449514521799989
7.5584998275948685
8.464797431898715
9.770221427931988
6.078670336899988
0.7769658976594854
6.766855334506383
5.833763346899989
6.165460940599989
5.414010537699996
3.437723773199988
4.882283840899984
5.054317558299988
3.880744422899993
6.815068646199995
7.180942179898697
4.13153540949999
4.617519534299979
2.7383345519999884
7.594628742999988
11.437527721999988
11.50805246999999
11.228958294999988
10.45181525699999
9.877577197203987
9.938450479070706
10.17686093731359
8.177806573506382
7.405233679199994
8.007176278696141
9.632111956858548
8.132639707898706
10.724921082999986
10.474153604070697
4.513589746099985
5.496879592899986
8.853532151797426
9.832329731863986
9.51197957165999
11.661105362999988
8.374058596797418
9.005285505696149
7.688418150303827
6.011559548999982
6.144552391099981
9.019768533203978
2.4654518660999893
3.3345294860999837
4.619555567899986
4.197187495399991
1.2391253702135943
1.279704208399997
4.072839456199979
1.251238615399998
1.6973681960999962
2.082331312599995
3.7122529906999846
6.908656982271955
3.807643537899986
3.9720710296999875
4.684499066199993
4.389219155899991
2.5068485442999786
6.381763555898695
6.391198304699991
7.41764440159999
9.868213046311995
11.146207697999985
9.55443037569615
7.8465865935948695
9.31296325530383
10.768197742999986
10.82528636799999
10.720859511999992
8.656615971405106
5.188430195599985
4.9417802916999864
11.693962946999983
11.99451224199999
10.946177030999989
10.899743291999993
13.140137685999992
11.746724502999987
11.085719578999996
9.487108737135987
5.677114324999997
2.8198623046999893
5.556580361899981
10.249240519787826
6.628261022899995
7.026156823699993
4.674283491499989
7.579829316696145
8.90567540889872
6.098796742199985
10.404194008999987
11.709249370999986
10.860558086000003
11.382355497999994
12.034478501999988
13.061487330999984
12.793932068999988
12.60063861699999
13.114615093999996
10.302220077999985
9.67042441872799
8.392922625696151
13.664514394999994
12.909542408999993
11.71848469999999
12.583013543999991
13.142063534999995
11.730002648999989
12.195865079999988
13.382827845999987
12.663905427999987
12.684761994999995
12.209910663999981
11.798726259999988
12.008421143999993
11.97782418999999
11.449908820999992
10.230920072929264
11.611373255999988
11.851855806999987
12.462157721999992
11.77823834499999
12.148374415999987
11.138441788999993
12.16648091699999
12.336683869999987
12.103682946999992
10.541778895999993
11.056239631999988
11.555460236999991
9.176007160931986
10.628824936999985
10.403393983353585
11.295489580999986
8.83014279789871
9.064309005696154
5.854073577899993
5.530245234699989
5.665430288699989
7.401310833699999
8.62051716769615
10.938244529999983
13.225799041999993
13.46303355599999
11.619149819999988
12.169569880999985
13.15501824199999
13.705422779999992
13.907843261999991
12.94788625899999
10.097219934067992
9.22828348999999
9.653198004135987
10.867893918999993
11.75198442699999
12.268813028999991
12.467747857999987
10.044346887141431
8.092698580899995
10.283287166999992
11.682313660999986
10.226763844212147
12.81593589
12.254551496999985
11.266327215999988
10.600948192999986
11.348174271999987
12.563786960999996
12.113281974999994
9.516676032999987
8.661588355999992
8.551506309493593
11.939717898999993
9.969759590067989
11.58263566899999
10.766075173999992
6.706349108898702
8.217488534493583
10.217859541
12.242737690999995
9.675716171212148
10.071965978999987
10.511376191787816
10.107987473013598
8.948279020696143
9.692322868212145
7.46064676669614
5.936726663199994
6.788389405800002
8.014473940999991
8.032952333101262
6.931852879299989
5.609893196099994
8.362943778999998
7.575692846696143
11.300614872999986
10.732565334999993
7.3390160293999935
10.398030559005438
6.692549903899995
7.392328468299992
6.962888236999994
4.761575463899996
6.302645057699985
3.6019463469999904
6.396221191399993
4.873246237200008
8.073251470898711
10.304007964997282
7.5262007598987
8.586517381303832
3.450972166399999
8.002645660405097
9.304855621203979
8.267341026303816
9.552433462659994
9.411390379203986
9.483231333931984
10.267556791787827
7.4125585204935875
8.070462087999967
7.516372618101265
9.96055396885854
6.432379984999994
10.288589593999989
7.508850598101255
1.1637967849999997
3.4076208068999834
1.6683274428999963
6.4608550628999835
10.082966828929266
6.700843159499989
10.542756456000001
10.023593106070713
2.5445242080999977
5.436334629797419
8.757621945202558
8.644338076797426
7.647781932101268
7.296030448899992
3.576433276399997
4.675791912799987
6.875907548499993
2.730011193799989
1.3830509857000017
2.1034209334999967
2.469073477199977
3.840019686899995
5.730581610099986
8.736286584506395
5.781566642799989
5.307633358799992
4.151972727999985
5.801979794299984
6.820416957101269
7.433882713303829
7.624015844696131
6.551327635202544
4.780013519299993
3.852004624899982
4.851796580499993
3.9450830916999933
4.260495295699997
3.542127381899997
4.486399339299991
4.132395983899972
7.577336627202542
2.7518757796999913
2.2099524856999997
1.125685249299996
4.3853926101999985
6.852310290499994
5.680264230299992
5.705882339499995
7.959575064101273
5.89058589169614
4.272486386099985
8.199885595699996
2.7837360595999887
3.809689370699995
5.677127883899989
2.0885958754999825
2.437692478899996
3.5759369262999985
5.499631320199987
9.12671827849359
7.79560051569999
4.713979167199992
1.9423458510999967
5.367648277299981
1.8200566070999975
3.0814185256999727
3.358838989299996
3.854845671099997
5.58474144129999
2.3528956435999966
2.9928491653
2.988516522200001
1.7452470748999995
1.0536359252999987
0.8061715638202546
3.898348396299983
4.751735044899975
3.5257795760999713
4.441572058099978
7.452677627594857
8.278741404696138
7.9922121169999905
0.8890818401303826
1.8514512436000012
3.057812165799987
1.6880048842999955
1.3450583983999922
1.7041416381999779
3.344421699499978
3.489101431299995
5.035797795099991
7.6588192139319675
6.422337313799992
5.24080470729999
1.8710457015999904
2.303243974299986
2.9282343902999872
4.36612867429999
6.213821957405092
6.998693379199991
9.212338644405108
8.201582722506386
5.8386940764999835
6.52645935520254
9.092493006898708
7.8190241118987
8.571012628202544
7.8851244475999955
6.704569258099991
1.9320677094000023
2.163796719400003
0.9931370531999993
3.2636010009999894
2.652614314299989
3.418523944099989
3.851683000199993
6.545253234899988
6.188249711594863
6.941759869405105
7.803621667506378
9.438134191931985
7.310653440899996
6.4690687653
4.98750668949999
5.064189611799996
7.924448835797421
6.894423657202545
8.541302725202542
7.613763996898699
9.984664724787823
5.3477995849999855
4.007815397599974
3.413905732699995
3.7864133819999917
6.450703341699989
8.798474668931973
8.309694061303814
8.490589274594859
9.477486820999989
7.93068734889871
2.6698548568999905
1.2339761977141337
2.2700722197999803
7.602345738202543
9.161051260282854
9.282181626898712
4.669332133499995
7.273456501797424
9.632714213727992
10.487602639999992
10.67474496199999
11.125172048999993
4.631809371899997
1.1191784787135954
3.862549792499973
4.4463461028999856
7.414623068202539
11.168457799999992
6.995959336898708
7.855316159101271
8.687378073101266
7.863093426493587
10.176399922141428
6.363060583499992
4.357379150399994
1.302226080299997
2.999810473599995
6.6231628342025415
7.1186140823
6.811475215099992
5.977096298199995
5.680377764899993
6.9582305191012646
10.612935099999985
7.819122888202543
7.32886719510125
9.688466375787822
11.479057990999983
12.29620180399999
6.787083253506378
4.550861918599993
5.104840818799985
10.629618377999998
6.210346417202539
8.181899787898697
10.635688535999986
10.952046052999988
11.095247286999983
11.286303893999982
7.571133277898706
2.71201592709999
3.9383311446999762
7.453308444202549
9.288054775999983
9.422260154696149
6.1861578795948615
6.039389768999984
8.448403611797438
7.326938212594863
5.736952172900009
8.153796688800005
11.051686220999981
10.477033185991841
9.737528794929265
12.033066920000003
10.88299640699999
12.814362452999983
6.569093791199989
7.601505532799997
5.86932875059999
2.227471086099988
7.04427088930383
10.047747105282868
10.068231194999996
11.156165836999989
12.030819347999994
9.014578877203984
6.9166655852999925
6.254142741405102
7.7119551269999835
8.590081295800001
8.980866386405111
11.417201214999986
10.548095717999987
11.40920170399999
11.975051758999992
10.166993034282866
5.164420152299987
9.478441242999986
12.562131101999984
11.647942037999988
11.626339300999982
11.252618483999985
8.614656904594861
8.644542402594862
10.33593860799999
11.984986115999995
5.818962727405094
8.0862096924051
9.789044712858542
11.66309026599999
12.119306786999992
8.277453272999981
11.608360555999983
9.121227435303831
6.61816437839999
7.276145674101262
9.093308216931987
7.425253655999994
6.296968556199998
8.399054132099998
8.985203716999992
10.065840490787828
9.735224165212136
10.451616556999983
11.576707245999986
11.877067652999992
10.951717598999993
7.59955052950639
9.16564186099999
9.721120783999986
9.605865779101274
10.066222952203988
8.08789495999999
6.656466856399988
6.913905021696139
10.258313511999992
11.20208772599999
11.489420685999988
11.269733100999993
12.41213056899999
12.568496288999992
11.854090336999986
11.061398018999991
13.80661659499999
13.601759182999988
10.022094389212146
9.196712760898713
8.333337556506386
7.796138638303834
10.413156443999986
13.47412871999999
12.78314663699999
13.240683329999987
11.83907695499999
12.40588959799999
11.426067879999994
12.691128145000002
15.075698946999987
14.594624705999989
12.695747124999988
10.229272295999982
14.324248023999989
13.033944433999997
12.445403313999982
14.378040346999986
12.850609801999989
12.125548169999984
12.239129809999987
12.336189426999992
10.129109396282866
7.89027395169615
8.033854893499994
12.839893555999991
10.801299927999985
11.888953020999987
12.720177920999985
12.876290534999995
12.016128855999984
12.047764690999985
8.186877033999991
9.366975477594881
11.300780398999986
12.047958548999988
12.192664103999986
11.541097510999988
10.304790696787817
11.953678742999996
11.597998862999995
9.485460899271994
8.057739538594877
8.630160960405115
6.879764283799992
8.023754649399997
7.258224664303827
8.08223078769615
11.948948842999988
11.401918331999992
12.226242022999992
9.676434977696152
8.334090167202552
5.728664932299993
8.669853210405117
11.293213129999998
10.548221957
6.734339801000004
5.918471601898701
11.201718950999991
10.876324254999997
10.122941737282869
12.332406313999988
11.400665503999987
9.226130384797434
9.888187705999997
8.998674696405118
9.25901121669615
9.654731561212145
9.661655448931988
9.01690298913598
11.890543386999987
12.481285749999994
8.220281114199992
10.846917444999988
12.454830309999993
12.996221500999983
8.409490272493588
1.7036972488000024
6.511200274696132
6.1711784164050965
6.792585267600002
7.496352510100005
7.8590383041012695
8.378882444797426
8.83845786593198
9.663829368727994
5.048213995399989
8.928023506135965
8.118617568999985
7.207859184303818
5.7325399231012595
9.139371659931983
8.533065992696145
6.992643221999983
6.7697488616999895
7.646592700199991
6.045047502099993
5.208587857099995
3.4652816649999996
3.2657813750999742
5.357450247199996
6.899287503099989
6.047185781899987
5.215653363000006
5.905643035900002
5.853886776699989
7.303779080202538
7.151795448303826
7.375227618405093
7.3643963378986985
8.007086631799995
7.795674591099995
6.007027421594844
8.030824497999989
4.339316419999996
4.6788050506999905
4.55606070559999
5.27105990299998
7.904829658493583
6.0253030349999745
7.7553331847999925
8.528503137202538
7.216068336506384
7.188453564506374
7.307892245506379
8.091496665999985
6.447926206999992
4.460324659699985
6.372128933699985
5.3559049285999905
2.3688885497999923
3.607509820599989
4.415401597600005
4.634833386199994
3.6331739623999924
6.076130152899989
6.737821263099988
7.987321940594865
7.251268894999977
9.518089559931985
7.995934786999986
6.800057250999989
8.630090148931975
7.407422941594861
6.902047370898701
1.6853089798
1.8456754760999998
4.176380647299999
3.0963999267999998
9.284780610696151
8.17674284059487
6.653749870299997
6.730232960499993
7.697617274499996
4.621268147299998
3.137733039899998
7.727441024797419
7.394716322303824
7.560578568999986
2.4798344467000013
1.8713886276000005
1.957836834700003
3.056893748499992
4.777977870199995
5.314048689300002
8.127407710303826
5.14916620639998
9.003826115271982
7.252715231303828
6.167283657799994
6.236132803303825
7.096665127594858
6.62896739810126
7.007368298299994
7.056522514299992
6.67521299129999
5.937084927399993
6.633910258506383
5.838965133699993
6.3969224547974175
4.925502972399989
4.1242518126999865
3.019330784599991
6.5995506775
5.4286364486999865
7.733727653493583
7.60912693179742
7.235019045999986
7.479471044899994
2.460144811999993
4.437201788299984
3.9817315993999767
6.867541374202544
2.7813675567999887
3.169231359900001
5.425055235299992
8.317995829797422
9.787701043795982
2.4116178023999955
1.0602986511
4.5626201874050825
5.764507408099991
9.08648937069615
7.866373782303822
7.053481840499988
10.041127105787828
7.1308922866999955
1.502584814500001
4.0953804549999795
4.616997409099982
4.039073548899997
9.621664649999985
9.212548617727984
8.229649906898706
7.40265927119999
4.363642594899987
7.559555972299992
5.597552693199983
9.249692512659982
10.831506366999989
9.02247197110127
7.01078882449999
7.90511985779742
3.8825110305999884
1.671928562900001
3.4264461501999732
4.509221639999987
2.051948442099994
5.485056083700006
4.787242642200001
6.58454266820001
8.645978387506398
6.502898797599993
7.811054574594867
9.792805882203995
9.216898411594872
8.6314923843
9.454114091339987
9.738288536070707
7.234634507799989
10.446116283999986
11.339108515999985
9.345659376493595
9.31822566069615
7.986334956405109
8.174310087594867
10.400085888999993
9.18583899079743
8.918991029405104
3.8808121627999967
5.8800490982025435
9.556992425659992
7.762489327999994
8.324388310202547
8.903882492100008
7.4437444977000045
11.357620083999995
11.496119246999994
12.049452241999987
10.97626977499999
11.752264585999994
13.474739470999987
13.224152001999995
8.563684512303832
10.505378536999993
9.281634417795983
10.824774183999988
4.950069926499981
3.874578889499989
3.1287559508999925
1.3012563292999946
5.491229921000002
9.03979663241598
8.776075474493584
8.341695497101268
8.430979894999995
8.916710671999988
6.337506915299991
7.942053790303831
10.763888073999995
9.199986215202552
7.9048082747974275
11.636730846999992
9.308938304067986
10.772689860999987
10.09357091101088
12.652090958999999
11.244538001999993
12.861864432999985
12.831557459999992
12.236455286999984
8.587159091202544
7.807108149696125
13.484554381999988
12.094338302999997
14.066560174999985
12.675927955999983
12.90805467799999
9.28798266749359
6.689379013101262
8.38240661320254
4.853992401099976
6.743395660405087
8.122019772303824
10.70203731499998
9.46622570949359
8.928205235303826
9.195491059929259
9.299663101202553
9.712703678929262
12.27210521399999
11.851628124999998
12.319393775999986
10.663545972999986
12.456168658
11.083232004999983
9.778865193141419
9.073343202207981
9.554209382594872
11.561699459999998
7.6949723282
11.177243609999996
12.147051912999986
11.597004677999985
12.074190635999987
13.227324938999995
9.288509051659988
7.344025952101258
10.494079017717098
8.442993647797426
11.487791677999992
6.399811013799994
6.0887117339999834
10.46258456399998
13.26451649499999
14.938219072999988
12.928751943999991
13.524378570999984
11.739803895999982
13.993166515999992
12.86111402999999
13.562352634999995
12.88931294999999
14.120836663999997
14.144333024999991
14.341090789999999
11.755411944999986
13.276639844999982
10.888777395999988
14.401783017999993
12.498865102999986
11.159363877999994
7.677799195899993
8.500606411696154
8.086978628493592
7.544175579799993
8.949942626999988
6.76392438510126
7.9434398345948685
9.745639804067988
10.90399542799999
12.902526752999988
13.207226395999987
13.305584784999988
12.476759171999984
11.469770449999988
8.550971752898715
9.06915850369616
12.487326043999987
8.600647076400003
7.7450301193038245
12.545985236999993
11.369593043999991
10.356431710999987
11.40342124499999
14.38708327899999
13.223187136999995
12.680752754000002
12.989508994999994
13.44794115399999
11.466992244999988
9.936650312858546
10.20234477692926
10.41662961599999
11.432947446999982
13.527277219999982
13.638474540999987
13.760711057999986
13.02251235199999
11.946720240999985
12.428286338999985
11.609950809999987
11.162134420999994
8.903998561101261
10.998079154999987
8.437955996696147
13.505405875999987
11.44067323499999
12.096976278999993
13.643859981999986
12.514123436959991
9.45373751820399
11.600881316999992
13.069995160999989
10.837842339999991
8.769937449594867
8.318249089101272
8.230018215898715
5.662125666799988
6.104150982699985
8.916364028898704
10.922062536999983
11.639433634999987
12.495434336999988
13.492593963999992
11.451866768999986
11.152446309999997
11.863061654999996
13.324286452999983
6.127500054899988
9.028828093000001
11.567026992999986
2.2976505355999928
5.663659197999959
10.74001137699999
9.739888000353586
7.165363058506387
6.569396893299994
8.194712040696157
9.786730908135992
9.561414970282863
1.5863507094999993
2.3749981154999933
5.170776687599993
7.378599618493587
9.758396729999987
8.638074757405107
7.795196012898705
7.780003849797426
6.240610703999998
4.548111869799993
3.821991035499999
5.067185121199989
6.19542940669999
4.9592289336999835
3.6964695113999784
6.777567135594865
4.006274838299997
5.53701764829998
5.698185487399996
7.438443359399993
7.909580075099993
5.284321826199997
5.155985273699989
5.72485283359999
7.041928356898703
7.090957240303819
6.896719073499986
7.019737449599993
5.988537437399987
9.67227049706799
9.17701864920398
8.872438796999978
6.87928574679999
3.4800047011999977
2.4464263123000034
1.5892264525999933
3.790155244399989
1.4062646728999968
2.8582236313000005
2.3812429519999863
4.049347586099986
6.67463517299998
6.278139482099991
3.8104853911999914
1.7512196944999876
3.8260001220999893
4.688980511506374
5.526010949699986
1.3892706572999998
2.1208762114999953
3.4093979583999925
5.6024125670999805
4.912103544599993
2.6648148528999958
2.2265779830999954
2.930448356599991
2.867650462299997
1.0176224496858508
2.1270114120000008
2.7305398743038016
2.7003934127999885
3.0394748488999865
6.277797929405095
8.764659092696151
3.260089013700001
1.976130122399999
1.563267068500003
1.2931406753999894
2.0515946120999864
3.142808854699997
2.6406950072999975
2.089556707799983
5.625774169899991
2.526408872999992
0.7298527557415955
2.732808489999989
3.2681247786999927
5.633633560199995
2.448248602299994
0.7272743831600005
0.7397877141999984
1.0577495672994566
1.849372784399998
3.9112107100999935
4.029436053499978
5.147701725799992
5.999132231099987
4.594147462499996
1.238334912099999
5.681559445202533
5.871154080199986
6.921338815303822
7.794417396493587
5.444742993199994
5.410676948493572
5.597067401101255
5.400124458299988
4.734521508799975
7.690049140931965
8.186292468303822
7.395572131303819
6.7942646271012626
6.633065743999989
5.893869866899988
4.342957215899999
5.1958915084999955
7.3924962874935725
8.645585717863979
8.764141126999986
2.235576576199994
2.8162884551999983
3.8470651015999877
5.930609658799994
8.326847952303819
6.702995649699988
3.720435441599995
3.765971481299993
3.361446180699997
1.789684461999995
1.8628147643999873
3.515146621699975
2.38081202699999
1.5289815764999926
2.057470936600003
2.624201736500002
3.8138230010999874
4.480124493399983
8.079258190898702
7.6150187973038275
7.766510826101264
4.847828475999996
8.064792695594864
6.2184570723999855
1.2766103606999955
3.418473603800002
4.544845045499986
5.269414218099993
6.322446743799994
7.3313918594051035
8.090965162696145
7.338854048202543
8.908219863898706
2.8542269118999926
1.0469541119866888
3.0693197982999734
4.490518028299981
8.923478042594871
6.971727508499997
6.127135713199986
8.458382008405104
6.56449279789999
5.524354348797416
4.214481057699989
3.82881214289999
1.8560243224999993
3.2168636443999974
6.336422186299984
6.9732828674051035
9.073907011405113
11.894619919999995
5.052191073599978
0.38279671812000027
1.7721482375999935
0.541597160065995
3.4851592345999802
3.771395089699993
6.2240329986999905
7.32637362059999
8.105067393506385
9.12540851440511
4.544192109699987
4.476229235799988
1.463018229699996
2.9073028075999954
1.8750302703999964
5.5394822707999865
5.920823747303798
6.730096108999984
6.4240775374935835
3.8213962371999886
3.9374359054999903
2.744928106699994
4.305029307599994
5.082141746499992
6.173177743493582
6.688194157405105
4.841537664799983
4.732921935999991
7.6450501358639595
8.6917048737
8.54685380549358
5.742116744999993
7.243482496594864
9.363843255717102
7.853780908202546
9.50800697013599
7.135388551303824
11.925261953999991
7.128997512797426
10.525619660999991
1.9715174117999938
1.3810091765999877
2.7027963973999727
4.782317697099988
4.450266574100004
7.323501132200003
5.72764010469999
7.215936825594866
9.016801652493593
8.670159197999977
10.505206676999988
8.780974789405104
5.330908447299985
1.567784469599993
1.4416333175999845
4.108671836899994
6.523035757399987
5.157357481399996
5.4171323943999905
6.239065562399995
9.16177509159487
10.02868915699999
10.36866794399998
9.648357199101278
11.722057793999992
11.276535186999995
10.25365546999184
10.395510153135987
10.799027669999987
6.800374685696142
10.806277685999962
9.863748063696159
10.592930553008149
10.65765061
9.56258498840512
11.55447587399997
8.872650390717094
9.306230615207985
15.093603884999998
13.197144903999991
10.612337284999988
8.926387033067979
9.343428210271984
13.268501342999999
9.56476355293199
8.434933816493594
8.132155812101264
10.193056388966715
10.43299709899184
10.488266957070694
12.316319410999991
13.407405468999995
11.958494367999986
11.34150742499999
13.232913154999988
13.70050745999999
13.31699870099999
13.936446077999992
14.80211871199999
11.465187748999988
10.588613070999985
10.011684587070711
9.709671557727992
12.417635860999987
13.55466194599999
13.484946180999989
14.425829114999996
14.633048272999993
13.611956299999994
13.04663393099999
14.346449474999991
15.032528670999994
14.271113117999988
12.635543262999992
11.397459554999994
11.276225954999994
11.465949384999991
11.93988481399999
13.705286719999991
13.796082046999992
12.431755460999991
10.877012496999992
11.224707735999992
9.428511901898716
6.027997656199986
5.925974298099986
8.63344981540511
8.895028106696152
8.051905995199999
9.573811758271995
7.282732281499998
14.512507293999992
11.894307169999996
13.622189342999988
12.951256359999991
12.977497968999986
12.095872545999992
12.075888248999993
12.30946488199999
12.142096840999988
10.612728707999986
12.686221633999985
13.992902212999988
10.349794851999992
10.445045925999988
7.602359178202548
11.06237587599999
12.104823903999984
12.358339786999988
12.595466320999991
6.59387566219999
6.566481672699992
6.428014245594866
7.170080067405103
5.815105352799986
4.0058196837999915
3.102033737199993
2.109345790099992
3.632174568199987
8.658063374303833
10.923857987999991
10.987475115999992
8.234372529594873
8.033058254999986
6.148146228
9.57298511672799
11.302599796999978
10.350963732929264
9.397773182795989
12.012900817999988
11.232842595999996
9.86696501006799
8.533338682594866
9.56615094299999
9.715345376727994
8.806983149696151
8.955071328696148
8.46097967386397
7.298489434797434
12.552198021999986
12.523433295999984
13.570516962999992
13.389046990999992
8.863015821797433
9.767922213795986
9.086863864101263
8.719568325797427
10.715092154999985
12.926843812999993
10.601812807999995
10.987367277999992
11.226999340999999
11.059989632999988
8.567079241900002
11.152784817999997
10.478109719999994
10.207346592787825
9.974702169858547
7.786350843797431
7.364383067303823
5.87628824920254
5.268360582000004
8.895605404696155
10.356107692999988
11.631714239999987
11.779264872999986
12.44196144599999
10.894710328999986
9.488362742727976
6.505977815202542
8.059360984797426
9.148173380999976
11.63763163299999
11.937073269999988
7.577055392500006
3.869095852699993
3.6847385880000023
7.515476226799998
9.496771232727983
6.47109778750638
5.424693640099995
9.083019055135978
10.56329390299998
6.279371520999984
2.567081181299995
0.8982084469791976
4.742170097399999
2.7664579802999985
3.235232823200004
4.371069567900003
2.430814544699996
1.5062422149999946
2.7749465148999777
1.9937902022999963
1.9145032257000012
1.4316419845999984
1.4812233260999963
1.655450146500002
4.54318090819999
5.107470013399994
5.875329019202539
5.718352801493577
6.099561222799983
5.769925169399993
2.1834924407999923
2.346498741099997
0.9965594183931981
1.7235224746999989
3.878808845499974
1.5639480269999821
3.251307957499977
2.622360688799978
2.6470902358999893
2.638756091300008
3.358243864400004
4.727611126699987
8.261362164303822
8.321146006797433
5.80818528589999
1.7214861358999984
4.586958995101253
5.003737898303814
6.4047257171999945
2.0476218215999964
2.154059895299978
5.070910873399998
4.296908532699989
3.9376236403999907
3.494388093599995
3.8871812484999984
0.9509773116067978
3.709883125299979
6.4167870544051056
7.74664482269999
3.5688652785999952
5.439603750599982
8.55835874179743
3.5666396789999903
6.056831600999999
7.5529316207974135
6.5406011641999875
8.65356939093198
10.557605834999986
7.848112275696148
8.484535842898705
7.868793292202541
5.72746822969999
1.037628047294145
2.0760577805000016
0.8936611758202544
5.227006884799978
4.0051842895999945
1.5993828847001312
2.2285715346999972
4.274341017199985
5.344649310299979
8.578595077493578
7.2133016601999875
0.5887612027200009
0.6978557641999903
3.2095439284999956
1.582649546799997
2.7858671721999784
4.955527754202526
6.301276457202543
7.004725680493571
6.577898820506376
6.929846607999997
7.158634995999968
8.982732112101269
5.692091377299999
4.526556436199997
6.954310395799997
4.099127127099989
5.967711827100006
4.585179922499986
3.9985882598999845
6.528151872303814
6.799513423199991
6.052162844799995
6.229656123399984
6.58140448299999
5.058216757200001
3.546202661099982
5.293047479202533
6.7525002868986945
7.192143673696139
6.960865159594854
9.590353926067984
8.146290516696144
7.7746063979999755
9.134995695339981
8.821192558303826
7.900434767202551
9.400500671271987
8.398213507101264
5.611837860099981
1.4514253677000015
3.8547121444999815
5.791401919599991
5.799945246899996
5.663588719199991
6.8041405730999935
7.505809571797429
5.713279038999986
8.802666912800001
6.974437699899991
7.964905731202548
7.859321899405108
7.575511135898703
9.55091358799998
8.668595555101277
8.621199768101267
7.03300545499999
5.391715957599989
4.0520027313
4.520000968899977
5.612248069799983
3.25823171079999
3.349045416299998
4.694935290499994
5.50030700529999
8.365855880696147
8.050301403797429
5.765080244399985
7.055440002399988
4.89725031429999
6.638290544099994
8.615913198898717
8.84899720610127
6.6989035827974215
10.097424728282862
9.474360205070694
6.435095646699994
2.515674671899962
5.823207353202539
3.9244468108999917
4.530264245599995
4.656390440400011
9.172562359594878
10.389206242282862
7.273061543299987
8.950828205898706
6.866007405101264
3.770763839699999
6.012645114101255
9.802483154203985
7.800065975999989
5.675387834199986
2.108288458299992
7.776860531594856
10.190293189999986
10.008041143858552
9.483988659795981
7.614559934999991
8.538842324797434
1.5248141723999953
0.9010324527795971
5.351426611299979
6.873277865594864
2.3378727385999896
3.0375890288999887
5.381309733599983
9.491539451727986
10.365772324997277
10.659744901999995
9.280179046594883
9.784045103519997
10.866308510999971
12.69507027299999
10.845033336999995
8.818856137101267
3.8609279754999837
3.9263623992999803
6.151752593999995
7.737666886900008
12.083369242999986
7.404037713594851
6.195971325696137
10.771284136999984
8.188731118791972
6.095928381303826
8.206242111202537
9.10251352086398
10.159486939999992
10.51358458599999
8.449836483797428
10.758536971999996
12.080800512999993
8.761299380506394
10.56987952099998
6.7506546814050985
6.832225520303824
8.119539225797428
8.778068048101273
8.336076847797434
8.543849667405116
6.0509948455999885
8.779525096101263
7.869346334797428
8.302800637797418
11.085776848999986
11.685351731999985
8.299164764405106
7.1082151442999955
10.099606426999992
11.480641694999987
12.652497899999993
12.169998690999993
11.54405000299999
11.046811950999984
7.193611001599996
9.851465179266885
11.696371145999986
8.649360559101263
8.526659062202553
10.248600538999987
9.964816891353578
10.988408478999986
8.393801480101265
8.743428172303824
8.178772189303833
9.58475514686399
11.879676267999985
