12.456391373999999
13.249185814999993
12.392176374999988
8.522792974898705
4.497007009899988
6.724540832493577
10.065625724858544
8.451447253399998
11.363569544999994
9.931805844070713
12.228129850999988
12.810138172999993
13.084033939999989
14.295272364999994
9.831076768339994
14.021226833999991
13.046438668999997
11.053286223999999
12.555946055999994
14.530872167999993
12.52135078599999
8.417454450999983
9.72396993879599
12.700164014999983
12.674050470999996
13.645756702999986
9.539616271999995
11.03010954399999
9.720523722797438
9.898868975863996
11.544343413999997
13.230443516999983
12.483058387999987
9.917742771931993
6.3391317153999855
7.148333642594863
11.36215065499999
12.410728740999984
11.492123789999988
11.420056334999991
13.455647936999984
12.747694045999989
12.039576545999989
13.244267267999994
12.51850590399999
12.819072053999989
11.456947635999985
12.37145210699999
9.377249104203992
9.071417782594871
12.253366384999982
13.088428435999987
13.303993415999987
13.78211233399999
12.219716005999992
11.501895339999985
11.67765543799999
7.642993051101263
7.010874177594842
11.029878383999982
10.837243139999984
11.674795031999988
8.24150648189871
3.6542068618999926
2.689871661399995
8.458117477400002
8.8205021896
6.166539079299994
10.88908785199999
9.875613082931991
9.355192829898721
12.524273604999994
13.730517342999985
8.39033080750639
8.47304328
5.576469767799995
5.824772657799996
8.04223310849359
7.712782047999987
9.525805145303837
10.461690497005444
12.763136789999985
11.345306901999997
7.320300648500001
5.720584083600006
7.039733891303825
7.925618182405113
9.906602038717113
10.975225234999995
12.503328182999985
11.973075937999992
11.934228846999993
14.877450089999984
11.447575335999996
11.157829350000005
8.877177299506391
9.465418237303833
11.488012849
7.996706349202547
5.866135838299992
7.202622972099997
7.806948536699996
8.952373327727978
9.747351541067996
9.467700790271984
7.575854339594869
10.430216463999992
6.767685749799989
3.9440573501999894
3.1765698943999907
6.297919789101243
7.470065415999981
6.373706919899984
7.4012888641012555
10.052617164717102
6.6963979384999925
1.8707149887
2.180024824499993
2.855880987499989
3.513799615499998
2.8242676620000022
5.388817099000014
7.015501237500003
9.191777479594872
8.513996101405114
9.81454730993199
6.029376368696134
1.167791708285847
2.0184296493999954
1.608129440299991
2.2932940459999878
3.8296943816999818
7.042970111099987
5.810798255899988
5.696484905999994
4.210589570599971
10.922674102999993
8.51782675479743
4.128786518899995
3.3587058394999927
4.62203838499996
4.985421458399997
1.453478330999999
0.943599338530001
0.895055708599996
2.2127794708000006
1.9254587584999983
2.045800697299992
2.229133618199981
5.0962895904999765
4.877017683399981
3.6351334121999943
2.7525977019999983
1.758959777799998
3.202347930899975
2.836243443299991
3.4342210235999775
6.120456588699998
4.058755422999993
5.694194370999988
2.8712687148999985
1.3293596649000003
2.104044557199992
1.8294312286000014
2.5290737456999866
3.9328409209999853
3.4260900298999837
1.3929038956000004
1.8606027817000037
1.4273474837999967
2.2921195540999757
3.3275263244999906
3.8849122268999987
2.759830079699993
2.531283811999988
3.6772719756999974
2.7473943847999958
0.8500983972500021
1.8643876724000004
4.042619802899987
2.8885043075999794
4.669470040899991
5.446476474000001
5.340138662700004
3.691802207899999
4.816184693898689
5.225383323699991
4.388633686799993
4.425482908600006
4.85263964079999
1.5399797759999996
1.5113023742999931
0.8917407248339959
1.3451838546002612
2.566111125199998
3.271973556499998
2.793097126799995
4.6822427612025255
6.476654290799991
3.678703413400002
6.307646369899997
5.6008030471999914
7.849365003999979
7.114076812699989
3.9368946395999966
4.930107887299976
5.335339190699987
5.110199110399985
3.7858919478999966
3.8635507735999846
3.665259168999998
2.7367659285999992
2.2747407973999954
0.9583020748070685
0.7296719099999938
0.9661006380070644
3.231165968299998
4.636947586099973
7.773209591696144
7.777551139797431
3.102235218799998
2.3802693344000034
2.4067665833000014
2.495732702599999
1.5993577474010905
2.3856201340000007
1.7892566100999954
2.7553859695000034
1.0508090210933265
6.393250419594838
3.8448184432999803
5.509703799399982
4.166683431999997
5.7169025451999955
0.8763371573271984
3.368742314099977
6.682943717999984
1.6386070357999962
2.122169622800001
1.5504466567999997
1.3771679092000024
1.9530597091999846
2.351564215099987
3.2144731139999916
3.1549226027999833
4.638887335199997
0.5781126586000016
2.4389902968999904
3.9658976500999756
5.441635157799978
7.477044981405102
9.680995748931986
7.739580644202545
9.387896072282864
8.932502865727981
8.647289494303827
9.455483895898714
8.081271171594862
8.676984638999985
8.48791305689871
5.858460333299992
6.944600704999977
8.150903079202543
7.301188833594866
6.20816787569614
7.060897828699988
6.616056683299989
3.1231811980999993
4.707315281699988
3.335781268299999
5.230092130999987
8.226491090405107
10.456595352141418
4.524523457299976
5.46559345699998
10.657033393999994
9.849126773070703
9.616974188135979
11.105362250999983
10.438192182999986
12.03248805699999
10.992035051999991
10.93410069399999
8.739475611898705
6.176852821399991
6.2955378035948595
4.4468673552999824
10.024580729787825
10.714382625999983
13.10287719599999
10.992716268999983
9.841246028067983
11.016927292999986
4.190843640099991
2.974628143299988
6.358040614303812
8.441248922696143
6.84554883420254
9.863884510858542
10.250746650999991
4.359739712499983
3.5961391448999764
4.57237068479741
4.440720643599986
2.633870812999995
2.8744285155999827
4.123286566199977
5.253807530199997
4.125987756299978
8.90146967159486
10.116042472999993
11.900562185999984
11.759298795999989
11.463289782999986
7.689509533699988
10.594560848999986
8.185588667303827
9.23559288020255
10.284967997999987
10.922016941999985
7.504557762101257
8.18429068449359
10.787706566999987
11.563967678999981
10.705036532999998
10.70918011
10.03748126214143
6.697798873898678
12.273488755999985
11.323762761999987
11.516546729999986
7.1516330063038245
7.270215953101257
7.879459573399997
9.147790171863988
11.476465624999987
12.521500956999988
13.638952674999993
8.307767254594863
9.476445478863988
11.65321704699999
7.083407171599999
4.984409800699996
7.182588706999986
9.131187136797427
7.615858447303831
9.404816430795986
13.528323676999987
11.010083867999986
8.249855456493584
9.594307302898713
11.738165696999996
9.343440762303835
4.707038758899989
8.746212351999983
7.725908477797429
4.802771937599982
7.393829083303828
11.783727256999983
12.00393737799999
11.34167899899999
13.362601749999994
12.057363425999993
9.969751371863993
10.165815027002713
12.620970247999994
13.289327085999991
13.052452874999995
12.83819636499999
11.455713103999994
5.83332026669998
5.51070996699999
4.793049522399995
8.652294213898712
10.305702042999995
13.511843009999987
13.007740911999996
12.674629201999986
14.311898681999994
13.887988134999992
13.585793873999986
13.010406148999994
12.17010048399999
9.672136849999987
11.570443757999987
11.254665671999986
12.411810315999986
11.55628845199999
13.17217536199999
12.968737298999994
11.174545489999991
13.526876925999986
11.341721627999995
9.713892184271993
9.682072392203992
11.230916512999993
9.44623870527199
8.837739228797433
7.105616656499993
7.763359159898709
8.725720228600002
10.91855197899998
10.366183796999993
12.675630173
12.095482078999996
15.421905433999992
11.33372979299999
10.793399813999981
7.576543814101251
5.450937507594854
5.819681896999983
5.139973911999991
7.037557514999983
8.646645738202555
9.88551421372799
9.319242547594877
11.062740699999992
7.731954193099994
8.5560148865064
13.544360261999987
10.999912472999986
10.656220635999999
10.609040237000004
10.44885060899998
12.39887833099999
11.082392562999996
10.446761687999985
12.095043152999985
11.310635598999989
10.965348273
4.886731771899991
5.2270512404999945
6.762911570696142
8.776449218797424
9.246820616067993
6.384949386599987
11.89947632299999
10.846264403999989
10.172340301646386
10.167956683212152
9.11354920351999
10.091377117929268
10.07974292906799
13.39247630799999
11.934295687999986
9.73685585927199
11.879922455999987
10.669516329999988
11.718940104999989
12.419900147999986
11.380083780999994
10.400901926008162
14.42350095399999
12.563370409999992
12.26943776599999
12.240368868999987
10.005409893863991
9.117020208696148
9.879491232203994
11.369343133999994
11.305011483999987
12.361011413999993
7.839068153405114
6.507427036999972
6.795426573199994
6.0066111740000006
4.919885662800008
6.966269316100004
11.126769397999995
11.345071969999992
13.643241018999994
10.103036352659993
7.958141967797433
5.5009616424999965
4.241218087799995
4.564651011700003
3.2131506865999873
3.4104683272999927
3.231432421899992
6.3375831893999965
7.9016211028987025
6.980480374099991
5.8367726623999925
7.137503875699995
8.027940867594868
8.459446942101264
7.593424616999982
7.020152397202544
8.977778309594873
6.989225262499993
6.957770289599991
2.075803883399991
4.433520164499991
6.860499145499995
4.774893855299991
3.2928310210999925
3.1366812241
3.8759888442999992
3.6349375885000024
3.3658509978999946
5.964198521399999
5.292568557699991
4.2748477767999935
1.6925872176999908
1.2993539852067935
1.711977090499992
1.7935177443999881
1.101049933713597
2.2098700577000034
2.6405783706999952
2.210122553999996
0.8892508167203975
0.7551697029067949
2.2973901427999777
3.9978314208999874
5.810317021202533
8.482549011202535
9.396542332339978
6.776753829999985
5.282296949797415
3.011488558999982
1.0736807925135952
3.5521971634050895
7.770155967699995
6.235586122099996
5.223095303299981
6.22751665949358
7.221808332797426
3.9586658416999927
2.7698156768999946
2.3352157958999857
2.7693671920999883
2.580249198899999
2.305748287999998
3.131859417699986
2.6961839705999973
3.2474792083999913
5.948636427303821
4.94350241389999
8.14352892759487
1.152127151499998
2.780993518099987
5.4400582335999825
5.741612625099995
4.313106245399987
1.3969633300999988
1.9709453964000008
2.590880302399986
2.626502569599997
2.1865093536000013
0.8937570057931986
0.47843073119999574
2.2604494827000012
1.328458790599998
0.8939923634646341
3.278097999599994
1.861276187099999
0.7269764884899997
1.1494434463999965
2.699733663899989
4.381215469399983
4.085523544299995
3.3204825210999878
1.9309233016999987
1.2233136550002717
0.7041441504499996
0.9745738459877794
2.0322268676999964
2.4749487472999987
4.421053552199997
4.401726539599983
3.8500784850999956
3.7258803603999877
4.693002410899988
6.1369531646961315
7.281484513900001
6.330872668499998
3.0200700728999945
4.068520719899993
2.3902811996000053
2.575065960699976
3.7431111449999794
4.732317938199975
4.91092226409999
1.4202877562999967
1.2991883788999983
3.392477871699974
8.254539105202547
8.242148306303827
7.967693489101265
7.406781402594867
7.715762272727963
6.670904379303819
5.932000151099984
4.398099388099978
6.873756838999986
4.460106228599997
8.23552277530383
4.549909910599994
5.86415451659486
7.358736801101257
5.037388983199991
1.185067000200003
4.437910372899992
7.673999153067961
10.266611973999991
9.948895671070709
2.8179958602999915
2.308482092299999
0.7819328276727959
2.602065821800005
2.5180721267999955
2.9729484893999993
2.5763100905999923
6.695207092299992
7.4924850235063785
1.6784896575999948
2.778827574199992
5.321996820099991
6.338309272799988
6.784463035594861
5.463656559799986
7.684261421202545
8.425786402898703
7.13288284759999
8.026520667999987
8.588850540202547
5.593747857699994
4.313471452299988
1.4015735059005445
3.231483000199982
8.25295218810126
8.96214069520254
10.924804918999987
9.151849723797433
7.726133590696149
10.241104568353578
5.860351492303813
3.7937022506999805
6.034296052599988
8.211378234898712
6.111399912999984
3.7477867049999856
8.087812145999989
3.5260666564999807
8.337095454405103
6.833853756696135
7.137588136303831
9.980716957070703
10.214648788353587
2.9935502166999948
2.0363414550999894
3.2531010863999676
13.161763685999983
12.088768482999996
2.2973838378999933
6.265723696898703
10.327404583787828
11.132412833999988
12.732830597999987
12.242472861999994
9.926645349070704
6.715959370399986
10.593805440999986
12.494582461999997
12.702317133999994
12.224890239999997
12.153955053999995
11.23643401199999
12.46936225099999
12.35953391699998
9.931193650863994
12.661797463999992
12.089611933999985
7.662920608493584
14.505402587999987
12.830936457999988
13.819896454999993
11.84779827699998
7.294600062594869
4.054094699099992
4.159100234999996
4.562974688699993
7.501104296899998
6.994665643300006
5.492019172699994
5.232582792699982
5.5604228286999815
7.3956130034935885
8.263161724900003
9.223954450999992
7.821996539299999
9.152443467696145
9.083999949727982
9.79803063199999
11.56638470799999
7.427240786696129
8.727147808791972
11.875161242999983
13.147771795999995
10.447090655646377
10.032179121271989
13.040019326999994
8.895789878797434
11.036941388999976
12.432113260999987
9.37530041199998
8.65739835372798
8.213185154696134
8.614963032493588
9.230028488141423
7.436137708999989
7.931077984599999
8.064028227199993
11.76520602699999
10.81723687099999
11.721672251999994
13.366480741999988
14.283609611999994
14.882449877999992
12.848373842999985
13.55231771099999
10.409711953999985
11.312373314999979
13.41178178099999
12.342495463999992
9.514585685795995
11.878594809999992
11.206918546999976
10.443550684999988
8.852882766696148
14.75291857099999
11.031890754999983
12.461335178999995
11.371489863999988
11.637777198999988
10.21038967599999
11.779330333999992
13.05354202999999
13.53629971599999
13.880152715
11.192610901999993
14.633399939999988
13.269768407999994
13.59346557899999
15.432343230999995
7.878633485405108
8.528474334687974
12.502013180999993
10.600313442999987
11.187670499999982
8.465249595594862
11.77197323899999
13.931645830999988
5.19284493869998
6.1140043426961395
10.61989302399999
10.681002561999993
8.149162939506393
8.18641632999997
11.931610297999981
11.846680410999978
11.303899418999983
12.597598671999997
11.000426647999992
10.822362157999995
12.09364263599999
11.499783916008163
11.518035581999992
11.268832140999988
12.081633722999985
13.163930822999987
12.948019767999986
13.262011609999991
13.267420991999996
10.260952058271993
8.278219256594868
6.780577130101254
13.81892580399999
12.89984907799999
11.830960631999986
11.015821694999993
7.174926443506385
8.328182202101265
10.196559492353586
12.346222150999989
6.44394357909999
6.845633990499991
7.441630635099997
11.334048028999995
12.325626589999986
14.386888691999987
14.076904574999988
11.370208542999988
12.212868279999988
9.617291342135987
8.781975636303821
12.40865688299999
12.805812473999982
9.657577197203993
11.014498974999986
11.408194961999985
10.393658065999993
9.325893247999986
12.473975696999997
11.647105681999987
13.691137348999993
11.569462990999991
6.841315725699994
7.682126248199999
8.478564993303834
6.253820323199989
5.187314280699995
8.298962826493586
7.045719844099991
8.831652900696161
10.1190352080707
11.807527298999988
12.276306392999995
11.742789567999985
11.84739525299998
12.341573603999997
12.549642725999984
11.282036435999986
11.557788285999981
9.664764651339986
7.457424287405104
5.764207684299984
8.039592221103963
7.761806605500001
11.55878079199999
11.253047677999989
11.287733086999975
11.671525984000004
6.933635354599991
5.53517532349999
5.639849038699984
3.270212643399991
4.214359028599993
4.764991879299988
5.72439579319999
9.128083779898711
10.440424737999983
10.596126877999986
10.20089943228286
10.521005297999988
12.467341610999991
9.768195605353585
9.433209234594871
9.505104571493591
10.033825393795997
7.580087696800003
4.96412976839998
8.037459681696145
8.117106005898709
9.038011796727979
11.415053805999987
11.41663254099998
11.20523490399999
7.355244580099993
6.133944334399998
8.171859486405115
6.943448101799991
5.661423782299993
7.280235620099994
5.558962055999994
8.50383801569615
4.600416465799985
5.340956588696132
7.820521914699993
3.401008322099997
4.083123884599988
3.7754805114999788
4.09974741359999
6.664997421300002
4.504511566199992
2.336383871499998
5.927778993199996
6.62270281220254
4.356099740599992
4.252162406899998
5.108910520899998
8.316678066999977
6.203180030799988
7.908814491299998
8.349734445199998
6.9148787642999885
6.560827027899992
2.8278449935999954
3.191655494700003
3.531401611299997
4.5221600844999905
4.856047926299992
3.8393987807999945
3.0893481124999953
2.4368215377999998
3.5749901320999884
2.5264486571999973
1.2324109115999964
5.965674769599988
7.444686256405105
8.219505815101266
6.655355810493581
6.662246658299995
6.566863961797419
7.5726475036961425
4.6866564071999965
3.1188059951999803
3.454108543399995
2.5468048537999906
2.6439261184999934
2.5178451491999962
2.0138863753999976
2.677463285800007
2.8549960632000033
4.456558341999992
5.0118371048000006
6.348547717303816
7.972348854101263
10.41029000899999
8.857349287405107
8.143202708405113
5.126407032799993
4.860079872100001
4.818679199199989
7.561632240303824
4.1255270432
2.677203344699998
2.0898173949999936
3.1397004775999973
5.3945359664999994
6.576701373299993
2.8324512252999923
2.5385737656000025
2.6494044159000016
1.4746597884999981
6.6656536468999885
1.9551883330999986
3.8096613707999842
6.460976821899992
5.843068890405101
6.8751489624051
6.094030042999984
4.750659435999973
5.49565110929998
6.447455262799985
5.865257270799981
4.320000274699987
5.4990872619999775
5.615030619799998
4.743994476299991
4.908288354499983
5.615090052799989
3.361122792099988
4.2360924652000005
4.194780471799994
5.304254969799993
7.828738766339972
6.577410900898695
5.5465304305999945
1.9487156905999896
6.213897386199989
5.551225804099993
5.381610813900001
5.059888981599999
2.9118853316999926
4.498542007399987
6.286251756303802
7.809856794696138
3.1336610808999934
3.585552568099976
8.365643002203976
6.431553787199997
7.259826313797429
8.37685993649359
9.071718698101272
8.475510705594868
7.387630573999979
8.736342321797421
8.96690080410126
8.902574511696146
8.433193797303828
7.291263439899995
7.455871459999986
8.014904986594868
6.970316448999984
6.308237181101261
6.316215417499994
7.041943316696141
7.287078437797425
2.879486198399992
9.475793312067983
6.875444778399985
7.2751387328986965
9.758796652135992
9.84058729872799
11.370176021999985
10.15927162920399
11.017448540999986
9.796874549931982
9.427553475999982
6.831900833099988
4.811366686999993
3.362004960599997
4.149691101099994
3.5817501281999964
7.387257937599994
7.148962536599987
6.5124559218999885
5.717167759699991
9.488871119795988
8.286792095898715
8.426934239202557
7.460249993898703
1.4654936568994537
6.634217086797417
5.868617353797416
7.421041848797405
10.991851789999984
11.358793729999991
9.159942182931987
5.315419042999983
7.296562728898706
7.955554324299998
9.165900932311988
6.3308438979999835
10.766204685999982
7.019613717700008
5.671944070399993
5.808209313999991
8.941025224303825
8.678709872405106
13.309795614999992
9.985429121271986
4.101829827899989
2.876947312899976
3.541467114299982
0.9794254783727913
7.047889471399993
6.284536695898692
8.85888892206798
2.6742653457999883
0.9316478561271962
0.8661649126099996
1.1236511326863967
6.634851863099983
6.142060244799989
6.787933282499985
11.242159780999982
10.474982032999987
11.329886947999993
9.802128564339997
10.51278105499999
12.763650341999996
12.536126563999993
11.28482610499999
12.261339831999999
10.76156026599999
9.889942593271979
6.187064344799979
9.208304367101274
10.358042960999976
10.45119649699999
10.07038114921215
12.534332018999995
11.108041793999996
10.947890626999998
6.578430125399988
3.1420580550999926
10.177890396067987
7.802161192299996
11.357481089999997
11.110713172999994
5.790642266799983
8.820867651282835
12.27587573699998
10.054111302141429
10.229775574991836
12.724784461999995
13.61538412899999
13.457142995999991
12.715580843999996
13.550520508999993
9.90176294706799
10.146818693646383
10.586017583999983
9.46163542479743
10.123734399271996
8.619335766594862
6.223550280799995
7.478117257696141
10.562115803646376
10.618639234999991
10.791058390999988
12.31058646999999
12.86001285899999
12.457144828999986
12.805679754999993
10.677577164999992
12.597511841999987
12.769494721999992
10.510230883999995
9.102303459202556
13.667329870999996
12.949371517999992
12.18574912599999
12.52615677599999
11.75308310399999
11.67764962499999
10.86971822799999
10.493008974008161
10.263431224067999
10.240421584010884
12.264530541999985
14.075974805999985
14.42437271699999
14.277240767999995
13.247347580999987
13.389284022999986
13.421170473999986
11.31711513199999
9.55736731406799
12.807885651999989
13.237198166999988
12.992980388999994
13.267043101999992
9.208024574303833
9.015848165898715
11.474557989999983
9.382352789203988
9.398360227999987
7.861351054399997
11.914861974000003
8.741656376594868
7.3413838668987115
7.924052247594854
13.503189200999987
6.9217364318987045
8.534893856797439
9.391674482696155
9.320137210101272
10.123786816271988
9.479682540931995
8.183912174999994
8.082188949599997
9.259780065898713
10.641000638005433
11.154368726999998
11.277010799999998
11.600086976999997
12.76804919899999
13.764065175999985
14.02664685499999
13.888164806999995
11.67090454099999
5.508692185999977
10.488910561999985
9.182282427999985
12.256032279999992
12.523057113999993
9.756295330858547
9.883453678929262
12.596033281999992
11.162538813999992
11.816972483999992
12.607485834999988
11.528657813999986
10.553698845999989
10.004392449999989
7.610080885299994
5.131304379299993
4.200379884299987
5.809599354599985
3.304075085399991
2.565871395899992
5.2696690459999935
6.775577889999988
7.25193572079999
9.642751733271991
8.510867987101266
4.033226490799985
5.290511862199988
4.40961490939999
9.443489402863992
10.145035012858546
10.033342796203994
11.662175631999983
7.790848106405102
9.75414685679599
6.928406156899989
5.026330096399986
6.371021125799993
3.103580119299996
3.5500026198999954
6.239518691999986
5.947771202099992
6.173186437999992
6.480557795700005
5.3001341598999865
9.520672634931978
7.014692828399988
9.616622372405116
10.86852670099999
10.083707325795988
6.448302581799991
6.129328141799984
4.3686370650999775
5.814774348399995
4.341470932000001
5.548747555499995
8.242963497898705
7.040014225799993
3.695957975799988
5.550711178599996
7.339178314199991
8.466461514303816
1.889002946500002
2.6707337096999986
3.7707744019000007
3.292048019399997
1.2947453002999976
3.321268734699997
5.816964950599998
7.981590005499997
7.05634621579999
5.227705635099989
7.759804241898708
8.620711947594868
8.147723664898706
5.422978889499991
2.193470750399995
1.7429726699999937
2.0172268233999935
1.5397669860999958
1.5938169631999988
1.7259055861999975
1.80319853059999
1.3566585982999888
0.6608775687207942
3.4182306411999837
4.636316123999988
5.2487385970999965
2.588112351999998
1.8918970839999978
1.7891634673999939
5.7489386825948525
2.1776775908999966
4.186740161099976
7.848200863599994
1.2883479400999964
1.9086687271000047
2.1862114700000084
1.243839036100543
2.6912078629000002
2.1417503158999986
1.810265336600003
7.306613137797401
10.414287012999988
5.311965487699986
2.98050126039998
3.170340678400002
2.67369095919998
8.23229584050638
5.659630616800006
4.337710557600005
3.9969351806999933
4.786702496299978
7.010026428202538
2.285702671799991
2.229637120099999
3.8844023482999868
6.279136405899992
8.391155134599998
2.786962029999996
2.877524378999974
1.8027643798999962
1.6200845103994572
1.1294292802863983
0.7383841313405086
1.491927398699998
1.7902662291999916
1.9048568389999991
2.127286375399999
3.167539988699987
3.9552737243999734
6.023152343799977
3.767529212999996
2.207657339499989
3.004659001200001
2.1732060241999984
1.9360177855999916
2.784033677699989
3.6029600570999984
4.448177635199997
4.109810133399999
5.692892150898693
6.321923973099994
2.7670418151999923
0.8991133356067982
1.8641484069999752
1.5340939376999845
3.4932361587999887
4.128442054699989
3.9992532836999977
6.55657000579741
6.963192968797415
8.589172106898712
3.594432630899994
3.475362559499996
0.5804506618499993
1.0681958703999748
2.8734162903000007
2.1250576598999924
8.326881927506395
6.257091099493578
9.765048213135993
4.267396369899994
1.552921748399997
2.279311885100002
1.7976578521999993
3.8483832137999854
0.6828242882699983
2.1648014862000027
0.8005064491299999
0.6591789703399985
5.391728506506353
7.279455911303804
6.856220649696149
5.727914234898699
3.9834565169999814
5.841722691299986
2.0471415099999906
1.6362691955999935
2.2575859542999877
4.770399095200002
2.2835522339000005
4.846058537299977
2.069567688000004
2.846015965299994
2.580064045699994
1.0016249016858536
1.0264397297929175
6.920613038599986
3.4051832030999765
1.6020561767999704
3.086728906199991
4.225093800399985
5.558024664299994
2.8007619567999877
7.828583027594859
5.04914339749998
3.3685428008999763
3.665524114999994
6.219330253594856
5.951168875099983
4.33991596529998
1.9611032073999943
2.666475704999998
4.976863023405086
4.2404173507999765
2.385680195599988
3.040709585600001
4.82667209169999
7.506079043594859
5.480919070399984
3.4828342925999887
9.107328796405117
9.022738687101267
8.182092993202554
7.3658150207974264
4.91732095029999
4.391650746199989
2.5378889220999854
7.822752752795964
2.7876000716999925
6.564682438696133
10.81158052399999
7.351479795797425
3.806273036199985
3.1038870696999945
4.0264184127999725
3.8458163924999793
7.651177621506387
9.646479373141428
5.594027400199985
8.08718511199998
8.957199966405106
5.0123199233999856
3.1672137435999956
3.484612469499986
8.558853488135973
7.415522257999967
8.958715672303827
11.604759794999989
9.058481939696144
12.117102605999982
10.847236852999993
11.637494021999993
12.598464156999984
11.537454841999981
6.909266346696138
5.559853318797393
8.252582716271968
8.612824311797421
9.105434863303831
3.707439538599991
5.954493843099988
5.889433660898702
6.55725679170002
7.5964114655063835
7.370208526594865
4.269681663499982
7.275274620101266
9.70621253658399
11.679466672999993
13.210140447999992
8.712096565202552
9.208592027303826
11.175997159999982
8.691550579797422
8.018468714898708
10.524946158999986
10.001403767133118
6.835732731599992
9.456610867203988
10.686221726999989
7.884516790797422
7.292964936799994
10.428142722999992
8.098609654202551
10.864946612999988
12.79638562299999
8.678620565797424
3.497635006699985
3.799961511199988
7.133235229506387
7.762069012506387
10.548211138999983
11.54494623599999
11.594069047999989
9.88357293227199
7.899440188594864
8.946017047067981
12.227595904999987
12.421865384999993
10.754010096999991
10.149812719787825
11.13922223199999
10.406480337999989
10.125768899646388
9.955058682091682
10.480389188999991
12.746842447999992
13.34987741099999
12.228279654999994
14.545586854999993
10.524459194999993
11.780430423999992
10.741248545999992
11.863965838999993
11.570376009999993
13.34176045399999
11.684883994999987
14.397764873999991
12.051548635999987
6.504661366299988
8.267232162506394
10.418996282999991
10.456255747999982
8.944794656405104
8.579397558594867
7.919738168303828
9.64934821313599
10.021914022863992
8.481629396101265
10.222516866999994
13.258211854999995
9.783924327070702
11.718195020999989
12.857936019999986
11.95123726499999
10.40872099299999
8.955091953999998
9.466248013203991
12.894032053999995
7.4227710144051064
9.51267810813599
8.692156068405108
9.108907736135988
8.88730263520255
6.525452212499992
6.565848417700001
6.233426252699998
8.104902423101272
9.54064586640512
7.872927717599995
9.25150530240511
11.228538935999993
9.264080538898714
11.994842960999986
13.493708880999993
14.784404723999995
13.554006588999993
12.930790305999988
10.282345566999995
11.391513975999988
13.432718928999984
3.501221202099993
9.112124398863987
11.801608303999986
11.238025223999996
13.610034618999986
7.751962536599995
8.449339103696152
9.930387820282865
8.805064953594863
11.19929643599999
11.096946604999983
10.844719443999988
11.652574608999988
10.468993480999984
13.63191250899999
12.616908616999988
10.512644993999992
10.939648549000001
9.89180274671711
6.0065977019999925
6.862848432899986
7.686212220797429
9.673447648727992
10.809887678999988
8.101419622797417
10.88289213299998
11.486535424999987
5.739946838399992
4.632486128199991
7.580450331099991
6.82534737239999
6.9021428084999945
10.441478205999985
11.267630750999983
12.74622134699999
11.701592257999987
11.943808201999989
10.008899134858552
9.490703663717092
9.719601985202557
9.80682563921214
11.658404670999987
5.770455273399995
5.122017945899977
6.383793238799983
6.87618151399999
5.960402149999987
7.5096029190000015
8.139470997594874
8.674543138101265
8.72959214940511
12.193086614999995
11.046093630999987
12.402377274999989
10.10623660420399
8.298944206202549
11.412940127999992
8.842710531594866
8.711867820696149
6.102409828199994
2.637169813499995
2.0051236205999947
2.4559350905999966
5.675477943399987
6.971509370405099
9.041480985999987
6.3359146407999924
4.9813375579999875
5.665716906696142
6.582760935999978
6.36908240359999
4.533397822599989
3.352987553399994
5.10977884519998
8.000834881594871
8.084908918797428
5.3855351561999845
4.778694155899997
6.868102743493577
8.992037933203974
7.683877520797424
5.014093041999987
8.110743016101265
6.370473138399988
6.709728478999991
7.984811750800002
7.387071614099991
2.923224211099989
3.507250253299981
2.5220179656999946
2.226079319799997
2.976311560099992
2.819192912299991
4.908329984999981
6.258096385199985
5.952363838199992
5.436845484899993
6.784020803797422
4.080403265400002
3.576049679599973
6.95262175450639
10.821563837999978
8.278849424696142
2.3213696503000003
2.1449089035000037
1.2647135421999942
0.8708289413339981
0.9819030861931975
1.1596381165000007
1.4335519393999985
3.808696314999986
3.6705904998999968
1.4238176970999983
1.5612656325991814
1.5750808212000018
2.008168579099982
3.419434423799998
3.5686160293999984
3.2686581023999968
1.3240596207000022
1.0317642071787698
1.4674492583999978
1.426110752899983
3.8144361449999864
3.7880679061999927
3.2360185042999956
3.444721833799994
4.728077413899991
7.237852381899989
1.837221716299999
1.8011562668000018
1.932094442699999
1.0595875054266883
0.8337544230500011
1.805032076999967
1.4322287994000007
2.0436723571999913
2.4344198562999795
2.768510728499986
0.4771885803199993
0.8957181669141248
4.2872330428999845
2.094378063999995
2.884937023899991
4.239095617699999
3.2185770554
6.206384596299998
7.8057638686961415
8.653076982101263
7.44551222230383
7.246152763405091
6.557717805506382
5.186053919999993
4.334258286999989
6.537200334202542
2.5895524138999964
1.2109995393933453
1.7038722121999896
5.192268238799997
5.984873820499992
8.279892376696145
8.875297325101268
5.477958827200002
6.0183364577974094
7.1789516205063855
4.300822199999993
4.946382304399987
0.7786076559067969
3.208973001099974
2.7468340270999914
1.6042443541999953
2.1097878417999696
7.882947250405101
8.539919390898714
1.1535877413005415
3.164859965499966
4.068304856899985
1.907187460300002
3.682382746900002
3.6460309569999754
3.097593072499995
1.1444744384999974
0.6179313627200005
0.729850873090001
0.39542622881000067
0.5464781719199971
2.028849853499981
1.424323446700003
1.0820066375912185
0.9703185104271909
1.9553897246999827
1.6977273040999952
1.729672300699994
3.766919047499994
3.847457534799989
4.059285095199999
3.086371827699994
4.589034353599985
8.988446084594862
5.758268785099988
1.9997563903999842
1.2272188883005444
1.016129453294145
0.9225702472700006
0.63864138222
3.8283429748986815
6.28948919530382
8.59350939030383
7.121588745099986
6.159697849999998
7.45186048739999
8.766484144594877
4.739850888099986
6.383636509699988
6.967129225202544
8.598303564506377
7.8843628798987035
4.845200018299989
2.938012864699999
1.7073967421999803
5.944445382699991
8.09635890659487
9.79140578306799
9.052767138795991
9.431101109203984
10.933919127999987
13.051046320999998
9.582172706727984
5.365278384399979
3.8015438506999852
4.461736906399979
4.183385227999988
4.278917515599994
6.02431017609999
3.991514363099988
5.381163592499986
5.580171041899992
1.687383732599996
2.164798811299992
5.3526861571999955
3.3253652465999703
4.536390290799987
8.774030082795973
8.65270799410127
9.771990991061129
10.935333783999985
11.522638001999992
9.060626704405113
7.331547990405106
10.35429429599999
11.876244512999987
11.576159723999991
12.16354340099999
9.122050338696148
5.941426312299986
5.729664720199991
5.424158927899994
2.7324820876999922
5.470079658499987
6.4335439132999905
7.65519039610127
9.082486109898717
10.115183132929262
9.183274633863974
6.589740183999978
5.499417837499982
7.449285639999978
5.556070211799981
10.190123277212138
8.53795139159488
12.025339898999993
9.949755723717109
11.875186092999998
12.58760623899999
13.51208877099999
12.816543122999994
11.302616358999998
8.246148345898717
14.124576461999983
13.172069887999989
11.85729072899999
10.623298514999995
11.735168781999999
11.381770267999984
12.078960317999988
13.272406220999995
14.02867246699999
13.33947257399999
14.68663016199999
12.416633449999994
13.883695058999988
13.732259498999984
11.08183386999999
6.58295650020254
6.384106071506361
12.231252480999991
11.123148385999984
13.816190119999993
8.633872729506384
4.839494361899986
8.99242938840511
7.520195507800022
4.236528536999991
6.224199954199983
8.20784336399998
9.006333612101269
12.38806719399999
14.090228985999993
15.012498443999991
12.138516257999983
11.565665134999989
10.78613569299998
11.495549424999988
12.560629073999998
10.934212061999995
11.348588715999998
12.938853458999995
10.764354654999975
12.007481603999997
10.960661202999992
11.765697642999987
13.508646694999992
15.191027019999993
10.891099587999994
8.708931787101282
8.365539678999996
12.154451325999993
13.862543915999993
13.21953086099999
13.568011860999988
9.263709208696156
15.134480349999986
13.236936233999987
14.140904528999993
10.60415538899999
10.516705640999993
11.025493955999991
14.65989318999999
15.195760540999983
13.45902789499998
12.559900515999987
10.833984868999988
12.606815635999986
13.19857392599999
13.328023784999987
13.311840365999986
12.644169167999982
12.370877117999994
14.10248964499999
11.864160080999989
12.431457319999987
14.495352672999982
14.235427173999987
13.873035860999979
15.03146622199999
10.924298675999992
11.26166421199999
12.588084257999997
14.570882264999986
10.62896137099999
12.564757054
9.743720402646387
9.698019818103992
10.743853966999987
12.178452594000001
12.776106501999998
15.023722846999984
14.191148597999993
14.66082837399999
15.38476424599999
14.121506542999986
11.290998649999988
11.284966285999987
10.089083224353587
12.924647535999984
14.728692386999995
15.42738731199999
15.56013713999999
14.12931915699999
15.042056699999995
11.065616628999992
12.805798499999987
12.512706011999981
10.516463155999986
5.272333439599984
4.9114637252999875
4.6105836654999885
4.721778489699989
8.18138776699999
10.610344488999987
12.356421511999992
7.362398211696131
8.749280628999982
12.154707299999986
10.245279629646388
9.633507554727986
6.498266830399984
7.915523332202542
11.797959113999985
11.945018419999995
9.31642469627197
9.679651939271984
10.615893609999988
9.70654745020399
9.58815127406799
12.270700384999982
11.775593943999983
11.395867248999979
11.662608071999987
5.366616635099997
5.33598129579999
5.93937963559999
8.2989175078987
10.037581295858548
11.092995888999996
10.488542989000003
11.726828404000004
9.724483279405126
6.170803021200006
7.1472644394
5.612659777799989
7.316152455101261
9.24105563506798
8.731101094101268
8.210284684797433
7.0661371552
9.574927510101276
10.507174175999994
8.602632652300004
9.366933772303836
7.644691798400007
9.98545925899997
9.004054489101266
6.165298271199988
1.5784245940999966
5.09452168729998
4.65403706969998
13.66955420099998
11.446808245999978
11.491014243999985
6.651601521303819
1.7798732117000002
3.309519593799968
2.9911285491999937
1.2593656218999996
3.0151458313037995
5.6938693297974
4.3081685149999895
1.007501604572796
2.0537365645999945
3.6444042815999915
6.744569363399993
7.579444207797427
8.176463832101263
9.298860032795973
7.2579635573999886
2.5721427199999765
5.076933743299994
5.882293106101256
8.9776120238987
6.808542533899996
5.788278375199989
3.602751110799994
6.976375190696126
10.190459931929269
13.097832436999987
12.56064445499999
10.420910639999986
6.261631730699993
9.096375546303824
3.40129866639999
3.768475242599995
5.17878897859999
7.827081599405117
9.98827179714142
8.69940286099999
6.2519022857999955
5.49739435579999
4.305069445799992
3.273271958899989
3.8599082213999947
3.8307701308999937
3.600992018099986
3.7325161468999926
4.626508789099994
6.439890812699988
6.10991746979742
6.1217486098999885
5.6609169814999944
7.342696620202544
7.627774215696144
7.613359213299997
4.611104010000001
3.615601585399997
2.616755253599991
3.925839474499979
5.212355085797412
7.385419764696133
7.652834672493585
1.586208862299996
5.684059277299993
6.294902850299992
5.131230583199997
4.517720004300009
3.4876436829000044
3.3724601745999974
2.2617382567999993
4.847236903405082
3.7237439498999785
5.604308276399981
1.058156872185854
0.5395344656000016
2.266830477899966
1.059952203833996
3.167654499799993
5.142318783599983
9.089523068202551
2.832644018599991
0.8091843979800023
1.2536897659000021
1.6083805679000036
1.4973834929999965
2.3164057448999777
2.5257803955000004
1.163021212799992
7.613067367594852
5.313241487101257
2.183117291299988
6.3226350188987
4.810429138199992
3.678097837799987
2.4926718917999904
4.738244279499974
7.152881587202527
2.265461880499999
2.3067116379
0.8529514375696151
0.8157861702899994
1.182941500899995
1.7245102538999908
3.034504305999987
6.260164919999985
1.7379408905000013
6.149335913101258
5.743245130899996
4.897157801799999
4.090854836999993
3.411728472900003
3.4568084807999995
3.7311512755999967
5.965391171303819
5.312741738899984
5.413313368199991
4.073077990699997
5.150137321500004
5.944638684101259
4.769712672399983
5.298733125299998
4.8070031661999915
3.3968259124999918
6.223271498101262
8.751325831594862
10.203888027999986
9.739769811999983
9.642088211067984
7.709910644493571
10.064053237929272
8.038200616506385
4.709646520999994
5.7060930663999905
2.3343526107999932
2.2855039260999943
6.451109602399989
8.785555519101264
2.085192404199992
1.4252779680211924
2.2116919219999893
2.703538899200001
1.7584000960999984
2.023751814299998
1.9098441451999875
3.553839192199994
6.490911001594864
6.334695884699988
5.519811521898704
6.422155815101267
7.425378663594858
3.876270460499989
2.315874717699999
1.024897780413599
3.3875750275063683
5.223075993303809
5.4273535338987
11.267560502999986
7.302128199797424
1.1183282454999992
3.599310507199994
6.171523516797419
2.067291366599992
10.413774446070699
10.33902804878782
11.467499373999983
9.361016339101276
11.083515223999989
9.054862911999988
5.088866043099981
7.921803503405101
9.163190946999986
11.496960656999992
8.935899716135978
8.437069157405112
9.22295069730383
11.194512508999992
9.282576235999988
4.1485485793999874
2.984486723299994
3.921095957899984
6.201743749999983
6.748911795000002
6.754453668199986
4.464840991199982
6.375649211101246
13.660662566999985
7.948691302506385
5.535692100499984
5.793273899799987
1.7439081435999897
0.9666329870135949
6.514713555898681
6.009262622099997
5.613875196799983
5.055981373594854
8.80452961113598
9.156654930101277
7.947494886800001
10.203172656141426
6.244528559899985
6.526325334199993
1.8887249419999819
1.4073821514070546
3.005589802599988
1.5065602920999985
5.044286079399976
3.6540701735999876
8.064740725696149
9.694131109717105
8.143677445999982
8.552917684898707
6.6375685134999935
9.509560932898728
9.213133053594879
12.266109647
9.833485333212145
8.80812765810127
8.2508897888
3.9098175872999925
6.019665223696139
10.404759566999989
10.928062476999985
13.507446529999992
11.781566266000004
11.909562428
12.314750042999988
12.199082683000002
13.188832038999994
13.916659662999988
6.177324909999994
8.276957389797431
9.490886405898719
10.259474948030565
9.716987638898724
9.182541473405115
9.58523036193199
11.958575211999987
11.382498916999992
10.695023996999993
11.168105239999994
12.313569959999986
12.678379734999995
13.140489626999988
12.55191527099999
12.266273566999988
13.752077665999987
13.928371090999995
11.258788317999988
7.7763237671012675
7.443743499797426
7.383033642583959
8.582975297493585
9.622263726863983
10.667966967999986
8.218262025506387
12.128575451999987
11.281599193999991
11.668689448999995
14.079421247999987
13.799314399999984
10.714886970999993
10.702015128999989
8.952076719696157
11.125819947999986
14.54972388599999
10.719888903999992
10.587645099002716
12.922245659999987
11.779137143999987
12.806249866999991
12.85333024099999
11.84476744499999
11.70682721699999
10.447115078999989
8.989918228101267
12.094875562999986
10.684506075999996
10.269375994929266
11.490125930999987
10.37993667299999
11.127484736999996
11.723084517999988
13.366880576999998
12.954868244999984
12.018490059999989
13.764643590999993
13.19987233999999
14.311710140999985
13.650171389999993
7.70495537410126
7.170783589202543
12.531956399999986
11.995349566999993
11.222916964999987
10.277345814646386
13.304694311999986
13.273912227999988
12.892413474999989
13.853744376999993
12.824026233999989
11.062378170999995
13.63956569799999
12.84165066999999
12.646535325999986
11.874682015999987
11.402749065999991
13.398228440999997
12.710762220999985
7.724568775898703
9.533175620999986
11.453392374999993
12.87869167299999
12.33638804299999
10.610827868999982
11.233849320999989
13.53173745099999
10.459304923999985
9.808811952135994
10.499185480008151
11.286656923999992
10.245457998999992
9.245813822898716
7.897418643199999
6.711916430696146
12.99536137799999
12.001184781999987
13.093600326999988
11.228277448999986
8.268098002594863
6.735818179299991
5.850737144499997
9.073546926898716
9.511957055787818
12.613995487999992
13.043888408999992
13.080422768999986
8.32362845149359
9.460348709101277
12.88502478799999
8.511170301797437
6.811453646899998
7.217220240799987
10.542973858999988
10.44332009599999
9.163777120999987
10.254289589999988
8.126130361898719
10.135123283271993
5.561601724199992
2.488255085799998
4.825557997099982
7.150290702797424
5.9158566604999825
7.872494729594872
8.700845680202553
8.048953810101267
7.03820885009999
5.49485863039999
6.075578485100009
5.604829133599999
5.70764328459999
9.135019644202552
8.925437626594862
7.101917222594865
7.82938313140511
2.102733422899993
5.507569534303818
5.542721557594848
7.991530245999991
9.53567734679743
9.045858677696149
7.605918714899991
2.772741332999997
6.071786502099991
6.838757328799989
6.0058941649999875
8.197537800594855
9.472018780659987
5.376518768299991
2.770757395899993
2.59397485199998
3.186957548499981
3.524659182699994
4.994727389499996
2.258051988200001
3.058864268499994
2.741553018200001
4.714967619299971
7.198119314594856
8.134566632101267
9.865327673212144
8.14704001159999
5.951969567898695
6.655809388699996
5.5078346893
3.5479869949000156
3.1408438339000027
4.2636290039000055
3.6786414519999835
5.219729788199993
5.384630926499993
8.120675241101265
9.474173724405112
2.7327111281999983
0.7658311893500004
2.719617640700003
0.6079405383100016
2.6143545546999776
2.1290995604999936
2.1235458710000046
4.565587452699977
4.579130644199986
3.5317154784999953
4.767648158299995
6.837898840299989
7.247167303506389
7.4185956527974275
7.964528820797423
7.459192863506372
9.107126043795985
7.107420741303818
3.3864718154999975
1.627901621999988
2.7847084548999903
3.562427310200007
5.162310967999997
4.531057154799989
4.908063963299997
5.304309707599982
8.336833532696144
10.383387502999987
8.160145819101265
8.416070426898715
8.45629036410126
5.499881922899987
5.726930642699979
4.954950605799987
2.0358543242999927
4.0196632430999975
2.1791420974999998
3.116445204199977
3.7048784958000067
6.043518662999992
2.896151016199993
4.128201654099981
1.4150947356999983
4.822595597799982
6.9378365798999875
5.529712325999982
5.263636025999981
3.9694621825999885
3.7037837356999868
3.6383985045999885
4.038905177299987
4.236263760399987
1.6039044479000004
1.7556545609000016
1.1619307326999946
4.374034579499985
2.9723511658000024
1.4965050292999948
1.2958260283999976
6.747057498199996
10.028654080141425
8.153285932898706
6.977402156101252
7.288277104199989
7.334975027506382
3.9234864730999965
1.9986600356999988
3.754348492400001
6.426545483399987
6.626498014797414
5.080812950099978
5.147460259999993
5.864552596999981
4.986497813399995
2.140189552299999
9.83000215607069
9.385687983687992
3.7197209258999817
2.8345574111999854
7.33299242249999
5.97571291199998
7.268106533797418
5.7949848876999885
5.004592256199983
5.2834219573999786
4.072035150099986
5.666145753499984
3.015644467199995
1.8466585921999907
2.2436488189999872
5.188760928299981
6.305793730199988
7.13073515930381
7.01187486719999
2.7090692153999787
5.078244097899987
1.8439991378999963
4.94020554349999
4.175120459
6.494326129200019
8.745827293405105
7.428970487999983
5.686490475506377
6.033114398202534
8.30621448210126
8.107097363303826
9.159788467282855
6.190870683303824
8.019843231202536
8.703234590101264
10.253462721212147
10.197784136999987
7.826560772696147
8.54848299410127
6.4437192229999845
7.386161247299994
6.576170100405106
2.101507882699995
4.077084593199985
6.140249908399987
7.1545388946961435
7.100653819303808
8.93012331527198
9.379034243858538
9.386589356999988
10.301679800282864
11.404992261999988
12.357144224999987
8.734071798696142
6.691591065999959
4.894396055594852
7.747109696999968
7.1815847214050965
3.178709326199977
5.135702387999991
6.240412297101263
8.169819897506391
4.31720327759999
4.5671867431999855
5.800143533299987
6.1612894484999865
4.100702035499993
5.1704631926999784
6.953020899999983
5.485810688799986
8.20624896240512
9.856407850717112
11.425969459999985
11.35498014799999
9.580812071207992
11.530986661999988
7.539208818101265
6.92346869959487
5.864767401101259
5.855028619399987
6.078994593799981
7.1434419951999955
6.560236456300002
9.103005392339982
7.481563149999987
7.109121089200008
3.387292703199985
7.8440398041012624
9.979942350858543
7.282262765499996
9.218747422797433
11.932396622999986
12.13486589999999
9.625386604212133
12.39218220399998
10.250697701999993
8.974396372999982
6.509989752202535
6.621207414202543
8.892374464405108
5.356109738199986
10.656229864999986
5.293951928699994
8.721827247599997
8.85984229740512
7.590189930699994
7.008419563299995
5.824711791999987
8.309152336101254
10.01448706799999
10.659848897999993
12.320806949999985
10.838611724999984
11.37001856799999
11.211547718999988
13.131286252999992
12.685809321999987
13.026416430999987
11.07574711299999
9.720145095863993
8.052479333506392
11.198281162999983
10.874823079999986
12.514320377999988
12.727064770999988
12.468669530999993
10.959017457999991
13.624065468999994
11.364327343999989
10.557997941999991
11.526093699999992
10.668528670999994
12.496607090999989
14.374819224999992
