278.1055263652
278.08378032
277.564901026736
275.1101236332639
270.16916425999995
270.00904023006393
265.72978925667195
266.41833729999996
270.3845144548639
274.14664159999995
274.5895636748
276.911664503264
277.7657982416
277.76634848519996
277.933147903264
273.23430576486396
268.4857222666719
267.6077705084
269.35997246332795
269.684535159936
271.4538672883999
275.04904228846397
272.9338392551359
275.39422578479997
278.157462545136
277.821860548464
277.41213642673597
274.04157489999994
270.467423045136
263.0610996066719
265.5471794933279
270.7151901384
271.1568793933279
274.85020292993596
275.8702434566719
278.10153588673603
278.207758498464
278.390536913328
277.9383228548
275.632458109936
268.61159716846396
264.149215036672
267.12617675667195
269.33975039006395
271.580701173264
274.82461903999996
277.542159523328
277.038679295136
278.27096724
278.354702883328
278.060753959936
276.0526106447999
269.75162753673595
266.102865429936
267.44359824479994
270.9996068383999
272.519182034864
272.7079917984
272.70664765999993
276.13653427519995
276.96160214846395
277.074718846736
277.467072168464
276.08307568486396
272.807590426672
271.92908505846395
269.39039141
268.72189784999995
270.23953417993596
276.41082416673595
277.61542929520004
276.93200053999993
278.16878276
277.5162826684
277.62020405153595
276.82978481326404
274.391827199936
270.88045546999996
266.6977492166719
270.643549023328
274.23755332006397
274.416969434864
275.7865720699999
277.51794780332796
277.9660149448
277.715914013328
277.48823022479996
276.893276708464
269.6871229484
268.56998358999994
266.754063869936
269.15168730153596
273.31911982479994
273.523470115136
275.292702733328
276.991126120064
278.06872050519996
277.277947509936
276.85081342667195
275.53696972999995
271.616185836672
269.637062595136
268.87613681519997
268.51791699332796
271.18174629
274.18366972667195
276.952521678464
278.09650908153594
278.415488673264
278.05641152486396
278.4723190948
277.357183059936
273.7471480452
268.18253164332793
268.738500391536
271.151248436672
274.2911620115999
273.37989003999996
275.448351856736
276.81930693159995
277.55752114326395
277.182242136672
277.27512563006394
276.4635958016
273.95905473999994
271.6532246066719
268.08244121486393
271.06772187347195
272.15128144673594
274.59564873479997
274.211980370064
277.572764696672
278.012762548464
276.9599750452
275.10027129
275.164221973264
272.03159140673597
270.98937997999997
266.60684726993594
269.61409296673594
270.4695894547999
276.44758427513597
277.728954884864
277.2670402848
277.70718286326394
277.5387321784
277.41677709846397
276.40181938332796
271.218209376608
267.612924803328
266.475133984864
270.05741308846393
271.2788552716
273.017328124864
274.4293064451999
275.78769970839994
277.50831494159996
276.58189653159997
276.363044871536
272.8943132848
269.9770746084639
269.7797595699999
267.7299794915999
269.12542050667196
269.56534628846396
273.53042578
272.85099355153596
275.727901369936
277.207833983264
276.723732126672
276.299037155136
276.4738979484
271.2088904266719
267.3557251983999
267.9136277299999
269.875837988464
273.26043886519994
276.02916884673596
276.875052834864
278.153663334864
278.093361279936
278.00829780479995
277.1591167452
276.972699074864
272.2580314467359
268.06842089846396
267.58645565999996
269.86432109479995
273.132594433328
274.634172361536
276.27267597993597
276.500075783264
277.644545261536
277.639751120064
277.670937865136
275.492243163328
269.5031158248639
265.77460410479995
268.587307424864
271.0315556616
273.20594922
272.65494785153595
274.49414541332794
275.3236445348
277.55162495486394
277.401040384864
276.792940868464
276.130795898464
270.89000566153595
267.06688671846393
268.1162015647999
271.72036035326397
269.067686133264
274.1582225584
276.020298731536
277.352340188464
277.79836303993596
276.64121303999997
277.23820375673597
273.558881835136
269.10228339846395
264.1912111348639
268.966049804864
269.87995409999996
272.84439687846395
273.45418925839994
276.4497151367359
277.463711620064
278.74091035
279.544391114864
278.9188102516
276.704138479936
268.21421328159994
270.22355781332794
270.12055253513597
269.4376335915359
270.08046582153594
274.29812636673597
274.408808886672
276.43344399326395
276.3545938484
276.87316069326397
277.30043950479995
275.995199074864
271.444202536672
264.75294414486393
270.34793906326394
270.30403945326395
271.68004257513593
273.84670683993596
274.38285977
276.949175099936
277.49619506519997
277.59642816999997
277.24380678673595
275.05385703006397
270.76095722673597
268.49244726999996
266.68116738153594
271.0691747999999
270.4124916032639
274.95482001673594
272.63242558846395
276.0825456052
277.6213173316
277.389955615136
277.464804196672
275.488743551536
271.666463671536
270.016532423264
267.956380663328
270.58720244159997
272.968918551536
274.54468994326396
275.815433789936
276.90423579000003
277.67828291326396
278.33190034326395
278.08293686993596
276.812633445136
273.64235742153596
272.23353222839995
270.30351406479997
271.3098654284
273.26086542839994
276.04588027006395
276.67882592667195
277.6796865248
278.051148488464
278.507654295136
278.10437041332796
275.62999028332797
271.7793198216
267.93743769667196
268.55071308519996
269.52343906326394
271.15615781159994
272.7424800751999
274.58501083513596
278.1559173848
278.155896093328
277.41238002513603
277.51156523
276.860973875136
268.23030175519995
268.5517757833279
268.90985937692795
272.014124123328
273.6405164084
272.77991289479996
276.69833652159997
276.63580449332795
278.0496977516
278.17985341846395
277.7034294916
275.5657828615359
269.9983959
266.0487865200639
268.6182818351359
267.88954804993597
272.480947363264
275.66834668
276.24276356999997
276.81262148006397
277.98404282326396
277.8175014152
277.92770151
275.979703124864
268.89221054673595
269.5638468736639
266.72295664006396
270.72828046993595
270.54247421513594
274.172192185136
276.63987138999994
277.715256735136
278.6463669448
277.752357566672
277.894040088464
276.655867431536
272.722221875136
270.23230761513594
268.88174306673596
271.2257175799999
274.49431269993596
274.34191660332795
272.52156171519994
277.001500833328
277.86943315480005
277.592812064864
276.47725874
273.70275380519996
267.64502871479993
268.07583007993594
267.5164474600639
267.88101562486395
270.465645506672
273.5682226552
275.76044355
276.428165035136
277.115519776672
277.48202006993597
277.004867433264
274.641319530064
270.9317939499359
262.6773402333279
267.83350976846395
265.67898203479996
271.09651367159995
273.68025195326396
277.1516152316
277.883526663264
278.705076173328
279.15177524332796
278.140048581536
275.774563479936
270.9976666048639
270.6467591752
265.59895898159994
269.50110585993593
271.12470917667196
274.1896123048
272.2496849599999
277.60187802846394
277.937189305136
277.7477215316
277.756212791536
275.432553123136
270.65968437660797
268.22783690999995
269.2695412115359
269.75674121479994
272.44192832486397
273.6952996083999
276.455983786672
277.2109425284
277.398755955136
277.490688133328
277.0968994648
276.74061337993595
269.99652832153595
269.30304257999995
268.75571269667194
268.33305761846395
271.5769009799999
274.28546406332794
275.9860283216
277.856890038464
278.00403181326396
278.269982913328
277.56068013
273.9751356433279
271.82072089667196
268.377100003264
270.1287863284639
268.10027480479994
269.388833981536
275.2220936499999
275.59521699332794
277.46233852673595
278.16844184667195
277.82649370479993
277.17733706486393
275.94763388993596
271.29261698999994
267.795738866736
267.04304433999994
270.73095097839996
274.89162294513596
274.46614121332794
275.0925884751359
278.0692545852
277.545648335136
277.62184575159995
277.683304540064
277.59379022999997
273.38438583839996
270.282669533328
266.84612089673595
270.08595273486395
271.9881326167359
273.40032402159994
276.509345115136
277.0430293915359
278.7462716752
279.00645595667197
277.73981455326395
275.8150525384
268.628307616736
265.79516015839994
268.62538554513594
269.41247968513596
271.27146484486394
273.506897656672
272.81553203153595
277.25712285479995
277.728540330064
277.3980415016
278.03884560999995
276.470792966672
273.09264081999993
269.09020722513594
267.73969277486395
266.95221914326396
273.750840136736
272.46376679839994
274.91349082332795
277.13713925999997
277.212992773264
278.017994236736
277.9388030284
274.62569081999993
268.8885173848639
271.809694726736
270.24212108999996
270.0730410151359
268.6482457000639
276.28648369486393
277.60874121326395
276.0407642584
277.703081836736
278.5682521484
278.03099931519995
276.654247706736
270.8292259784639
266.7627867151999
267.08660722999997
267.7856152333279
273.51347382846393
273.3078755899359
276.4779903348
277.6707806184
