280.63260610486395
281.34381459673597
280.246858786672
279.889358253328
278.90643193159997
278.468998046672
277.0345437016
278.82249394993596
280.628306153328
280.922011130064
282.21277783
280.995307618464
281.520850485136
281.90652587667194
280.88176987486406
280.42840039332805
279.09339589513604
278.71309507
277.88871181667196
278.372771483264
279.468862205136
281.1718257848
282.549277245136
281.7097563452
281.41068603673597
280.918934134864
281.110184226736
280.04729374846397
279.59884043
277.4899449748
277.6120522916
277.79132871
278.02624902
280.96796836
282.84774853519997
282.2867083
281.256431296672
281.654664060064
280.61356484
279.783483253328
278.363641604864
277.52475585999997
277.97094282
278.744655128464
279.802027536736
281.0718447284
281.689928129664
281.864265723264
283.068164554864
281.900857619936
282.699541994864
281.819157320064
280.32398535153595
278.606317331536
278.996206253264
279.484136964864
280.31149999999997
281.1361436548
281.847527146736
281.4998438452
279.91002880993597
279.95554677667195
280.56338315159996
279.98018105486403
279.42332861
277.92210048846397
277.247366893328
278.03720751667197
279.363510353264
281.18937421519996
281.068604788464
281.11659433673594
280.84418467
280.54119707326396
281.014418065136
279.9969469748
279.16169716999997
277.281567870064
276.79374951159997
278.66067197160004
279.25228623326404
281.03311308673597
280.320126755136
280.485173631536
281.203224463264
280.250391943328
280.5012846652
280.07228984486403
278.33027226993596
277.8430712884
276.062263479936
278.522558888464
278.97681376667197
280.360219821536
281.38584326
280.885089258464
281.256495606672
281.4499353548
280.795781686736
280.8970636216
279.653292188464
277.3636012216
277.69367255667197
279.64747197332804
280.71056376673596
281.12187226667197
282.52611152332804
282.935796676736
281.837717676672
281.75630019519997
281.254514943264
280.72239829
279.4132812548
277.8331152332639
277.47488242326403
279.819948539936
279.833279586736
281.70278681667196
281.79857939159996
281.24308535
280.8171423816
280.72593231999997
280.53206962993596
279.96422812812796
278.80889931999997
277.944471971536
277.274879686672
278.4192178748
280.33414316486403
281.262029686672
281.26596513519996
281.89571035
281.21881342673595
280.942217968464
281.489159669936
280.930041019936
280.04210195006397
277.305863673264
277.5369494616
278.78492441006404
280.2425036116
280.96177900006404
281.53654423513603
281.52088427999996
281.97880839513596
281.8722511716
281.254392774864
280.33425371479996
279.68168457006396
277.709041500064
277.96631167
279.03054785326395
279.68102510000006
281.3763079148
281.84103710667205
281.8676890616
280.79326411332795
280.722518456672
281.2698814452
281.468318553264
281.110596
278.9326499548
277.5163266616
277.728227444864
280.10190019519996
281.423360936736
281.55952060993604
281.83971562819204
280.734632033264
281.13685888839996
280.777825291536
280.700042774864
279.78942412006404
278.36696782
278.17244658326405
278.269448293328
279.97610166
281.2962660152
282.398394236736
282.068222168464
281.66020293
281.36085117159996
280.67489013667193
280.670814649936
279.447343161536
278.01146499
278.270619676736
278.96425380999995
280.179644335136
281.05117265513604
281.98233408332806
282.048678516672
281.5296201184
281.6172998048
281.019620509936
281.0038914084
279.5025206084
278.257868701536
278.88320194999994
280.07155039
280.4338667952
281.79888134993604
281.829200095136
281.51161689486395
281.171726368464
280.88875366006397
280.839301170064
280.84933251993596
279.84256679846396
277.89950161326396
277.46972124
278.913513180064
279.7961797852
281.507065820064
281.225852733328
280.65404121326395
281.271889551536
280.4073997552
280.256823244864
279.649525489936
278.826353711536
278.47942055846397
278.5712291984
278.530883789936
280.65348759840003
282.6838827116
282.718947854864
283.21855156486396
283.293137105136
283.08855947480004
282.69507207153595
281.996378465136
280.433273048464
278.71609042846404
279.250894285136
280.34552998000004
280.87092139
281.785535254864
282.0948545852
281.19862539480005
280.818640916672
280.533357228464
280.333177245136
280.07516113332804
279.60437246
278.297757033328
277.790620999936
278.91113535326394
279.6301145516
280.746384370272
281.99861904
282.234097945136
281.186940821536
280.773012936736
281.09472724520003
281.250536914864
280.32505605480003
277.968621676672
277.2570194348
278.98568535486396
280.690980273264
280.8406020548
282.71238300846403
281.7686117152
280.265531934864
280.732633346736
280.433677784864
280.2919183552
279.20701855
278.14164374846393
277.770104198464
278.02568192999996
280.439110548464
281.631771973328
283.174993845136
281.817496483328
281.86765781486395
281.54863906
281.294952833328
280.70022597519994
279.77450839520003
278.553617189936
276.739010835136
278.721806641536
280.66743076326395
281.178291500064
281.85223769839996
282.421113960064
282.05284482
281.85964355332806
281.2664867684
280.47441318006395
279.433095606672
278.314382276736
277.93856635673603
278.7016738284
279.2140965816
281.74392236486403
282.319663181536
282.091989746736
281.427808106736
281.24659062812805
281.7676764616
281.22801630519996
279.412072558464
278.175198243328
277.59682421519994
278.88942197480003
280.13788828332804
282.29097958673606
282.63609101673603
283.0606047884
282.189117480064
281.38740028999996
282.15202333999997
281.22066708513603
280.183887013264
278.596989110064
279.274829933328
279.58620839993597
280.07552803
281.5481250984
282.57517285153597
282.6589155252
281.382940283328
282.27909121332794
281.983528028464
280.99158212846396
279.26643124519995
279.02244003673604
278.26883979006396
279.493373241536
280.45949326153595
282.356714453264
282.33981113
283.048956053328
282.73532079999995
282.086253906672
281.39640830332803
281.0028668916
279.878569626736
279.275521924864
277.8025997084
279.847510546672
279.89215927519996
281.60056953006404
282.28616445
281.592216603264
281.389995506672
281.148636326736
280.77121021
280.59513369
278.94551933673597
278.71769360006397
278.627470363328
279.706931053264
280.55869219
281.989201460064
282.930593069936
281.83554980332804
281.56600302513596
281.3878377948
281.2250018552
280.788064355136
280.00772099667205
278.499251806736
278.59935902999996
279.2637960948
281.27068388519996
282.565654686672
283.6682776384
282.6456845716
282.203308641536
282.56303437673597
282.3581747584
281.8143504884
280.864319336672
279.990918355136
279.182832616672
280.019269923328
281.248359863264
282.1005873048
282.8603752
282.34724677519995
281.949270508464
280.71201777332806
280.68764478
281.04005352
280.46785244486404
279.5399564452
278.701663765136
279.941698046672
280.18659785326395
281.65545703160006
282.49395391
281.67606992153605
281.33170205486397
280.737259863328
280.710283594864
280.56245024479995
279.56039072
278.7464018052
278.56023423
279.07713408480004
280.79101933519996
282.433862893328
283.35307227
281.92703359
281.59848671519995
281.45184331
281.879223826672
281.0444066416
280.434347460064
278.06999765673606
278.476994093264
279.430134669936
280.966902146672
282.028349801536
282.829137790064
282.02723545
281.13682241153595
281.453114748464
281.66250537326397
281.365119431536
280.407464454864
280.374924563328
278.773250929936
279.434704589936
280.81029091846403
281.8227416016
282.808618455136
282.61545624679997
280.994262598464
281.94375410486396
282.002625001728
280.873139356672
280.22524365486396
280.09053564326393
279.14721093520006
279.623327535136
281.424268458464
282.1189750952
283.11760800673596
282.809385156736
283.0653366216
282.838414646672
283.148657031536
282.253898926736
280.92180283486397
279.435219043264
279.646026464864
280.089021583264
281.01275692999997
281.8397448216
282.67115507513597
282.76467929513603
281.942170116672
282.44233281
281.3521724648
281.25010093
280.543448928464
279.55227968513606
279.0645702148
280.69795908000003
280.6471825184
281.745578415136
283.461708201536
282.411734473328
281.86842988332796
281.7300836916
281.50084897
281.076077340064
280.14205771486405
278.12183837846396
278.329081054864
278.695762791536
280.590533304864
281.949109081536
283.07677353673597
282.38386894993596
282.30536171999995
281.86814194159996
281.996291015136
281.65823378513596
280.73270849846404
279.507909574864
278.865081644864
279.522570119936
280.932781836672
281.41546689332796
282.410666601536
282.772685253328
