62899.14481900001
62917.38203099999
62988.066275000005
62993.451462
63008.268637999994
63039.073480999985
63023.25216900001
62970.57974400001
62892.371394
62957.05563799999
62833.45586900001
62867.006105999986
62908.096743999995
62855.308475
62981.060388
62966.066524999995
63034.219249999995
63032.16408099998
63009.06578799999
62993.20503099999
62956.00425
62987.64063799999
62853.69831900002
62834.544087999995
62853.193969000014
62886.302094000006
62955.11872500001
62969.39904999999
62989.29288099999
62968.244944000005
62973.54783099999
62955.7421
62968.850525
62894.95886900001
62829.949162000004
62888.59958099999
62894.459894000014
62885.18019400001
62923.906225
63021.95040599999
62967.19845599999
62972.805594000005
62993.55454999999
63000.424938
62985.13261900001
62889.452212000004
62833.726624999996
62876.876469
62903.22443799999
62975.188188
62987.978525
63005.78955599999
62941.862087999994
62967.785944
62929.091138
63054.15635599998
62943.217919
62917.686744000006
62919.30115599999
62934.567719000006
62824.38785
62840.588187999994
62929.31847499999
62978.806369
62967.755838
62969.874069
62924.759525
62918.50113799999
62918.669144000014
62933.42441200001
62871.89113099998
62792.92154999999
62828.00140599998
62883.024019000004
62884.746912
62932.470119000005
63029.984899999996
63064.84482499999
62974.122325000004
62973.103869000006
62931.196030999985
62867.042512
62878.64740599998
62874.993174999996
62895.377694
62878.027705999986
62947.114269000005
62990.02044400001
62964.43780599999
63006.16096900001
63050.284212
62943.19115
62989.34946899999
62935.27249999999
62862.40973799999
62914.82786199999
62937.871012
62985.966612000004
62942.799362000005
63011.02513099999
62946.40316900001
63062.08265
62964.652625
62990.69958799999
63006.104219000015
62943.795962000004
62948.709162
62924.11273099999
62946.623669
62924.71445
62971.031925
63032.105899999995
63048.523938
63023.44656900001
63064.46880599998
63051.71016900001
62966.776444
62883.11283799999
62925.38961900001
62825.206287999994
62856.59739400001
62925.728525
62917.152837999995
62949.827644000005
63064.529924999995
63036.761125
63015.677037999994
63012.42721900001
62892.011249999996
62984.985388
62875.25421900001
62856.562838
62871.26020599999
62979.66218799999
63039.178799999994
63002.97623799999
63018.958375
63047.7523
62986.80735
63048.36961200001
62956.623712
62976.014544000005
62953.938644
62924.83365599999
62916.68083099999
63012.17089400001
62954.63300599999
63031.537955999986
63069.413206
63037.912012
63033.531894
63082.65826900001
62967.75889400001
62915.277599999994
62864.23521900001
62820.13189999999
62922.639061999995
62937.619544
62968.323124999995
62937.263737999994
62956.262762
62952.479755999986
63002.14235
63000.92750599999
62843.512149999995
62919.39345
62831.14361900001
62854.146169
62924.19141900001
62923.726924999995
63015.541169000004
62994.267488
62989.08005599999
63071.184538
62970.318025
63026.936462
62939.33837500001
62974.39128799999
62898.727119
62890.165687999994
62896.36584400001
62917.39455599999
62996.927187999994
63026.31966200001
63049.986344000004
63043.508719000005
62995.69003099999
63050.222894000006
63027.15924400001
62908.54988099999
62909.76789999999
62914.34709400001
62951.734530999995
62979.533125
62991.990988
62975.64044400002
63059.63945599999
63048.823455999984
62963.396474999994
63023.232811999995
63050.833605999986
62910.193044000014
62903.001819
62938.906312
62816.69429400001
62934.92269400001
62965.272069000006
63017.80924400001
63070.69351900001
63015.05689400001
63061.745019
63013.89965000001
62966.83576900001
62905.98288799999
62828.24393099999
62863.87592499999
62882.361444
62958.05285000001
62971.44793099999
63046.20570599998
63036.58898799999
62909.570112
63070.336162
63075.23258099999
63003.156875
62938.206600000005
62941.29929400001
62950.844330999986
63021.64014999999
63092.549461999995
63083.42114400001
63089.340612
63121.12945599998
63115.247712
63074.27820599999
63007.397330999986
62964.80658799999
62989.618319
62875.82801900001
62904.22805599999
62887.75839400001
62963.770424999995
62887.08347499999
63078.48013099999
63056.270562000005
62974.06673799999
63014.509119
63041.857749999996
62951.65466200001
62993.03833099998
62851.503019
62869.810099999995
62859.906337999986
62942.29736900001
62902.887537999995
63040.734712000005
63030.72669400001
62963.42624400002
62923.473394
62990.63835
62930.922825
62981.481719
62804.564268999995
62896.11174400001
62915.659218999994
62905.983969
62980.22391900001
63054.028125
63006.775162000005
63033.7533
63013.194862
63103.638011999996
62970.134844000015
62968.179725
62884.446975
62896.917225
62949.52553099998
62952.96050599999
63002.74300599999
63008.157488
63044.84599400001
63074.82535599999
63043.276362000004
63039.88220599998
62990.374337999994
62951.9044
62954.6235
62991.929544000006
62998.41240599999
62988.134712
63006.816275
63065.375119000004
63084.920069000014
63071.499262000005
63038.65103099999
63048.15553799999
63021.99008099999
62962.65629999999
62909.68493099999
62921.47333099999
62953.794725
63001.707394000005
63038.192575
63031.838880999974
62995.500512
63059.10983799999
62966.699887999996
63076.123062
63014.870325
62931.156925
62892.23149400001
62916.443549999996
62911.263788
63004.147094
63045.271469
63070.08933799999
63009.831319000004
63004.47629400001
63039.240394000015
63028.11055
62956.69307499999
62949.446874999994
62885.11335599999
62868.791988
62906.786144
62962.44725
63000.74678099999
63005.78391900001
63052.69853099999
63046.34254400001
63091.101138
63027.714455999994
63000.401369000014
62935.111612
62896.14618099999
62947.45943799999
62973.649269
62962.938462
62996.211299999995
63086.599206
63019.8174
63078.52258099998
62988.73218099999
62981.10669400001
63066.30889400001
62925.17753799999
62842.71803099998
62864.34610599998
62872.53786200001
62938.72410000001
62959.45456900001
62901.3728
62985.91505599998
62995.898625
63019.77599400001
62975.976655999984
62984.596731
62967.45240599999
62923.87965599999
62877.451062
62964.01631200001
62904.399124999996
62962.82615599998
63078.30145599999
63008.359637999994
63025.30737499999
62985.158469000016
62988.039262
63021.03653799999
62936.306794000004
62855.90166199999
62902.20050599999
62938.567094
62986.62610599998
63074.902225
63100.30080599999
63061.884755999985
63123.429612
63001.32720599999
63076.38825599999
63015.06269400001
62954.23110599999
62837.487924999994
62793.37775599999
62831.14885
62886.03803099999
62916.76549400001
63024.140194
63056.14994999999
62991.29113799999
62964.29598099999
63022.49071900001
63091.28420599998
62884.74051900001
62927.17415
62910.83244400001
62929.05550599999
62872.253500000006
63018.344556
63022.854638
63038.846619
63033.59973099998
63027.39238799999
63100.61744999999
63100.35613099998
62953.80383799999
62925.180425
62869.09803099999
63040.456275000004
62970.075662
63032.97895599998
63067.578112
63078.601788
63051.79875599998
63081.997530999986
63023.583999999995
63018.70372499999
62963.308462
62881.664319
62927.71283799999
62935.845744000006
62917.047344000006
62978.31608099999
63084.223269
63024.114130999995
63059.23848099999
63086.658912
63089.563219
63046.96730599999
63071.084919
62939.725112
62933.574112
63022.91268099999
63007.80118099999
63054.380219
63097.049494000006
63063.4071
63131.83630599999
63047.96985
63072.540719000004
63035.31546900001
63059.80067499999
62958.746
63021.141612
63056.408330999984
63070.315387999995
63180.683212
63123.000755999994
63132.06709999999
63126.07489999999
63113.38631900001
63070.789025
63114.578474999995
62983.752380999984
62926.23194999999
62950.98789999999
63023.89915
62981.415244
63034.505169
63064.436537999994
63095.317712000004
63073.743
63153.084924999996
63039.187775
63096.00359400001
62983.887355999985
62907.500762
62938.960062000006
62932.27209400001
62981.45913799999
62990.845025
63112.29829400001
63090.628688
63089.960930999994
63100.420030999994
63086.302844000005
63005.009074999994
63000.895194000004
62945.58179400001
63021.54240599999
63063.71727499999
63061.41128799999
63104.93208099999
63115.40638099999
63099.99286900001
63170.113494000005
63098.833780999994
63172.27575599999
63122.14585599999
63011.275219
62983.657287999995
62981.349474999995
