13.38841155399999
13.39079550599999
12.87221360899999
12.483362778999991
13.679744422999988
13.168195736999992
12.784460006646395
11.195508052159996
11.497922507999991
11.367778517519989
9.32263180833999
8.968219438202555
8.136444139099996
9.018470599405113
9.572827175931995
11.323826804999985
10.818002186999987
11.643060697999992
9.955146200727997
10.259749747008163
12.99222235299999
12.131211551999993
10.675072635002717
10.41714231999999
13.134806513999996
9.567372903405113
9.696225080931987
9.464280760135985
12.764153867999983
12.73279529999999
11.830091663999994
11.992666114999992
11.204450637999985
13.35384680199999
8.836827337594865
11.09300041399999
11.734602491999988
7.883499066202549
4.697877587899995
6.601309089699991
6.380598783899994
6.991855448898702
10.692724738999985
10.958571186999986
11.302534768999989
9.744441305646388
10.92091479199999
11.41648637099999
10.846311242999986
10.784529210999986
10.156088163858549
11.340157367999987
10.662732630999987
9.256108491493588
10.640190656999987
7.869132862898704
8.021234426898703
7.467536071797419
7.443999029499994
5.620287541199989
7.662781278999991
8.553832531696145
5.9432357818999835
5.100025544699988
2.1625695464999772
5.5090077407999845
5.498408569299993
3.1351892806999864
7.3676848556961385
6.328274136399986
6.17099828950638
6.593558315999988
8.110711741594864
9.008986433415984
4.273993914799985
1.8819779738999904
4.677505804399982
8.011895104999969
8.344045901506377
8.16894698031198
10.65002583199999
9.253166647203985
10.309201949999988
12.064987761999985
11.611946613999985
11.939075890999991
11.191844373999995
11.171979070999996
11.553418834999984
10.588020746999979
12.091246596999978
10.42961577799998
10.126957037282866
8.839784977696151
8.970238304067985
9.932944543339987
7.2976006744
8.078132292202547
6.181917274499985
5.811240872202526
10.060415803646386
4.842442083699992
4.647585534699986
9.987317739931973
9.325660450696148
9.16231662450639
10.12343675828287
12.041090459999984
7.990307188405108
7.634938209493577
7.479097959898702
7.367439982594861
4.2858043593999975
2.8896884688999918
5.64842671809999
3.790688380399996
2.8949458449999845
6.422538804594864
8.117299833696153
9.014384806797427
3.2666463668999945
1.681106971699993
1.8819627639999879
6.003858828699989
4.757143290699988
4.846138626099985
1.7292649291999922
3.021139341699981
4.866784062199985
5.360704550202539
6.358366534405096
7.393518862899997
9.319412809797436
6.122082975799981
1.8983470871000008
0.7790123539898693
2.141259945699999
1.8612446013999955
1.8055609054999981
3.000657546999983
3.5369810424999835
1.1505538939999973
2.4289995559999893
5.317124612399997
2.7021980147999924
3.2630580352999945
3.5177447127999963
1.8063575774999958
3.4862816436999853
7.210315891999985
5.388433535799984
5.071665559399992
4.9382435439999925
3.8788201705999943
2.973252037
2.4662073746000024
2.314648004199987
2.8299496108986784
1.4785232437
1.6242041793999993
1.491207733199997
1.487268792699994
3.0486390777999777
2.6423891478999963
0.8316239834797418
2.9735514129999743
2.675397579999979
3.101608250399995
1.6257181731999912
4.029894691499979
1.9936809813999965
1.2123087813999993
2.8859463592999894
1.5166183837999974
1.0932307522005438
1.6991489226999719
1.5274574081000007
1.509588128699994
2.874792068499985
4.4102109817999855
4.196329125999983
3.5934969771999907
1.5107559295999944
1.8030217238999873
2.961510530099996
2.4247952956999956
2.4611679046999817
3.7374910277999924
8.670408238135977
4.8682583831999775
1.5585984542999969
1.3943843352999974
2.6302111281999965
3.1386948928999887
5.1007081328999915
3.9084575835999744
5.482142742898689
5.341286560101251
7.64901899259485
2.695785476699988
6.902220490999965
6.025997958399982
5.033180279499989
5.877904548594858
8.569793275339974
5.142650379899996
6.179162010199983
5.9820185714999905
4.554123026999978
4.350107974199987
1.1807936965999992
0.8784238647506385
0.8255429969863949
4.045823498499984
4.028586337299991
4.453813621499986
4.976673779299979
7.8880606597974205
7.449253636199994
5.340117137099989
4.852054904199984
4.728587033099981
5.6718893325999815
3.6609708220999932
4.437519723500002
2.120489829999996
5.550475802594839
6.38639020689999
4.997362995899989
3.019562802099998
3.0291891326999734
3.9833524795999837
7.202795486506383
8.37190085749359
3.1885828765999897
3.561708857699991
2.4609040236999786
5.546121174594835
4.01645255739997
8.265866682405093
9.202357998696147
5.347873956299991
2.3097944030999975
2.8168062209999793
5.272235859699971
4.134718643199991
4.59010312499999
6.160114353899989
6.7179153442000015
7.667233117700005
4.958602746599983
8.490414526405104
5.576164260899993
3.096806544499992
2.5095857986000043
7.412963790898702
6.798827030898704
7.449931060797416
7.810896380594859
9.205884632898705
9.73682247479599
8.353547724898705
8.665050152594869
9.474760452203991
9.802395289717106
6.677447672999991
8.526097019999984
8.44124579320254
9.769215347203987
7.27650944519999
5.788152064499994
8.902992155339977
6.9217588530999965
8.525122965999987
8.82020035859486
9.414411354101272
8.843059609999989
10.178244367999987
9.765776278787827
6.433718981899988
9.351440808067979
5.834665293899989
2.8756843841999866
5.350707118199981
7.304469877594867
8.008482247898707
8.77157020259486
10.739026006999989
6.660126057405097
5.966093887303817
9.371885946795974
7.897822892797424
3.3565356887999824
3.2280137679999816
8.099563684101255
10.004277726787825
7.775826977493573
5.801458149699975
5.295453651405084
5.9479207488986825
10.043896173234385
10.106690839010875
8.603683586101273
4.179236164899983
7.91543556210126
8.119490257303816
9.650769560141418
7.132050678999976
2.5140690230999834
6.685748916594843
7.075197940101265
7.063166265899989
10.063563355999987
9.85200834807071
9.830217863353583
10.835560705999995
8.877589117405105
8.161055400101267
9.984487387070713
11.688925175347196
9.29685311580384
11.159829622999988
10.705996732999987
12.127707574353593
11.030870170839993
7.850182060202547
7.178502278101258
9.531606607067987
11.352442968999991
12.724897451999993
13.364813502999986
13.089520070999987
12.053082093999985
12.632417460999989
12.741375561999991
12.666677666999988
11.36764490099999
12.88336447099999
12.070170929999986
12.884393165999992
11.004551175999989
10.48772278899999
8.991992445405106
11.064593209999986
10.079923158203982
8.405369795202544
9.771289181646393
10.142236558646383
9.610938772727994
9.225499002101275
10.97156563999999
10.961402753000002
13.09233581399999
7.228751472506365
9.091526258898712
5.63193381959999
5.510391020199986
6.277460928299988
7.604255618303826
8.974541450493597
11.543112940833588
10.527343021994552
11.86195730899999
11.443696457999991
10.639111764999988
11.745956257999994
11.837909044999982
11.879297016999992
11.890824161999987
12.655144549999989
12.046292353999997
10.355298917010877
9.66578982527199
6.523277780199991
8.530432978800006
9.51345288389599
10.042676837135991
7.0936507445999935
7.793087710599993
6.121156089799996
8.092510139506386
7.5694392441
8.665623965500004
9.739543510282866
8.950174418594864
7.80025574489871
7.438379923999989
8.480647784405111
8.039395585599998
8.694282377599997
11.068886828999986
13.428909650999985
11.12348305999999
11.87622504099999
10.335234047999984
9.575711047415993
10.753543390999985
11.164090261999991
12.20334094199999
9.33171602179599
9.554339448659993
9.951056941135992
9.570080006405119
8.574716160594871
10.04159475706159
8.82920804289871
6.533001631199994
5.636435583499991
6.340097805799994
7.812065478499993
10.42137785899999
9.929043760794226
9.859071873339992
8.887853504898708
10.615725422999986
10.136648992929263
10.846632552999989
11.773651618999995
11.368424998
10.431422172999984
10.27276373098911
10.899630726999991
11.100241472999988
9.27897732833999
7.577066747999993
11.043471969999986
8.124564895594867
9.133621415696151
9.371892990101273
9.50931068279599
8.717318762202547
9.022171958898712
9.211013914506399
8.26226083220255
11.462358458999987
10.168513169999992
8.39448407140511
6.750127555799989
7.668191540493574
8.535534429898712
6.2347481659000055
12.321808629999987
7.5845107803038285
7.990431484999991
4.28123610379999
6.885840100101266
7.957370042405107
6.123629159499989
5.632609178199988
4.504190440399993
3.1151105452999825
4.616374635299982
7.117836630202548
7.556485324101251
11.066813012999988
7.862941807594868
5.173624790999982
9.601225787271977
5.79323733059999
3.44091604919998
4.533337512199994
5.577047070299986
6.756160986303821
7.729228932199997
5.611829956099989
7.085208636506387
8.460686579898706
5.044293449399996
5.985451843299985
8.993222552339983
8.29739924159486
8.488986543303826
8.653953436303826
5.75926181639998
2.892720448299989
4.9155966492025245
10.064928170863986
6.8312802978999905
9.168327229203982
10.806276944999997
10.370642766999989
5.839412385599983
3.117111628696127
3.669565513599974
5.031511625699973
4.129436010699989
2.7208247497999865
2.896266451999974
5.8487051055948545
5.446199040199981
6.925538232405107
7.059960923799989
7.425212538101251
7.9021148345948555
8.437580226101268
8.408811802696135
8.5183937438987
8.59591417389871
6.920576257303826
5.378961332699988
4.6484396865999855
3.916562924199998
4.296119461099996
4.812952305599979
6.332108576999978
7.017360343898703
7.389945423898707
7.881465866101264
9.170550080898714
4.732117449999973
4.207471092202521
3.465561181599999
2.0972174270999884
1.7285768615999848
0.7767088042311949
3.502515083299998
2.224264868199993
2.7905925948999735
4.671535992405087
4.56563911589999
2.9200858977999897
3.073503071599969
4.2408703277999855
1.7047081984999959
0.7165530904797411
2.0041809967000015
3.8389393126999805
5.021474221799977
4.917733711199986
2.761654559299998
2.6227045363999975
2.843375035099999
3.4759453323
2.8801973006999964
2.5356512069999977
2.8994516768999916
2.904859799199997
2.533822827099997
3.8343615157999866
3.6118474486999963
3.9901290969999867
2.736866291799989
5.574958177199992
6.323422042799988
7.118888217202543
6.958099664303819
6.178922761493575
5.579782540898693
5.4672450759999665
4.66665422059998
4.839517393499998
5.289152188099995
3.8937810592999935
5.512998162797408
5.784979232799979
5.5362637237999985
3.946314672899995
2.6823602996999987
2.3030375915999994
1.772513684099999
2.8628639937999742
3.585775578300004
2.453193290699998
1.802613648999996
1.863910047899982
2.7554673110999715
4.274768797299989
4.752474529999967
3.6641032577974006
3.5535355193999965
5.348591567999975
5.129290402199993
5.746091084299987
4.88346183009999
4.7771685592999855
3.4042119719999953
5.19329687959999
1.833358642599997
3.2868740676999892
2.311634172099992
1.3849914504999967
0.7487659413303811
2.9107406798999955
3.810916256699988
3.6744823241999907
4.404897293099985
4.927634687799982
5.69793223719999
6.138470005799987
5.960163278199993
2.104975543199984
8.997181062303826
6.951125105303818
7.612175274696141
8.273880128506388
6.57741769709999
5.4517377395999995
3.4068072112999754
4.748224854999978
3.9282670165999845
4.123091780099976
3.280141949499987
2.3314515838999963
1.2731751189999974
1.8601010573999963
4.73535870359485
2.538746101399987
1.124329256427182
3.1841873259999782
3.9340615188999815
5.007602964799981
6.411842248499985
8.381015350203972
8.49471282649358
7.863202186594861
7.656804765303816
8.4921258514051
8.650840362493579
8.57542612920254
6.889767063898706
8.77548623033998
9.017811796727983
8.983653678898701
7.20934604950638
5.386365335099981
5.275321861299987
6.493250912506381
7.191717449999982
7.405158500696146
7.672366772506375
7.193101780699988
5.7107161879999895
6.849220974699995
5.625115162699982
6.0080447249999755
7.575375625594852
8.669401266506382
9.617204928727984
9.859636094787833
7.214374423202542
5.843831909199987
5.943067437699991
8.147867985493583
8.1389421798987
9.762093202141424
9.348289440931987
6.698061523405098
5.4239553314050895
6.514023136905104
4.822763125599977
3.19939269559999
6.957164808699988
8.383119633499982
9.600606622370382
3.708625851399969
3.129886656199973
9.845705870070697
8.099494801303825
8.858947854727978
9.588925923141417
11.186448636999991
9.967043470858547
7.721044235199991
8.650702275101263
10.774384551999987
10.02721657572799
10.06070454099999
9.203330071999986
8.624361846898706
8.515765191696138
6.955690531898702
8.689803781101268
9.685630804265585
8.199892338594871
8.768544052101268
11.277460088999984
9.180407150203987
10.93023775799999
12.453935073999993
10.540196015999992
10.498859528999986
13.141767286999995
9.857904902717106
7.4458997497974195
11.47754589699999
7.272259765599992
8.47628569789871
8.757236280803834
10.116508743212144
7.342725927696148
2.7231010192999934
4.889542710905086
7.937278697207977
7.705198193399991
8.352757145696145
9.306000802727985
9.080233369405112
7.628013941999992
8.651399244696155
8.903015161101273
7.3897058455999876
12.115322541999983
11.068793491999987
11.948219080999985
10.429330922999982
6.68225865629999
5.043692025799989
9.91518923965999
9.685765707271992
9.030620046999982
12.729569764999985
11.029963906999988
9.013127282696152
7.3481848449999845
8.370178060898713
12.17217211483999
8.797428547696148
8.606209869405113
11.863919289999988
12.354264625999992
12.84907106799999
13.091254516999994
12.12601488299999
13.910642569999993
13.586818514999992
10.856163910999994
8.782898446696151
9.367415475506393
12.070909382999995
12.930893227999988
10.669240787999993
12.195380494999997
11.80668250099999
12.060722184999989
11.938588732999987
11.177715770999992
12.508423993999989
10.620112282999983
13.66434598699999
13.11870294799999
10.75286559399999
9.302175651594874
9.981301383999995
10.67059038499999
13.360784868999996
14.38776359999999
11.332862635999989
7.914971211202551
5.301382353199976
9.243488876203987
11.282622994999997
9.701445815999987
7.619974160797402
1.7905385558999944
6.104440107696122
13.27000665099999
10.919402654999992
10.96955533099999
11.696160550999988
9.900340631070712
9.66337381727199
9.860887264999992
11.115694303999986
10.647959107999984
12.290957343999992
13.855636193999993
12.22647681399999
11.525748482999992
10.939807839999997
10.185377900900159
12.017031983999988
11.800192785999982
10.686121201999986
7.572053623999999
7.382519886799993
5.1033332457999885
10.402051006999987
10.554582931999994
11.309719591999993
10.357192791999994
11.410699016999985
11.966205095999992
10.915802189999996
10.385153148999988
12.077540929999989
13.38641095899999
12.006979326999994
10.557121923999992
8.404871710202542
11.876502088999992
10.959387050999986
9.209577319303826
11.271319410999984
9.390275137303831
9.335024188202553
10.600065925999987
13.77370567499999
12.435088318999991
12.314008161999997
13.412870559999982
8.61090811606798
7.5647388717974255
8.779491781594867
10.39380557699999
10.523939614999989
8.559397694405106
8.390688828999986
8.548678784196152
9.089925581398711
9.282229681405108
8.654014325006388
8.87345426179743
7.663693376196149
9.155280140702555
10.543484695519988
9.568899169929258
8.954845538203982
9.840640022205747
11.828928458999988
12.077309983999989
10.596739109999989
10.708532398999992
10.36055988299998
11.161351522999984
9.765933744863995
11.21215629099999
11.979580013999989
8.75928029630383
5.121401919599986
7.12335520019999
8.499355483999988
5.095939666700002
10.577902984999998
7.669725212101262
5.094372703599987
5.405204508999977
8.566198858594861
9.426900395135984
7.903007113594859
8.825449914594863
9.647271838271987
1.8612907577999949
2.596810092199991
4.792661534101247
9.398720176795981
5.171956129499985
6.306602804594853
6.061002806099998
8.121332630905107
7.369551725797423
8.851286799601272
6.643468383797423
9.468703228863976
11.86125776999998
8.513971189898703
7.351493560799997
4.261571348599992
5.731754228199994
4.272890927099991
7.352959234594869
7.855893408202546
7.082788012696138
6.198997372405098
5.243226579299981
4.230958783000002
1.103268569899997
3.287438139299987
4.755206164599982
8.804998944101257
5.192681021099976
3.9739248946999686
8.564616899101267
6.268861628699988
9.620903472898718
9.443072212135984
10.143297590999994
5.956415704299992
3.728940690599991
2.293488009599993
6.522688011202536
3.659358006299994
1.4721970717999993
2.6217985625999987
6.225027423099984
9.495711184696155
4.948521394299992
8.34478470610127
7.372972474696146
7.4544922378999905
3.08951812899999
2.299611691299995
4.127745048499992
3.220545994599996
3.6031563857999998
2.9942180068999935
0.8671579198858507
2.5957543685999904
2.1655621613
1.7409518538999982
1.9335458404999972
1.8077198897999973
1.8161428496999994
4.43098234859997
1.6127738479999933
1.9604641295999998
1.0674742797999985
0.7514318062797419
0.683217843720253
0.9126599915646358
0.5432940614699989
1.0418950613999896
3.728643176299963
6.236610450696132
6.570456034898703
4.592656610099987
4.299852270499982
2.6523123580999983
3.1962486191000044
3.637842968800001
2.2610471572999944
2.0147132430999766
2.2547850371999987
2.023423634299996
3.3221926650999887
4.2412268035999805
3.819149201999985
8.041622155797429
5.95894440159998
3.35533474269998
1.1092366577000001
5.010428124999971
5.741682224999999
4.517329919399975
7.478864454696149
7.023966451999988
6.3212514739999985
3.7737151580999946
4.0946743896
3.5225395461999987
1.8164970534999987
1.7255946456999924
0.9805901944135968
1.2377009948999977
2.9962569777999977
5.958852156099982
4.094132261699994
2.8910328719999945
2.6659605178999954
1.240113119499997
3.2164847579999893
6.803281863399988
6.027781623799984
4.0841319854999965
4.338472976699988
3.8719669356999735
0.9149706730858527
0.5283658961299975
0.8999352201339978
1.621562139899978
3.5798946181999822
3.366718080099993
4.084674668899991
7.579453031898706
5.694398768599978
0.7576438525202535
0.8920950164863959
1.8318671126999937
0.7548957821797423
0.6075459279999936
3.6416423369999906
6.164210232493575
4.235361909499992
4.422549262999963
7.999304437303822
7.732786837797423
6.9582947631999925
8.15891410830382
6.552556913799991
5.900810777299991
4.747998634299983
2.085850857499993
6.738737234506378
7.137123904405103
9.016458207795981
9.86369040379599
7.178704180898695
7.85541786349999
6.46163895109999
6.549726522797422
8.502971180696143
7.223476316797426
8.388764132795973
8.76931660769614
7.297274238594853
9.69234622499998
10.600116959999994
10.06828194721215
8.41270668640511
9.863489781135982
5.9323654647999815
5.975343113699985
9.257194964727987
8.127646408101265
4.270003779599979
1.451406770299992
0.6868644888898684
1.2891018462999935
7.4360304321012665
5.349441691599983
7.824163542135962
4.7411517791999795
1.6688544135070358
4.504221575899983
8.09354283599998
4.038843304399981
1.9057700515999882
3.87486537319998
4.310435259999984
4.414132282999984
1.0498907933141348
3.648124607799969
7.611321839898689
5.942452351405098
7.8314652160999945
9.80297196972799
10.558948401999986
9.732883192282863
8.373025477594862
9.083092031898712
7.05576189730382
9.435535020271983
9.124471556067977
9.12059596406798
7.738947352594868
6.831242318699989
8.27523293759486
8.889854046594863
5.661413023399989
2.102119229099984
3.483428689599981
6.1988978637974075
4.609882200594851
3.071570947299987
4.159368322799982
6.202787553399985
8.839644567898713
8.723016256696146
9.691960301135985
8.0885815384
7.878477992202547
8.050043553202539
7.4192773238987035
10.589294924999987
4.065732282999985
4.755728877299978
9.765249687141424
6.7176088378999905
8.283840202297421
9.28750783839871
5.811077035499996
8.137119465594871
7.7375097777974275
8.976155427594867
10.195141442931991
9.617330860931983
11.299571076999998
11.98023171199999
11.81921147799998
12.091839631999994
9.848003732203988
10.67967716699999
10.865852099999987
11.986914794999993
11.024910325999985
11.94741470299999
11.02782580299999
13.36112211599999
13.559779738999993
11.85999571199999
12.395725056159996
12.98984741516639
10.868778630513585
9.981984329141424
10.076323214635993
11.57329596999999
12.219481836999995
10.454908202010873
11.523653946006394
9.93243543383999
12.497207284486398
11.969193591159993
11.482528606999997
11.422027241999995
12.424507338999993
12.896065007519987
13.845339948999994
13.363616475999994
13.53690844999999
13.45811691599999
13.07587152099999
12.067953176999993
11.684933771999987
11.64592720199999
11.940524857999984
13.817530027999991
12.87398893899999
11.677549157999993
13.54737333699999
11.39591581899999
10.587212156999989
10.952227179999994
12.322229827999992
12.196326200999989
12.367229580999991
11.707877270999987
11.232961376999986
10.115347756999991
9.614223365797432
9.39097671672799
9.962646397271994
12.664459517999992
11.831968892999987
12.927778859999991
11.72448823848639
13.328492045999992
13.174893664646394
12.678253802513591
10.59841310299999
7.819127781699994
8.074469154405115
10.922676024999983
10.509434896999988
12.142152781999993
11.82865992899999
11.98735803365279
10.831599052353589
10.573092233519993
11.975870594999996
12.393123089999992
12.45449049499999
12.90385549599999
12.21969700499999
13.584414737999994
13.012743302999988
12.207771244999991
12.038244439999989
10.833547710999985
12.377248118646387
10.496889902999989
11.784035244652792
12.650066059646388
10.93473361199999
8.254820309405108
8.517254086303828
11.15917174199999
8.09501204069615
8.996378672797425
8.45687008059487
9.138530842594868
10.501427924999987
8.357125620999991
11.131354815999986
11.883839936999985
11.722623333999987
11.659846444999989
11.160391787999988
8.204001571699996
8.57608465120255
8.155083724999983
11.593554352999991
11.121506035999985
8.77736849210126
9.86820839221215
11.869097455999984
11.507080269999994
10.368553158999978
11.951486316999985
8.371309249898694
4.826551280199983
6.628205561797417
6.018419363405095
9.944503245659995
11.92998432499999
10.135614704929269
8.370889234898707
8.734576675405116
9.845779528863991
5.211336671399997
8.254857473797435
8.233734155303829
9.314794718931987
10.990566439999995
7.597994078099993
8.207122170999975
9.400073669431986
10.177126426787826
12.501591730999985
12.279877381999986
10.570083472999983
11.915211922999983
7.545941966202534
10.023899833787823
10.341220470999993
9.271138993863978
4.749576983599986
8.208459123202546
8.888261425797431
5.203554887399998
6.702504934699988
10.228504705999995
10.630085468999988
8.435239422594874
6.546105909699993
8.510014517202551
8.411413313303825
5.732002047699989
6.621200704999993
4.66135215149999
2.4342125258999956
8.503603524797422
6.92653498229999
10.448272178999988
10.63322329999999
8.422824502594873
10.33723498099999
6.763083375493585
4.343004855299984
5.132617843599988
6.236582990999989
7.463007942202546
7.88788738559486
8.947441159101263
9.395817896999995
8.200307620200004
6.131147151200009
4.206602961700003
5.806899070699994
7.005725540199987
4.182288789399987
7.377258843999975
7.224130650303831
7.37016521910127
6.915288105799993
6.110468092299997
8.424996025101256
9.635417246999987
7.926717065405103
4.001881536899978
3.6756867293999806
1.6091343169999894
1.9844768630999965
1.820075174
3.381067262299969
2.5840597672000007
3.0477316237999887
8.316994081067964
6.39433831019999
6.066871903999973
7.658315769999963
8.90349188827198
5.396488293499982
2.0341038497999984
2.082256489599989
4.111730688499974
7.1435754654
6.3904691298999925
4.211046289099993
7.421954930099994
4.879467361499991
4.4609957091999926
2.880297990399996
2.3395796981999983
2.6351904586999986
4.4808566147
2.167907960499993
2.6908254577999764
3.945919386299974
4.610215931696136
7.71715080569615
5.416935478199985
4.014492300399991
1.1180596376282832
0.7423479630499994
0.8772864524797426
1.4340879973999814
1.893245947299977
2.476629302999992
3.0100191451999967
4.787441688499991
6.062468249493584
6.8533773453038265
5.775437312303822
4.010902038599981
3.8144157424999934
4.047674359099975
5.276250234999995
5.517530805999988
5.207269567899977
5.590289323405096
5.59734834749999
5.789529049699992
7.2261161972025425
7.067379165594863
4.256678100599997
2.9882842467999953
3.160819726599992
1.6968696731999964
1.2665589721999964
1.0929701949999953
1.680001460299996
0.7686921042405086
3.478991625999955
5.559709327699991
4.138949400299989
3.9070985930999953
4.028615762299991
6.010221569799983
6.096034686299986
2.5818209578999967
3.8823095474050833
2.492511238099996
4.664013111898691
7.2316176361012605
7.05718207549358
5.944634051493575
8.826962255898703
7.850230459594863
4.904490193199988
3.927884968599986
1.4548904555999984
2.954966462699996
0.8458670636135974
2.0872917296999742
6.77099210049358
5.434066662599989
3.3800244964999973
1.0704682400787797
3.3289724746999734
5.261582972699978
7.960315991202549
5.0254705459999895
4.673161691299979
4.14336741329999
7.216368846101262
6.885737211594863
5.28343927459998
7.308349319506375
8.826609574931982
9.253800526271988
9.108635276797425
9.375338098067985
8.178164639203974
8.241924804696149
6.213230259696123
7.422979455599997
6.521343984999972
6.12658008420254
5.592167402599987
6.552711714202543
9.200778895727977
7.129646308898705
2.541440927099983
5.619331825299986
7.752706716898687
8.064227853405088
9.697199479787814
11.09075632899998
5.478175750696131
2.5484473006999906
2.376845956399968
5.365040090899975
5.991044894399991
5.0417542769999875
9.788544041282867
7.237001942399997
7.221671755999984
6.926177452099988
5.446949433899987
7.727612528999991
9.665814184717105
11.01440850199999
2.4002494918999897
1.9311986358999833
9.863333642717095
10.17274537199999
9.085059080493588
8.52746750789871
9.32557011579599
10.010863456787819
5.001783616594849
6.762696018999974
9.67261618665999
11.707366672999981
11.461017963999991
7.711886837797414
5.0285609450999855
7.759826335101256
9.611465765271983
9.54908022920799
7.307018353303823
9.464758184858546
8.269525695797425
6.729425785797429
8.579897428898713
8.565661029101262
9.879170362929257
4.797552252199985
3.50277046969997
4.425829263299987
1.6574425582999883
4.212079408299991
4.09332996669999
5.771497953799985
5.709338204999984
6.036712589999981
1.4590157271999868
2.9015839995999895
2.8258503859999626
1.8720516845999722
8.90321071920397
8.29071478120254
8.722091232303828
6.079688081399985
3.9842356215999906
7.1791259949
5.894269317599991
6.955723883099989
7.1493682418987
8.036498881499996
9.48152718672799
11.258293281999988
9.423708656197588
12.254562155159997
7.873783560202537
12.907884025999989
11.03470264999999
12.745077438
12.141509719999998
12.534767087999994
8.173373138405108
10.285923779203994
9.380869229101274
10.707292058999991
12.763163767999986
12.984524283999988
13.33478212899999
13.477295598999994
14.030785900999986
13.137884267999992
11.092131847999992
10.71530814499999
9.408203460696155
6.5089644118999885
7.843164678999991
7.464047563200001
12.702843746999992
11.001020537999988
11.113641279999989
11.006548374999984
8.925131314101266
5.944681675699993
6.670426776099975
5.624053744499981
8.61090184330382
10.280678921646384
9.520345619202553
9.45097937010127
12.23880887299999
11.653558921999991
12.126058834999993
12.241885257999998
13.377475626999988
12.886850121999991
11.74444025099999
10.042515953070698
8.81832105558398
9.2350216477171
10.778652668999975
8.604566911303824
5.6018263122999885
6.819038426199993
7.8043692383038294
9.25543843989871
8.605440095493588
9.316672053493592
8.621905877696152
10.792205994999994
10.001249870212135
11.304659823999993
8.768536082506385
9.256951682999995
9.777108607519997
11.796460265000002
12.944465497999994
13.147831940999984
13.316807483999995
12.818288907999987
11.74788046299999
11.466851656999996
11.351583106999998
13.259939484999993
12.47746617399999
14.04151604199999
14.243326813999994
12.764403132999988
12.166770090999977
14.739859548999993
11.767579537999985
13.553024906999983
15.765642006999997
13.81461690799999
12.249111182999991
9.435889128067991
7.2246561432
9.949407652203984
10.49856000399999
7.9471768935999965
7.741913032499991
7.36030723419999
7.90610737299999
6.415484864800001
12.520379952999988
11.975218560999993
10.882564730999984
12.35040163099999
13.302381365999992
12.852034220999988
10.874034917999982
7.943507263199993
6.90501590269999
9.598166007999994
11.722326687999985
9.604841455067989
10.136600926141426
10.85421202099999
9.506715214493594
8.343925654594862
12.767752256999994
12.016556116999983
12.953633599999987
10.738783422999989
11.548222707999988
11.732643000999987
12.013873224999992
13.464896483999992
12.762205687999993
12.131598842999988
5.507202627599994
4.557236366299972
6.291205169699982
7.263526812699994
8.713215119898722
9.044832932999995
6.365765872199999
6.684985845900002
7.224788888499998
8.36801520999999
7.877030049101264
5.287100926199986
7.885790147405108
5.823540158099991
3.9853379394999933
5.0548625472999875
5.495716361999996
5.616066488599982
5.1138709044999855
7.660767892499991
7.664711140405091
8.107404305999985
9.039013609311976
7.808239443999978
12.104702958999999
10.227794090212145
7.536068789696141
6.148582389799987
7.7182008605948615
8.708399087493584
8.918696856696153
5.001636709599988
6.720039915506356
3.6941559829999857
0.945684425528286
4.23288402859485
1.2496582534999963
1.3154451659999977
1.1556395659999976
1.915656872600001
3.918341723599997
1.248266615299997
3.3704699447999773
5.894475976599987
3.9522816268999788
2.784553947399984
4.023508875999989
8.13642308199998
8.148123968493577
6.7480960845999975
7.179761796599994
5.563464031999984
5.201919746399978
7.086652741999977
7.710035382101261
7.784733589202538
8.708177212493585
9.726663754212142
6.010487145999987
3.430362341299994
2.1717686812999863
2.2005203551999863
3.7961744231999743
3.4354813277999883
4.613927307099985
3.7374703643999907
0.8272373765898698
1.6521441162000003
0.8714622913405106
0.9391990156202551
3.2008291884999935
1.4975537185999999
0.7899503614405103
1.1129955902000008
1.8816619583000005
1.0578429015999977
1.6175027892999987
6.167827004999978
6.903112110898705
5.741967567399982
2.6903646819999603
2.812766723594845
3.158062641899992
3.0960103455
2.2672679641999993
1.9859297042999924
2.5020827285999805
3.058917793299994
3.220861672999996
5.827676296999981
2.9897226195999775
5.224269544999997
2.1304690383999985
2.7022693694999935
2.5857280379999996
1.6409873000999988
0.8053926588999984
1.333181366
1.6358237136999976
2.262707017500004
1.3702712371999994
1.6567981826999927
2.0847187683
0.9126666056727974
2.1093224120999983
1.364755474899997
2.44021442719998
2.8733986602999915
4.6255366347999916
2.5807455840999953
0.8839281384506386
1.4974913299999977
7.471511387594855
6.933263903799991
3.6247138335999933
5.855756417799995
3.929716232299998
3.115445046999994
4.005853227199987
5.63778511809998
5.707778425594857
5.938198118599994
6.332681553599991
4.748472508199993
1.1805602753
3.3240822143999713
4.537400949099992
3.9496861190999972
5.398053178405091
3.271401849399994
6.021158270299986
5.783760723899983
5.120892039499993
1.0824903595929254
1.261984757999988
3.1093862166999653
3.0257445479999863
4.672258088699977
3.6851638747999873
3.1385164214999963
4.427574400299981
5.210986869797413
4.29715465089999
4.325260946699984
2.6951886718999987
2.5026621291999884
6.521682978797413
9.23217096099998
9.298380384863986
8.063181036405105
4.843406899999984
3.698034672499983
5.606630444303816
6.441074179099986
6.878460064696135
6.936520410202539
6.35716837459486
6.598544776899987
4.210551972999998
6.701251357999983
3.7110461654999893
3.0575843413999992
3.479863111899981
4.312000163303804
2.3068442687999835
4.704205950899973
5.643926618999988
8.617801132202546
9.007902027931985
8.373639205898712
7.1288609573038295
4.4665811660999815
7.789528930696147
6.8546419265948595
7.627477648899992
8.844800360101267
8.283904504405104
8.430925933797422
5.629946032696134
6.513492802405102
6.128918466202532
3.8755043838999867
6.35716582029999
2.7334080062999924
1.1071791503999966
2.815889221199964
6.055692173797416
4.23693651579997
8.231651119999986
5.8820141875948595
4.4984196303999715
8.49434505620255
5.995590315199983
1.3909633483999861
1.1568820491863854
4.573028477499972
2.9921147078999897
6.895727627594861
8.559442536898706
7.708091168202547
4.515243398999991
3.5142354827999824
2.7744169112999826
7.750653825405089
7.140041380303824
1.1501338683999895
3.1907179473999823
1.727615823399991
4.388918165599978
6.934578794899991
8.976720089795984
7.592090187099992
8.356155415303823
6.713249990797413
3.0520864074999845
5.509396308899991
4.991726367199987
6.714217674297418
8.365867909202537
9.815399314929268
10.054389375203995
5.420518260199993
11.25253956499999
3.8373029983999847
5.112449359099978
5.427476516699982
3.608343974299977
7.695986584506375
8.705402859506382
7.512261827101267
7.084767945898705
6.364844370999982
2.2061335311999763
1.6789585235999862
7.528407144202545
4.443882797199983
8.768099310303828
8.211253733797417
6.740073350493581
6.063686329699978
5.273257774399987
5.285081899999983
5.671594537399976
7.586769267303821
7.340774916101267
9.733761384734397
6.824597901899987
7.555041485594866
7.274641380303817
9.372583926405117
9.66070472879599
9.372520259067981
7.388028474405106
5.857102159099983
7.900288992303829
8.961873713696152
7.511861767599996
9.110394074999991
11.50063099999999
9.318760409659983
8.99394610899359
11.572984888999997
10.589964814999995
9.024583065797437
7.875290669299995
6.992199681099995
9.799006301619519
2.3030662490999894
7.9449122909999765
9.850689555271991
10.751259939999988
11.379197314166397
9.915121888787825
10.836391471999988
10.33112008399999
9.314889070101277
12.133952323999987
13.059477418486392
10.894033069999992
4.600420045499995
10.118820694006386
10.644570666646384
11.699171060166393
9.432897882234391
9.46574628749359
9.4616106705064
8.460446255506387
11.120120044999982
9.051939976493586
6.690248660300004
6.129962750199999
5.751950683599993
8.966207678202558
12.378413025999997
10.47205225699999
11.171638386999996
10.281949604863993
11.840865714999994
11.096902065999993
10.164552881999997
12.350172445999998
12.280346447999994
13.19665987099999
12.795519910999989
11.02823171834719
10.141316720727996
10.738813909999987
11.420025360159988
8.622225668303825
8.463985003696143
11.05798335248639
12.270511994479994
12.339582796006388
8.553238349895974
11.019779612999992
13.213547353999996
12.756062946999993
8.318998567199998
6.921533019999988
9.016943812594869
11.109478666999994
8.06305490110126
13.968706150999992
11.666070490999992
10.43126739499999
12.809584101999995
11.398824851999994
12.094528304999985
12.236846772999987
10.087043366999993
6.161651174899986
10.049011640929264
12.495926447999986
12.34649075799999
12.71158333599999
2.0982063506999875
4.605927352899986
4.784466584799986
11.423549909999984
12.139893812999992
13.501641095999995
11.534486292999986
12.038953965999989
7.66480786899998
9.471374775795985
11.682962082999987
9.213576153717092
9.371872912717102
10.85053182199999
10.48937595999999
9.367928460795982
9.059478086898704
11.485014879999985
7.285361741594868
10.539957650999987
9.602349142347189
8.732598809797425
8.584652673303825
6.153500482199991
4.881858172599992
6.756842105099996
7.075127241499998
6.6012644088999854
6.8591344909999865
8.07120337220253
9.045572083999982
9.276418504303827
10.217103837717108
11.340782322999987
10.55803460999998
11.324408440999985
9.422056542999998
8.498321830696144
6.804306936594857
5.3215989608986956
7.0317917098999905
9.236499206493592
5.747083065799981
7.640168096898704
6.698689105200008
3.246458891299994
6.640372616599991
9.695095933493592
6.948357592797421
3.1035100188999882
7.715529592902377
8.881523135400002
7.556670559696147
9.930724407833589
9.004882197601273
7.373265736405101
6.999927101099991
8.285398388699996
8.31932714229742
8.82325278630383
9.059959818999987
9.063868598898706
9.76429929672799
6.24140555419999
3.368153788799991
3.0873311584000076
3.1399746460000064
6.238412324500002
7.2595063842999945
7.865373214699994
6.24461620640509
3.4934806441999875
3.07812777859998
6.195065003999965
5.371973570299989
11.818538741999985
2.3061544814999966
2.644971749899998
1.7508221770999992
1.923557093799992
1.6208106048999993
3.4119176848999966
3.165540452599992
2.4767441298999966
2.344283074999993
4.672793167099978
4.867687982199994
2.121033750899993
2.3898281737999967
2.392099784899994
2.6230237227999864
3.6015111556999897
3.5894936873999908
4.478298760999994
7.208400164797419
8.423557855202548
7.326900236493583
5.044834004199989
5.9910877578987
6.0318479645063805
6.79866829379742
7.461781071499993
1.5970384185999948
1.9634687621999962
1.0218234435999984
2.024504641699982
2.0946838775999894
1.625949905399999
4.083255116299988
4.410198670999995
0.7945052271797423
1.0947992370999926
2.8401848128999876
4.473569920303813
4.187949673499983
3.1766639998999944
5.071798521399994
1.539505111699988
1.689635089099997
1.5539204406999931
3.9979818541999697
3.0421588164999904
2.73248141779999
1.4727145873999912
3.302990873699991
4.795555619799985
7.262937940999976
2.130245420799989
1.434780851700001
1.7603223800999828
5.019188516199987
3.8346825683999826
3.029689805600002
2.1296859405999924
1.2827781966999976
2.819683392299975
3.6129208907999955
2.420814309699991
5.362026885999992
7.1478800232025375
7.032951141405095
6.7296035186961385
5.940998251303815
4.603867063899977
1.0001430309212147
4.169869084202519
3.8779190871999902
4.7811487717
5.747662129202537
5.579592599499985
7.607264671303819
7.528548017898701
5.474236378499986
3.5585591643999734
8.051128692594872
2.904464898699997
0.6408691170696127
2.5259327804999874
3.1459182357999724
3.973105972299971
4.676404115299981
4.226937286399977
4.498196983303811
6.451592353797418
4.711822802699991
2.931534004199989
1.7720099395999933
4.415897550999987
3.3236824447999833
3.483071301299996
1.907357598899995
1.2686125838999986
1.1968794372999976
1.6296478270999672
2.800572506699973
2.358084170499994
1.0237594540727948
1.5805075347999995
1.7892773406999964
3.1858489318999923
4.33826686709999
9.200473835863988
5.853749084499989
7.206987225303818
6.270302664199987
7.667490159599994
7.368249291999983
8.484768218999983
9.214391380303828
8.799907369999985
7.842196530202539
5.819330645797408
8.941190634202549
9.203981199727979
7.890577076696143
6.133937913493568
5.564953968797407
1.078547482299997
3.8908958480999667
7.674214059405105
7.493212745696147
6.913224137898687
7.552455589303817
3.7450729217999936
6.908607040405089
2.7086116607999826
5.229483346594852
8.052668817101267
5.95986647950638
3.6639068129999797
3.9495391890999727
4.451757121299996
1.684202410899985
4.859002885399981
3.824980764799985
4.08219967499999
2.908991314699992
5.333406881696137
6.961322344999985
8.958570968727981
7.889246018999977
8.465678794898707
5.86507508389998
9.063233241303825
7.292366906696132
5.062606283594853
1.7747185973999815
6.973697032202542
9.540199171282856
10.120790966999998
11.546071641999989
9.190338200271981
8.365205712898693
4.3878808043999795
2.744043255599997
2.9989361587999754
5.357691131594856
8.394103269999976
9.750325271727979
10.208546272212141
9.708884385795987
7.777612075797406
8.764399072303824
4.6678954619999855
3.3107879348999707
8.347505061203975
8.74475716093198
8.004942575094866
6.553910819999982
7.1196165435948675
9.324853526303832
7.89010881810126
8.819196005135971
5.280637495399981
4.665001373303806
9.032401762405105
9.210330282727979
8.399505328405102
9.773534022646382
5.994451892101252
4.778550755299974
7.61892098999997
5.227939619399986
6.945018308999969
9.591108401339987
9.769299664212143
10.671690630999981
7.551840823405102
4.928788278199982
7.879822259493578
4.574673998999986
6.2654743209999735
5.818221655303801
5.706910105898688
6.227901219199989
5.946257684299983
7.884065185493589
11.046849665999993
6.363596293599985
9.753792364659986
9.960474285929262
9.21013588259487
7.7752206284051075
7.526777172898709
9.104734892303824
11.591012407999989
13.240462371999996
12.528090168999993
11.313014368999983
8.298367961101263
9.634787228271989
9.98865712592927
9.738488507070707
9.618769894271983
9.900635852067987
10.418611673999994
11.798037571999993
11.990375747999991
12.207914499999989
10.641448362999986
11.441328655999984
12.456341372999995
11.018462336999987
12.48565774799999
11.102466465999985
10.51865039699999
11.283891341999981
11.344376731999988
11.950028695999988
10.009431056141423
10.370434096999988
10.640249030999987
12.239189379999992
11.102329067999987
11.410206476999994
9.920434013271992
12.689806894999984
11.432377900999994
12.183300394999993
12.161244462999987
9.85667870320399
10.339719031999989
9.359988709999987
8.786145881696143
9.381049204999986
8.536609065202548
11.548307830999995
11.446964747999981
9.112157441696144
9.131570945795982
9.64803928213599
11.906120844999991
12.287319869999983
9.435875736999984
10.538440804999986
11.456226000999989
11.614833371999989
12.733741604999986
12.292990510999989
13.85828802199999
13.123601203999986
11.650605181999989
9.68326479328287
12.223087089999996
8.10810700529999
8.80993974606798
8.873288423135975
10.950384553999985
12.301474167999999
14.400403586999987
11.238216660999989
10.328189133999983
11.401250460999979
12.099351400999982
12.355245539999984
12.09631990699999
12.518666216999994
11.05994371899999
11.91582307099999
9.728455557203993
10.317803268282864
13.039114811999994
11.681485514999983
11.225630173999985
10.837571544999994
9.649814288203988
11.29661179699999
12.018606594999987
11.88000528999999
12.304600174999992
11.991555520999993
11.026939679999993
12.244019779999986
9.591859886135987
8.869310595696149
8.198646746799998
6.790436567699991
7.25467605899999
4.532793939199985
6.156015560899987
8.320227171303827
4.692505934099991
7.490147505202543
7.3111491820999905
4.896300794999991
10.311490273013595
14.172088628999996
9.952591027858542
10.97799367999999
10.704553060999988
12.909691738999987
10.45413097499998
12.119413138999983
11.858964452999988
11.870945354999987
9.348098956203982
10.226636696999986
10.221707203787826
11.140961744999979
12.252668638999987
7.236294715898694
7.942015280135962
6.1635719192999865
6.000331951899997
3.507188639799986
3.172953901699978
4.161246366899979
4.889579762299979
7.641464070101261
6.285959902999982
5.283742869599994
4.996526588400003
7.3692161209000036
10.29848469699998
8.59254026340512
10.565483344999985
9.335099650717101
10.438243126999986
12.224837360999993
11.91032109199999
5.697409939599988
2.720516542099995
7.673505296303822
7.353144854696142
3.621709884599992
2.0756961593999996
1.9161976227000046
1.2604374373999947
4.721333216899983
5.575542304999986
2.414724987799993
9.823981564203983
9.238998289339985
7.282802639797417
7.329955178797423
4.816874374399986
5.565177716099986
6.239977336099994
4.985980081199995
4.7911263457999915
1.9896191207999898
4.661438854999963
6.765343482999996
10.10608543399999
9.036746443202551
2.6426230926999863
4.700948788499983
5.767156555202536
5.030208630399981
6.505603903202539
1.7816450088999993
1.2792733382999901
4.618315518199987
2.9806164367999926
1.9529505904999989
3.0338538513000017
3.0723471908999915
4.425049064599984
1.3319533874646299
2.723693328899983
3.6532409469999854
2.210120127899994
1.6389008010999957
1.390524739099998
2.7054965957999983
3.1561042113999975
3.1679853545999963
0.9611323519787801
1.979493052699991
2.335170167499993
2.9553809646961215
4.985979852299975
6.069381018101254
4.215279585299979
4.966370512399989
2.216182458499974
6.180216992202529
6.773707800299986
5.721441883899982
5.746208879101253
5.154275924699988
3.377374128699991
1.022477345193344
1.7207918670999813
8.551565367067974
9.248979780594869
4.430794413799995
2.3683134749999897
3.701038102699972
3.931254817199982
2.2063172637999937
2.921466673299994
0.9081737855931953
3.1006180144999687
2.927331874099994
1.9211422011999848
1.646056123399993
1.8718181563999954
1.343007195999998
1.2532989837999948
0.7711819228202524
1.4984247222999934
1.240373518399999
1.558986967499992
4.10303773349997
2.5215028319999955
2.369895725999999
6.199196249405095
8.4505667664051
4.901350312799989
5.681030911303818
3.385140023799997
0.6777685839687964
1.6376074355999906
2.7293219710999814
5.286675836199977
6.884963365202533
4.496709445199987
2.0299357024999933
1.9396802123999817
2.888567350799983
5.744152214099982
6.976968212899992
3.194461083999995
6.120797796599997
1.8365203933999905
1.3081459592858444
2.062497718800003
3.7638713668999983
3.2496596862999954
6.5324001129
4.900118254099992
6.687469085696143
4.973219227599997
3.5943107223999977
3.3659520049999734
5.480100715599991
6.154020013399989
7.410915335101259
6.586934306303819
8.51601251530382
6.471351211493586
6.033488502493576
7.299941007999982
6.38721277159486
5.529572767594851
4.22739129639999
3.2537827208999923
6.325703956599988
5.781063117999984
1.779820503199987
1.3641335296999957
0.9996145303787827
2.1664802138999844
7.257162902797426
5.674438301099995
8.130284452797419
6.811726606797419
6.909391114797417
5.386690356399987
1.9463863173999858
9.983267059203994
5.708197538799987
8.819089424067974
8.147243054202539
6.555964587399989
1.716116900599986
1.5345724090999737
4.129041242999981
6.932080079696144
8.437148054493589
6.2575884384050955
6.644091914405078
4.732855050699993
4.731663644399989
3.2579870849999963
1.8571267379999967
4.671619195600002
5.410768380699981
3.912885276799983
5.331487651099978
5.755532839999984
7.044046868898694
7.499458247405099
8.207858521999992
8.763849645999997
8.927235615659981
11.922822075999987
11.786856647999988
11.257797934999987
11.970027782999985
12.969232754999986
8.339944457999986
8.342540150519975
9.414824697931985
8.637100892594864
8.231004072594867
9.72509611672799
11.456043994000005
12.592593149999992
8.339133068797427
10.120010111999989
11.854485013999993
8.793333697493582
1.4241264663999986
5.738609835797391
5.277091268899991
6.029611857599998
5.779241664099982
2.030911517299983
3.151631300405061
2.6784440139999806
2.514895867899965
3.431031683303801
4.594465606699977
5.05636092379999
8.331272460898717
5.640855990599982
7.240875639303818
9.571567829931986
10.788440734999993
9.425061132863977
9.530994056787817
8.17799967027197
5.610355505399978
5.350734364299978
4.702819085696112
6.058938464399986
11.200785630999986
12.24310545299999
11.983754380999986
10.635283303999989
11.41817986499999
11.045577785999996
11.109784676999988
9.677742207203993
7.103211811799994
3.026385098299997
9.675433015282863
8.631102941898698
9.244724392696149
11.624412116999988
8.643506520101267
9.409853620931989
11.14548937699999
10.174091468858547
8.027700282303824
6.06515407869998
10.148841476282854
13.89761725599999
12.221462140999988
9.530578355271986
8.444560722405114
7.639821971100001
7.740564315797427
7.83352756040511
9.351052429202555
8.16413208769615
12.91203298299999
14.21212652899999
14.274073873999994
14.106788204999994
12.309859174999993
12.702502543999998
11.932359888999992
11.841301163999995
10.85867154499999
10.978672695999991
11.798362627999992
10.714084452999991
10.10946902171711
8.119756562797427
7.432698423797417
6.825840385405102
7.778826544202545
9.003515777594872
9.098884364303835
9.077431803898714
6.088891296399989
4.712792253099976
6.827804840101257
7.5114472106999965
8.148493823202546
11.81142921899999
12.751397747999986
9.817940118271988
8.48234477689871
8.21543613740511
10.249749966282863
9.492216867070693
8.765307862898707
2.524152117899982
4.764380366499987
8.154184144594861
7.144574363696141
11.580348086999983
12.73047802099999
11.15710585199999
10.12164979233999
8.970716770898711
12.024390471999988
10.058039108203992
11.206907294999997
11.942195931999992
9.882584054717109
10.117843826212152
12.172499724999994
14.711579569999993
13.437656376999993
12.116476533999991
10.768302530999996
10.792476644999988
9.867219381787827
9.95833796221214
11.751369120999984
13.656325492999992
12.326975748999988
12.19987320899999
11.940586626999988
12.83323076299999
13.489011107999993
8.728413784797434
13.616603823999984
10.009796038863993
10.98518095899999
10.175321542271993
8.738790866101276
6.779758473199992
8.947989962797433
8.82934044489871
11.243138239999992
11.49437627099999
11.505979712999991
13.11068349799999
12.892527170999994
10.253221692999992
12.258024717999989
12.584528332999998
11.318463804999983
11.97414701999999
10.958689333999988
12.238917844999987
13.034705480999989
12.619739501999987
13.46792090899999
13.415551540999989
10.706278351999982
12.82196553499998
12.95866022499999
11.149070801999981
10.404484081999986
10.0306038390707
11.276119027999986
9.800353842135992
8.528891686999991
13.580462888999993
12.132519448999995
7.268531172199993
8.77268755489871
7.295871096799987
7.928072901898717
10.051980781727993
9.398638687067987
9.724756924271988
10.209068431070705
10.439058198999987
10.392537937999991
8.406706820696156
6.656888909899989
6.946550488299989
10.88007743699999
7.593088305696151
7.197150866699994
6.231384324599984
6.015247485399986
8.92200548250639
10.465320450999988
9.32300511169615
8.862095941207983
9.477392297271983
10.557985000999984
9.94440131976287
11.840393918999988
11.395959157999984
7.647657499696144
5.637951386999973
5.396619694500002
2.569808285499998
6.546291943405081
4.954679112199994
5.662142921399987
7.4261253859999865
5.289116146899991
5.133747245799988
5.642161057999992
8.64741644289871
8.701608674594864
7.7487422149999885
7.822875453202548
3.364590148899981
3.969531887799988
5.248141511499986
5.706524899299989
5.746637121599991
2.336431820699989
5.4624577727999855
8.346044728101267
7.396064808696147
8.236912809797426
8.863816436797423
11.068032210999984
10.275265431141424
2.8771051452999963
3.74667621609999
6.205646618696141
8.200539955101267
7.892674160797421
7.428324470493582
7.733430166594858
7.681872274797422
7.382805242898704
9.348239829999986
10.15877531285855
9.516230557203988
8.434947776797419
8.173190101594866
7.0646117843999905
3.764861624099998
3.07557728729999
7.359515835594865
7.180244583099992
7.392604743999972
10.658545311999983
10.82498036199999
7.180000172405101
1.0956359872858494
1.7504184738000006
1.9223158706999957
5.926944518999967
7.925011390696146
9.936339138863996
6.045241258199981
6.86554069520254
6.502265125999992
7.3813057799999875
1.2606321135999978
4.230142953506361
5.65527771909999
4.47795241849998
6.536340214493575
6.5888028258999904
4.9802771636999905
4.492362579299987
4.432944906599997
2.7042934752999863
2.628238415499966
2.9013503264999767
5.519818048101249
5.26427480929999
5.538908352699978
7.292221577506382
5.2824888213999905
4.657074287399993
6.392508171101249
4.624643885799995
3.114708125299987
6.619680075101254
5.150284539799984
7.957998265101259
9.252817568999978
9.790441177271989
6.620410639999987
2.5575603820999815
1.298791984599999
1.320402844199993
2.5295864196999944
6.280597149696134
8.263788149999982
3.5799321013999825
1.7353399596999806
2.9421964660999733
6.848585967999992
7.527852676405098
7.4766018737974225
6.9039753997999895
5.701900947599982
7.663431893898695
7.6920102004935735
3.023090748599982
6.485828582797408
8.042644461101261
6.985662393202539
7.367453308101257
7.056123942594868
5.799009843405099
7.2802344985948615
7.771414486696144
9.637913818271986
8.158523089594867
0.5352433152199995
1.3058350768999982
4.143985539202529
6.576255657999983
7.697394299303823
6.546745700099983
2.71001968379999
2.2483003600999725
5.864846517898692
7.184372875999977
7.734851815797417
4.58465548249998
5.662159004199983
1.0769411712999957
1.2611820434999952
2.3956091948999756
0.8037018820863948
1.6133498198999872
3.2963752547999734
10.25991190799998
7.340742942797424
6.282276127594854
7.698427873202534
6.241059252899982
5.754051599099983
5.632621858202521
3.1333143706999707
6.488258906594854
2.8969635528999924
5.898570544399986
3.8184079314999866
7.031220768696139
6.781214109799987
8.661428752101259
7.997764771999977
9.152608950863984
9.82440571127198
8.221100439506383
9.113144267203989
8.01835970610126
7.523329611199992
5.090360577399994
8.355244700594868
8.51618572079743
7.2179471557974235
6.184739318799988
8.406515418999986
10.492624343999983
10.631361854999987
10.307892100646383
10.761453286999984
8.306183727999983
7.999037721303828
9.805594427353586
9.493608938727988
9.633626733282865
8.79757921127198
10.01274015807071
9.693368768203982
9.436998872271985
9.919409689203984
6.633468800405104
7.228505625899991
9.737802102795984
9.534120495727983
6.119212690699989
4.599478355399976
3.9839931930999772
8.136864991797413
7.985757943696146
6.302718852202539
2.7081944838999865
5.146901625101249
4.883692512499982
5.2212321502999846
6.625308845499988
5.005648348999986
7.420454017594857
8.824540045196139
7.792517010506386
12.431737679999985
7.060934606899987
6.494594293199991
4.347998158299987
8.074526565594859
3.5010493377999707
5.1761994948986905
6.765841670202546
5.556813699299976
4.456834577899989
7.412662518303818
10.181041229141423
8.080682475299998
9.58962792065999
10.034994296212147
10.359120870999977
9.220698573203984
8.300404392999983
7.495579367099994
9.327672842271985
9.897621359372145
5.5400817718999775
6.442598034702539
10.465816923999988
8.480834626797423
6.928577543594858
6.9442504684051025
10.16449622192927
9.565067996135989
9.224975245795987
9.133610983303836
10.792165650999985
11.191984237999987
11.223069755999987
11.549667272999992
11.012075815999989
11.347431045999986
11.130019167999988
11.188579505999986
10.684428203999987
11.458283777999988
11.969992779999991
9.922097863863991
10.286860209787823
8.922445242303825
10.74417984199999
9.841247277863989
11.109447312999988
12.206703519999994
7.918163619999985
8.673377777101267
9.924512905931989
11.675043845999987
10.785056011999991
11.850251984999993
10.33969092699999
7.832798158299993
7.88747718509487
10.269717537002716
11.56654346799999
9.446013380271987
10.997814197999986
11.791156949999989
10.878905356999987
10.434817309999987
8.98421291349359
12.228746979999986
11.030968438999995
10.94053603383359
9.02161000210127
10.05496556699999
12.284847808999997
10.327096177999993
9.950438719135995
9.346021896405114
11.35068238799999
12.20028183899999
10.796650292999985
10.765105018999986
10.827542589999997
9.741566583203992
12.63328083999999
11.448370035999984
9.431896275203988
9.68027265006799
9.01694351972798
10.964788608999987
10.92264322999999
12.462366335999986
10.789816517999988
11.31144448099999
7.292286598199994
6.868544892899989
7.532758186299993
7.254775013699992
10.73366351500815
11.75103866399999
12.823128209999991
12.710688375999988
12.800925876999996
11.685076299999993
10.31137648299999
12.609388630999987
11.259886611999988
12.438365239999989
12.766153829999988
12.786694237999987
12.66738373399999
12.226718369999988
12.385226706999989
12.800236315999989
13.471075402999992
12.16526674199999
11.220235727999983
11.690098038999986
13.969668792999991
11.582159499999985
12.693171148999989
11.699511725999987
10.245396935999986
8.745506936594872
9.366730532863988
6.376545815999996
6.88554774929999
8.679171748405109
7.71511936039999
7.286433599899993
7.475336524999995
8.74415184330383
10.673022526999988
10.22352979728287
9.43292075199999
10.614672281999987
11.772546819999983
9.910890328999994
7.312936718799992
10.375886582999986
8.603066242999988
8.285747311398715
7.000496311999987
8.412755114696155
9.117067106594867
8.080041885405107
8.51624295350639
10.639539635999991
8.434223133898712
10.348783234999987
11.634449619999986
10.90384569499999
8.888679721101266
8.538836386101272
6.246228089899997
9.028021356202554
9.686696267795991
10.72942740899999
9.115049543858536
5.896933151199993
6.250989759799997
7.021298403899991
7.661739378400009
7.494413537599996
4.669444482399998
5.77613595430382
9.682915441931975
7.999053951999987
9.714674623067983
9.843259434493588
11.826951458833591
9.231889977999984
8.517451740993584
3.9798324431999723
9.480412150561579
10.51183264951999
9.54620791170255
8.261598231493577
9.174549881006387
7.788478549202549
9.066811218303828
8.690968177797426
1.5386811751999794
3.424954101599991
5.928923260506373
7.27599018859999
6.726342309599999
5.6122645690999935
7.24504582369615
5.824711164899989
3.8081816924999976
2.446584465
2.8221640761999973
2.9012788436999832
0.9741462272717094
0.8742452801795977
3.317049774199989
7.186326254299997
5.373270719899993
9.347633265802388
8.581898518405113
6.615216592399987
9.223719641101273
9.51948994899999
7.310375613399993
4.155914027399993
5.582540229799977
6.1437964110999985
3.431746643099992
3.2317237563999854
3.37895024569999
3.0441646285999933
3.0477356811999874
3.4432273375999816
3.3533424056999928
2.427122604399998
2.7647448287999965
3.089751797499979
3.7399249785999884
1.8288064864999802
3.8599669234999796
4.690639376799989
4.329055674699971
6.845726296999985
8.694112788405105
7.839773983797421
8.33775136569614
9.081316905202549
5.4573309157974155
5.75226861269998
8.661695799303827
5.638396420299977
6.871294511399992
6.559986764493573
8.128726509101256
4.3041248412999815
4.311294319199985
4.304293395999984
6.591896437101251
7.3467383117974165
7.247608731101259
6.08124862669999
2.8023283492999904
1.0776618850999993
1.1717529494999952
3.7023520264050744
2.2823793395999834
5.819250465405089
6.223722970599984
3.2848490859999955
5.98205425569613
5.03815590519998
6.330835781899987
6.374020484899991
5.965592356898695
7.166904109202543
5.515052674899993
5.027799136399989
5.063271112099987
5.190993072499979
4.161861189299984
3.9491672088999756
5.721491972405092
5.639105717499984
1.7395557769999959
2.820254421999982
4.728260916101242
1.6677402068999978
1.518835859699991
1.8062730285999975
3.4530611648999696
4.857708431999976
5.413614221199991
3.230101780699983
4.326188934299976
6.323108235199992
8.212693235797428
6.170028071599987
6.032520652799988
1.7335266860999932
1.2889854166999721
2.3910044678000024
1.3826053283999977
3.812884692399984
6.120241516101257
1.9087146193999858
5.13645922389869
1.4658626327999977
0.7270683298101254
0.6432766038898682
3.0066863402999866
2.4299630004999684
5.943205145303809
7.324601586898705
5.440796456899981
5.231236585999978
7.187917130999976
7.631500627101256
9.918642997795992
5.381536929299995
6.911506259202547
7.981217060898703
8.44092177430382
4.236318624899993
3.325233546399968
6.618331747405083
4.838200981099993
1.898858541899994
2.4390082076961184
3.766906724499974
2.1647154464999963
1.8623270537999899
7.690703538493589
3.048768180799991
2.8978575271999856
2.616198019399993
1.5751043166999927
3.083891270399988
5.228600125101253
6.508742980999983
7.042867961099997
7.088992756699988
5.28046084439999
4.25001585389999
2.327937832599991
1.4114647902999917
4.264735664399982
1.4127403045999956
3.249403112799976
3.550227055399984
3.733186428799992
7.488189565999978
5.336674772599986
4.6984029357974055
3.4980335158999734
1.52713507689999
4.014069404599976
4.84654307099998
4.824992375199989
8.720161099202544
9.453294854795981
8.738095379594865
10.382783895929261
10.48922580299998
9.412224743795981
9.930586918717104
8.373032827797433
10.014739570727988
8.395995773303826
7.499108171101265
2.3436179580999896
1.3583547562717009
1.7027957144787582
2.5250515197999905
1.8109184203999915
1.6305519703929088
4.844100328099987
7.808467127999984
6.76669633640508
9.466987145999976
11.438911381999993
8.173737220797435
9.246867761202552
11.54127873799999
5.543320329299978
4.153765002399977
8.263424703999977
11.301075814999985
10.665580599999991
7.313993681299993
8.469725427202551
8.480041038493589
11.699021642999995
11.527968944999989
10.309377749999992
8.91030322569615
9.907110229353588
10.06264923871711
9.998458013929266
11.182715522999988
8.5454935654051
9.30659409927198
10.786467675999985
11.634192991999992
11.383266729999981
9.261957492067989
10.600087958999985
8.58556309659487
6.82495324859999
7.991827668797415
10.337780477929263
10.715634243999991
11.413883230999993
9.768969065931996
10.643907670999988
9.622092491067992
11.64040480835359
11.096282595999991
11.094000670999991
12.998758756999994
12.205338050999988
10.405005674999988
8.534156147797425
8.597605670202542
9.247659762561582
9.024781494101267
10.314434798999994
10.532740661999984
6.884988677999987
9.787542813067986
9.64499221499999
8.900969616696152
8.215636688202547
9.119765898101274
10.989117751999984
13.239463152999988
14.026006753999992
13.346722677999988
4.4833531051999875
5.789217681899992
8.012613961797424
5.0034204390999895
2.7849537215999796
8.071921025101256
4.0827124770999825
2.2308701552999834
9.060598878339988
6.176813590999988
8.425759223898716
11.971070791999997
11.775044936999995
12.911381611999992
12.970432393999992
11.684241118999994
12.954327418999991
12.22754803799999
11.024746851999994
9.055332034303827
9.097980680797427
10.544376780999999
10.716063372999988
10.993173826999982
12.45699219999999
11.88572475099999
11.621793891999987
13.55416074999998
11.808933652999992
12.444158797999988
11.848356437999989
10.188382676787825
12.031783397999991
10.18724085692927
10.46970154399999
12.275181841999983
8.299375715594854
7.124504812599994
7.4911775833
5.707976325999993
9.36480319072799
8.057732884199993
8.994049389594865
10.401045054999985
11.049480109999985
11.564765687999987
14.021558581999995
12.798155503999991
13.33890821399999
12.708436062999988
10.060565260212144
13.044731212999988
10.910167133999986
10.25658652964639
14.579525519999992
14.607884893999987
13.356209934999983
13.734520032999988
12.972903013999991
12.596067943999993
14.05630052199999
11.79922266999999
8.40421048430383
5.456199856599991
10.493941655999995
8.897394311493585
8.816631130999985
9.12749881441598
12.026886144999983
9.79981622172799
8.608381646696145
9.016041183506392
10.04492042692927
8.777875836202545
10.981529154999988
13.807071026999994
11.821635180999989
10.963544849999991
9.25414098049359
11.062660477999998
8.883163847405113
6.643768075594862
9.13131936327198
7.251326832599993
8.302126803594872
11.42560207799999
9.75406867079599
10.245973499999984
13.209783176999988
13.307786951999987
9.213794389303828
7.895471948200003
9.821568835282868
8.871437103303826
7.8754167343038235
10.053399839858546
11.744760526999992
11.758955350999988
12.431741469999983
12.50571244499999
12.149815008999989
10.647762580999984
9.311679733203977
12.128538823999982
11.540057802999982
11.308569600999988
13.832176137999992
9.540600927795982
11.500292661999978
12.05906997399998
13.068591399999988
12.896620757999987
11.183218914999985
11.126344782999997
11.505206708999987
11.32939938799999
10.455801470999985
13.23436936599999
10.625895926999993
11.682389679999964
7.362767344696149
9.029696746791972
5.234526588399994
7.149813101202542
5.976775230405098
5.850507228100001
8.373533834797428
7.596129801898699
2.7289628661999905
2.8969424712999925
1.2368258011000002
2.1160889847000033
3.1114836044000005
1.0403755004999993
1.5025623290999917
4.205650561499984
2.3102785308999905
2.648883077999985
6.498273170499995
7.521876925699991
8.060967153898702
6.210288140899997
2.991258734099993
5.059982392899989
5.1920464844050995
5.2610685149999785
6.759933874493572
8.010213746594863
8.865818806506386
2.5431175628999916
2.5432271392999994
4.5414993468999985
3.8000363082999984
6.688659229999968
10.157077049212129
11.23585113399998
5.0579076201999875
2.037923713699992
5.250125089999989
5.385275730899993
3.7585383681999907
3.64025490569997
7.745802636696128
8.926475601202544
5.087338740499976
2.631133959999982
3.248351730299989
0.9429047350931984
1.2386982223999885
3.4078888091999926
2.7979648406999837
2.897646827699988
3.1248760299999763
2.7514938933999935
4.247019316099997
3.096422071800002
4.192622198499985
3.2086375763037975
9.050451916659977
11.609612603999985
9.147199909999982
2.092130812099999
1.2626442748999993
1.6187279160000012
1.4765725159000012
1.7663866332999978
2.767081455999998
1.3591986358999968
2.2417448699999887
2.626795417799975
5.008619079599985
6.710967428594859
8.43419852910127
7.3657375396999925
2.442421052599993
3.6953189301000027
4.137704087799994
4.081419535800003
4.129808393899976
6.667023014797402
1.2375959802717056
1.1398570678999957
1.1751207808999968
2.3998923598999946
0.8123269850696139
1.5236976012999983
2.528881152299995
2.1319199492999887
2.47267753449999
4.10465248869999
5.812671423303816
3.46798186949999
1.880739421099995
2.3280902419999783
3.518848760999983
3.948172531099986
4.528432411199979
5.2379037581999865
7.3562933075063786
7.143551051299991
3.2962897719999917
2.480664855999998
1.9652686538999904
3.0778667251999874
6.817984236101267
2.3079670058999917
2.2383326965000014
1.823806379699999
1.8934689315999966
2.359580160499973
3.2520471114999996
2.7677249129999906
3.13433940279999
5.859078407299977
5.573663124099981
6.019587765493572
3.0078063643999897
1.5037984740999937
4.049749923699986
2.689708419799994
5.402723484799989
1.957649284399994
4.916820794699982
4.7171575194999775
6.679891569493581
9.078500338696147
3.7136336776999834
6.39268550259485
5.846330097999971
8.7795279404051
8.674006896999986
2.89646178129999
1.6872426909999885
1.595086196899991
6.726411662303818
7.355925962797427
8.396223702999983
2.544649650599988
5.584520101898686
5.223926769999969
1.7541358489999967
2.157857415799989
3.432105805999993
2.8934520019999943
3.280740037499995
4.363904666099986
3.125844790599986
2.6430733123999897
2.6386495025999928
3.3434104949999948
3.997960969499991
7.146363050797419
8.355410285898698
1.733901313799991
1.3644027892999895
2.305162348899977
4.701446134899994
4.488094006299979
3.1398294997999785
1.4263029415067892
6.497264611797404
7.718598469493571
2.7153871413999817
1.6870966613999887
2.463158979799986
6.935794979898692
1.9787356032999874
8.888913151594862
2.7810527205999924
3.9419360549999793
6.009435548405086
9.59377019199998
8.48893692469615
11.20048391699999
11.806727102999988
8.556565502898707
6.397816308594861
4.866564486699983
6.246360115101257
6.310648667898692
5.669433442699982
8.444177880931969
8.60742992710127
10.043262524282863
9.66812611693198
9.466956498787821
3.383281982399976
6.5973190125063805
5.247037325999984
5.817420170599985
6.477704321299991
7.036594641101263
8.518587739601262
8.321107080101271
6.5252164489999975
7.307389848299986
6.426485845899997
4.449496011399985
10.446849556999988
9.92443103492927
9.326201188795986
5.2198516280999785
8.909280233791979
8.09273732910127
10.490569361999986
12.256616413999986
7.9775354003999945
6.42090358889999
8.120466412405108
9.933701715067993
8.512717576600004
10.358372304991832
7.961822114594851
8.531867324797417
13.553760452000002
10.163171889999992
7.366618952899998
9.486517762863988
11.260173845999988
11.705080550999986
10.025550193863987
11.921855593999986
10.264164733999992
12.90953403299999
12.15504637499999
10.957190711999992
11.175190485999972
9.96086078933999
9.621961149727987
9.643828720067987
8.002212646506385
8.473952127101263
7.447389561506384
6.309687284898701
1.6246748275999912
1.9344681426999937
7.125270877101256
10.058988418717108
11.112280115999985
12.31326359399999
10.65921981799998
11.99472636399999
12.626542423999995
12.39100588999999
12.170217072999986
11.70327046199999
8.91991959386398
9.404108570898712
10.213428402795994
13.641088131999993
12.822252651999989
12.109063010999987
12.44732237899999
12.483572986999986
12.069144423999987
12.078152486999986
6.867181295799991
