12.990820495999992
10.331364371008156
11.511481727999985
11.831034174999994
12.583945049999993
13.373392568999993
12.418973733999993
12.400134748999989
12.642297843999993
11.749444835999995
12.588395493999993
11.76630943599998
9.727717239415993
12.459304998999992
13.178579503999995
13.194954299999997
12.456152610999991
11.332461905999986
11.994473917999988
12.174808376999994
11.14531619399999
12.77778841599999
12.966895263999989
13.156242948999992
13.721689681999987
13.515172727999985
13.211639376999996
11.348358976999986
12.693438546999982
13.805263444999987
13.356340227999986
13.35630810899999
10.337074456999986
9.159518083202547
6.034291375699988
9.838483618141417
10.438926868999978
11.048155762999992
11.68032067899999
13.705370119999992
14.112894471999988
12.324929563999985
13.807025118999993
14.868831971999992
14.493565394999992
14.21930468599998
10.737303270999968
4.999321661399978
6.205512367202541
9.220938664202551
9.776578253135998
11.95978028699997
7.8222318802025415
6.508301771499987
9.401724865696156
7.169061866799992
8.265076837202548
10.894584855999991
9.887817593282872
11.570099018999986
9.85383191686399
8.93035063479743
10.044062622070706
10.502746026999983
10.724968110999985
8.91811255799999
11.208850971999977
9.069348541303823
11.359393853999977
12.930949549999983
13.34658361799999
13.856587386999989
14.177184965999986
14.24852918699999
12.948619933999986
12.755851267999985
10.074357438787823
8.971770802303826
10.400756838999989
8.762469497696149
10.745909171999994
9.682591818141427
11.617491524999982
12.287636091999993
11.007445745999986
11.916896656999985
11.87470190599998
9.808909229999976
10.927290670999978
9.781086755282864
10.59714760899998
7.249131092797429
9.16252798159487
9.974419596929259
8.166353437797424
12.112413965999984
11.629760949999987
12.065366158999996
7.465435633899998
6.856657350199997
6.789542829899998
7.234622419696151
8.197290464797412
9.812487124727987
9.567055726717102
8.61198699650638
3.3377642791999875
6.739566865493566
7.4420943725948625
11.647616417999979
11.685524146999986
6.347407224999992
7.68483571779742
10.203193725717103
7.411037483202545
3.9991284621999874
1.9052383239999964
2.0794630172999975
1.3816124495999988
2.7001750243999907
4.2629007125999845
4.125254862999993
3.317634896899983
7.113021278405087
5.860650170899983
7.70508055879741
10.405662419070701
6.797739125101262
7.635722227506383
5.674473097202533
4.217734898399988
4.2746870575063705
6.2537048507974236
4.461681220999983
4.338977603099997
2.944371429399986
3.6552249846999754
3.7413699126999775
6.813352516202535
3.0185462722999867
3.341550840799997
1.5432903304999825
3.299357987999975
4.181921375999986
4.539629095499999
2.4858752395999697
3.028507954399998
0.9524852591646362
0.8313379764594853
3.014700097699991
2.9662667388999897
5.161565609700002
5.72723878779999
4.433066342199989
6.819447468599997
9.507137890727984
6.886174909999976
6.253122338898699
5.3833624084050955
4.999789001499994
5.086659553499998
5.334671148699994
6.142876080299985
5.823398153699987
8.665513851898707
8.186197474696149
6.379045745799986
2.923588180499976
2.378077961699994
1.9662838332999968
2.6088336074999905
3.675663191199989
5.39676100309999
4.037281454499986
4.758441805999975
4.098406381199979
6.031321473696143
6.674714443999982
6.503398538202539
6.8098473540999995
2.193457650799995
1.0848106139999967
1.9191264922999918
1.8840877746999927
4.226819906599966
8.128409788493578
9.318633096203984
7.731787155199994
6.058304428101257
8.852983506797424
6.143937324499994
6.3129684845063805
4.118702937299981
1.5952568526999988
1.4877961669999993
1.181378930965995
4.566953443899979
3.353052989200003
2.4973404067999936
2.789607412699983
5.804248400899994
2.6205794097999986
3.029975183099998
1.9900530593999954
3.643551750199999
1.7558467177999928
2.2467412826999777
2.909174339299987
1.514223423799992
2.5261252303999915
2.9900127776999863
3.12174318999998
5.6039688308986975
4.214528881799987
1.6776775100999934
0.39779196071999773
1.0687988314716912
3.856246359299976
7.580294959999987
7.584117335493589
6.5119873748987045
7.7528495055948525
4.002949922199993
4.600725308199977
2.8480712905999916
2.9291858291999646
5.287567590303807
7.368620111101266
1.5627909392999981
1.0412538034271888
3.414233558699984
3.9031148391999935
4.616893266299993
4.971613854999985
4.887075083899982
4.048934344499994
0.8389793614271972
0.862988943679597
1.3457762755999931
1.5001634643999968
3.8953661620999807
2.2074857100999963
1.9412197783999936
1.8586102401999898
4.343318066405076
5.194626505999978
7.227107124303819
7.2169216965
9.703075318931988
8.882495780898706
1.8810747390999973
1.3144119497212063
4.068227525299979
3.9490344466999794
7.458747535696138
7.689419572405105
4.634781101999975
1.407752310199992
8.506068363999958
10.364022741999985
6.704969247405099
3.4809496001999896
5.165081864899989
6.6677262604050975
0.8305879140931933
2.277811634799982
4.085702294899972
3.958606973299983
6.636629193101261
8.653424800101265
10.227247218212142
8.229551626594855
7.859481404101251
6.048317810101256
7.568500176999979
8.992886354067979
9.19942330178782
8.634098722797424
9.52146703627198
10.249149024999983
7.389758576999987
7.529769091797409
8.174983134506382
9.543744552717097
11.846604662999985
9.813990908858539
5.559649006696134
9.586681628271984
7.236274206493583
3.4961001265999854
5.581302514599982
4.6187847838999865
3.9738904815999847
3.9337279494999984
5.768006899999988
5.613756900000002
9.73102270064638
12.444090124999986
11.18819425999998
10.798371636999986
6.366207362405095
6.074853955101247
5.876863108797405
7.77989869230382
1.72263791809999
5.180499909999981
7.036421235696141
9.633129292203988
6.963101609799984
9.599228239271994
8.764568894999982
8.340946957405102
12.757784655999993
9.90389800271711
4.2607611252
7.93789390409999
6.292293139599994
9.9545780717171
11.676165903999992
11.00481181499999
6.564450572202536
2.5362391524999905
5.854702242999973
6.187849873399991
3.849032960499988
4.99309555819998
8.467146044898705
12.157078910999989
10.572749986212132
8.791501870696145
7.012202784696141
8.269961123696133
7.38888549959486
7.570148472594857
8.635815551797428
10.555906144787816
3.9320356383999804
4.257140408299978
7.592743249493572
8.95173202059487
7.8950437592025455
9.75546186514142
11.49876413599999
10.903341840999996
12.172356876999993
12.23971123199999
12.421608808999986
9.956122813271989
12.992171531999995
13.469644097999991
11.310882997
9.973147239795983
8.808166278101272
12.13275248299999
12.982151879999995
12.284761638999992
11.872339155999988
11.43624107948639
11.32387241499999
13.089726096999986
12.368053661999989
12.859740075999987
13.43883949599999
12.584068428
14.39834843099999
12.362659633999996
9.266966943405112
10.262702102999993
8.96238232569615
9.930220303203994
8.105541334493592
7.2907493423038225
7.634515655479976
11.629593603999993
10.343096489999976
9.376330630353573
8.275616076696139
8.670922010797424
9.712257064863994
7.059347402999988
8.607466496303829
10.786058167999984
10.645344350999991
8.99087821040511
9.300102384898713
12.649659609999988
9.48229893965999
11.657121404999991
13.531967190999982
11.575619893999983
11.11424642899999
11.86629605299999
13.184424231999996
12.220374825999983
7.095585278299994
8.744564128070694
11.881070290999997
11.94123386499999
12.156692287999995
10.41159142599999
11.354974050999987
9.922144793787826
5.048305253599984
9.333164477659984
11.049517867999992
6.045406816099989
10.67109309199998
12.625035721999993
13.75836482999999
13.255860476999992
11.814812293999994
11.256801424999992
13.46794653599999
11.400633091999987
13.516199561999997
8.095745596303821
8.724589027405099
8.709758787493582
10.72850377699999
10.66223684099999
12.266623395999986
11.60334327499998
7.314665098594857
5.588615003999986
6.1691259536961365
8.113625271594861
12.229265795999988
12.289886510999988
11.54324983199999
11.45751873599999
12.130818589999988
12.56331553799999
11.81316977399999
11.798687252999988
11.847612748999985
11.757520398999988
10.33017221521215
11.814748076999985
10.984909801999986
10.400318557999991
10.432567902010874
10.525675365999986
11.112245031999983
10.669878501999987
11.416746105999987
11.202645727999982
11.040810402999988
11.10970740099999
11.315325464999994
12.723391652999997
12.11572663099999
11.608665156999995
13.47939133599998
13.330721332999993
11.112789809999988
13.00304275399999
11.949763018999985
8.785079910303828
4.18286973569999
5.712904978898692
8.394813915999979
11.61166690099998
4.781217927599991
2.1526795700000005
1.8014508391999955
3.256075497399982
2.0318407577999857
4.4293484694999945
7.054762226898706
6.98991135099998
5.576632005299991
5.424509504699989
6.722497518900008
4.4414312163999865
5.677256816099991
4.360771829199991
3.562537670899989
5.833574462899987
9.000772239696149
5.917331579599985
8.214688479594876
7.675900479101262
7.4638673431012705
8.166753393594853
10.858676482999982
5.840901083405089
3.4804499724999705
2.3374071776999936
1.595472064199998
2.588774883999999
3.720073281899993
7.0610339644935785
7.063986064101266
8.327374551405097
9.634517976282869
0.8154832219103949
4.085223869303807
9.055390277101278
8.6002376984051
7.451420053101267
7.868909899898703
10.564302224999981
3.580261659199991
4.503597619599991
2.3452188628999924
3.4687560485999884
1.202965190099999
4.144622048999982
1.2651621596999967
2.9933461760999927
1.495799346899991
1.8531298675999899
3.37801001739999
4.386805024699993
6.389563709999994
1.1261391529070677
1.5868764495999896
2.277298577899989
2.6219387496999924
4.019963639799969
3.0301012603999995
3.0559248291000056
1.9791003188999854
4.319276182599985
6.589785198999989
4.639553195199986
5.748206719999969
8.002934188797415
5.812897618099996
3.974094543499981
8.912883193999992
5.873288320899999
5.1046202910999945
5.197140428199994
5.156400443999998
5.601558180202533
4.359276437399987
1.655582226599998
1.3151288527999978
1.7381011200000003
1.565620185899999
1.3686973113999985
2.2588931807999812
1.902904545599998
1.7754476043999947
5.47584422609999
7.728594647202546
7.352424742101259
7.51928819269615
8.718817243999993
9.126057018999992
7.772706697101267
5.666351957699987
6.467702938799993
5.9977376235999875
6.729065232797416
8.215518499797428
7.04057570499999
9.553159330795982
7.9795440262025465
7.02491190339999
7.20440837709999
4.7049909957999985
4.377748683199987
5.532282719400001
4.880314570599999
5.229479443399985
6.7930253952025375
5.612783966101258
5.967153373696136
4.656507205199992
1.2761842833999948
1.0321529769999989
1.7104578124999694
3.4500544983000028
3.985188127099994
2.9781370369
9.552690200858548
9.183079505898712
9.559501870795994
5.376676925699984
1.6429845977999955
1.1503933979999947
1.2787232116999963
1.0030440647070682
3.5497972884935645
5.561118083202531
6.823151415999984
7.2614526168987
6.701712170405098
3.8382280044999755
5.983837754799978
6.076383294699987
3.5867615478999983
3.2479290038999924
2.8148372466999976
3.8217898955999705
5.309014742999956
4.91268258059485
5.617643781999969
8.341876892101258
4.577153243999984
9.346059184212137
10.756143547070693
9.945501347271996
8.221344619797435
7.252853495797425
8.444478262303825
8.853003706271974
8.938060594202545
8.933678590405101
10.491862723999983
9.183675947727979
9.044685290493588
9.071922083999981
8.59754948579742
7.827860151696131
9.40502602527198
8.113372235099991
8.701106187405111
7.544494499202545
5.40122312929999
2.3396810546999953
3.0417261336999815
6.628839512599988
2.3318913650999793
1.1547806945999974
1.8697384551999932
4.438466680899981
3.866742610199978
9.430176245067987
9.567386558659988
9.25828025978782
7.446050648506391
10.397493741999984
3.7995007598999853
5.210176339699985
1.078975119785847
4.003591110200002
9.080626119999966
11.280437945999974
11.59162307599998
7.926816560405097
11.39430945399999
10.502627691999992
9.4148478820707
8.000428417999956
11.773453902999977
10.498809588999984
3.6929191726999857
5.8705578612999805
6.258650457797419
6.7112710861012586
7.405919215405108
6.343294393899986
5.675390829499984
8.655676312303822
10.888529317999987
10.653881931999985
8.937437565594877
7.963131507898707
11.224535317999988
11.801626812999984
9.143757583594878
7.70061068419999
8.841917381303825
10.629841625999982
11.722866314999987
8.353930071999988
12.238527398999983
9.615887911999993
9.983464906203993
11.863444129999994
8.572715748594865
8.408127148405098
3.405019982899976
1.0080813758929228
1.128609271199997
1.8616573623999835
1.0111275553787737
1.6101419875999867
4.799929110699991
6.898131741299989
5.8858883086999985
7.188533303799995
7.619671034199991
8.801407839999982
10.334100828717101
9.679414010717098
10.449568792999987
11.950729163999982
10.892365885999986
9.812721249282866
8.43313332979742
8.338378089898715
6.739281980899991
7.097677394101263
10.856590391999996
10.838109707999983
9.591806323141403
2.72200211789998
6.8262219101012604
6.02314340819999
10.00900115064639
10.285186707999996
11.259162635999985
9.504404479999986
10.203877189717105
11.138632139999984
13.859240667999984
7.415732385303819
8.828758364931982
9.933321298141424
13.846317096999995
11.436436085999993
8.867173123202548
10.377184108999995
10.797232808999984
5.966108015399997
2.6920487929999903
3.9793937163999855
7.023666598493576
9.438735755931988
7.790944573999977
4.8646489867999865
4.8555880767999815
6.57009234159486
6.6698671477999945
10.685358310999986
10.599949863994562
11.014984064999997
10.517700336008152
12.736491282999992
13.353660042999989
13.727615467999994
14.048599526999993
14.49314489299999
12.055672335999988
12.224929365999982
10.38360360099999
12.375612742999992
9.681634973067982
12.068673465999986
11.239592064999991
14.098005463999995
12.86575914199999
12.83563217899999
12.024553110999985
12.20865397899999
12.831983486999986
13.584402836999995
13.55782991499999
13.218581067999988
10.753117118999995
9.900189997929266
11.451822870999985
13.735640558999995
14.197957372999989
14.61951535899999
11.29654764399999
11.082636272999988
9.576105624271996
10.337242129999986
10.906143497999985
12.181241010999985
12.960682219999994
10.732465433999982
12.643275167999983
11.254437304999987
11.255445180999986
12.091018157999983
11.866087424999991
12.869059821999992
9.540799398863982
12.217328252999984
13.32291739699999
13.183667954999988
11.463263598999989
9.77235808106799
10.524346706999985
9.272146266202551
10.646543566999986
9.687017646863993
11.21900118699999
9.903178832999986
9.000583596797433
12.688409229999985
12.469842672999985
10.798121905999993
12.461168955999993
12.725304836999992
12.195650162999984
12.09005511899999
13.296541665999987
13.20302993899999
12.326508710999988
12.777384221999988
11.650990616999982
11.273372719999983
13.220724178999989
11.598979891999996
11.606587755999982
12.008650475999993
5.34844265439999
6.753535035699992
8.289112185696139
10.657565313999989
11.588580362999984
12.667571893519993
14.189534475999988
10.995515107999985
11.080439701999998
9.574245680141429
10.42120592999998
10.42736992148639
9.06394538269615
7.384471130399994
4.930113676499995
5.056999273699986
7.037082383696145
7.777258302299992
6.186879905699999
6.3298486892999914
8.52987024989871
9.240629721067988
8.79010488279743
6.921966719099993
11.803085750999985
10.96435165099998
10.635683318999982
10.869131226999981
10.317449389999986
9.299354479999982
6.47174794309999
9.499703988727983
5.562832012899985
5.3390115982000035
6.916914367699998
4.739734875499991
4.11386886899999
3.3335060805999888
5.676958978299985
3.5270941176999933
4.201514846799996
6.528467813099983
4.233886845399986
3.2666226638999967
3.7325004302999827
4.496960395799984
6.720073216202538
4.875575399799989
4.836043563799995
1.5382465911999987
2.152614372299998
2.936079800399974
4.397869422899989
7.400446142594866
8.672155374101267
7.492417866493584
8.601497140493578
12.072154462999979
10.049470585727988
8.127861341898706
9.008198535202544
3.0359737960999738
2.4998994765999965
2.9720449431999816
4.397776432799993
3.000459916699993
1.8091623702999782
5.316300953699981
8.759563410898705
3.196427607699992
2.4995682174999962
2.1836724471999993
5.984973225405076
4.664381823699987
1.5323326964999855
2.2809479293999884
2.494026701399994
5.847142454500001
5.013333634899989
1.2134065825999936
1.0919389358999974
2.158785014299986
5.014786068699993
2.3804857055999973
0.9465799716931986
1.0900374114999982
1.0952522813858518
0.8574231969791963
1.3329621184999938
5.293700178493561
3.302474142499994
2.4305077865999976
1.9331550536999957
0.9762841935207991
0.8960175582931985
3.174613760399982
1.5984702178999972
1.0571004241999997
1.164135136399998
1.0149616460858544
0.8848717480787763
4.305095384199978
1.5114339843999938
1.2127056228999993
4.08796937709999
5.1590643798999825
6.146466639699987
5.114217974899995
4.266552522299997
3.739301881399993
6.117426823405091
3.8190954268999957
0.9726049911339968
2.068452961699995
1.994083659399999
1.9914772109999983
2.280438067599989
2.4067933989999983
2.7031660582999666
2.5901914412999982
2.1050426345999758
4.5477183288999745
3.801817872599993
3.0369285079999857
4.708042185999985
7.5217827208987025
3.4516994597999973
2.3564056229000006
1.4175224151999963
1.2254087523999986
0.7316301382999983
1.565428765899999
0.9272236695212118
3.096604424999992
2.538057276899996
2.4951118834999937
5.34322603609999
4.9142529128999906
4.28007058109998
2.0931449126999966
2.465432324199971
2.699616860999985
5.4826201476999845
6.39436311489869
7.905437080405093
8.877182170067982
6.910968719506386
5.02071144869613
7.469452978493585
7.985730273399993
6.6889865752999915
7.649504901101264
8.05631751710127
5.550341329999981
6.770223171999982
1.9698718657999974
2.51302900239999
3.9803113082999824
6.46547370759486
5.061161486799988
3.030967135599993
1.8273589827999874
1.9210199737999953
2.5286600234999805
3.6856498580999966
4.970205361899989
6.210038476599982
7.213815727202544
8.93419751430383
9.836549104212143
9.077336910999989
5.756143421899992
5.148618301399986
8.631861843898701
9.883876989795986
5.447582311999984
1.7857153213999952
1.8984128448000013
2.4948029388000004
4.817640568499994
7.4172506698987055
8.275769738797427
6.250925614898701
4.085096318099986
1.3134831893999928
1.764514359999986
2.580828843699993
2.4517361724999964
3.88434796299997
6.029309187299976
8.019421453898698
10.004429608135986
10.10609908399999
8.382964373863974
8.419073651101266
6.660055624399988
8.29235471949358
9.121340180999987
4.51063222049999
8.373807565303819
7.779175730899995
3.6721544372999904
2.203021557599995
3.346472560099988
3.9309107161999886
8.402967344696146
8.830300619646374
9.523002534353564
12.272312125999983
10.871122088999986
9.198557600405108
7.47339983059486
2.9369107924999827
7.452220828135947
7.151243159506378
4.624692460599987
7.882255552696146
12.69938399699999
6.847940808099985
4.142971047999984
7.219619314594861
7.954953068493589
10.963067077999987
10.735921447999978
12.010880095999989
11.759969091999984
11.27262629199999
8.15966109469615
11.097444867999984
9.16236400910127
10.920136597999985
8.770070259101269
7.405912040696135
2.2300460631999734
5.858777099594848
9.030504190101269
11.575055968999997
11.936324712999989
11.773859377999985
7.93855182949357
6.343564097594846
7.849331361405097
9.02578084869615
7.597282167101265
10.916592353999985
11.636108359999982
9.72064413133999
10.658013230999986
8.206550570696141
7.826639894101269
10.373849372999981
7.649548010303829
5.913872389199983
7.223074514797423
10.248227103999993
9.103923210067983
8.827969546493586
10.978953817999987
8.304457893405111
7.892135316506393
12.559333820999983
8.685045045519981
10.590795147999986
12.959441802999986
11.799802213999987
13.42721124299999
9.966508239787819
7.7401400192079635
8.212629475405098
9.956044367999983
8.88846791693198
7.5371082351999945
9.184765824931986
11.001948382999982
10.65343049199999
10.971095902999988
7.808245422405098
12.43200146599999
11.73548077899999
11.242969170999988
13.875467748999991
12.694698354999982
11.873484832999988
11.722704905999988
11.996986919999989
12.762695675999987
11.486779464999989
11.391338753999989
8.089630615202545
8.099700326493585
9.181731509405111
14.129364577999997
11.18915341199999
10.373580985999997
13.057886641999989
11.659457546999992
10.58423851599999
11.410887452999988
10.85359751699999
10.262953472929267
11.70426073199999
10.390446460999978
12.80955625899999
12.523010773999992
12.876066290000002
10.698260847
11.003367411999987
11.674897231999985
13.247688444999989
14.274545611999985
13.873987485999992
12.999957525999987
12.394662157999996
14.398870894999996
12.773772716999984
12.788905607999986
10.23750165999999
9.52333516692926
7.66900097199999
9.096120393405116
8.452925999506387
8.466814404303825
9.07893779599999
10.103974912999998
8.955724270594867
8.074537855493594
9.558325219696153
11.300477630999987
11.826502428999984
11.283958520999985
12.880290758999994
11.862214480999986
11.367593093999988
9.402803503271988
9.06193021999998
10.35540159899998
8.831257554594862
8.770408579999973
9.825019131353578
12.290400615999985
11.09387147399998
13.626313700999992
12.644900451999987
12.22241240199999
9.881685440067988
9.72473511033998
12.864218412999989
12.785348603999996
13.240921123999994
13.200400107999986
12.696309025999987
13.299756475999988
13.848165638999994
14.423241060999983
13.426943648999988
13.847024642999987
13.555432912999992
9.274503486727983
11.290828791999989
10.516398713999976
10.57608158699998
12.344090926999991
11.515960850486387
12.108370708999987
12.058214721999988
13.386548479999995
11.68323082599998
12.134058954999977
12.442976438999992
10.986590807999988
10.119695442141433
10.879368981999994
10.617079571999986
11.063272309999984
11.590225263999992
10.262960049271987
12.180820702999993
12.79283878299999
13.473815510999986
12.62808445299999
9.99417198927199
11.274374936999997
10.666531855999997
7.7273413909999835
9.010882499687986
5.594816690099979
9.986911450135988
10.370166529999985
11.828899068999984
11.692620463999988
8.610528463696141
11.669559609999979
10.769818488999984
8.52251421199999
3.267295133999979
2.4046889358999985
3.308384422299991
3.727186157199976
5.571309295699983
5.354150593599993
7.193773954799997
8.72980966489871
8.106036085493583
8.531167314103978
7.412800959797427
9.363876077303836
9.676366981659982
9.307696221898707
10.188341647212146
9.915223796070709
8.662673342898703
7.995898489405107
8.486203465303822
8.565214642303824
8.450674822999986
9.239002557405113
4.922894836399988
6.497826240499991
8.490432939101275
8.852113662696148
4.311337251299991
2.538188525399999
2.1479483931999983
3.950417210399998
6.17815886229997
6.268732290599983
7.784110444594861
7.3343920883038205
7.785491847202547
2.0305580459999977
2.6049087447999972
3.1375261352999795
2.9389262038999977
4.9481873061999755
2.4415720626999984
2.3067696822999904
1.7955854415999941
1.3405684432999956
2.167507154799996
1.6546122695999967
3.1617984405999966
1.6985110473999907
0.6371202217101247
2.149951139799984
4.119935981799973
6.1535996169999905
1.6895662276999968
1.5455721343999944
1.2490766478999928
2.8731960555999794
4.946306396499992
4.978407611099998
4.845824964899992
5.953695048499996
3.126867396499992
1.0954913878999983
2.5587429839999944
2.0835119063999974
2.3617370833999933
7.4673298644935775
8.787109434493587
9.38228802327198
4.202313346899988
3.3265665877999817
4.068785172999993
2.8427320343000018
1.6876697173999988
1.0607458388991837
1.5774020156999997
1.3926544890999928
2.195100051899996
1.9485630004999963
2.6082308303999873
1.2410730834999921
4.095578329499971
6.239296391299994
5.1809271178999925
6.132803553799982
7.361775541699992
6.788435610999986
5.111951180999963
1.729607694999994
1.173367408799993
4.543996728499997
4.127561822499986
2.6834409926999934
2.3718388625999767
6.326090399199989
2.0945395141999987
1.507006858799999
0.7995742086399993
0.7487076523791948
1.4743904723999848
2.0421739837999775
3.6708010528999986
4.309776338199971
3.5922511718999823
4.076122148099987
5.264438679493577
5.820523017899989
6.3312531386961375
4.71013380129999
5.170258189399985
7.541787344405109
5.442651151999997
5.780901248199998
8.448565525863977
7.058596769699989
3.584471800199984
6.043879164099988
7.364443429599994
6.073581135594855
5.268681115699985
1.4722025390999904
6.846503192101256
5.4825380614999935
6.02086785739999
5.515371864299994
6.3080428328999965
7.937756726101269
7.518817227202542
7.790126592999978
6.149696818493582
5.5752207595999845
3.7476768935999956
2.986154005399996
3.517770422399987
3.621461564599987
2.799211358599992
2.801818798799997
2.7362313231999877
3.6226018615999775
4.050532823199982
3.948484045399988
4.477663278199989
6.649257720899983
6.358156127899981
5.171794190999991
4.533206809999994
6.912277796898707
8.582704067999984
7.534338021898704
9.899047264067988
8.69012739410127
7.418436572303829
5.19130429689999
1.8472555526999943
1.2403461455999962
3.364083036799987
4.618341473399994
5.857590826405097
8.85174038093198
1.4180606933999886
5.2191734115948325
8.901020632898714
7.66636002199998
10.749131536999984
11.217363662999983
11.455903507999988
9.738313169931992
9.177210305797438
10.939094993999989
3.171005465699991
7.339494567898678
6.63913413239999
9.420749253697588
4.653488360599972
1.0040553887282753
1.6188392867999695
4.702249847399993
7.582269627399986
8.249326727303819
2.060516737399991
6.722699513202525
12.78414791283999
12.346671018999988
11.10139880099999
8.953858334405107
10.482455140999983
11.43207442899999
11.543251360999992
9.508647935339987
10.522476482999993
10.73678350199999
12.501429864999993
10.235088676353584
11.317562345999999
10.489108378999983
12.051012736999995
11.683898165999983
11.457665650999992
11.986143798999988
10.519951816005436
7.421379272499989
9.38131915890512
10.155992022795989
10.776544973999986
9.630885520898714
11.232355465999992
12.064569286999989
11.429347960999982
9.281752596999995
11.396943805999982
8.669799320999987
10.233757586787823
10.95447214499999
11.53082904699999
7.690784603898695
11.207994915999983
9.402781451271984
9.448447952303848
11.367170524999992
12.899475715999984
12.114408988999992
10.208043618999989
9.798492906141428
13.78816015299999
13.79876037299999
11.890179181999992
12.58491568099999
12.518286229999989
9.92603691264638
10.946533739
11.568396673999993
11.549630401999988
11.681027274999991
11.682228129999988
9.30080034179743
10.540168902999987
9.056007037405113
6.944650819399986
11.282772034999986
12.897936788999989
13.144838147999991
7.6505086365063875
8.469414990202544
9.036555049101269
9.545450204339991
8.279110887101268
7.652598506199992
5.658804045099979
9.629431640717101
8.827139135696152
8.664612742583984
9.928377041717107
11.430394443999992
11.710231125999988
12.752318030999986
11.200596268999986
11.320126240999983
9.926885473727992
8.076866757199994
6.876417561303825
5.856391120898696
6.660235021999985
9.905526733271987
9.470787147659985
9.121835009863982
9.289788261271978
9.688460951135989
7.426232293696136
10.465849927999981
10.831396988999982
9.394519932594871
11.894746836999994
13.340167902999996
11.14937947099998
9.336503524858534
10.512226995999983
9.309649793999988
7.904568568405107
9.815509448141418
13.092396395999984
11.532202703999983
12.995583422999982
11.876692969999976
12.922090015999991
10.718391286999987
9.264027247594871
11.74842864199999
11.093209208999998
11.702314722999985
11.658737107999984
11.559426999999996
13.22154922799999
12.115634876999989
6.2986617812999794
6.193577230799986
11.145820281999985
13.399139263999988
7.567133515898709
10.97573517799998
12.017904928999993
11.570006894999988
11.218279128999983
10.650106495999987
12.558726545999988
12.867605588999995
12.270818931999987
12.798198343999994
13.627320676999988
12.897617885999987
8.048486791999986
13.062490404999975
15.269571956999986
14.34258197799999
12.970991494999991
13.343490871999983
7.782608738696143
8.326142188999977
9.974059976141426
10.191923012999986
7.208652278099991
7.0933559554935925
8.274167185999987
8.185022784405113
7.927506454506381
10.209365941002721
10.641833700999985
11.018564802999968
12.984471964999987
13.983682895999985
14.571785149999988
13.69761960099999
6.952194181797421
7.797594946303825
9.04112071520398
9.01166562499999
11.278725606999979
12.374180149999983
12.342211516999987
10.613939243999983
10.906787668999996
12.033982067999995
6.611171639999965
9.379694905067993
7.9221170669999825
8.929112017797426
8.504793057303832
5.058975443999992
4.535755537399992
7.306511567699997
9.841367304999991
12.376467888999994
13.118708138999992
7.4940086959999865
6.953138909898691
7.96438467410127
11.690614242999981
14.46991220099999
14.04142341199999
13.206526500999985
14.308776842999986
12.163120096999984
9.469315595999998
10.148121058787824
10.04074082185855
8.879845167493587
7.0887836089999885
8.2368533371
7.808217556797408
10.056047723282857
8.168972401405101
9.285048545863987
6.820673007199988
8.207102279696148
12.039434464999985
12.677628965999986
12.986589214999983
12.134840014999993
4.897955038499986
2.514728312699987
2.7472786178999904
5.869801113898692
5.768988761899997
5.9442846206999915
7.6559202254935785
8.565065002271973
11.93786284199999
12.436317577999986
12.499685349999986
6.935586889594859
5.652853218101253
11.358121580999981
8.155813857999991
6.68963359989999
5.358237882999991
9.661888319405119
7.046154444899994
7.655420922898701
9.333867213271976
7.863333840898705
4.23098524319999
3.1532331481999987
2.6366694243999826
7.947791909799999
2.321300161699996
5.537999121101254
5.4319710952999944
2.7772167495999733
0.7832074256931962
3.8827334304999748
2.2634798202999957
1.8940916503999992
1.7427771422999947
1.3051837813999994
2.6912431319999883
2.4202213257000027
3.004218456999982
4.350368971299996
3.863037150599997
3.293086593599999
2.4703749389999965
3.2308135604999944
2.7088341170999977
2.4138435943999967
1.8274958541999966
3.7691258986999703
8.251201849405094
9.340105802929253
6.311754469303819
1.2425110198999971
0.66296080294051
1.826569123799993
3.2523252746999933
6.074567668200005
1.6297368010999929
1.4751943999999995
1.477107336399998
3.273358238199977
5.328105181898689
7.710882612594865
8.618906750506378
8.03055454410127
8.757431668101267
7.25199847559999
4.805890603599994
6.496605032303807
7.869671305797419
4.892520313999989
4.818391781599996
7.481280255101243
8.886443931594872
2.9945476317999993
1.472715766900002
1.6412433929
1.5567034317000017
3.684991052199993
4.469904986599991
5.479663677999966
7.761433021659961
6.888247712699989
3.4563058486999982
3.788413519299979
7.603625085405104
5.21067592319999
2.7865755019999954
1.4251055449999974
1.8310041839999824
3.423846089200002
2.6432808379999835
7.401413342303808
6.66922033540509
9.017887068135977
4.439036816399986
0.8703935023203948
1.0523241668999943
3.993092178303805
7.797930357405099
7.596622378493582
6.14966232449358
4.803127326999998
2.0256725676999943
2.0192655196999914
3.256547613499984
3.3556991591999927
4.5059341308999805
3.99077639769998
6.42624953459486
4.841139260899995
5.567916404699982
6.1196879592999895
4.792230651899991
5.451133885199984
7.503643002303826
7.586222633405097
7.630123518405109
7.146967086797419
4.507053279099981
5.329731695599987
6.96640476530383
1.9766209884999897
2.3467859923999708
2.376008169599982
2.8660801192999865
8.887348130863984
8.915687873863982
9.723572317646378
9.911165599070697
11.788717338999986
10.888778225999976
10.83763486299998
9.306643363999987
7.261494085699989
9.947026951717104
4.397010615499991
3.715187509199983
5.19594812009998
5.282356959493561
7.6439757964999915
10.503148766999992
8.932150434898707
4.849045353699995
2.5755353149000006
4.513239137299996
3.1415553817999884
6.080307691999968
7.258522518898695
2.1084470382999894
4.98365151520252
5.529109912099986
9.24618591779599
8.928233511271978
10.20332740178782
7.686176505999978
7.450363522303814
7.191057167101263
8.818748608405103
9.082306997795978
9.704887887727986
7.316136263999982
8.764225541696144
9.360859843271987
10.002925219787828
9.753955010999986
9.080704791303829
7.814838740493585
6.978657452399996
5.487725376899989
8.242613435399992
9.420535447795986
9.790578605795984
6.137362449594863
5.001135621599989
4.530320071399981
6.795508744797422
8.66148893430383
6.234569039898693
7.5516045761012585
1.9437917800999869
4.920063432299982
5.713688597099988
1.048261447321207
6.082757344103933
5.771011160299986
5.390716986099991
3.9696354308999835
6.234246414202542
8.343570860303817
8.757408677696139
6.3120962951999875
5.851627691696138
4.27104181209998
7.2750207092025425
7.2259174271012645
4.142591494799983
5.767185636898702
3.9873484130999666
2.7163441817999825
6.241274789399981
6.090362602199987
4.201555187999984
6.332215470898701
2.4618412993999947
2.7306835708999855
2.7359734389999804
1.2416945687212038
3.4459350051999844
5.543846348594856
8.679492939797425
9.943037170282864
9.20936723927198
7.807670152303821
9.696803584212134
6.566464125099985
7.226535134898702
10.935050701999987
11.818749888999989
9.83685488421214
8.807310743696142
9.499421839929264
9.363297047405107
9.951236988858545
10.115961958212145
9.523163204999987
9.70909471876558
9.308911341931987
7.463542074594857
8.862109272797426
5.166094525099992
6.22500648649358
6.975287734999981
7.7680961594051094
9.806471786339982
8.563811843898709
9.634999717795989
9.76745977320399
9.579135978696153
10.57565862299999
11.55457026999999
7.77035654450639
7.358782301303824
10.394432984999984
10.802254923999987
9.558272494659988
7.503976911899988
9.056492831405103
8.343120274405115
8.88264454040511
9.261912365696151
10.501107656999993
12.02208485883359
11.167617812999984
12.56612578899999
12.003800779999988
13.001773877999991
12.299759443999994
12.669069169999986
12.398661843999992
12.265993979999985
12.239765610999985
10.218189028999996
11.406276664999991
12.14699652599999
10.761936641999988
11.189440838999989
12.46795448799999
12.875600541999992
11.051919158999985
11.060323430999986
9.939339926067994
8.40348678130383
12.173445606999994
11.021326957999984
11.46787663999999
12.34754093199999
11.92547359899999
10.544252982999987
10.19499397585855
11.578687177999983
12.822433780999988
13.009699158999991
13.133920513999987
12.970735810999994
12.594528237999988
11.348065832999987
11.371860680999985
10.563961112999992
9.87166313620399
10.45067473599999
11.606448415999987
10.95211455699999
9.748751505999985
12.527029073999994
12.442185302999983
10.686956890999989
10.011272573929267
11.639278844999986
12.69661824599999
12.09811871899999
10.409009487999986
11.071039095999986
10.496138968999983
11.312272425999987
10.888049405999986
11.289947674999983
11.984361854999987
12.469690656999994
12.99298245499999
12.658896198999996
12.732251958999987
13.070352108999993
13.014970040999993
12.365015952999988
11.183319912999984
10.446241993787824
9.345252549795985
9.051824241594867
10.57982175399999
10.108091590931991
8.277804824797432
10.85581121099999
9.187689378271982
11.436348173999988
12.189439727999988
13.512385087999991
13.151263251999985
11.722087053999989
12.90980271899999
13.345227950999988
13.153227666999983
12.638729412999988
11.42182616099999
10.128859934999985
11.47716491399999
11.384447965999986
12.678245696999998
12.877428464999994
12.595315751999987
12.456817339999988
12.291636214999992
11.617782891999987
12.610372988999988
13.412669397999998
9.222588548378537
10.011352113212148
10.769198398999986
7.0396071732025485
8.338025550799998
5.94012015689999
6.048360935999992
3.7387910064999956
4.829692622399993
6.234421319599991
7.66026494140511
7.0329773848987
9.605395815999987
6.705692008999991
8.933548088101272
9.89401641835357
9.38917231899998
12.76954100799999
10.754927686999986
11.753021360999988
13.723770301999988
12.430714164999983
12.09514920999998
13.255206165999988
11.885742048999994
10.602004319999995
10.914076935999983
5.542126498399992
3.6648434752999774
5.822483866899985
3.8445103301999977
4.351959168999997
4.933809361299994
6.263230595405097
6.096679191599996
7.2004527785999946
10.078334138152806
6.762369564799993
6.753749078399997
6.031387147499998
7.230593096899992
3.1172394637999825
2.6554577636999905
1.6444692290999983
5.652686738599986
7.224341220099995
5.550444178799978
5.045785984799996
7.526468887303807
7.491711837797423
9.197709298696155
7.235553208900004
4.0931940871999934
6.490337199399995
3.871899990799983
4.840089195300001
3.862072354100007
5.919594892900003
6.629363342303818
7.528665432696146
7.4497666107
8.960007499696161
9.951873094135983
9.004124359067983
8.890126063659977
8.12579103849358
6.299663830599988
9.074683082594868
7.790317849696149
0.9852245952717087
4.7231626633
6.898310899399991
7.6141371184935895
8.291787780797419
7.801540570101259
6.802805313099987
6.769216322299984
6.891890211506372
7.4895035125948635
8.266746617101262
7.234919454999981
6.21435739750638
7.327390823405105
8.77349042359486
8.37838343510127
8.037930198696138
1.4261926116999943
3.1600631835999753
1.1050805939787807
2.63840790409999
2.6016230575999972
0.796159118269615
1.0785956176999991
1.484904116799999
2.0473348189999947
2.038337873800001
2.1024199294999852
5.6071050017974144
8.177171862797428
7.4565494246961475
8.20387198489871
5.521988320899995
5.6513134521012445
8.251253169203967
9.60898540499999
4.381538714599987
6.351211892696136
6.419280557303827
5.757763200399987
4.565939274599981
5.415414002999984
4.03938486939999
4.343630189499994
2.7558105315999963
2.903283444199998
5.921643751499981
6.98439957279999
4.021474137899989
5.9679990478999825
5.554635688799994
3.759419851699999
2.097911996499999
1.5575475418000013
1.6470860671999925
7.495304670696134
6.474100056506379
8.776012130795968
10.054757173141422
8.218057281339975
7.255046072405097
6.8865911605948575
7.298062541202545
8.11723223720255
8.040638430797424
8.74449947510126
7.154036154202549
5.157827448999985
5.803578286699993
6.822105166599993
4.0859587249999905
3.8645404052999925
0.9432422913583985
1.3203288955999968
0.8598038126898708
0.8807052129787732
1.2802151361353302
5.914255749499984
7.822108932499996
2.4132169280999873
1.5602526183999943
1.2966173675999946
1.6308388839999912
1.7901993545999886
3.191403442399974
5.832560842898695
8.433746786506392
7.474416534405104
1.1680258895999978
2.248916899099984
0.9039692268271959
4.584743537898685
6.115839076199987
5.428579466199982
4.251545875499977
4.66038769379998
5.049752552799987
8.324633583101278
7.735472131303822
3.971781298799989
4.698281378199984
2.961031935099992
0.7265992180797405
0.6809737276101253
0.8245566813339922
4.7709061538999755
6.916646279905096
11.245370858999989
7.365851881405094
7.053010330199987
9.201996777203979
4.14363632969999
4.554424597199985
4.396135826099987
4.817261151099979
7.555695198101259
7.44697816009999
9.123317829931983
10.03099180299998
10.897011818999989
7.491820330797416
10.28116054499184
7.8492855376999975
8.500182937594861
7.5619204742025445
10.234280976929266
11.850536298999993
11.08452136399999
11.401553060999984
11.667700962999989
13.271041253999993
11.590810526999991
10.217947418141424
8.325224867202547
9.396362449727985
9.047555485659984
10.920977982999982
9.598437620646378
9.523775282203989
7.161185032699988
8.795044354202545
8.675337284898713
10.93579249299999
10.988904184999992
11.971486545999987
10.80166454599999
12.312370707999992
12.804233606999993
12.277709246999985
5.975895098899989
6.173433732594848
11.370586811999988
10.78932442499999
10.80593882899999
11.549602616999989
11.785104887513587
9.853463352999976
12.548438607999987
11.60441289399999
11.052399904999989
10.845750174999985
12.164723317999988
12.969618128999992
12.422412174999986
13.847969515999988
13.10330441899999
12.787809191999989
10.297206615999992
11.56659021499999
12.201697864999986
12.621073399166393
11.148487377999986
10.310530672994553
11.193483605999987
11.652130039999998
13.229673215999993
11.503382692999985
12.897536175999988
11.386396142999992
9.84548198393199
10.241246695999989
12.467186039999993
10.814955108999987
11.51642823299998
10.021486030717107
11.919002736999984
10.474338880999985
11.85440680399998
7.032900337199998
1.9961702239999983
2.0427806609999988
4.748235775799982
6.360425270101255
7.018635694899992
10.020709057550707
10.585912601999992
11.643209372999989
8.53555895540511
10.41798916899999
10.939739339999987
11.795834330999988
9.031131814594872
9.800856281999986
9.214744424405112
10.05725585321215
11.699367315999996
12.826011194999987
12.443314860999987
12.220053934999989
12.967204003999992
13.504354831999992
13.363983028999987
13.030810705999986
14.278874706999995
12.957355539999988
12.914684530999985
11.969844033999987
12.292762707999985
11.919624444999984
11.902058950999987
13.380115879999984
12.254890337999987
10.309975907999991
11.58287555399999
12.29803160999999
11.102903431999989
10.980770104999987
12.68325553899999
13.377154496999996
11.157875225999996
11.851069849999995
12.470756676999997
12.07059775999999
8.780839375303831
8.619082319600002
12.280372390999991
10.948948150999986
10.916764620999988
12.744599833999992
12.68029583599999
12.057183413999988
11.967969629999988
11.409901183999992
9.67983439020399
8.340123878506391
8.11847977140511
8.053833181797431
8.419748536696144
10.90131154299998
11.916031316999986
10.765919475999986
11.125270115999987
10.262987213070705
12.297222512999989
12.26394809699999
12.43023326299999
12.130412931999984
9.399329586797432
8.38190957789871
8.083340748594864
10.050195452929266
11.504736849999993
11.222956856999991
13.00038369799999
11.007164174999984
11.40830637499999
9.941923612999986
8.471901541101271
9.223122083999975
7.407276740999987
10.31373422227199
11.202966318999987
12.170228481999986
13.289345752999992
12.67756031799999
13.421513836999988
12.99254088399999
12.919064292999987
8.86191480099999
7.428686265599993
6.100961462399989
10.291294575999984
10.920093372999993
10.015914840787824
11.004852982999996
10.929348507999984
12.15250217299999
11.847406301999989
12.276027308999986
12.124780234999983
11.354496363999989
8.776558116101274
6.844340954599991
7.450718933099994
10.249146342353582
9.98005796199999
9.39033451079743
12.169057343999995
12.724192159999987
13.81729802699999
13.340841538999998
5.938370370499989
10.117011743135988
10.252927609212142
10.233612217999994
9.610369668594876
9.887896308929255
11.713282900999987
9.783713816858546
11.331592347999987
9.72460324706799
7.486971301303826
3.4558143950999867
11.552984884999988
11.586478206999985
10.853750760999986
11.040507548999985
11.564314174999991
11.27566540999999
12.303718453999986
11.641776069479997
9.73585302586399
8.111232559202538
6.5636419356961335
10.585672855999983
12.020848710999982
9.572401493863989
8.302626173405114
6.074111628699995
6.4734794234999935
5.95675647129999
9.092791937203982
9.483035885727976
5.734916632099986
6.715849392696136
8.164232928506378
8.708354923999991
5.291994631999981
4.494627169799976
4.601428723099989
2.477033676099986
6.712411766100001
7.696345582594861
8.42841216430382
7.133829634101251
9.487094581594878
2.4375110213999895
5.125052899202533
5.267688793899981
8.29168715520254
8.068500743101266
8.894431318696144
9.300875201271984
8.497179219101266
8.01069144130383
9.272005700795983
7.96177716369615
8.614246429405108
7.7845741668987145
7.058940454101266
8.046473243700001
9.160931004303828
7.28587121579999
8.474391526797428
6.104455801399994
4.979130462599998
2.8907791687000017
2.518000755299999
1.8717343490999965
2.997467230199992
5.983691018699984
5.237484126299979
4.215950555399986
5.081355120797413
6.351686280797415
6.971324372898703
4.898377819799987
2.492558880599979
2.0406933013999846
3.460365550199973
8.669934039303822
6.606493363999981
5.475912643399983
6.358761476101257
7.237609420799993
6.266139294400001
3.5796387694999927
1.5425117522999996
1.5500375930999928
1.9825399230999987
2.202708694499999
2.106528185999973
2.3659708556999974
1.9856194672000018
2.215318650799996
2.4522291289999725
6.269167869594853
6.504605296299999
5.620102122499981
8.214672511303828
6.859132830799992
4.632262509199986
4.2554626265999875
6.832215539599998
1.748666297899981
9.014016871594869
7.532504302999988
6.135234208696136
4.902280030799992
0.7952421499212038
6.276624897797409
3.7304842147999713
1.8537599547999906
1.1011229629986379
1.724315498399987
4.040671400499967
3.685055770899988
1.6408526366999914
1.4385191832999937
2.0057006728999864
3.1102080855999827
4.509845826699986
5.820941401699997
3.911419149799994
6.4479717879999665
8.091353907797417
9.057969520594867
8.208228240999997
3.788487190199994
3.987226800499994
5.700389091499998
6.370787203999992
6.865090423599995
6.315116288799984
7.8319395797974245
7.976007072405102
4.493738064594845
8.27884823906797
8.568337347405103
8.647558169594857
6.708047677599995
5.990965171799998
5.930661593600001
4.771901849399985
8.714583309931974
8.710430253594865
6.4876532668999864
7.6727524033038295
9.44751289072798
9.900379489067987
8.264424549898706
3.138053607199995
1.889838572699995
4.600862210099984
5.559855729699985
6.131484985399986
6.943377998405097
5.89144751279999
8.102827709999971
6.486102758797423
9.622695652858546
9.092907563863973
11.146642486999983
11.286024274999988
10.281502003353582
11.152341715999981
11.596732686999987
10.980211521999989
10.23525545335358
10.652354969999985
10.167157914787825
6.532407838399984
5.773415980493579
6.869978201303809
8.512855686999982
2.2979587645999775
4.62527187810125
5.476597814899991
3.6733448775999897
2.6501933394999924
4.548147314499988
7.308090789797421
6.725458634898702
5.884635299699986
5.809399278299985
5.789406266799984
7.239630000303814
9.482135981863989
8.868970263696147
10.431816804999984
8.936255985999985
11.113908092999988
10.791759052999996
10.31666214799999
9.957888775717105
10.436084975999988
7.845116976898708
1.526965225199997
3.6041945571999765
3.19492039949999
4.846580316199984
7.304810734594866
9.10850142669615
7.776556210303824
4.571796096799979
5.893486680594856
5.477849291999986
9.838153851203993
10.954839002479993
11.202828866999992
11.61341228164639
12.676350697513595
5.438626449594855
3.500059210199976
9.583883546449256
10.306391361833589
8.293279627999988
9.426511457863988
7.365940994303827
9.258756025687982
10.738512990999979
11.563224082999978
11.984464211999988
11.09482668899999
9.875464938271989
10.020622259659996
11.020008698999993
9.58224026933999
9.516530894339988
9.857305711271996
11.130356029999994
7.551363774099992
8.50886915440511
11.091253080999985
10.10020597220399
10.908783742999985
11.718906727999991
10.740458470159988
10.59517750199999
11.228057992999997
11.147517980999988
11.407369655999982
10.081605900839993
9.04583810269615
10.089858807282866
12.542174984999985
12.137608323999995
8.141402078202546
10.416556847999987
10.753124228999992
12.57884657299999
12.083893541999993
11.967111431999989
9.30408298193198
7.6944817352025465
13.55942827799999
12.272110845999986
12.210204198999985
13.59064291099999
10.898980713999988
9.473575547863982
13.823619800999998
13.527655434999991
11.230590894999988
9.80253537127199
10.57433350399999
12.57189428899999
11.609619039999991
11.558805361999992
12.20650953099999
12.281965033999988
10.516678287999987
10.59232247199999
11.968991433999996
13.983812133999992
13.53621609499999
12.73219481999999
9.570105248999994
9.276750086999993
8.805699162303831
10.436350858999987
11.18889884299999
11.702449393999993
11.94707116999999
12.272041953999988
14.21617775399999
12.84657568699999
14.813520984999993
14.138846941999988
14.13442329299999
13.532321171999994
10.528368380999986
8.978556634493588
10.605869983999987
9.528534866212144
8.82306206969616
7.143073144499989
7.263018392898708
7.797799288899992
10.691699116999995
10.208324984795986
11.175205932999997
13.16272264399999
12.858385738999992
11.723107781999992
12.49099026199999
8.865905273405115
11.522201404999988
11.047320435999985
11.749092066999987
13.09053406099999
12.311976989999991
12.774651861999988
12.497355275999986
11.58091361199999
12.441890954999993
10.862375638999987
11.896935865999989
12.42062436199999
14.221323591999994
12.921119164999993
12.68348653299999
12.08781390499999
10.529994065999983
11.66597384799999
8.668588130202552
8.196211718797427
11.66291963199999
12.26278353899999
11.810153446999987
10.30287763378783
10.181558242999989
11.335703434999987
11.240320670999987
11.805663758999989
12.089161857999988
9.724303207271992
9.86164123220399
11.246830774999987
12.86710868399999
11.622118903999993
13.38632614699999
11.410613991999991
9.35866514893199
9.405212628135986
10.450940857999997
11.755212871999985
12.011397150999983
12.185667699999989
11.812252407999988
10.478882276999988
11.52142847299999
10.94258628099999
7.044722976699992
8.43284065399999
8.91533913420254
8.141948966999987
9.266339340135984
8.818592706303827
8.208473995999988
8.157109428405105
11.671553826999986
11.434502208999984
11.252087514999982
9.395208209135985
10.876580149999993
7.267820605506387
8.78374726259487
9.271175900303835
8.64126793059487
8.97334730989871
9.199147994999988
10.109059894991836
9.314112330727983
11.08610145999999
13.052482009999991
10.954091712999984
11.78932447499999
9.852325497282859
11.355473000999986
6.025627313199987
8.483633285493577
8.556201533493583
10.902944689999995
11.71274022799999
10.331472709795989
9.50744442292924
10.63324688599998
9.03996084440511
9.32272099910127
10.198119474858546
7.024990533399991
7.074144506799991
8.684084579506397
11.221464393999998
9.926505569353589
6.018720135499984
7.164370768696136
3.380236418199994
2.4198694930999953
2.9581927093999916
3.650466574099991
1.3119222228999987
1.5414783721999947
3.226004325899979
4.084808543399975
10.443304796999989
4.380978797899992
4.477014280699989
3.630131443799991
2.2652313965000017
6.435475271594835
6.431781829797424
10.542064895999983
5.135624528499977
1.5223073836999832
4.632284697000001
1.222096278399999
1.2214133544000019
1.3711625686999922
0.4370603376399982
2.2200751754999977
2.8474395186999932
3.174921626300002
6.235253408799993
4.519499957299983
7.648263755799994
8.044334484898695
7.532860626199991
4.035130424499994
5.101432542399983
5.368136926299985
5.897519476299986
6.169016183506377
4.58828146969999
1.2833248641999948
1.5858735244999933
1.9425650802999925
1.0084686863929182
1.0767834273999959
1.7485750075999869
2.402225938399989
3.897672818000001
4.051471318099983
7.222390100101255
7.207175933797407
8.162425895696138
8.914653456067981
8.171711575303828
8.346541950999985
8.169406797797423
1.3703199004999997
6.0238116057999935
3.7913437942999875
3.5604159133999893
2.747078776599987
1.9160305709999776
2.641146662899994
2.484627989199997
2.517976650999997
2.1624423476999928
3.298985554499973
1.3440261991986386
1.561811703500002
1.205045130899994
3.1836292235999877
3.5023889068999856
5.654594073499981
5.670127397202537
7.9895495102025365
3.8914811355999857
1.6599231872999802
2.0433655501999852
2.3746279998999853
4.144780410799985
5.1595678267999805
6.834364836099987
6.707110551499995
5.513302955599988
6.466429376202538
5.635278720099993
1.4856682784999948
1.418799522399992
3.3401668548999726
4.984111035199975
5.966604986594856
6.56911420750638
8.225855541999984
8.251960159303819
7.83925547179742
4.607445712299978
4.271489742999981
4.824323875399998
2.139542149399991
3.3673589950999867
3.447190145898689
3.877424674999991
2.0124408660999946
2.6144202727999857
6.489383552594861
9.192744358863981
8.88191976169615
7.58238527979999
4.678338127099995
1.3859408584999973
2.7055956222999895
1.2131685561999976
1.4648880599999872
4.780116816699979
5.626841400099978
6.664853372199985
7.275348631299989
6.130940055799987
6.0714169173999855
5.174833940101258
4.602017619299975
5.122342996202526
8.167405528203961
4.751180479399992
2.2986660506999925
4.680241000399976
6.879012487797415
7.227563548303826
6.604676420594862
6.954543923999985
6.914168266303824
6.27378024440509
10.2181099717171
9.950700471353585
10.209174703999983
8.353955697594854
6.7025711731012585
4.0841648711999845
5.618561450202541
10.955208558999985
10.061253103717101
8.02829013210126
8.398496159405106
7.145028851303808
11.403104549999988
7.361806599405105
3.957175445599997
4.0809154479999705
6.202072878999989
4.752707859799984
4.038645925899989
6.280909036303819
7.293689417999979
7.397417036405108
6.891229504405105
6.744330743405102
11.008343578999982
1.8239864730999862
2.520341326899971
7.913166342202545
10.02677711021215
9.129810055659986
6.778994930999987
5.021116995199993
6.970735066202545
10.812596366999982
9.09605275720397
8.45478424220254
4.5251209258999845
2.3961418059999855
5.048994671594845
7.291503340101264
5.416308686799988
3.509275569199978
6.163208181799986
6.79771294099999
7.046891824299985
7.599922637898694
6.734109571799984
6.138582719399983
9.76861232599998
10.775026253999984
9.667919367999978
10.897269796999982
10.219185276999987
10.482909357999986
11.49877484999999
7.147697851599991
11.35794061699999
3.8729670180999776
8.319987940999985
5.592868554699993
3.891503623999996
2.2261554656999873
7.252547331200002
8.490990640311974
13.201233971999988
7.595288896199993
8.006386355594863
10.076782974141421
10.25016771864638
12.315333240999992
13.46963165999999
12.450443404999989
7.8111144698987065
10.078939530929258
7.860980619797419
2.5156600814999863
3.922214549299985
4.377984713699985
5.3334952300999765
5.789383215303814
8.863721501135982
9.910517059212143
11.26548905899999
9.745256259135983
11.91390983299999
12.385739844999993
12.355475823999992
13.485610341999983
12.878073301999985
13.551449672999988
13.85622698099999
13.776358550999985
13.24427538499999
11.105186185999978
13.13884018099999
14.357466900999992
13.28998566699999
11.659179171999988
12.582372609999988
10.000811775135988
10.730942254999999
13.359519898999999
14.789694193999992
12.930540731999992
9.332760238594872
10.080845326141423
8.66440709689871
9.585510469067989
8.619619862405107
7.875270396405105
9.468961399863987
12.048289325999983
11.500514303999989
10.061921336282866
10.640967763999985
11.989454136999996
12.481273766999992
11.227841889999983
11.921586922999985
12.43146206399999
12.594113424999987
13.290174877999988
13.714869272999993
13.591134498999992
11.62640711799999
9.021958155797428
7.7484822112999945
9.564704846135994
9.62466241472799
11.314616999999988
11.532344249999985
13.601768975999992
13.494940339999987
14.674184331999992
15.014700983999989
15.43011350099999
13.526233997999991
11.49874668299999
13.013172852999991
8.516793482999983
7.816936579898699
10.89005937499999
9.18804208985853
3.0578424392999826
4.967813705399984
5.868235777299988
8.938879504271975
10.379095353787825
12.40133767099999
11.95172753399999
12.299762438999993
12.18173757599999
9.285456945797435
8.413958364898708
10.251830172999991
8.514898095696147
9.023480506898709
9.682918716282865
8.775067381303824
8.380471382101266
5.985794583101261
6.977891894493564
7.011720761101262
7.377663119493583
9.426131651303828
9.523097048999976
9.752273014858543
11.863249791999989
13.174536158999988
12.367532598999992
12.177042071999994
11.261901871999987
11.774362609999988
11.081308710999984
11.967555861999987
9.015724684101267
6.244608483899983
7.980646148696141
7.572405403099994
8.885225828594873
6.7321333007974244
7.250977241493583
8.808732722506385
9.53077642813599
8.504791635101272
8.390308003202543
9.615291935787829
10.003072218212145
11.562291726999979
12.319289054999988
9.976699671929255
12.82211830299998
4.839714160199989
2.7689270614999937
9.618163720687987
10.319445230070706
13.468032625999989
14.072949033999988
9.731284916787814
9.63445884092924
12.795432398999974
11.346198322999987
7.207810081499994
5.735017794800008
9.331700946000005
8.974404344202554
9.455896604931985
10.360012123070698
11.494464031999986
11.152456516999973
12.37088075899998
11.237038444999982
10.538803695787804
9.127602810787817
9.430910028070695
11.642112452999983
10.561229166999988
8.588283012405109
3.3151465499999957
6.216327775594855
9.664495211858544
9.18793352199998
9.347247050339984
7.2573420928987025
5.567616747999972
6.217361865202526
4.109682786599983
4.395616664099988
2.289719213899983
2.885090045199991
4.536242929099982
7.411337243696148
8.553419547999976
10.503475895999978
8.544083361797425
7.741700309797426
4.210991165199972
9.66159587872799
7.081443423499993
7.298275045797421
7.893681654405106
8.364390458696144
6.100436160299996
3.3162723037999995
3.930544738799993
5.690699766499988
11.19821755099998
8.297990522797425
2.319028683500001
2.149545942699994
4.893332914699994
6.033886013799989
4.48689947199999
6.399296610999989
9.105009200999993
9.744527114929268
6.972031820696144
7.626490640299999
7.114477506999985
6.1399328780999864
6.770989654493582
2.7716954390999975
2.8424792236000003
3.4728449874999954
3.9791996764999773
1.7976695418999589
2.9507809784000014
3.867121726999985
5.5405475372025395
5.082106153899988
1.9215803359999977
3.4206610763999934
6.383597959898703
5.76187484279742
5.933249137899995
5.130722499099988
9.424255799898717
10.13417943721215
10.376822928999987
7.591485385101268
3.43278324889998
2.9036446212999976
5.51407092289869
5.457189794899998
6.3245467421999875
7.714301592999988
7.30864917450639
5.078985028099994
5.971153201303816
6.649808906594865
8.607002918999976
9.579853185999976
9.84730333399999
8.217022683696143
8.822970077493588
6.097005845599987
3.1528254791000023
1.9653863144000017
1.4980387481999988
2.858792497300005
2.0694984923999966
3.2962894027999865
1.9753304244999954
2.660537182599998
2.823843919399998
3.997769415299998
4.258878588899991
5.490524851999956
8.272831532303819
8.494830467202547
8.419773496999978
3.6021868621999937
1.8889960159000008
3.425651213099967
4.995756059299995
2.6175335860999716
6.125062251303817
3.459941679399984
1.5117780930000002
1.5445503737999946
1.4935857849
1.4000025298999985
0.8054398173299987
4.203643910199981
4.7812128356999954
2.470631440699985
3.6141298873999874
2.053080630499996
1.5433224669999959
2.2818035415999938
3.171539891099998
2.570441772499995
2.282919894399997
3.4409682494935714
3.5657806502999807
2.609727665699994
2.142816331499989
4.922472215299975
7.146789869696143
4.807986688199992
7.440464631699995
9.706468084787828
7.948942169202546
9.992787838787825
4.89747636869999
6.2335534102999866
4.102788546799985
4.95882249599999
6.4439202346961375
4.434754637099978
5.017451165799973
4.200917704799999
5.189255163599985
4.640165611299991
8.95501653127198
3.0798507613999924
2.410427969399995
5.559672238202512
6.089184674101258
4.356255491599989
7.577801278696153
6.5702272399999755
12.401985540999986
10.239148078999989
11.332159974999986
9.848630429070699
2.1297300200999922
7.1582843627974
5.173104785199995
4.472517391999988
11.986353997999986
3.8739016860999884
4.505287391699974
5.98323008730382
2.0498428191999865
4.641133811999986
4.010480067399982
3.6897473815999935
2.0299946532999877
6.009350955199979
6.901074153101249
4.515354177899983
1.761800877399987
7.239631701696133
5.70284840699999
3.829655636599983
3.047513996899974
4.183817764299974
4.78654351499998
7.790921606405092
9.117095748929257
10.615028452999992
10.850701073999986
9.875498109271978
13.223382883999983
10.603313286999983
9.066729176212137
11.722881830999984
13.11545650899998
11.800772321999986
12.356645871999987
12.604745080999985
4.116558825699992
11.493099074999972
3.8185940185999785
2.2785190505999955
4.089532598899978
3.9458839538986816
11.811526095999978
10.780993342999983
9.76667500164638
9.111036379999979
2.325759130899987
5.777933851594859
8.61712605130382
9.064365928727984
11.558199822999983
10.831245574999981
10.874789715999981
12.694879450999986
9.945475372212144
11.328918427999984
12.55869688899999
10.449031174999991
11.53621661699999
13.333740391999985
12.057888418999982
7.545936469999969
8.299515354898698
7.8955470015948634
10.050614372203988
9.562898834141418
9.335781645135988
8.915732528795985
8.045887757898702
9.655120631282855
13.605382544999992
11.83468054499998
11.089988059999985
13.129685378999987
12.395842548999987
12.337830663999991
13.049145183999999
11.533266587999982
10.532369336999988
8.72517443850639
8.089162380999978
9.146370788727985
9.441508944795988
11.716039730999983
11.523682786999977
10.674121194353566
9.60096315610127
11.00948335999999
10.183582435717106
12.739781519999976
12.883012586999985
12.834218749999984
12.755074300999986
8.834306637594862
10.031330839646381
8.536596131898714
7.445347798202547
10.131492619212143
8.301863630696138
8.054748440594862
8.806278279101267
12.659438698999985
9.476585174717103
10.49452573198911
8.189816810594863
7.267671427898697
9.96284308478782
11.662306389999992
13.014276182999986
11.942439461999983
11.591252761999993
12.260753721999988
10.80279573799999
13.116845681999989
14.270754839999992
11.191532433999988
13.667895228999999
13.047441866999987
13.572607215999987
13.160514535999994
13.621210363999989
14.816291387999991
14.334685280999988
13.51022020899999
12.716419423999989
13.333509073999988
9.16345298920255
11.116981339999985
12.499676742999995
12.140888013999989
12.431955393999987
12.976061825999988
12.055689232999987
10.928224636999987
11.321875377999989
11.909864904999985
9.30827148727199
8.628919181797428
10.080056085141429
13.07482457599999
12.617123774999998
10.662083678999993
11.027896586999981
11.005429842999987
10.873935558
9.558244467141423
9.554828056203982
7.620740843202552
8.859572631797425
8.802962477101271
10.760702002999995
10.398970615997278
10.022541821212142
13.744893120999986
13.91502338699999
11.622028339999979
9.825500215070699
12.266531475999983
11.308350307999984
11.617652018999992
11.674493519999988
8.260939874303821
6.2309019164935835
6.817745017999992
7.9111160994935865
8.490981018101264
10.113470602282868
7.785657978799991
11.07049894999999
12.638345647999987
11.307896267999991
11.187853283999992
11.603896750999994
11.685673751999992
14.331112398999991
13.030313840999986
13.707800425999993
13.448196456999991
13.713010491999995
13.722740082999987
14.291483576999992
14.068905787999991
14.555088274999994
13.452522626999992
13.043156637999987
12.994265766999987
10.242469395282864
10.912473543999994
10.070288986141428
12.990004123999997
13.363026023999993
13.228525124999987
12.817096914999983
12.603446993999988
13.018195403999988
14.010577202999988
12.727806037999986
11.205884926999982
12.246495687999992
11.43987487499999
12.426201534999986
12.693406083999987
13.12541845699999
13.325759363999985
11.451533043999993
9.717011938353588
9.989796700999994
12.565566009999987
10.622626648999994
11.560388694999991
11.119046380999983
6.049091656506376
9.16944231410398
11.478959868999997
7.483791258202542
9.321483435070686
7.73287965089871
6.398785517898697
10.039474766646384
10.822108330999997
10.659139835999994
10.753074030999977
11.331389762999985
11.723081284999987
13.491173507999987
9.479051196203985
11.16583476299998
7.950736842303835
7.59237067259487
8.839666322303836
10.610582810999988
9.134790460202542
9.063166883929249
7.466470069898711
9.218465586898711
11.426602408999988
12.362327883999994
8.958824018898714
8.431450733898714
6.76930140839999
2.1095497222999935
4.417429695099981
4.5786003921999905
4.646479659999969
4.6213263915999905
4.489827189594849
5.424738464399995
7.821085151699996
9.482281726070697
9.343644663999989
9.940588694858548
10.483005573999984
7.2638196319999855
5.722166595499994
2.999812937899994
6.3419637450999895
10.859937987999986
5.1629300338999835
1.922089242599995
2.3824046843999955
1.2210112365999972
1.7367181029999967
1.2727855834999968
6.899889245599987
2.791963102699996
2.7972209533999943
4.715398525999997
5.840395109594851
6.914631480399995
4.847511650099985
2.4182235351999974
1.828683979799999
2.7146240935999715
3.946028791799984
5.710263340799994
4.088679980499995
4.421726292399982
7.815765780594857
8.529054370101266
1.9239949905000004
1.6197218673999998
2.3502329223999983
2.0831233291999935
5.721283911101256
4.893537249799985
5.448712644999996
5.70976425169999
6.34022762299999
5.864889123499993
5.418002461199984
5.281375497399989
2.772269715899993
5.399230403099984
5.5459985167999895
5.610827520799989
4.082394480898687
4.751487722799978
5.80155927579999
3.6577454650999903
4.167102137799989
3.456386323499981
1.8878274993999904
1.0684412993999979
0.9722897340858534
1.8019593933000042
1.2419281066999952
0.8926280939070669
0.7872536175787755
3.1416407943999802
6.415614144898696
2.095810082999989
5.3824218811012505
7.208809727499994
5.524890438799994
7.390860057099988
6.6206081711012645
5.73998812409999
4.9052378386999775
6.642932334898699
6.4777287719999705
6.31186533809998
6.243971713303815
6.849190000898694
7.672534703101262
6.252675335699993
5.778368821699988
4.605695892299989
4.9316712097000055
3.0516099013999933
4.785192404199982
3.7036083801000017
3.863816571000007
2.894768971299983
4.94688645939999
5.532609454299978
4.769319349699983
5.47217326050636
7.120325059493578
3.857495794699988
2.4920374602999975
2.200780783099989
3.5741927077999867
4.300952566499987
4.039240905800002
3.4105075851
1.9034219069999918
1.995298741099976
5.491494166594847
5.156694822696129
3.692295396399991
3.1552272353999973
2.8284703963999895
4.020976863099988
6.739834098797423
5.497574269099986
7.549318160999987
9.757109146067995
7.920347552506392
10.161390110858544
8.79339163669615
5.922885646099986
4.97830714419998
6.1634106978986996
7.367581892405098
7.6885837356961275
6.673843200696124
10.329342703141426
8.035887799101264
4.31786101069999
6.338457734696139
8.580929791303829
8.10173143769615
8.142463856493594
8.83379851379742
9.722519712858531
10.308642008999993
9.200994302271987
6.82058892359486
8.846652549696142
6.4149924454051
3.9800941573999893
2.552706462099987
4.878615673799993
6.826120313999968
7.228659245303822
8.826732780506385
7.110802491797414
6.8276481734935786
10.921611606999985
11.364019582999985
10.396518475212144
10.766565401999983
5.671837211599987
6.116000497405099
6.062636708099986
5.948841401699989
5.263943019099973
5.538692892506376
2.240995313999986
4.549145729099973
4.367763232399987
2.5916476912999817
6.557094071999973
8.286709231594866
7.0125206054999945
6.955142077594854
6.305684210199993
9.913388308787813
7.6285015517974175
7.359982400493577
4.548754000899976
8.609740426717092
10.820872806999974
11.587411190999974
7.933654975898708
8.554779025303827
6.505125520299986
7.171587510699992
6.30729416199998
6.700103129594861
6.817513586405103
4.792059808299988
3.658120043899998
4.879535890199986
8.121266224696148
9.659754290863985
10.37090159299998
10.019239410282864
10.14970786592927
10.108347238141427
9.241544895931987
6.17985007319998
4.791348962399972
5.923688726799983
10.781745421999982
10.295293022141424
10.434003093999982
8.308469450405104
6.4381094741999885
8.765336227271977
8.216737789898703
9.074718487493588
12.012174836999982
11.792179976999986
10.859687281999989
8.125396958898703
9.351203720067986
6.719944811999994
10.206614978
10.737640040999988
10.083428462135986
9.199903942931986
10.177637837141424
10.46551700699999
9.917058818067991
8.80308660279743
11.65134666399999
11.37845920999999
13.31561493099999
6.513472839399996
9.407749249300009
12.237506232999992
9.420654812727989
13.22598861499999
9.40058179313599
8.322508224506393
12.663458350999989
11.60333223399999
12.939494311999987
13.237461844999995
12.918656351999994
12.322339573999988
11.501963842999988
11.627821418999988
11.36842233599999
12.31327353099999
11.351231237999986
10.653574236999988
11.07848297299999
11.465856925999988
12.942840522999987
12.760805234999989
11.775646317999986
10.067241500931988
9.99339610293199
8.645278030405104
10.22920437599999
10.300554345999995
8.727315544101266
8.584456578101259
9.91722068792926
8.39166610720255
6.5439739806999855
7.991887956202542
12.270659453999988
11.482808854999984
12.481110862999989
12.223350089999986
10.561572103999984
13.094126887999991
11.587692377999987
11.020620893999986
9.435741307067987
8.849873379493594
9.093478547696153
11.89623463899999
12.090671810999991
11.808685224999993
12.087730015999984
11.192762168999991
10.335606238991835
8.62644901889871
10.535628786999997
11.966614296999994
10.458951059999988
9.590792053135985
6.055810958899989
6.614432157898703
12.48082374599999
11.488174016999993
10.23329156799998
10.506618740999988
9.965357925271993
11.261232622999989
10.566200570999985
11.453983649999989
10.939262299999983
7.930659052999975
12.841653142999983
10.705659264999992
10.437652167999985
8.842248925797424
9.16086952206798
11.155110642999992
12.039448786999989
12.129096656999986
11.606903316999984
13.34112458299999
13.49378963799999
11.534570165999984
13.283000625999986
12.747493830999987
11.520593653999992
13.794262642999989
14.002395470999987
10.285225629999989
8.489173165898716
8.84724921110127
9.140900414999988
9.900642387282865
8.296910220303827
8.227633088696145
9.40374344186399
7.618575526399994
6.211989121999994
9.899566226141424
9.765083813353588
9.943712138282867
9.857026904212148
11.194981534999988
10.343762659999985
8.47097694699999
11.355178122999986
11.270238375999986
11.468643650999987
12.144598832999987
11.759956650999992
12.699705431999993
13.085071566999993
10.535628791999985
5.990017311099991
6.265162094099987
9.399568739303833
6.588737916594843
11.988938682999985
11.735732154999985
11.606497034999983
12.158701276999988
12.831745159999986
12.327155492999985
12.477762580999988
10.799407110999983
11.647768427999983
11.640841742999987
12.604352532999991
7.550734670999981
6.311765234399991
8.581273455797438
9.295967805506386
11.629758101999986
10.912173501999993
5.19798297579999
6.491394419899983
5.591576577799982
7.427587286405089
7.424536494405102
8.086460455203968
10.2667456437171
8.844054997212135
11.371944117999998
9.467569525101284
8.768100808700007
9.469576443506403
6.964962207000015
5.248576141400008
2.9651446822999894
5.385208785999978
9.184023173493594
7.237695162999987
9.19998569186397
6.2453050293038235
6.810795864898704
4.8050728515999905
4.47275128169999
2.490998777799999
3.388910104400002
6.632162083399994
7.722392616303824
7.337186944594859
7.524946260101264
8.602435125696152
8.475610937506397
9.804375468271985
8.480809564202547
9.54319299172799
10.376981838999988
6.5342801696999935
7.550380108594868
7.075519297799993
9.80783436286399
11.365123037999995
6.587982904099993
5.014948507699999
5.5070506423999905
3.2272144729999908
3.5871993987999815
3.544971484399994
4.742848608399989
3.2035975493999986
3.1480726851999905
3.9822744994999755
7.001357194493577
7.017390556299995
5.623153727699981
8.972580705303823
8.53788111269615
7.551308955405102
8.292439262405113
8.146913607797417
6.665303250101263
6.844051121500001
3.5363816634999994
2.8559917037999902
3.2470312728999966
1.9053479247999887
3.943055502299982
7.76932328340511
7.012829739405104
3.37126581729999
5.351016589399983
5.126138201899996
4.2922241424999985
3.7779488266
7.829146467599992
6.9983738738999985
5.098868276999991
3.2838656218999778
3.451801736499992
4.939055982999992
5.889475021399987
6.024681132493578
5.104637416099996
4.180354931599995
4.114902561999976
4.569168124399991
5.56436436310125
4.765912910499976
6.339020899999997
4.516497404499987
3.3313645263999923
1.3505126067999984
2.9761431289999996
2.3682640029999855
1.4156598006999954
0.7391496320699991
2.2075509231999804
6.6146054107974255
9.801290383929263
8.288443243405109
6.555526382399993
8.015382209797416
7.810735710099996
9.399626977493595
5.3429118651999925
5.99467974699998
3.753812240599994
3.6085117736999974
3.293485845899987
3.3763950530999907
5.115818589799994
5.901930078099984
6.657251972999987
7.081824279797425
9.274776409898712
7.008528869599991
7.805641107202548
2.1186128554999932
1.0832340203994555
1.2590486114999975
1.7708192183999918
3.1373794204999728
5.465505403100001
4.513604888899974
6.944141751101266
9.163003553863984
8.901887548797426
9.869588522212135
9.952387670929257
6.898119541898706
1.540024102799985
0.5042817543999961
1.1587971450999859
4.692676621999974
7.158241131594857
3.715216921999989
2.997693748499981
5.973015136699991
5.817254873696126
8.340120692405094
5.6556400084935685
2.945979441799983
5.162863499499983
6.885856729099992
7.560223921202549
6.665300463899994
6.553858682299998
5.820468107599994
6.372678549199985
8.47216489110126
10.504667843717092
10.073536190858535
10.814181002999987
6.92130710599999
8.148742974898706
9.12154564206798
10.889775545999983
10.020329775999985
6.669218212898706
4.7688936385999945
6.77161613920253
6.554064471399984
3.6473608169999805
5.018863813799988
4.887237779199996
5.6125741485999905
9.528398298717102
11.531994521999987
10.58120897499999
9.160034344339975
8.170694958506392
8.647056524696142
6.447201954696145
8.026340855405099
8.081021438594853
6.831437876899992
5.09703996729999
6.964652156099988
10.350142579999993
10.904275411999988
11.761591181999986
11.571048905999987
3.3331676619999797
5.987537469506377
9.637054647858536
5.001263427699999
4.526490322899992
5.332722891199995
9.591901650999983
11.27879219999998
11.390862662999991
12.858406127999991
9.836709309282865
10.940113924999974
10.434055240999983
10.408323136929265
9.306426228203978
8.40738609479597
9.680935525646381
0.861085516628283
1.2164385055999942
1.547451879899981
5.133861315899983
4.814503341699993
9.426452699303832
8.954779481493588
7.205765406797418
8.674347526727978
7.69732022399998
7.17031126559485
9.86973607185854
10.032423043858538
12.718167148999992
10.133947441070701
7.3719742233038055
10.193704200787819
11.701073278999987
7.653845832799987
10.940886074999986
8.856412094101264
8.584619984405096
7.980099922202545
8.495605624271965
10.296729482999988
10.415341341999996
12.51340489499999
12.287930134999984
13.067427166999988
13.335475478999992
12.361405738999984
13.747042606999988
11.923881209999989
13.962130646999992
13.75332610499999
13.154107515999993
9.89517557214142
14.572372602999994
10.650655543999985
9.557023654202563
9.417633206135989
9.12332360079743
10.952911194999988
12.22657354399999
11.534727842999988
9.89221637579599
8.885237806696148
9.696032124203985
11.337305800999987
10.76463908699999
10.10127898707071
11.264506992999989
12.15137809399999
12.077747385999986
12.505518062999988
11.405329340999986
10.893298794999989
11.432933565999992
8.30327221220255
9.268116284135989
13.736856222999988
12.461899114999989
14.17739273199999
13.729991750999993
14.038289690999987
13.919015577999987
10.695215644999987
9.691492605594876
13.072318136999993
11.378057265999995
11.74840157799999
11.450903167999988
11.036310048999992
11.742128565999982
13.063779488999987
12.930894350999987
11.437711495999991
10.253312305999994
10.81333822599999
12.072241756999997
12.75611109
13.276429691999988
8.509309614594864
7.812661570696136
6.870365078696139
10.358452017141424
10.362545351994548
11.271173929999993
11.304627799999983
11.367623932999983
7.272362416099981
2.9606841186999833
6.780076490799985
6.557706973299986
7.036009652696142
9.597222325067994
10.637219426999993
11.511070003999997
11.750471534999988
11.617040551999992
11.22411744999999
11.226513054999991
10.735083112999986
10.286457427999979
9.114692033405108
9.718893655405115
8.261766351303812
8.285304247999973
11.645914075999988
9.573611125202552
6.399259123199989
7.690199372898707
7.686234661899995
7.743428131099994
8.04053743899999
8.361339895599993
8.857252107202553
9.74017262886399
10.29088482399999
9.607384265067985
11.270476055999987
11.893163071999982
8.901575352506386
7.147865225202547
8.37858117679743
8.438944505303818
7.949698396303832
11.669691166999991
9.68757615506799
9.407001882895985
8.634974771067974
5.789153469799981
3.3058818480999927
5.7489422393999785
9.784842419282866
5.942251135299988
1.9153201461999818
2.419193168599988
3.5691817763999945
5.68603050079998
10.865929313999988
12.37051479199999
10.011866651929266
9.73888969113599
11.015641552999993
11.931938537999986
11.977433208999987
12.85317665399999
11.524901459999995
7.845776412999993
8.23462362520255
8.481705688506388
9.721082260070697
10.629921671999984
8.568503999303823
7.542766229202549
1.2148742003999926
2.1489525161999836
7.359731126405088
6.952645507799994
5.902772630299978
7.155326287797425
8.752412242101265
9.163748971727985
10.439638711999981
9.925881358212141
7.499383102405099
8.427590896594864
7.095252833599991
6.72360875399998
8.72861173710127
3.2884243361999967
3.3542740233999897
1.8330053176999934
4.087560743699976
3.8268569533999686
6.011510916101254
8.630725024405104
5.171516456599985
3.0019130568999888
2.6282447417999952
5.049816633599975
6.058823287999957
8.13724190979742
12.087166363999991
10.33213118121214
10.657034868999984
6.53347029879742
8.278930831898695
9.538498580898713
10.58355962199999
8.774207386797427
9.299874418594877
7.045917419399994
8.710359150699999
7.5046883254935866
6.631692727699991
4.226256457499996
5.845135543797403
3.8326232360999826
4.572986743199992
5.35970643919998
8.353106993101257
8.634289388999987
6.2153912124999895
7.831907669101257
7.24276125950638
9.881856950282849
10.360894886999986
7.22223915709999
10.371470102999986
10.595269669999986
10.098347828787828
3.276202995299995
1.6963377364999994
1.045212850999999
3.5400937575999873
5.075304647799994
3.733969682300002
1.7980616149999986
1.7882502639999998
4.473852162202522
2.796399545300001
2.788545442199995
4.451494798299998
7.003279896499985
6.311506341599985
6.335253559899989
6.592965637199992
6.903622373999989
5.637704992696129
6.708477917506377
4.908628164699985
3.050661361699994
6.729691592405099
4.076378349299988
3.324419366499996
2.224451463299997
3.2153018188000013
4.8315213744999905
3.1236136580999836
5.4518275925063735
5.8944029723999884
5.390569967699991
3.2532399779999945
1.5533114287999983
1.8909966170999977
2.0562460891999943
3.029573112499992
6.024994409202532
6.493984826696134
5.57780248409998
5.638498139999988
6.8857761596999865
3.02936448969999
0.6001844874405078
2.100203324899995
1.076058841899998
5.735860093699984
5.367859408599993
3.555685536199995
4.01441417079999
2.6361851943999963
6.768762518299987
5.689940556299987
6.762389031999982
5.4380304900999885
3.6697954192999696
5.365892744399993
4.520538377399989
3.059954130599981
5.120309454299984
3.734880935699984
1.6568977385999928
1.2518096511999928
3.6060545302999927
4.203771412699992
5.049618418898688
7.279857086202536
9.291417997795971
8.082600474493583
6.2715004013038165
5.378410517898686
8.331698164405106
8.730117227202543
9.21980810533998
8.279301356493589
9.146805027863982
5.667835777299985
1.5814150023999938
4.614107807898669
4.850421073899989
1.247109020999998
1.645498709099996
0.7642602919727935
3.054407038899988
3.4051532836999794
5.05939523010125
9.676989022863982
5.692492520099988
6.039179637099987
6.609289144898696
5.6233747069999875
5.07557315519998
3.6318003829999883
4.86012942499996
6.748045754999987
3.7076423263999905
4.536941519199992
6.817840217599993
8.886692309594867
3.2532376265999905
4.663341416899977
5.042609539799975
5.966785943594862
4.202431172199976
7.902856822202531
8.493970959506388
9.91193607792927
9.873196899282863
9.403684632931988
8.91894083099999
5.798455319202534
0.8101652309282804
3.58043803099999
6.141849601699992
7.424654452493581
8.393375949101264
7.168109497101256
9.073753248727975
9.150669065931977
11.29779865399998
10.98052145199998
10.48903386399998
10.138321972908324
9.286509803797442
9.859587882999984
11.64797456099999
13.358029297999991
11.635784400999976
8.25340763849358
9.981423448135985
12.682097849999984
12.781739046999988
11.984983648999997
12.581815149999988
10.38602100799999
12.289182001999988
11.23484596599999
12.830291323999992
12.14175848799999
12.716571195999986
12.057339454999981
12.600972213999984
13.371286385999984
14.412546375999987
13.00763427299998
12.856386672999987
8.237911494415975
13.618200913999987
9.638662673999987
10.531572548999987
10.295667686353578
10.81830660899998
13.049907015999986
12.152465467999985
11.597639307999989
12.088753586999994
11.851401929999987
11.161413055000002
9.92907304693199
12.060041172999986
11.948990969999986
12.875035123999984
11.019893671999988
11.650213234999988
12.411133541999986
9.693125933863987
9.138062499999986
7.022038555898709
8.223148449696147
13.40874391799999
9.386332022070706
7.666808596797431
9.76065343320256
12.520117696999986
11.625253122999986
13.97172859199999
12.748401090999987
11.946691295999987
10.889373415999986
14.598919211999988
14.586849033999995
9.802521433999985
2.7456942519999963
9.850525086999982
12.009173824999992
12.241851836000002
13.864399610999985
11.572864684
9.291034033135986
9.532818534931991
7.543255241399994
6.159878390499992
11.109839394999996
9.371390495303832
10.632120530999996
11.992582259999988
9.519484730493593
10.416613493212145
10.459373792999992
8.545476727303834
10.476135323010876
13.369906919999991
8.624854019202553
7.55840708310126
10.210912656999994
13.742049242999991
14.16192636099999
13.97866053799999
10.491329238999985
11.445196926999984
9.324808911101274
13.505163273999985
14.50284212799999
14.475408809999985
13.78773380899999
13.061622492999975
7.3172753219999755
6.193869410696133
8.116498791493584
11.918957088999996
12.908379616999989
13.102235073999992
11.930876919999985
10.746952439999992
8.28711181030383
13.568181197999987
12.209470235999987
8.25673476869615
9.192888183727987
10.826663834999982
12.138624959999984
10.813868728999989
14.650132285999993
7.722547218303823
8.28039958189871
6.486179669199989
6.995077644303807
9.14511132969615
9.57546469113598
9.78369185627198
11.029957020999989
9.236183871339986
8.327686520405102
13.085004094999979
13.036656919999986
13.437652094999983
12.227558419999989
12.686695931999985
14.458204006999992
12.448372527999995
11.256253666999998
9.753176740999992
11.379235030999986
12.952849332999989
13.463627520999985
13.434016520999984
12.314404862999993
10.980133375999989
11.175302503999996
8.06021011810127
8.03741513669615
9.962565779070705
11.850811870999973
9.11824236133998
11.133473719999992
14.01466350399999
13.08279362799999
12.541324029999986
11.558622422999987
11.003090511999986
12.153042397999984
12.284660651999982
13.058801134999985
12.174724959999988
10.15160471635359
9.389224912999984
10.500369843999989
14.32165897399999
13.739049798999988
14.93856105699999
15.698111333999993
9.69340562728286
9.584288656717089
13.855489998999985
14.353628458999989
12.07455516799999
11.498187545999983
12.033152910999979
8.868980245999989
8.941575436405099
6.4832242614999895
6.46633489989999
8.93909983979743
6.1373956176961375
8.746589262271975
10.15474683828286
10.298866804646387
8.982794755594869
11.126172402999973
8.960663410898716
7.61253092499998
8.781752719101267
9.127971684303828
11.557913218999994
11.709571750999988
8.458750341797424
9.433474121070695
10.481405839999985
10.976121108999985
11.326676228
11.65676279899999
8.962105863999982
13.331789066999987
9.422214198203989
10.206543246353588
9.480638330101272
9.879745364282869
7.6273870483038255
5.422055215499994
6.823623797599992
5.487981413299985
7.149879507405103
4.495128758199987
11.37107345399999
2.5119831756999984
5.065724749797411
5.448654553199988
6.069385191303818
8.004669323696133
10.464339419999991
4.321873303199993
7.808540943898706
7.7964261002025355
8.40969304659486
10.970055178999988
4.710590861499983
2.164325686599994
5.037808683799989
2.650183863799995
3.5710741607999954
3.575109378099994
1.810482658399994
2.076219888299993
4.93848232419997
3.6689398299999865
3.885088125594843
3.851512776199989
4.1723693023999875
3.521932537799983
5.018177651999989
3.677627915999993
2.596997647099993
3.1654478133999917
3.276651840199989
4.059184855699988
4.0089069137999935
3.5890219161999903
0.9205302186999971
2.959166435199986
2.8946312102999756
3.9575080871999795
10.086069503858543
10.239094152999995
9.024297940101272
6.6719260391
3.376259736599997
3.2489796508999897
4.032470440696121
6.543543023699997
2.150969976800001
3.3303860626000055
4.87351219019998
2.149169381699994
1.7507490707000004
2.714862606799994
3.088259718299986
1.2357478637999992
3.6968288344935654
1.9337227324999997
2.2617751891999993
3.951839836099999
1.5190244842999925
1.7872530974999898
1.4726584365999975
2.205621049499994
2.4481521972999936
2.4156725448999983
2.256368141200008
2.882118888899981
3.186506182899998
4.671418899499979
4.045735208099992
0.8087552721000001
0.4727129563299988
1.4213504836999948
4.625802709999965
4.063755125399988
5.810023266599983
3.9506050109999933
3.5695340484999933
7.708370655797418
6.929876553299989
5.155255485499992
6.8052659896999925
4.807738301099991
2.7238816634999927
3.0097243026999725
3.0893088821000023
2.573515922499997
3.7150503493999967
4.334385632299996
6.855903765899984
4.821875796499991
5.963355081199992
3.8593458541999928
3.1921348556999805
5.4606576874050745
8.943699136405117
6.823824305700001
3.983638102699989
1.4786232299999973
3.9303993454000037
3.344569036899995
4.6456479339999985
6.298173345898695
8.18495332933997
7.348548579405097
7.203951641797426
4.663034963999998
1.7185181838999934
2.219434197999993
1.5431137725999924
1.6840557326999888
1.5228627349999888
1.750602963299989
2.7585959655999894
6.58700749969614
3.683759927399992
5.8496881591999825
5.40376011049999
5.803363955699991
7.611597895797422
9.401033709795978
6.980838636797408
6.319111596699988
6.497534477199989
5.328865200799979
6.0084507644999965
7.570978395099998
8.578301475493587
6.479113156101261
8.505726426696139
7.355195629898704
5.322524897797414
9.07418884893198
6.052179246493581
5.996914585898697
6.688030401594846
5.443874078399978
1.9879759978999925
2.7082282424999926
4.049685461399976
6.8794101836961365
5.708585964999987
4.452752636699983
8.724101423594869
4.055977928200007
4.521837756299998
3.0456809967
4.548931521599983
5.320691015599992
6.1345630462999905
7.133166627493585
6.76141966549358
10.44658015699998
5.562163569594855
2.4055582717999964
3.1763282332999747
3.1303036712999877
8.594984609999972
9.154352093659982
6.726400901797414
2.9629396117999605
9.813545574999981
6.782092639199988
2.469046496599989
3.7890565658999913
4.1206083007999865
4.6459265059999915
6.514823055999988
6.877080781599997
6.5546967315999884
8.846724264659985
9.013741059898706
9.948875993203988
9.062319195594869
10.682745368999987
8.244295690898706
7.480202035493589
7.064977127101269
7.528422274797412
7.74544582520254
7.64657919159999
7.587266841101264
9.532136538795987
9.937406718282864
11.421558988999998
11.801364480999988
9.146912254203983
10.265884281929264
9.857952537646389
7.975286749303815
6.030882549999979
8.026976827999974
11.641042051999982
5.879808341999985
7.806100791898692
8.939581411787815
1.978612097199981
6.062775898696135
4.652509545899975
4.306653683499973
4.440786979699971
2.3183292617999838
4.081916522199977
8.825891163727974
9.224817576727979
10.73216069799998
11.613892371999986
9.301776139863987
7.079475260899992
9.38982942199998
12.067389080999991
13.274175649999988
11.045001745999986
10.465381180999985
12.729477967999992
11.220062291999994
12.328425463999988
13.084510642999987
12.10416846299999
11.956872504999989
10.701020417999988
11.275067295999987
9.197631063863987
9.063542819135979
5.386440660099985
3.6572211867999895
5.303568987999981
6.428484626799986
5.880970028699979
4.182023597699983
3.4620555495999907
7.985557636999977
5.392116487099989
6.024052265899982
5.728768560799987
5.3877076369999894
9.013521906999987
11.249960759999988
10.590257543929258
10.128149568135992
11.385086043999982
11.966348472999988
12.120694510999982
12.212177941999988
13.552658335999991
12.310606281999991
10.328117455999989
