9.613712638929263
12.365888010999992
11.67792169499998
12.080027495999984
10.67770849799999
11.55121394799999
13.247035712999995
11.894716082999988
11.113407467999991
13.455159643999991
13.664533252999986
13.439502521999986
14.01311038499999
12.933795534999993
12.38316647599999
12.66125425699999
13.523353505
11.898164770999985
13.451597515999994
11.859474959999988
11.432768889999984
9.552599989203987
11.072350939999989
10.555392896999988
11.066979131999991
8.580587741101267
6.539371754499985
6.662344609099984
6.9640235076961385
7.387649429303823
8.172425483696145
4.206698901399987
4.280983929399982
3.233449975599978
8.37812704769614
11.284830019999982
11.779494254999987
12.101639214999983
6.498033392303816
3.307477932699989
6.996652098101267
9.55669719228286
11.448925184999986
11.672217394999992
12.607681553999987
11.438180405999988
12.823202794999997
11.479134223999985
11.898250496999989
10.990997851999987
12.137958393999988
14.062392399999988
12.872769791999993
12.542523708999981
10.612391981999984
13.147937415999987
8.798160810898716
11.249674140999995
10.536256824999981
9.963970747282863
9.466825884999981
9.52823818210127
9.46564565893198
10.786628533999982
9.681572273212142
10.995096464999987
12.977569388999989
9.072426473999984
6.303347239699992
7.195704014594859
8.949341758795978
10.74681870299998
10.143018733141416
5.936151054399988
6.926744883696141
6.637396743797418
6.691710201999982
7.988543016101268
7.346437901299988
8.979543438696153
11.182799953999988
8.334067677203976
9.472560136271987
8.040559060700001
5.452246205099989
4.685261523399995
4.478527059899985
4.2467846312999855
8.111352809067965
9.176330784594866
7.8843434174051135
9.038592228696142
10.701082798999991
10.111925282212143
8.610281491101272
11.347975864999984
9.907621379070704
11.217011237999982
11.409106524999977
9.851273925863987
7.720120793202551
3.3462716979999954
4.045418325799981
6.916351887493583
4.939960375999993
2.837733680699992
4.985548934899989
3.9446006087999987
7.306005020099992
3.9457334456999975
3.579635308799999
1.3785118987999916
3.4944901488999958
5.999781077594845
6.517160450696139
3.385852217099978
10.536751567070693
10.150997598212141
9.065468418931985
1.9871278914999984
3.3791150298999963
3.129673936499997
3.727754583699996
3.740979722599995
3.502955001799996
3.590240779099991
4.2869701781999705
3.011945368999984
7.15746023410126
6.869113229399991
9.032658569303825
7.579838856499987
6.908789306594853
5.630090515099981
4.101312145999964
4.673034144599991
4.0873989104999975
3.6162805465999956
4.961658219899974
5.645175964405098
5.604468339499988
3.8459302031999956
2.0118472411999972
4.553375355493561
4.8855468642999975
3.0533871917999877
7.475000836199999
3.542977238499995
3.2911213790999883
3.862652668799971
6.501299461405101
5.85306793519998
6.4954779418987005
8.995118913203978
10.652332992999986
9.27183861833998
1.3144758301000001
2.357811225900001
4.531532263199982
3.102151753199989
0.9867593707070671
1.7789013076999964
3.9045143523999846
5.876939862099981
7.694835571303832
6.715966183506386
5.9672868072999945
6.01276851199998
5.538541308599985
3.307256210299991
6.2661638641
4.151663676499991
2.466152174399998
3.923547940099981
5.157401454199988
6.005903561399994
5.638047000099996
6.121395915200001
7.177655291696136
9.056099203339981
9.465277163787814
9.649556166067976
3.0815097854999927
4.753612065099988
1.8297610961999948
1.9634504287999959
3.181045542899978
3.8841891616999775
3.1145156859999963
1.6661465545999978
1.6635027633999948
0.753919417192921
2.524002462799998
5.515577300999994
4.929351386999984
4.87928967740509
5.25282289119998
5.228450270099993
6.2561343764999915
1.5138588820999916
5.3731870940999835
6.45570912019999
7.448092840594854
6.39317911679999
5.251164277599992
5.14810780029999
5.365130551099992
5.015587690699998
3.7926746261999855
1.9867710647999934
2.885793005399996
3.2879527556999872
5.522091438303808
7.16265838010125
5.34942808379999
4.579705909699988
4.829359553493569
5.939338462797408
7.220937632797423
5.862059670999985
7.764197868303812
1.7777514083999997
0.9409459379207998
2.163714936799999
2.968620764199993
3.198991564899999
2.591598924299995
2.165594807399998
6.114280389405087
6.0321700149999895
3.175529089399996
6.629208123797413
8.943122857696144
9.74852051699999
2.433838839699997
6.186739923099982
7.582455500797421
5.445087953199992
6.687421151696138
4.552112126199986
3.6645778853999817
7.56576324459486
1.6836437468999932
3.2871513427974026
7.448984953303818
5.5619174636999835
2.431975648499994
4.358524813799985
5.068072746299995
5.392347970594835
6.473351757797417
8.000987081898705
4.868346772799987
2.6191667083999737
5.462082597399992
3.9170649612025223
3.218710284399985
3.5418052840999743
3.2233439681999814
4.438036103799989
0.6093646416696108
3.0555241851999795
3.090161097699982
3.3983563781999875
6.073731712299988
4.651219081099977
7.633572735594855
7.290039317303811
5.843127729797412
5.253051435899982
2.013242675799995
6.321387786899988
8.231105218493582
5.28358814239998
2.4775892013999936
2.0962376479999896
5.4700564177974105
5.115489776599986
2.6348264846999903
5.211087280299974
6.740333494594865
7.21101986689999
7.006767193594859
7.994137329101257
10.308838830999992
10.478699488999986
10.696098850999984
9.64183344113598
6.3125560531999865
2.619864405799998
9.053950936931969
9.122585584999984
9.346718832405111
10.91156225299999
12.67371509399999
10.787087031999997
10.536716768999987
10.786573078999991
9.718611924795983
7.4986835892025425
9.279027667135985
5.000847308299992
10.142272576931987
2.130580387899987
9.586284248282862
2.7670205550999896
2.299924980199993
1.7569779433999928
5.319347778303792
4.673731498699987
4.171165866099992
4.185706483499973
1.1260953606717028
3.676556994599989
4.997910235599985
6.4812073975063695
8.196338206506391
9.54452062993199
9.410563809135985
10.214079959070707
11.217040796999985
11.19668009199999
10.396164325999989
10.119083201727994
8.705814771999988
5.052357203699983
10.536001099999988
12.971614159999993
9.58311186513599
8.808727493203975
9.678327830646378
6.5200205261012565
8.107590760797416
10.002794360282863
8.0312902678987
8.401907966594855
8.49657531120397
6.120030441303812
7.742666616797412
10.35392627999999
10.779199909999987
12.780099259999986
12.907479381999995
3.882815098599992
5.034071179199975
8.478912998999977
8.279283879101268
8.316201365696152
9.684061590727987
11.35132197999998
8.272346408101265
7.972050010696142
7.673762965405092
6.13723838649999
7.321145153799989
7.029823765599984
7.765663424696147
10.906714618999988
10.573745415999987
12.723258329999986
12.309101647999992
11.956644239999989
10.508352497999985
12.748022864
12.354472838999992
11.860332926999986
11.529847115999992
10.668988128999988
10.558283538999984
12.842313221999989
13.080617252999991
10.208696549999988
9.721373205727996
7.1687366286999845
12.439402344999985
12.084600023999993
10.710305079999989
11.087620054999993
10.878375225999989
11.764984963999991
12.13549250799999
11.24790185899999
11.310002118999986
11.013145388999988
10.21093217478783
12.589891848999992
11.162207969999988
8.908999687202547
11.976088344999987
13.27285996099999
13.953814730999989
13.64930513599999
13.28602421099999
11.643917400999984
11.094995029999984
11.301519019999986
7.80151940159487
8.784048019399998
12.018413610999986
10.697821319999989
10.835262307999988
11.284224053999992
10.931111820999993
6.144083129898688
3.3341668899999846
5.169477000399989
9.44931842499999
10.025877970999995
12.228351246999992
10.991041076999988
9.97014430693199
7.367409406999982
7.227918655405108
6.610706094399989
5.971968580599986
7.223999159202544
8.372492971797426
9.555623777863987
9.72646854872799
8.346826498405113
9.737035945067996
9.938423959282868
10.302124761999986
9.500614985696153
9.94545558920399
11.103995487999986
9.052920666493593
9.002443406696147
10.47694816699999
10.348363088999985
11.61062817099999
12.150075611999991
10.731802929999988
9.85477006386399
8.406283135999995
9.025319160506388
6.018825692699989
6.524309832799988
7.082002607699988
6.510999391199987
11.080156757999992
9.863310133282866
10.171632041929271
9.26288663789871
10.314762963999987
9.953540975999992
8.695050297493582
10.4246294007171
9.533279061929262
9.272125813212138
11.189428946999985
11.054192225999987
8.681104693594865
9.055298945717096
11.363192594999983
10.647048322999982
10.995436951999984
10.701280756999997
10.769692841
10.71517093799999
13.17689174699999
13.924842985999991
11.430019129999994
8.521568684405109
10.962307967999982
7.1991607726961515
8.93566637730384
8.795045933493588
10.43197080099999
10.077214211999987
11.747706136999982
11.786047388999986
9.76303608092926
9.521259376646382
13.172574860999989
9.65456570121214
11.34460598599998
7.37816805420254
5.583477192699997
6.048919950899996
3.2306391586000034
3.795640354899988
4.907977986099985
8.718495692405106
8.86132630459487
10.202061761353583
11.57734838899999
9.824903195135988
2.2931183043999894
2.143588009599997
4.007039356999985
4.795817535399998
4.703764387499983
10.018168838646375
10.802074119999977
10.81333904299999
7.40188748019999
7.736272515898707
6.65797319030382
6.859996597303812
4.965227021799984
1.0706887711646322
1.3349406722999986
1.3259367568999907
1.0092532559282839
3.165515469400001
2.4585495406999835
6.658712765499995
6.4402425155948615
4.416553799399992
6.387034077506366
8.454851470931969
9.546853277727983
9.414096061795991
8.216059779405112
1.6518192382999994
1.647626931799998
3.650466299399987
4.641668258700004
3.110617419399986
1.1168490402
2.8304778838999862
2.5831765578999963
3.829261180099984
7.577282089199991
8.870584262067979
5.052078005999992
4.0139537688999924
4.2768469665999875
7.396833341999996
8.168971159405112
7.2041312804935895
9.237930691493588
3.095545980799986
2.198959486399982
2.838539303600001
2.2423969330000015
2.649268199200003
3.887461364699982
4.696046348599993
2.1978525313999713
1.8010713988999967
0.9273331911070689
1.0586509871999965
1.5085276656999933
2.316211219800001
2.380102334600007
4.213327386500005
6.4492536223999855
6.668580464202522
8.951890743999982
9.446257755999977
7.688692440797412
3.8328038451999857
0.7790085827799992
0.7690359102199991
4.648719425999983
4.777719813499975
3.5329648528999797
5.446318533299987
1.8483984984999988
2.427104469299997
6.829812724299989
4.166203204299988
2.610327914399997
1.9518210982999935
1.7776432708999934
2.0642453399999905
3.5682291152999865
4.227812637299986
5.421390568499979
7.907137617506386
4.684037063599991
1.337002473399999
4.152429154999974
4.4687129775999885
4.4009178039999926
8.0149762207
1.6027844375999976
1.069399961100271
3.4794923095999883
2.4086724029999917
1.8720958541999921
1.081508270464635
1.1742277999999924
4.152677563499994
7.701321475202535
10.475799767999982
9.773115910203986
9.510230752717103
5.346057006799987
2.1447160415999864
1.5077362731999857
3.8932902083999763
9.299562260271982
9.015969392405106
9.138181957999993
8.831960148594865
9.668785716141423
4.55570439299999
1.5679201492000037
2.0642710814999976
2.006544781499994
2.7295159667999878
3.6619248870999823
3.25964343409999
6.460250082405101
6.5852966735999905
8.78498030240511
7.144837803594863
8.142283891303823
4.144607908599979
4.449303301999987
4.295560151699986
2.9940819365999918
4.879529560899977
8.239860760506373
9.753872859141424
7.05524176029999
8.729296687203977
9.195126267999978
5.395750874299981
3.9230330047974
5.23996544799998
5.650532749899987
7.796558190898709
9.735822048999989
8.780164926101262
10.855821888999987
10.431369517646377
9.285259960931992
4.795573475599989
10.062034228646375
12.345288802999988
7.52716297610125
5.897615258797421
1.9205627837999923
4.173968408202527
5.806903417999974
6.665385624696124
9.009391862339973
12.149143802999987
10.28617532699999
11.862850423999983
11.97586936299999
10.82074161999999
11.237557081999991
10.212184181135989
8.620142433202552
8.598199902303827
7.7550821837974215
6.7030825698987035
7.110276347405085
6.838692507898698
9.611286244207987
9.979655659353586
10.410751002999982
11.235795699999983
11.755708545999985
11.830385422999983
5.359262792999985
6.838458010898691
7.1812140105999855
6.49951623840508
9.552556007282861
6.7043873076999905
4.2382906203999875
6.110890820299987
9.933064472999977
7.385878433202539
7.057765368696133
11.507299807999987
9.32187088930383
7.505351791399988
8.5638064667
10.192683538858542
11.688561477999981
12.89698624899999
12.249158582999986
13.326854290999984
12.161732392999985
12.211643802999976
12.214221947999981
12.471145859999988
11.456381475999981
9.013896955898709
8.903918891931967
11.060311962999986
9.758316590931994
12.410560926999988
12.244248780999989
9.04801624449359
13.089765577999986
10.239780637999987
9.618044604353585
9.630837931863983
9.226588508727986
10.55245398599998
10.35380151099999
7.4641347014935775
11.419183158999981
13.304621839999985
12.855417974999991
13.12329256399998
10.835603702999988
9.569612622070704
12.196251658999993
14.40071120899999
12.83049168999999
12.656188187999993
14.302795136999988
14.433017051999991
14.180472832999998
14.044303428999992
12.42845762799999
14.753132477999992
14.93839642599998
13.493551446999993
13.556925425999987
9.368437080271988
12.737327326999985
10.546258657999998
10.11652115620399
9.91999302072799
10.563456577999988
9.98742940213599
11.188804378999992
14.14644333999999
11.791670601999984
12.935853177999991
12.501484665999987
12.477374315999983
9.209684840405107
12.965227242999985
12.503055759999988
11.21766222699999
10.104678126646384
11.586492002999988
13.000763013999995
14.131756234999992
10.682595165999992
3.7939038497999955
4.347773265099996
7.897776113898708
9.62912683106799
11.931805747999988
12.375280094999992
10.08213668207071
11.07850334799999
13.406736864999989
13.81778125499999
12.909874738999987
13.302303618999986
12.938187162999984
13.858082349999991
13.643702135999987
13.497491364999982
14.919973363999992
11.92823752299999
13.595668221999995
9.687234631212146
11.297688630999993
12.655034491999993
11.488433413999994
12.122463144999987
11.831027326999994
9.793854745339988
11.322008159999985
11.696997942999989
10.967873961999992
12.69648089899999
13.363129737999985
13.55528098899999
12.202530375999988
11.867937856999987
10.76147858299999
12.234718999999986
13.100810137999991
13.328070211999986
13.63808136899999
13.939005250999987
12.288483086999987
8.467830003405108
7.254189405797429
6.192525744594859
4.292139526405071
7.474134272797416
10.933094333999982
12.684806659999989
11.074151526999987
9.85959965514142
12.226764985999987
8.676214265405111
9.526034880101276
7.0681833405063745
6.704730757099989
9.048617204303824
10.007383697646388
8.732054467797422
9.961014266999985
6.680082511899992
5.08385152279999
9.408119419931987
12.334330871999994
11.169945380999986
12.23829246999999
12.226462397999981
14.923435108999987
11.480254633999987
9.74950732885855
13.472798885999993
12.518039400999989
10.90290962999999
7.043693437200003
9.073014631696154
10.562415412999979
11.267936355999987
12.372006061999988
12.128280030999985
9.379317478931972
11.516424308999975
8.97959213710127
8.365665277101268
6.414923100299998
6.429860644499992
8.870223236101278
10.438123833999994
8.565526475493584
6.787391214000005
10.958107239000002
12.367630036999985
12.195047806999993
8.757981759594859
9.065869778405112
10.652573855999982
11.028278008999989
11.04962014499999
4.2134006743999945
6.556160803202522
8.889184425405105
10.246913627999994
11.965298014999998
12.605024882999992
12.287356699999988
11.656068371999986
11.649661680999998
10.101293070999995
9.27685455169615
9.6095528350707
8.718231893898698
8.270006254594877
8.860221243303826
6.8695427794935835
5.649766729699991
5.936981362899989
7.2443533371012645
10.843199783
8.088110813898712
9.141048748863984
8.615476953101265
12.112837937999988
6.3454969192999835
4.744720251499983
3.9312956267999963
3.5865871399000007
1.2008314086999978
3.8255107208000085
4.902781935099997
4.558292767299998
4.089083375499981
3.9750434554935645
7.6973095123038275
4.889450981099993
2.885374772599996
2.597531056199989
4.961204653899979
6.923758535797428
2.857776109299989
1.589742971799977
3.9645861023038083
6.00603172449358
4.078310880999991
6.530571739199985
4.651490096999982
3.394580702199996
5.081058898899993
4.3250680480999915
5.022338384999984
4.406578654499972
3.773899150101246
3.178035247799997
1.195678985599997
1.4557272002999964
6.812429275499992
6.218643325799991
2.951490914899997
3.0419964232999828
4.251099844399984
8.412989683493587
8.446494232202554
8.778127424594874
3.27382967379999
0.9115618337594882
1.0093076198727995
2.3091311950999946
1.2777297347999999
3.764343604999968
2.1860769225999976
2.4024297333000004
4.13595351869999
6.099117851299994
6.661310324101257
7.74517115020254
7.874142723101257
6.795077908303824
8.71797304220398
8.05682166899999
2.2394160598999964
2.4842900513
5.392212988299981
6.618976858499995
1.568397741699995
2.6360030212000023
5.235743702700006
5.398240203899989
4.812721612499989
1.2630032973999936
2.7765474257999974
1.591806231699992
3.4497469223000006
2.402328155499997
2.3178733459
1.2781274047999978
0.9786945558666398
2.6762769454999846
1.9330637450999972
0.5426171356199972
3.2860343856961145
2.520830924999974
5.424983300797408
8.521288948101262
6.859320687899984
5.211232090799989
5.621736923199995
6.956903886271951
7.3015559784051085
4.187931457499997
4.936666735799986
7.439275324999984
8.408863630696143
1.4858154708999964
1.1253557006999975
2.0622542602999845
3.3054179717999945
1.8077559508999967
2.041915898099988
8.198066616797421
7.033711061101264
6.2376197952025345
5.674533401499989
3.318750050399996
4.579092762799976
6.971143661506389
3.1137571181999983
3.5009277801999934
2.6715472518999857
3.1537828917999855
3.1383376723999863
3.154938442999989
5.02505807799999
6.838128903202548
6.442807139599987
5.335841967799991
8.03516617430382
6.087323196399985
6.662800866696139
7.221008143594869
7.558440055797426
8.352488587999984
6.513231645202541
4.58700304869998
6.089294631999984
4.110960978699992
3.9451764373999825
5.719166650399995
8.174953781101266
6.285725888101258
8.599409001202538
3.2463078231999805
9.1893787277878
8.109808737202547
7.563650140405106
6.238144885299986
8.804895779405111
8.71305789179742
10.13362078235358
9.985125045858544
6.584659231594855
7.556820936594857
9.611774728282864
9.869414015135982
10.220908071931987
8.594419888303825
7.042377961696141
3.6124995833999876
4.039546284499984
3.4136289580999706
5.869558329799981
5.6172592895948545
6.578074179101259
6.277323060599981
4.974805099499989
4.516270712299989
2.742505186499992
8.488234826696138
10.624805634999989
11.953571876999996
11.06388652199999
8.132738864101261
6.277244853199984
6.212555955499992
9.194590890646374
9.433856910795988
8.619444502303823
11.115676206999984
12.130640293999988
11.316012220999978
9.984526058999993
11.141682288999988
7.8037393982025485
5.218350903299985
5.299719886799977
9.42439925527196
11.300286759999986
5.54691614069997
8.50054709930382
10.658181472999985
11.152825190999994
12.062931428999981
5.69671646879998
7.950777595493573
9.477449188135985
9.273950379931984
10.413142142994552
8.926594369659982
10.61001943499998
11.906666608999986
11.291928054999989
8.934991532898705
9.859621209795993
11.432609858999985
6.711284023999981
10.410283715858537
11.721154261999988
11.002711162999983
9.086385435506385
6.983782458506381
9.493085833696151
9.411639718594872
7.436446125797425
7.76798203279742
7.598405429101259
5.421714314303809
6.122366673303811
9.155299777141419
7.93270597840511
9.457341531405111
11.273428666999981
9.521541441203981
4.996690928599979
6.2605884307999835
12.38271528299999
11.592720398999989
11.30154005299999
11.961727073999985
12.678019040999983
14.484268674999988
11.76573398599999
11.81411065999998
11.641922185999984
11.434304230999986
10.783815275999986
12.857102230999985
11.21632255599998
9.585560876339981
5.283823384099981
2.563250834699979
10.077778668141425
11.22180411099999
10.610990711999992
12.889313134999991
13.972842179999994
12.039173136999988
12.688184725999985
11.946342183999988
12.059718619999988
9.124881240797428
11.246953089999984
12.339719042999986
13.283066987999995
8.305838450599992
12.828119880999985
13.753383288999991
9.198975750696155
12.673112186999992
13.86854539199999
12.980795778999992
13.03750456499999
12.489481899999989
11.624503304999989
10.517446424999983
11.275161672999987
10.027039970282857
10.700276005999987
9.747458320717104
11.534339934999984
9.78826067672799
8.218404064898712
9.128784179696149
8.519098638899994
10.573831756999992
11.310662041999985
13.353218371999995
13.76781449599999
14.814542515999989
10.394851836010876
3.4432915786999927
4.7956093444999865
8.471761956797419
8.973687820405104
8.81374132389871
10.450751362999984
9.391797599863986
11.287056922999973
7.61640176699998
5.409484179696142
8.54447959427197
8.932274203506392
4.83649846799998
5.300753059405089
9.472102867070689
13.015687029999985
13.90254215899999
14.634485529999989
9.887121765070708
11.280819358999986
11.308916518
10.435738445013598
10.779308982999993
13.41405760999999
12.912805033999987
13.662231995999985
12.858472477999989
12.046403246999997
13.169793047999992
13.417070788999993
11.999063483999993
8.80448622740511
8.57518978879743
8.107396958898706
9.205023326101273
10.004400132858546
10.703067931999998
12.60227245899999
13.25481122899999
10.350953599999986
11.800296644999985
12.64214745499999
8.364536276202552
6.683980659499994
9.85440669571711
11.844247240999989
11.544577236999988
9.351592358271981
9.830894650212143
11.542395160999995
10.35739831399999
12.492861620999998
12.988067341999992
11.625449532999982
11.97832077899998
14.803263828999992
11.179321976999976
10.21028203892925
12.99368500399998
9.565701762405114
12.449165812999974
10.112834524999993
9.588348303135986
8.36703895420254
8.753052235405105
7.5470957764050945
6.919619885303813
6.8821631103999925
4.558825094599985
8.89291990047997
12.593952418999985
7.480322064199992
8.801687463400008
4.034649159199983
5.5517170959
7.126531730700003
10.619329415999987
11.252689345999983
3.714136473099993
10.51881729421213
11.23999870799999
8.636796940594866
7.97014866789871
7.454220980797418
5.430754435699982
5.6270315841999885
5.112554327399994
4.416706547499994
4.546513072202528
3.9323761702999978
6.930341416898701
10.316587359717103
11.727071288999978
4.5236805983999835
2.3182733092999914
1.873335081499998
2.3481787032999737
1.3891592803999964
1.3095252440999963
2.3859551970999884
5.011475451699999
6.905120663499993
8.99905683440511
7.90444590610126
7.219055522202536
8.375769833405094
8.678422834797427
12.341026887999993
11.719280968000001
4.624141593899987
2.627780622899998
2.0953479720999924
0.992934529399995
2.4710639632999944
3.6323250319999834
3.1652460312000006
4.41781900479999
4.775899307299993
4.8686088149999724
4.241225155599996
2.2448242568999937
2.8961467087000017
1.922827194199993
2.362020622299996
3.039684773299993
4.911892010499993
4.079965963699992
5.674566221594861
7.934797152696151
5.14542472379999
1.7297806563999973
3.302322505199974
2.6719298156999947
2.9221132049999885
4.174193899499969
3.7753714736999973
1.757484146099998
1.9441599593999739
4.237372940099977
7.472499331699991
7.53241826929999
5.031188494899996
3.4860640456999947
1.166594476299998
0.828244013210127
2.6774070556999896
1.7628525649999975
2.028335099799996
1.9096734618999902
5.253657073999962
7.230790446506386
7.519098654202537
7.2533947295948655
7.675938227797416
7.320347154202539
7.324419511399992
5.073014607199984
8.118243344067963
7.396989028898696
2.543339607199998
3.7852319823999685
7.098802090506377
4.599289805599981
4.908548072799977
8.058596957405104
5.752567588799988
7.089182829303806
6.403407714797422
6.483284870898699
1.7849355620999947
4.056234297199973
3.5641643081999987
2.272488064599997
0.9733600200787833
1.9687017319000018
2.18883862759999
3.195802529899971
3.1197177886999934
2.2393936110999966
1.1728289290999951
5.477084698506358
4.832516871599985
4.652656649799987
6.342833250399994
3.7109326233000015
6.1950648941012325
3.0931229491999956
4.194881115699979
6.304594198599991
5.627858033799986
5.2883465835999965
7.271494238303831
7.012291909797426
7.001222415199987
6.792000419599992
5.611205245999995
5.7976299178986945
9.393860237067983
9.270019256727984
7.593619004797422
4.5496404906999866
3.9056191558999958
3.2658000640999956
3.5947841765999944
4.8161874451
3.436095846600002
1.3108638549999931
1.7185405410999965
1.9401341644000005
0.7981815462070668
1.6758455062999982
3.8564230025999873
3.351686582899992
4.83408660579999
4.840187675499994
6.690759963999985
6.263172817999987
6.686268218999985
6.448545954899989
8.983302145405109
10.166947785929258
11.002730707999989
9.559625434931986
9.813848649717107
11.377240554999975
8.865991931202549
10.993084205999983
9.505229327271989
7.650674906898709
10.292705939008155
6.355258482399983
8.139939700303813
9.161488056898705
6.027740409899979
2.6602103957999885
3.621669100999975
5.22717300109998
7.926401002493581
5.444340797405095
4.280764822399975
2.1101517394999743
4.2849721161012395
6.370941773999977
7.226719955405104
10.170100921717111
7.653861578405104
10.072759841929265
2.419146289099985
1.345327004999991
2.1597921493999883
5.893222236594856
4.689425746202528
3.00701212919998
2.4589620147999893
5.340305721999986
1.5097070235999752
8.449966877696149
4.20756881709999
5.913482676696134
5.936742668202528
5.619903584299989
5.037035873405097
3.9522917876999784
6.134455995202527
6.504506657399986
7.445976478599997
3.036443281599977
5.078997535699984
9.078017535405108
7.715355245999982
10.709859119999985
7.070082044999978
2.1338231048999856
5.106350717199984
4.829108801299981
2.48203556819999
1.2497240615999867
2.164646151699988
5.235927703899987
4.701459623699989
11.67085888999999
10.527970234999993
10.248191352858548
13.089000768999993
7.6365248244935815
6.883666857898699
7.187289138797425
5.102164411899989
4.756238352999985
8.880424780203978
10.358369389212145
12.147320629999989
10.172054368999994
8.565463059999985
12.498533423999984
11.65144433099998
11.274864774999987
5.263786000099981
2.2885587020999827
2.240501451099968
5.520227004999974
7.182890808101251
8.600933550999995
8.07010121310126
7.747705445898701
10.62710362699998
9.40011863399999
10.971850297999985
12.281429125999983
11.614549274999991
9.926767750646382
12.295271470999987
12.340347944999989
7.885523141506383
4.470755773899993
4.184598252899962
6.269740788299982
8.002265559405105
8.726743713405105
6.865871256999983
5.862109664899982
9.10873351289871
9.157310626135997
8.99699950410127
10.968601294999987
10.429093380999987
10.818746900999983
11.12044915899999
8.431851155101276
11.251238253999997
12.410182247999993
12.468849175999988
12.244941813999985
5.084690951499983
6.657681193493585
8.32446952969615
10.054845205787828
10.844680126999997
9.217150468405105
8.46631505279743
10.504861950787815
7.370984681696143
6.660045349101253
6.637787234499991
9.832103114212144
11.150379400999995
13.001173206999992
11.697594475999995
13.348561156999994
11.251464507999989
13.224304892999989
12.578299120999992
13.48405914199999
12.632173781999994
13.777274376999992
10.008747120795988
10.824271221999986
11.149324460999988
13.320432548999984
12.617298507999989
11.388065780999987
12.621304009999992
10.540232457999984
11.728289812999984
12.466118642999989
13.308152997999992
12.670771302999992
12.734435535999989
11.745652848999988
10.675677457999992
8.070000347898707
10.83597009299999
11.59645167999999
13.37332204899999
13.087614426999986
9.78444663833999
10.24056823421215
12.013749195999983
7.851348057599995
8.32499534610127
7.56857464599999
9.849200501999992
10.248890886002712
8.991688247696151
9.602351116931992
10.333593873999993
11.897246239999985
9.333063806135982
10.352039174999991
12.759714667999988
10.510195038999985
10.33274760120399
10.176648669282866
10.358246799999984
12.225910308999985
9.929828683353584
11.841036083999986
12.016047310999989
12.38828042899999
8.591746000696135
7.839299018898704
8.228872091696138
6.660380546594862
8.495864472999981
9.70907082513599
5.431422401399999
5.035667375199988
5.132433605999986
5.99492094419998
9.064498763999984
8.777989236506388
8.822220976303829
10.60952656399999
10.248297187999988
11.292961396999987
11.512182486999992
9.92711005871711
11.27811903399999
11.097468313999984
12.610699283999994
11.587856061999986
13.574134144999986
13.092183516999983
11.094858236999992
11.090586455999984
8.595584474202546
10.053927790858546
8.35626332549358
10.955870600999981
12.727377375999986
12.413798101999989
11.029003324999996
9.699561892795986
9.962514970282868
10.489192241999989
10.853215114999983
9.05042663879743
9.121243643202552
11.181017226999982
11.805019831999992
6.887765405299987
10.797471645999975
9.61080691385854
7.862025831594869
6.001437525899984
4.886484812899989
5.444644541900005
3.8670691176999874
8.47769750520255
8.109598742696148
6.692143031299998
7.002077595493578
6.893375736999987
5.386056611599985
6.915290072599986
6.958413673399985
9.516612663212145
10.772094156999986
10.180099179070707
10.340141979999991
9.919503720070708
9.805306878795989
8.964173757898706
8.185555866999984
8.684054693594863
7.645540661594852
10.273008181999993
7.676535932898703
6.928748770099986
8.40221860199999
3.265510490399988
2.866088903800001
1.902815046699998
3.3140340804999684
3.6767238952999945
5.617443887303819
3.043308933999984
1.5917214446999972
5.745448698405082
9.68198893121214
1.6755679793999976
3.679058772299982
2.4445700911999966
3.235972560100005
4.249309529099996
4.985668789699981
5.064715098594854
4.708316970799991
5.503153126500003
2.6533606185999847
2.690902006499987
3.3794521178999952
1.9019856551999912
1.994256913800001
2.5664877501999777
2.255993643199998
2.4072240921000025
2.662925018299992
2.2899404403999957
2.8396582412999916
5.26469883269998
4.037568484499996
3.741261172499968
5.725503593405098
9.998713363717087
8.278738987696142
7.448528008999996
8.790040692101263
8.2026804962
8.41276493069614
9.398207789594876
6.9630635848987055
3.081841575599989
1.1453291733
1.1623613524999992
0.7030114691696141
0.8102330918303828
2.4122118300999924
1.0827220977999965
3.137986407499983
2.7662903457999914
2.5683593093999826
4.3711068236999875
3.9090124572999914
4.836279302999976
7.793515176405101
8.614410955797426
7.91257205349359
2.9224102385999906
2.060508950800002
1.8856618407999828
5.376135549899987
5.148993077099994
4.095181486499991
3.0254947936999823
4.133449154699975
4.4726390304999795
7.517744441202538
7.939250382999992
3.862921314999991
2.8951312346999933
4.850453166199982
2.279436646999987
0.8844257320415979
3.7494411910999643
6.803871327199986
4.733634716799987
4.108803262299991
4.499405923499976
5.794020104999972
5.688512379499978
5.009863772594851
5.896505274999975
6.912249536101253
7.487522000101257
7.093698068202547
4.965899992399985
9.279943783727969
5.088204360999993
7.754195535203974
8.706660359202543
3.7857144423999793
7.430258985898702
8.317050639303826
7.685810798594863
5.812075762899996
8.788431593303828
6.412541113303822
4.563130067405089
4.4422671523999915
6.1453287978987
7.14552872919999
7.889711102299994
7.671106993101273
7.818723364303829
9.21829009699999
8.760505839493586
8.812584190405104
1.3313190841999976
1.1383728637999995
1.0363994380999944
0.8132605542135964
1.2847964248999932
1.0693860221929237
3.1420732711999735
1.6280082625999939
1.1315022124999974
1.5372448012999778
4.073353659099979
4.581882594299987
6.213718859898697
7.145909649696144
9.388610037135981
7.622318560797423
6.13486818539999
7.647901658594865
6.352317803999983
6.084995576499983
8.81529815679598
6.400076995797424
8.015728774999975
10.764597676070698
5.201440957594855
6.272690142797408
7.969691307101254
8.161413653594854
8.16517908479742
7.8338363754051
5.900875552405098
3.185062708999989
2.700757084699981
4.090790278599982
5.79624509579999
6.26278791349999
8.164147491506384
7.5231449676999915
10.596339875999979
11.084344886999986
7.5999441207974225
7.20731078640511
11.77167248699998
3.1790020308999716
3.1103576568999607
4.188749233999989
3.368556932099989
5.771005671699998
4.546112713599984
4.376252966299994
7.884230419898707
10.773589620999987
10.554083108999986
12.093630800999986
9.154962147659978
10.97271788299998
2.014127853399982
3.553745329299987
5.393779811099976
7.4071460922025425
7.102561990405107
11.820982639999997
6.746175128202537
5.809039918499977
5.890380155899987
8.555471571405098
10.17561261599998
12.569916619999987
12.358098533999991
9.998626611203987
9.51222537827199
11.714494341999993
10.448110358999987
11.01619485299999
11.205947310999989
11.019945714999984
7.536223359696133
9.3740380937171
11.979891684999991
9.977325106863992
11.984158742999986
11.17973319499998
10.299362723999991
6.6777145186961455
9.468257438787823
9.376404139696149
9.484475591999987
7.009426481594862
7.233051829493583
6.11018369749358
8.514108509797426
7.531483825696147
9.428425527999986
12.832700814999992
11.180784812999992
12.24963926699999
11.130115505999985
11.238395823999987
12.587846151999987
13.153943389999991
12.235718523999985
12.231326014999986
12.23114547299999
11.876600178999986
12.144677596999994
10.911201888999988
11.256280974999989
10.150617797931996
7.821640759299992
7.2916819992025435
11.451755649999988
12.352119831999989
11.251512124999993
11.528615513999986
10.974404265999992
11.24238683899998
12.538125716999993
13.868208939999992
14.416537845999985
12.076232241999996
12.882113996999996
13.72035606499999
13.049833020000001
12.587380658999995
13.74569147799999
12.889977918999994
8.986439251696149
11.452388491999995
12.71221238399999
7.5614194747999965
10.342972382999989
10.96016097699456
10.245651748787829
11.401812488999989
10.217675385999984
8.898033938594875
10.352810233997273
11.642163932999992
11.308258892999989
13.641598903999997
13.807065227999995
13.950754343999993
13.341487417999986
12.21546022299999
12.509672237999993
11.19153200199999
10.934386464999985
9.725115516795988
6.210106529199991
9.980755317795994
10.013239863727994
12.39374252299999
10.49686320299999
13.402489741999991
8.111633445699987
2.3045411193999916
10.614278020999985
11.693100803999991
12.38485202799999
13.439049691999994
11.33821283399999
9.29124984593199
9.145992459067983
10.460919494999985
10.058624420135988
9.020146780405106
11.539003629999984
11.413623734999987
12.743628489999988
12.04246419799999
13.64536612899999
13.440968465999987
13.034932689999993
12.004017380999985
11.905949753999991
10.01678815471711
11.825812433999989
9.712867385931993
7.742651687599991
6.718514427199992
9.540586343271993
11.343506656999992
12.865919620999989
10.02832339785855
13.282496808999987
12.118119886999992
11.424234076999987
10.945392972999986
10.945387517999984
11.632248020999986
11.866856341999986
10.715360706999991
10.765695666999987
11.868934401999994
10.101179994135986
7.179316096506375
8.013947015405106
8.68237086489871
10.927689834999986
9.633949305795985
7.816020295696143
9.917005966141415
11.808725168999988
12.981701609999991
11.719859997999997
12.548200049999986
12.38655280899999
9.224450077863976
12.238854278999995
11.298457081999988
11.073952305999994
9.50560841379599
4.297918814099997
5.237473200999994
6.641733032199997
2.7466093780999885
8.152270086696147
10.006740545787828
10.303811538999987
9.002171086101269
10.045562156787826
8.23861147920255
9.750659330795987
10.905036330999984
9.77507874906799
8.901671545405103
6.243206942699987
2.3783029694000013
4.811026031499972
10.129153203999993
8.845748567200001
7.657047993499995
5.115103562899983
5.8119317199999925
1.5507558364999963
4.012223222399998
4.438229824799993
4.927225418099991
5.923710929899996
3.362597297699991
5.876720153797411
4.751226893600001
4.400942927599994
2.803523265099993
3.1098875136999915
4.920631256099994
6.398449645999992
3.2554116698999924
1.9487785430999984
1.3972568603999966
2.192781126399992
2.3181677367999933
7.3617377135948665
6.789827482594857
6.2710004958987
3.46756110229999
3.2475329421999843
4.588443775899995
4.116190275599985
4.98024082030381
7.416634339898696
8.890041821303825
8.73638686520254
7.408164704899992
3.8094530502025234
6.175177296399985
2.0724587539999995
2.253930392499999
1.9103724441999996
2.4823658721999995
3.3188035659999806
2.755049049399995
3.762498667899994
2.7321484343999938
5.396320457499986
6.638547874506383
2.833600610400001
2.7234168471999993
2.571651081799999
1.6780896804999825
1.909187048299987
0.7677947554594868
2.0832314071999978
3.131959323099995
1.236434948699999
3.4800035186999794
1.7425011123999998
1.8099581771999984
1.8950479949999985
3.1233674895999655
5.0673515105999805
7.2094091704935845
2.6488714492999867
1.296484000700258
1.4314520812999985
1.0790913176999932
2.0088034347999897
5.3445909163999925
4.461606849699993
3.581927680999998
4.34831549219999
6.726397833303812
8.059645893931968
7.509908366405101
7.254037194799998
3.5124800475999916
3.5691099257999888
4.895674473599985
5.862146441696139
5.758665792799997
6.187935505696131
6.027645800799986
3.938519949299993
3.8582552093999998
2.5883090423999926
3.023956600999986
4.007305505399995
5.156589230299979
4.084340475499988
1.1333319732999994
2.1409600524999814
2.661654440299967
4.800113665797409
5.026062249797405
3.285316859399997
1.828391105699996
3.758640820299982
4.699478059399983
4.816498054499994
2.3896160552999905
2.93858585659999
3.3244219817999903
3.0857037841999913
2.9287560149999847
5.69890389709999
6.35298519589869
7.962033734101256
2.2858255675999843
2.4444075164999695
2.871689976499991
3.3482768813999884
7.919734507797419
8.90360804440511
6.909107894899992
6.226074543799998
7.938290585299992
8.142354267898703
5.879988175999993
5.277220367399984
3.7682880706999913
3.2305796752999787
3.786272659299979
5.10878634640509
6.6358527099999645
7.036523734999965
7.529467111202533
3.24930304869999
2.9163495131999975
5.0920185471012545
7.952897463999983
10.460515681339977
8.397117680405103
6.822484526099995
6.554307775899988
2.4496610518999886
3.3787579192999737
3.637455949399986
1.5574608291999852
1.7017240691999918
2.8470407424999773
4.408341027799984
3.903919824199984
1.603245674099991
2.8956588759999966
4.054679777499999
3.848516624499979
6.036081135594857
8.25848769679742
9.07551860365998
10.754301446999989
6.228356599399984
10.441008251999985
8.356961981202552
7.709755886797418
9.241480291795982
7.049918495199988
8.733499105863972
8.279287466405101
8.632385714696147
11.087934887999987
11.073937488999984
11.430564441999982
11.058512502999985
11.278805939999994
11.027153524999985
8.463719827303825
1.5324212310999943
3.2077540969999894
4.107966252099991
4.57893940729999
2.677315412899985
5.117649491898679
9.047822228999962
10.862490224999975
10.633338552999982
6.599809655799984
6.759592712405092
11.369720093999975
11.116750768999989
10.279886952141425
12.197072507999987
8.487545956271966
8.285797227339964
2.2396022185999858
2.2044269011999873
2.550769177199971
5.669950108303816
5.762605833399986
7.044740510594869
11.901692290999982
2.6162739577999856
3.618957783499974
7.097720002696139
7.50246178589999
8.54188857720397
10.80652874099998
10.228811830070708
10.590369999787812
12.507713201999982
11.983266086999993
13.464551877999988
11.164696761999975
9.909773765717103
9.781220385787826
8.708218299898709
10.924500567999987
11.878140500999978
8.061607687405104
2.0152825881999936
1.7494989745999865
6.495993911696136
8.78042318879743
10.776572800999975
8.101985346999976
7.478362824999965
8.39965089720255
10.509812781999997
10.536174148999986
9.847729800282865
13.307757284999983
13.177527826999988
5.962397640999979
3.233646105999993
5.680796931506371
8.92337237092925
8.534032467696145
7.460257308999979
5.677983865405088
2.35565671839998
1.57975328219999
4.550532792696119
8.839759143067962
13.004817685999985
13.627601604999983
12.900582213999991
14.188384713999994
10.592000097999996
12.240930413999987
11.335467936999986
8.282629981999984
7.687187776135957
11.673028715999958
9.830510397212144
10.110905886858538
10.112844143999986
8.99608191220255
9.305171810931983
11.83011392799998
14.764693467999987
14.497711698999987
12.395844983999986
11.376609514999986
11.373290644999987
12.765849012999986
10.689800420999982
9.602279423479994
9.74530838786399
8.929074304202548
12.470976455999995
14.603419816999988
12.39125839099999
11.177063164999984
10.182092556858544
13.507724834999994
13.39964144099998
12.26440224499998
11.185218514999981
9.959234304863994
8.54696574399999
12.917749198999987
11.994847733999983
9.370182234202547
9.509968104727989
8.681187365696154
8.206847795101268
10.112500590659998
11.517489722999994
10.108015602070708
8.285631292696143
8.062054482999994
9.615633894203993
13.912202248999991
14.55182381899999
12.968949248999985
14.893011478999988
12.876959589999993
13.154489124999987
14.13053125899999
11.486964158999976
8.836369959999965
9.191999151717097
10.659680543999976
12.068098058999986
11.163997480999978
12.916271030999997
12.765644571999983
15.110543947999986
15.62381316199999
13.707882515999971
15.20648083199999
12.695583146999992
11.327771737999994
8.86896657710127
9.633941017135983
9.995436575203989
12.45064992399999
12.721260541999982
12.196588117999978
14.053922518999983
14.94539543899999
15.672037304999987
13.703381864999985
14.582936912999989
13.58971111899999
13.679085599999988
11.552659842999981
13.60641864499998
10.440404767999988
8.108828239405105
9.474607382135986
8.219942657506392
8.079156980899999
7.485700512696138
9.408903839101269
12.41564143199998
10.952006406999988
12.416831785999992
15.217099479999986
14.76274748999999
12.784611339999978
12.05359554899998
14.474389969999988
13.803456531999988
12.26908277299999
12.007085572999983
9.770941308717077
9.303453724787815
9.938751728858549
10.381662414999989
7.73256681979742
10.058921681141411
12.901905916999992
11.413634783999987
10.936305879
6.991880085799994
10.025442669787816
13.59169793399999
15.080776911999989
14.268247024999987
14.67457123099999
11.089911974999984
9.083818946797429
6.4051777282999875
7.126276730299991
6.984295458999983
8.803689572067979
10.324920240858544
10.196487467999999
10.891591771999998
13.384131853999982
12.084339477999984
11.261465174999982
13.008451333999986
6.731513258405096
3.81190912319997
5.538656283599998
5.759373203999991
6.798669815099995
8.127061415067963
11.193271110999973
5.846229904199989
6.539000222797402
10.257079496858532
7.401579063405099
3.093704655499991
4.226846520999993
5.069950280797388
5.358659197999994
3.781815472399994
2.5654324340999985
4.0729654098999895
4.240167936699995
4.672182870499992
4.631680683899987
4.215872755399986
2.7655612777999923
3.1547061995999948
2.5588168883999827
7.527472671493583
9.641330743282843
10.996268574999979
4.93017454529998
2.5170402053999843
2.8770257979999996
2.606339462299986
2.1920937896999835
2.7585365279999894
2.9381733016999863
1.2461720138999954
2.6427656966999886
5.80795090029999
5.689920510899985
4.425976829499987
1.4214681412000014
2.213473228499991
1.9835366776
2.689176147499987
4.0566114608999815
4.686629640199995
2.853697901899994
3.644015371699997
2.381544219999995
1.7727110412999971
2.4643432677999813
3.386148965499989
6.288794676202526
6.029355682399984
8.265093373101262
2.140982119799992
3.981851740999961
6.644856678799996
5.656231947303815
8.25986022030382
7.546995512405103
6.16691793979999
7.361604898101252
1.4861796584999976
3.379331164599968
3.6302972365999873
8.242683903493582
8.11197622830382
9.51737966610127
11.05270212099998
9.11742297669615
6.336710613999991
5.062138395699982
6.761141006506377
7.0715360153038205
8.629576023898704
5.608923327599982
4.7586792067974075
5.3470116851999965
6.137926658599985
4.393540936299977
5.198765609696128
5.102000938399988
5.062784193399992
8.086585996999982
4.2647104735999894
3.830123634299988
5.330222044399987
2.549574342299996
1.0529418242999984
1.845823222399993
6.035212588499983
4.491933006299994
3.4854951308999875
7.135385429405094
4.0079514693999885
6.205013818405093
6.1742642074999905
6.062665519696138
6.324166630599987
6.360783154303808
5.920516824299992
3.074312533599988
3.815616975399964
6.6069099105948546
6.9019625396961315
3.0313366301999762
1.8563506240999885
1.3069680419999934
1.5351251021999985
1.5375840607000002
1.7731534972999943
0.929522483820396
1.6444502578999998
2.554718102999983
4.0838080398999725
4.6848579422025285
8.085320982405092
10.292718849141426
8.50447351520397
7.48282104950638
4.869938517797405
7.023524897797408
5.652755757101253
3.106097375499986
3.3838600570999717
6.307329124506376
5.962312298599988
9.561250347931987
7.729346433999986
6.657536155696141
8.719996064863967
7.401627383405097
9.34645902710127
5.9955067077999855
5.484152644303808
5.914503739899987
6.4795609435999975
9.439107429659979
7.5689365325948685
2.2628184142999874
4.450857650797398
7.277102178999971
8.670303861999976
2.337422390699985
1.6145458190999917
1.1771161829929104
3.0936067321999876
2.9079348922999877
3.572493012999981
5.87913152469998
5.793036750799982
6.277588587999993
3.098062367199988
7.7169449294999914
4.2595438079999575
5.055513787799975
2.0146265593999932
3.1578479217999917
6.103242182899986
9.58915176093199
10.44900041499998
9.716038755858543
7.721134596303819
3.762014356999981
2.501389086899991
3.937346183799978
6.212712893699988
4.140840379299995
5.364009680202531
9.113062145999972
8.499074471999977
10.181770689282862
6.308919862405093
5.352843322797412
4.143058956898681
8.471122430405105
7.2105367584051026
2.5789079436999858
4.000347009299983
9.697493427999989
11.561009606999981
5.977148284898699
1.9428883162999866
7.480278233303805
10.45860759585854
12.100108373999984
9.3092918687171
9.637507624858541
10.151907075999995
11.030749068999993
10.635398627999974
6.188770278899991
3.0276694564999853
7.168212113999962
9.99839986885854
10.439230626999985
10.126166416929264
8.481061614999984
4.051304661599977
3.6524533156999874
3.7822263762999837
1.083163913721201
3.3178710311999673
6.082475549303808
5.756878880299989
8.85914660020397
9.466237345931981
3.5160176818999807
4.287682400493561
2.177628837599977
8.976285003787812
8.425256993101272
7.360490963696147
11.547758413999993
12.835185731999994
13.03226214099999
11.974814055999989
11.729569762999988
12.048543024999987
12.021421772999988
12.044254506999991
3.113285871899986
5.612667848202528
10.580478040999981
9.872170442135996
12.213700428999992
12.476550139999992
13.742006878999996
10.690713288999982
3.999986163299988
8.737964782795977
8.197509011797422
9.34859858092926
9.118407368506391
10.27689650399999
9.03081647493198
11.41418486199998
13.487063146999995
8.699325826999992
6.091892237899995
7.508967980999995
8.05841150669615
8.690065005506389
9.436181082202564
12.570020171999989
10.894662095999985
11.922011571000002
11.317339069999989
9.276688276696152
13.279659110999992
10.821974105999988
10.11261108699999
8.549030699202552
8.929658842506388
8.007001858493584
11.530552418999996
10.130466749727988
10.01934860085854
12.514590302999986
11.431707430999987
13.642663042999988
11.408588765999975
4.682412506099987
10.501930503858533
12.279773966999986
11.401826639999989
10.947733774999984
12.326758332999988
9.914716838067985
9.653814053203991
8.657443301405104
9.795314204282864
9.700451733282867
9.572593958999985
7.472127609303825
7.929939952101265
9.313154824863986
9.066207780339981
10.244030444212147
11.032546462999981
9.598226034659985
8.64908854979743
10.32979256099999
8.87976080469615
11.318549286999989
8.00684396969615
9.07467173913598
10.702295814999985
12.243854725999991
12.87754493699999
12.795698525999988
13.026851613999993
13.663978571999992
13.027857813999987
10.704777770999986
9.631357162339992
8.124104963696151
12.067736162999989
11.492888196999992
11.119604900999985
10.766791984999992
10.817443436999993
10.755230971999994
12.859738268999989
11.282666082999977
11.428069164999988
11.57058232599999
11.966860387999988
11.25344262199999
9.064815743999993
9.117554267898715
11.689942380999986
9.387035829135984
10.164658601271988
13.088115317999993
11.292046317999988
11.42109910599999
11.77006914699999
9.814734619067993
10.388422304005433
10.895221097999991
12.69398584599999
12.544884759999988
11.647481540999987
12.522192622
11.103839409999985
13.580370412999992
13.358639861999992
12.890783582999989
10.05520738520399
8.357384815999987
9.478752668797442
9.229160806303833
9.842794129931987
9.66001641999999
10.299785125787823
13.448634212999993
12.83432417599999
13.019603505999987
13.122130359999984
12.52407354899999
11.056918766999994
11.00228121499999
11.77371526199999
10.372456853999994
9.69335050659488
12.103369957999993
8.54737638865997
12.901228466999981
11.848355930999986
10.252558935646384
10.469259635999983
9.03096264340511
5.9355331832999845
5.820580313099991
8.451464048797426
8.969563655101261
9.71403344113599
5.972991815199988
6.18860823819999
6.970580375696143
8.983661489898708
8.357067103594865
6.160000175499993
6.499790811202523
10.166401476999996
11.015044709999989
10.091853820858548
10.934921912999991
9.52852704779599
5.005857549999996
4.840717777999994
5.526585060099992
8.1560296814
6.91341180569999
7.059949925202542
9.080352976999976
6.938330163594866
7.193312145999975
10.137598512212143
9.568954399070705
8.01545541689871
5.745045118699989
7.418250770594849
3.361032536299991
5.262016833506366
5.3111551223999935
5.188807540899989
5.429703826898692
5.27707765659485
8.719805177303826
7.784041175797427
5.409846626299991
3.478138299599981
5.245019297799989
1.8238083144999733
3.7497724639999745
5.975426780699982
5.017224882499984
4.447025793500004
7.759274700899999
7.369026704399986
7.80354932399999
8.210925495898698
2.752681864899997
2.4381057723999824
2.994461343399994
3.007070521499985
5.669879981999978
5.566495811499993
3.267882623299993
5.616533807400001
6.432122950699988
8.405371388202541
4.992278581199989
3.2848807235999864
4.355864003
2.7091354354999897
3.300965541099992
5.138284947199977
6.70141077879999
2.4667464904999945
2.140860118099985
1.8441680861999967
0.8550894488203971
2.583132342499967
5.328108404499995
1.6286864867999953
1.789552781699989
0.5535754734999986
0.6793956142415962
1.1876377593999992
1.8512247130999964
2.592655633499986
5.334557797202524
6.80456534269614
8.564304566999976
2.173254263299993
1.2900879851999971
3.5454396071999725
4.635335499599975
3.532133950799994
4.792362483199988
4.87861407469613
4.787593962099989
6.574518029799986
5.957766923499994
6.457584986898701
5.993004365499993
6.350744645699998
5.568798841899979
4.3686434372025245
4.452744924899971
5.127647657799987
5.816092079202537
6.768805808999974
8.57287292320398
8.125820468101262
5.488095953399978
3.2474591170999845
6.405672701999987
7.472460955797414
7.402472331202541
8.173424011202542
5.079801960799991
4.437388017303806
4.393940325899976
4.5561209258999895
6.288542134099992
6.378914533999987
4.612595645099999
6.195971989405104
3.330660043299984
4.881626158099985
5.889355009499995
7.178004020699993
4.13325236969999
3.7745939315999677
6.432913778699986
6.817899970999974
7.546335577405102
6.546775416594863
5.172803999299996
6.09877374569613
7.73847812810126
7.065539608799995
6.338580882299989
3.9302445464999796
5.1695089782999935
5.789412902799999
6.030141296399987
4.53099052279999
4.660881225599979
6.600585928303821
3.452400460799983
6.241746804797398
6.358620857202528
2.1324194915999963
3.6633854217974
5.943900160202526
6.449583380099982
3.109272523499984
3.821374795499984
9.699145077646389
9.423653813135981
10.126164863717102
1.5593251082999975
1.7221417434999935
1.512050459299994
1.0812156665858506
2.2892873366999806
2.954523939499982
2.127934802199992
5.14823504030381
4.330442028799972
3.595432127399988
6.406054211405074
8.987089027405105
9.590064750795989
10.112842518727991
9.574848310931989
8.906754768405106
5.565502421594858
6.726141545101251
3.7192715453999816
3.761331350699983
6.51755675349358
7.625495846594858
7.380649911499992
8.977886500493588
9.29097668610127
8.353838485696151
8.106723957797428
7.773847730999995
10.788557895999988
10.362240389999997
9.073005531303833
10.467957625999988
4.797626489299976
6.724407873493577
7.66398570859486
6.521137908898702
7.8754950149999745
8.553213030999988
5.125490989699979
8.259003800999986
9.685308654797439
10.221139731989114
9.99974008321215
9.39425766299998
8.182422640999992
5.578908856199988
4.154782417299986
10.604000147999976
7.3484441268986975
6.208029295303819
4.020704478499979
3.5258771666999857
3.1584560561999844
7.221168733199991
6.182643258696131
7.933285302696146
10.325868123999989
2.9672822951999867
8.685318342583974
10.794029722999978
6.734483302303808
4.499242375202514
4.364578654499983
3.2566984542999804
5.4334292114050955
11.88908286599999
9.080574992405106
8.582474159202548
2.786467854299981
6.759449807696125
9.698212139929264
9.178578131067981
10.318088572787817
8.84257123110126
7.2732244492025515
3.793229327399984
3.394142109699981
5.268350372299979
6.273638296499972
7.215596707202542
7.099623620594865
4.616185522499982
8.066990513727967
10.285337077212139
7.828691458101257
6.780238615405091
8.102834446696138
8.821841365101264
7.804889985696141
10.940449027999987
11.386181232999988
9.502490270999983
10.2087837920707
8.983888304101262
10.815037359999991
12.401582958999988
12.43516318399999
11.388189090999983
11.818212600999974
8.460944364895978
12.380842536999985
11.871136912999981
12.924741572999986
9.02435304579598
3.5803872008999864
9.096640888999989
10.474105509999985
11.38958889599999
8.64409148249359
8.898115164202549
9.838934748863997
11.831513689000001
9.743812687787825
11.38582073199999
11.141398766999986
12.045359827999997
10.654235123999996
13.704469008999995
13.982113897999994
12.39039484099999
12.259827579999993
11.73091126099999
9.102134207135983
10.613226943999988
8.932914709506392
8.668036556999992
9.750928720067995
12.225954213999994
9.47466204520399
10.102056520070711
11.519092350999989
11.38164613299999
12.470073507999992
13.389919562999994
11.545020510999986
10.720617736999987
11.985641123999992
10.489621088010875
7.7925372878999974
10.192212391908322
9.72023249372799
10.99346303299999
10.16904259799999
12.494754584999987
13.18075723099999
14.161502529999996
13.19812567699999
13.581351830999992
13.328375245999988
12.85730808599999
9.587981364405117
12.599535099999988
12.278021821999996
14.202663138999988
13.856966002999988
13.743215250999988
12.984196497999989
13.09349935599999
13.299998057999998
12.812652974999994
13.05703569899999
10.418191579008159
12.91210968299999
11.393818178999993
11.583975696999993
11.045211364999991
8.513972297696153
9.080742138696149
11.783848144999988
10.48581557499999
10.492108930999986
11.513260856999988
10.760660448999989
8.597279026797432
7.693071145599994
9.366495416303827
10.63785306499999
11.096656389999982
11.517009868999994
9.846119958339994
8.58339946899998
11.021384388999985
11.739454969999986
12.35961127299999
13.22907456399999
12.814953066999987
12.653367695999984
13.64524490499999
11.736690726999985
12.997510228999984
12.885275200999994
7.9841081192025385
9.835323516863994
7.887852239999988
9.464962187141426
10.249210096999986
11.236257367999983
11.00104911999999
9.56354754320399
11.023174767999985
13.13077894299999
9.483574673339993
7.843685774199992
7.800952021799995
9.965671365271994
8.082249856594865
8.695280633493592
8.899670925900008
6.050736511199993
5.947044378699996
6.923285539199995
5.239563038599987
6.813030384799986
6.861328266899987
7.604497651696145
6.778600100699994
6.13012834779999
8.010186904898712
3.960021795699992
7.3066580977974205
6.7769755355999886
10.024107205141423
7.017272685202537
9.39082733165998
8.823965586898705
8.047456001303818
5.628006613202538
8.259458752405108
7.7588554398
7.748853346303832
10.997705974999992
9.423922129863985
10.602353203999993
9.712667665070702
9.150560478135981
8.980165470931977
7.319913461303815
6.649847233594858
5.891860440099991
2.907682752999977
4.24563229059998
4.911280099499983
6.350973789999967
9.002518353303826
9.843735060070703
9.035592213400005
5.6488576889
6.090455842599996
3.6675580565999883
8.01752991030383
8.790432780506386
10.888774725212137
9.295385685795985
8.563117822303823
0.9670068849717024
5.8987731307974105
3.223611527999992
3.4645067519999957
1.3717621016999901
2.2095306701999995
3.936676484699998
4.775615757799989
5.1452966964999876
5.106077413899994
3.368665257299989
3.5060557769999736
3.534568238799988
4.174491471899991
3.342771447799968
7.1485462234050825
8.004808337405093
8.500060836797422
1.3234710754000027
2.2034945449999883
5.395972819493567
9.916972941727972
9.576709028727981
9.16676038072798
7.00649503169999
7.150916200303827
6.999957977303826
5.696989562999995
1.9284307433999985
4.101106912199996
2.9094839492999873
5.345942263797412
8.132221871898697
7.835407185405102
1.8011946700999935
1.440907110599999
0.76218341074051
1.1372934539999955
4.230572663899992
3.5112556350999933
4.885524655199983
6.17790606229999
5.87045984949357
2.63211455379999
1.7207519424000013
1.7119577544999816
2.8847985076999874
1.8143472808999896
2.615578713999986
2.9087257445999866
2.573727819799996
4.931589456200005
3.5126842162999963
3.216075151099996
7.506953156999991
2.4920710357999947
0.5627403091399994
0.9932921707141399
3.3177696044999987
5.481532688899999
3.391799555999998
3.1077993026999877
2.9475712891000017
4.2840589950999854
7.748315199303832
7.142646250899995
5.0535798263999965
4.190152516199986
2.748914680499988
4.921955836499991
1.387534330699996
4.522951521299994
8.013516650399994
7.650194834898704
5.455264494299985
5.454189929199979
2.9941177413999887
1.2980310500999976
1.8176329741999928
3.8018004882999716
5.325619546499992
5.33270217899999
7.364131668101255
5.073670190405095
6.027864160202541
2.075119230699996
6.32145270999997
9.505505828931984
10.070446151795997
10.398989490999995
8.37443225399999
8.954500492931981
6.741833535797424
2.853938270599991
2.805543875099991
4.202708840899991
8.022582104506384
8.016980654898708
6.74628243559999
6.917397938493582
7.107254241898699
7.192818058797413
6.01163114010126
4.946509785499996
2.2315265639999984
2.941347317499995
3.6105118881012417
9.846492909141423
6.410596252405092
4.51906103669999
3.0574439605999872
1.9671422469999926
2.203150683599996
3.0168701827999858
2.727146101399995
2.1068672271999924
3.965512977599994
6.969110945099992
6.94966527399999
1.6558813415999862
3.9008776932025224
5.887369346594841
5.996316017202538
5.743334989899995
3.803692076099989
5.424419845599986
5.67723744959999
7.507320190405108
8.562041451999988
9.810436625795983
5.392384925799987
1.099758385285837
6.6727353194999885
5.451480850199985
5.914813722199988
5.372688264499991
3.7108046569999815
4.836853626999982
5.21981539309999
4.057544856299993
7.091778463699991
6.866251354999969
4.3462761611999845
4.7076003936999795
3.3981048507999816
7.818877665696143
10.970973693999982
11.428601484999989
11.68003517499999
10.472766758999986
10.359597796717106
10.553464530999985
10.601024068999987
8.221011422696142
7.45216466830383
8.647801921101262
9.722270370353588
8.7896243164051
11.568708126999987
9.862648733646376
4.773323358199976
5.799720635999981
9.509039916999976
9.896188401863986
9.843008656203985
11.696252642999987
9.064790565339973
8.832068832405103
7.465927156101262
6.290757240303815
7.365150482202536
9.28594544213598
2.5054948104999806
3.9284729873999766
5.213272979699981
4.188860975599976
1.2581535415716965
1.52503708949999
4.500025031999985
1.639152900699988
2.346335813899986
1.8722200423999902
4.163348654199975
7.24622521979595
3.8302246779999836
4.156359963999983
4.7462573333999885
3.8825729064999774
2.4101965316999756
6.658437954696132
6.404218687399986
7.340636059594867
10.326056260999989
11.596465928999985
9.404679467791986
7.903291354405107
9.423553018135985
11.118721303999983
11.263654142999984
10.837392690999987
8.299103813202539
5.334982830799978
5.40443516079998
12.037906605999988
12.000905405999989
11.268475202999987
11.568544019999994
13.276838721999994
12.131646872999985
11.15611730699999
9.59624878086399
5.895983937099993
3.0666236327999914
5.473018456999978
9.895827735929256
7.426096955899993
6.434634237699988
5.098636650099989
7.287699433898703
8.915747267202553
6.873762452696139
10.234717678858546
11.69024737999999
11.325622489999999
11.88084255099999
12.149688140999986
13.487190165999985
12.977971772999986
12.180013335999993
12.131606231999998
10.663371628999986
9.97501513814143
8.72650245359487
14.053646544999998
12.952547719999991
12.01353609299999
12.557755240999986
13.719892246999992
12.17614170699999
12.179900145999987
13.424884595999993
12.446059485999987
12.48549344199999
12.599509357999988
11.912068409999986
11.827657869999985
12.105806646999987
11.38466743599999
10.870220554999985
11.681780028999988
12.28615491499999
12.845338563999993
11.795512868999989
12.539521140999987
11.05508587499999
12.31514013199999
12.792434667999988
11.888123420999989
10.584216210999992
10.981199483999989
11.669146421999988
9.911645394929264
11.036253119999985
10.827628606999987
11.953045112999991
9.153712297101272
9.203911337303833
6.0169558532999945
6.33466199949999
6.205003286699988
7.893573773202557
8.792927526898707
11.377007761999984
13.527936384999991
13.520617428999987
11.94942101899999
12.745991240999981
13.49851892699999
13.957853171999995
13.721401720999985
12.861442052999987
10.021930519067993
9.116492080795984
9.736882432727986
11.61955976399999
12.161853792999986
12.563222149999989
12.97390639199999
9.883635063135992
8.127342800898711
10.312991569999989
12.381476552999992
10.279249372929266
13.393255282999997
12.315829740999984
11.74997322799999
11.237590549999984
11.878458977999987
12.981207653999995
12.275027447999994
10.03212878106799
9.480234379594872
8.717938258405113
11.26847314499999
10.28063661971711
11.937917685999988
10.486108420999992
7.36684092559486
8.377624970999983
10.477829030999995
12.712689275999992
10.040349131858544
10.622591196999977
11.259468181999976
10.422861719999995
9.214565911929263
9.965715510717098
7.615098246797418
6.134232780499985
7.118003945900001
7.902108904999988
7.656457652303827
7.399335829199989
5.62372015379999
8.098793456999994
8.202804147303823
11.428410149999987
10.979507622999993
7.77718129579743
10.611022231013598
6.826177096599995
7.644356872599993
7.082118783599993
4.983949064599997
7.6819244780999885
3.9585041305999895
6.514779109199994
5.351974127200009
8.15240206599999
10.39739636100544
7.651682104506375
8.924821810898713
3.6816147658999925
9.188656677135981
9.171346620135981
8.964781634659975
9.339926927202553
8.988904142863984
9.427709318659984
10.260238774070706
7.237271292101269
9.497374232353573
7.580916555797432
10.407387710727981
6.494174494899992
9.973221186858545
7.57166056820254
1.3487432418999952
4.062583818099991
1.8297339873999974
7.176380339101258
9.500523757931981
7.170233488499989
10.263547977999993
9.631490008659991
2.838473818999994
6.062083972202536
8.587133772303835
8.860110021999981
7.749076153594866
6.863597744799991
3.521346665999994
5.451654687499986
7.062814022799987
2.7324882552999847
1.5072721404999996
2.171094853199994
2.7286404784999667
4.0388875670999935
6.6194586761012575
8.12168768769615
5.989779319799987
5.0963448577999895
4.638004949999984
5.867862725799983
7.071896662898705
7.677191958594866
7.520274410999969
6.326901026898702
4.554096868899989
4.613301556399978
4.6539025573999915
3.524398664899993
4.244525787399995
3.8524685759999953
4.544528175399992
4.097879913303807
7.5335363997974145
2.99006493679999
2.2281056777999946
1.334806846599995
4.6834989577999995
7.02639132839999
5.364155804399992
5.728886738599989
7.627594311493589
6.200225425696132
4.459894015499985
6.608074615499986
2.8385120955999903
4.146049516299989
3.871679099999986
2.4370871322999803
2.4637707931999917
3.318008923299995
6.043025207493581
8.663631358303828
8.059754267898708
3.838925653099987
2.1525554366999917
6.041490548699995
1.6468482528999946
3.5999493087999754
3.2316186385999948
4.113217718499994
5.614377029399989
2.634466000399997
2.865098323099999
2.9120989989999986
1.5896770568999974
0.9640402386787804
0.9475331979858517
4.36219281919999
4.5275107361012505
3.817256719999966
4.931528875699977
7.689642617797414
8.262260218797419
7.51910428159487
0.9059363919212127
1.9553403975999986
3.5042538878999876
1.7668850219999948
1.494818127399991
2.5836571944999767
3.5927893126999715
3.7158093261999894
4.777518562299989
7.412836648594848
6.450666937303825
5.361500134299984
2.0839378081999866
2.50293494869998
3.348243316699984
4.0682390258999845
6.299754057303808
7.09184380339999
9.617156112795985
8.388694801303823
5.209742243999982
6.966054043594862
9.093956080727985
7.899872946202541
8.450961981202541
7.723405471797432
6.423427114899991
2.0529694640999985
2.3942406372000002
1.2284416884999974
3.4085341048999847
2.7069800902999854
3.768044337499981
3.892229060399988
6.702473603797425
6.728551185594858
7.4509715195063775
8.360119474797417
9.638798734999984
7.17820385279999
6.700609159899998
4.974672718799987
5.0336590346999905
8.086231932101265
7.829031648303821
8.57337270199998
7.7436008758986965
9.996080029212143
5.240687785299982
4.660179205303812
3.4329198211999907
4.476389253199987
6.694109680202544
8.463525416727972
8.140707780506371
9.111233987271982
9.243244352795982
8.445184812898711
2.4761873214999848
1.5267294631999855
2.7859456954999766
8.495153253202544
9.07244076527197
9.517418745271986
4.587178166199984
7.961878333999971
10.105365106141429
10.784773812999987
10.330049427999992
11.196922164999986
4.29653444369999
1.5290942656999849
4.226801548799969
4.97769251559485
8.337250807202537
10.490876384999988
6.609996968101262
7.981126336696147
8.979208373999988
8.475940124493583
10.321416637999985
6.129499558999989
4.672985562099988
1.4630932769999898
3.273164009099987
7.404662187202533
7.0358926162999955
6.939574896199989
6.03302674409999
5.8742367446999895
7.578879679898698
10.76070099199998
7.753950668303819
9.164802760212126
10.563213411999982
11.802242225999985
12.79557745199999
6.611037661696138
4.8030778151999876
5.4808975829999795
10.070181867999993
6.453281321696131
8.775657562203977
11.00135376999998
11.157189025999982
11.20251110199998
10.938016337999974
8.134925642405102
2.7092284682999854
4.278990290799968
7.360491548202545
9.639779740929255
9.487398022353585
6.539783488506376
6.095913807696137
8.85091955259487
8.182583882101268
5.670807739299998
7.762532162499996
12.099957602999979
10.952122214999994
9.867369979929265
11.592945215999997
10.886736629999985
12.826434752999985
6.303213432299989
7.944685975594871
5.145890112299988
3.062363041699983
7.708557592797428
10.787618541999986
10.686089290999991
11.907039554999987
12.299753391999992
9.173332640067986
7.350434948696146
7.030877433797414
8.227428300506379
8.9448167587
9.54484296713599
11.714798995999985
11.098681719999988
11.16418734699999
12.170006267999987
10.159619357212142
5.272959597797416
10.40913943792926
12.309881621999983
11.789451829999985
11.634441559999983
11.323233783999983
8.716934500101258
9.165507614070702
10.994796178999987
12.386448673999993
5.986921586594848
9.296150147999976
10.506426116999982
11.49732666899999
11.693571837999984
8.4657364914051
12.235136045999981
9.225185674999983
7.165477082799991
7.571310565202536
9.043866549795986
7.372897914099991
6.078535125699995
8.665980004898717
8.862232009898708
10.397066722070704
8.977329351858529
11.072304448999981
11.641308037999986
12.06106352799999
10.75596319599999
8.410067808493586
9.636113420070703
10.175901666212145
9.88166222520399
10.20153116772799
8.181827281202548
6.8887848235948645
7.98112166750638
10.667479737999987
11.44197411299999
11.804109009999989
10.993814145999991
12.927539011999988
12.894951630999989
11.779325091999983
11.738818187999987
13.880091034999989
13.371261030999987
9.383555813717104
9.332587599202547
8.853765718101265
8.21085338750639
11.319992981999983
13.89138905299999
13.15320188399999
13.351602283999986
12.120262209999987
12.831836747999986
11.52320978499999
13.191614821999996
15.41945853999999
14.331703660999988
12.984716981999988
11.390243464999982
13.984145952999988
13.573949776999992
11.434798787999982
14.85214380499998
13.566469849999987
12.254743131999987
12.95254259899999
12.62559860999999
10.615814557999983
8.440692652898711
8.67701753999999
13.173954471999991
11.441834093999988
12.448698821999988
12.965112581999987
13.192607354999994
12.489294466999986
12.152577631999991
8.443276309202549
9.38436652979744
11.415932342999987
13.061022585999986
12.481030073999987
11.598006495999988
11.448545530999978
12.185623757999995
11.313470182999994
10.120172045931989
8.298087220797433
8.762188587999997
6.7058456801999915
7.985593614199995
8.275943629506388
8.467789063999986
12.557235914999989
11.625191025999985
12.479744571999992
9.750799484212148
8.40434165799999
5.972655052199993
8.743354547101273
11.024054133999995
10.587464290999998
6.279679249599998
6.090908303797418
11.412705541999994
11.277441333
10.709414438999984
12.789418079999988
11.608679647999987
9.283058995101271
9.931123995999995
8.575619198594874
9.784400956787826
10.18254583428286
9.51604574120399
9.56139000533998
12.516627392999986
12.547855254999995
8.394385041797431
11.158772669999992
12.478541277999993
13.661196421999989
8.668257464594872
2.0339719848999995
6.5518311767974104
6.629588432303811
6.547927951
7.8747866302000045
8.135580641202553
8.466135458405102
9.33593252572798
9.513657093797432
5.237244119299979
9.342360787999967
7.71097000430382
7.1815523314935765
6.029526048303814
9.40300062099998
8.543016058303825
6.951552529898704
6.892950660699987
7.944313844303831
5.495034825099988
5.675728112799992
3.568852195699998
3.7864586608986848
5.50783086399999
7.0477606872999905
6.009559074399986
5.370949626200004
6.4602360306
5.613612855499986
7.171673702999975
7.093027200303823
7.854302094999971
7.334414247101263
8.591430140696158
7.975993817099995
7.568416606067955
8.019360497999987
4.373539674399995
4.656638307199988
4.67440965879999
5.568088923594854
7.347572192405095
6.445535444594851
7.764829717999991
8.408691534405097
7.7421129546961405
7.624978053303811
7.412782461493581
8.002154624898704
6.577687489299988
4.935803893999973
6.154576650999983
5.333227796899988
2.3812319137999873
3.5433127608999846
4.568903164700003
4.506673664899992
3.627947969099991
6.525500042699989
6.745635208099985
8.215915008493582
7.879787112405094
9.335634507863986
8.24828280940511
6.768255102499991
8.644469644135977
7.419930290202537
7.56543966520254
1.7393904952999995
2.372495039399997
3.9258755248999972
3.282325793499998
9.39165997010127
8.10696918179743
6.744631991599992
6.649435761999993
7.319270762599994
4.2691171523999945
3.3318301024999903
8.215163751202542
7.522528135696143
7.777216470303826
2.629457215899998
2.0015368651999985
2.2682922943000023
3.532675291399989
4.914583012399992
4.5732581283999965
8.539134783898705
5.818594300797407
8.641738120999982
6.915426187101267
6.352262837199991
6.5221572539999775
6.898494616696133
7.049429873696137
7.425318269299992
7.047108224499993
6.137152583299986
6.451232681303822
6.974759623696139
5.95644241179999
7.457178134202536
4.595570136999989
4.5372553908999835
3.2469850142999817
6.556199632299993
5.597958914202535
7.750781803898699
7.485875299101258
7.847769403101262
7.636624142499992
2.4857883895999895
4.570179066499982
4.675325149493565
7.150660755898707
2.7186007903999836
3.3837767287999982
5.74312174839999
8.55922490999998
9.9236291030707
2.3157948592999933
1.1331920791999983
5.001677973898679
6.122213316299988
8.685130326797427
8.197293473797421
7.173693952898705
10.263230407787818
7.14630461579999
1.679012138399996
4.708012258899975
4.783543676799981
3.744344602999986
10.217717335646379
9.523366838070702
8.523084255999976
7.17687048649999
4.854307267799978
7.519201325999986
6.203927227797417
9.479120634339983
10.686851807999986
8.810376820405105
7.3955526748999905
7.253240724202536
4.158612239099987
1.7166190963999908
3.421679923999972
4.771326869199984
2.10510772859999
5.1716087447999985
5.169336601299995
7.2197080536000025
8.938309640493596
6.845936148101264
8.110566632101264
10.02187434086399
9.01937339320255
8.361964695699996
9.688558987271982
9.947474848929263
7.449995373493587
10.544214795999983
11.106736178999984
9.514165234271992
9.452692735303831
8.620220980797425
7.975319306898701
10.94904876299999
9.394437527339987
8.881213580303823
4.045115493799995
6.481479786696138
9.680616599999983
7.758036697405106
8.739485005202543
8.95949502720256
7.3681574401999965
11.132052559999991
11.776947140999994
12.518541601999988
11.419098082999989
12.191845408999985
13.557802599999986
12.884735656999993
9.018268995696149
10.660748063999993
9.730266958717099
11.385948656999982
5.247786596699984
4.203945539899987
3.4765048385999937
1.9587004790999922
6.461945201099999
9.09637718199998
9.007659199659981
8.506383200101267
8.80066495669615
9.261787145999993
7.134753169299986
8.262268020594867
11.100258822999988
9.846759747212147
8.468192657506386
11.911745780999992
9.469020512271989
11.149233542999989
10.15939713899999
13.14275817899999
11.375664252999986
13.033316787999986
12.815772684999988
11.988098920999983
8.58494968720254
8.592386180067967
13.72146861999999
12.78069629999999
13.539919436999988
12.419261449999984
12.673262584999987
9.726434471070709
7.6030766829999745
8.047600672898694
5.2573942489999705
7.731007174795965
8.092743691999978
10.844943021999981
9.570132006858543
9.49841200406798
9.94187504114141
10.130084597999987
10.33932254185854
12.763491143999985
11.999823934999991
12.721582168999994
11.235871254999983
13.042824003999996
10.262017593282861
10.990546544999974
9.553788253858537
10.141793626282869
11.665476063999996
7.959221470599995
11.339482259999995
10.935487264999985
12.317865052999984
12.241060987999983
13.674903144999991
8.869601571795984
7.813418189999977
9.593013024929258
9.335504896659982
11.718102390999993
6.476786259499995
7.455956565898703
11.56084129199998
13.729640467999987
14.895122371999987
13.12232978699999
13.650716352999986
12.338197646999983
13.905442687999988
13.302092766999992
13.691589452999992
13.373337319999987
14.457640757999993
14.262250162999992
14.257938199999996
12.86035714599998
13.932297463999985
11.360575351999989
14.421795069999993
12.259023185999984
10.93490144499999
8.086155502303829
8.710646820101273
8.43817144010127
8.072188191199992
8.567538813797423
7.5916664154051015
8.078514421101266
9.937663714727988
11.036368775999986
13.082158434999988
13.625511046999986
13.624095786999987
12.861024129999983
11.892126858999989
8.969587702898709
10.092949648999998
12.090612510999984
8.999313932797444
8.823608914202547
12.68438418599999
11.914177866999989
11.057678318999985
12.118285230999987
14.51195896799999
13.319307453999995
12.726569164000006
13.737435708999996
13.415725933999989
11.803529484999986
9.971974330070704
10.866634691999984
10.106242018070704
11.622409072999982
14.07900635199999
13.708437876999987
13.894766242999987
13.258848357999986
12.345139054999986
12.584268261999984
11.856159359999982
11.165656321999993
9.37608975514142
10.641226520999984
8.453111868303829
13.545852923999993
11.614580991999988
12.442139904999987
14.011902927999985
12.59829617599999
10.053458306929267
11.79277345899999
13.502098655999987
10.480647936999992
9.120540638696149
8.428917721594873
7.8637921661012715
6.180121678199987
6.5389484420999855
9.85609376214142
11.28434152199998
12.14722840699999
12.846822086999989
13.852915253999988
11.745450129999986
11.634837153999998
12.366011269999996
13.668931457999987
6.078564204399987
9.35282616879744
11.127679944999985
2.1995899611999863
7.417631750506356
10.591850022999987
10.002292536929264
6.955166384898705
6.617167864999992
8.510995356797434
10.314539963999987
9.379970414795979
2.130386326599998
3.0284686873999873
5.732062052899989
7.531803315696143
9.62283471520399
9.091346476696149
8.330585281405101
7.947116781594866
6.0223065078999936
4.852288879399991
3.6562012847999927
5.4769150893999905
6.3702675734999845
5.420317912299986
4.31390293879998
7.238066838101262
4.163181883199996
6.157013769493573
5.967952545199996
7.582310061594868
7.61337253110127
5.159896990999995
5.3285280654999845
5.882757929999989
7.130099186696137
7.317261236594854
6.858557995599986
7.222716960099991
6.402025895699984
10.157329144212143
9.343595582727977
9.233976287863978
6.665880502299989
2.8664557799999923
2.6490818344000022
1.7783399856999909
3.683953144799989
1.5426503692999949
2.545883814999994
2.835459425399984
4.270389152499982
6.727252717594856
6.429660336299994
3.767404656999987
1.8141986983999858
3.97561429439999
4.903177331493565
4.628006784099984
1.5859067702999983
2.300020170599992
3.5281308944999927
5.576510653696137
5.122541320799994
2.1127397414999933
2.4606984405999945
2.905287260399992
3.0095748458999947
1.019706402207066
1.9127775207999986
3.6314045181012324
2.678278834499989
3.2110067824999846
7.923143939202542
8.852667309594871
2.7885993712999975
2.053475666799997
1.5999492355000011
1.7345137160999893
2.299909324599982
3.119268868999997
2.5059774505999965
2.7745330031999798
5.77470546419999
2.5024330642999875
0.8233880889929206
3.3798096969999896
4.061498965500002
5.853210070799995
1.9368254378999963
0.8247767835594867
0.7968952144727964
1.2588181807999987
2.140536421199978
3.8426014785999953
4.1189530456999774
4.956455276499989
5.694682844499984
4.739608163499995
1.2081779204999963
6.348697822594854
5.571636827099981
7.563280218493583
7.451832174699991
5.188366601599995
6.262164312696133
5.282291220099976
5.448749047899983
5.288657163999963
8.817996009863966
8.29527984010126
7.580810876506376
6.711218623405098
6.707167121898705
5.757103483599988
4.4384017639
5.489539237999993
8.061569850135967
8.688591654999977
8.873520251506383
1.7836165053999915
2.8531328811999974
4.047308409099989
5.408954063399989
8.575239065594863
6.513208204699987
3.855815472399995
3.697930563399987
3.1228719192999947
1.776230607599993
2.1480863585999845
3.234414831499972
2.3074446547999896
1.7770003432999917
2.2124215332
2.5238546172999956
3.7219957381999795
4.6117556258999794
8.198563915999983
7.823700746202543
7.659352015696145
4.838932005299993
8.303097674594865
5.564521800199986
1.4693806228999946
3.476910560599996
4.930064137299984
5.192499993899991
6.518999085999994
7.686954057303821
8.186013560506382
7.554120478797418
8.428238409405102
2.575317803999988
1.2196841231999975
3.498898707599972
4.8180901717999784
8.279475183101262
7.211036537199995
6.1006694030999835
8.535434265101268
6.563933534199986
5.223887591594854
4.239089266999988
4.313123834199988
1.9826152907999945
3.232438513199994
7.2734255585063865
7.3195845778987
9.401381141795989
11.946209664999987
4.839523248299978
0.6023591570898691
1.9372892318999895
0.7724905599727916
3.9317040023999787
3.9432683593999895
6.480080271899986
7.575509420797423
8.575317848202541
9.275989393727986
4.25194359279998
4.743523565699982
1.6397090774999927
3.040761146499988
2.0277542739999905
5.359818119799984
7.059338380405073
6.696158465594862
6.539041805999983
4.014759448199988
4.170495454399986
3.05823590389999
4.598265641799985
4.871964140299986
6.255039393594861
6.03763903049998
4.969080670199978
4.693987382499984
7.964075144999953
8.972534358202546
9.022007931659978
5.503335917699983
8.317316279594856
9.422181896999986
8.250137692303824
9.571136669931986
7.679922859202538
12.052589309999988
7.411187913493588
11.069445843999992
2.1475317290999865
1.7449373168999875
3.130936662303808
5.155830894499982
4.7647644011999954
7.698426357999996
6.41001060489999
7.518931773405101
8.759488699303823
9.923041249070694
10.720778476999989
8.21327855830381
5.967802734399978
1.4604025878999858
1.9543966536999755
4.148020815999986
7.328876541099985
5.080382684299994
5.383658914199988
6.691275160199988
9.220583715797426
10.631874531999989
11.086448940999977
10.079508423999991
11.659908295999989
11.698771691999998
10.323437165999996
11.487982009999982
10.1759373580707
6.838283985898703
11.871114379999975
10.605753715999994
10.886977978999987
10.905775539999997
10.859995548999997
13.129151554999975
7.904321563696137
9.414197489929256
14.490271773999993
13.63193624599999
10.750384804999985
9.354671946795978
10.37063221592926
12.796489988999998
9.861758378727986
8.451002517696153
8.704812919594863
10.513438704999992
11.245964310999996
10.800689269999973
12.615061527999991
13.393759113999991
12.360319794999986
10.937730842999988
13.676675312999986
13.61166564599999
13.421287610999988
13.878925150999988
14.910688410999986
11.607500379999983
11.210765865999985
10.145067532212149
10.083427503999992
12.642174540999989
13.703069739999988
13.82310487399999
14.513667429999998
14.420359490999992
13.799328513999994
13.490167981999987
14.100121692999991
15.084430596999992
14.665759716999995
12.488927788999995
11.219728577999994
11.39757226599999
11.64564578899999
12.503054751999988
13.770481495999988
13.999468854999991
12.101404709999986
10.53247919799999
11.34143593899999
9.074047662405112
6.519823017898703
7.045066241499983
9.49019865886399
9.686510302795995
8.121723628199998
9.827746820067995
7.619443826299992
14.569325797999989
12.43709662599999
13.877761673999988
12.872775327999989
13.144243564999986
12.195140540999988
12.05735523399999
12.454473166999987
12.109458793999993
10.882579839999986
13.185347912999982
13.89087137599999
10.487086942999985
10.538705050999987
7.937367381303825
11.655048618999988
12.652673852999984
12.45591274899999
12.78689158599999
6.578319573999991
6.676971197499994
6.453083015405104
7.483298799101261
6.292875283799988
4.824842454499989
3.8100249938999906
2.751982353199987
4.3334048354999855
8.511843704202551
11.745917554999984
11.053784083999993
8.91456712949359
8.492281030303825
6.276153114299998
9.868013301067993
12.383372030999977
10.606062690999986
9.845876023929263
11.800667055999988
11.372587957999993
10.236460530070707
9.087251110863987
10.035783972141422
9.61982676227199
8.947324406405109
9.268681585696147
9.700884284999969
7.6064005614935795
12.775831972999981
12.49489855199999
13.67685712599999
13.202458002999991
8.98212362669615
9.390152520863984
9.48550619035358
9.338381712212142
12.041660613999985
12.761358367999993
11.153614248999993
10.974023536999987
11.307949196999996
11.174532235999989
8.860920723000001
11.454121743999998
10.616947135999993
10.710693854999981
9.927788590999986
8.02856350859487
7.36666714320254
5.886065592999981
5.601416542100002
9.12894414830383
11.443898035999984
12.205963134999987
12.159619022999982
12.685519237999987
11.267270939999985
9.262399694863976
7.042799343898696
7.672971729999984
9.664942109787813
11.67210205499999
11.912949206999993
7.976204159500007
4.094467312599991
4.044496891799996
8.108991351299997
9.769231463717098
6.513703140303821
5.616103028899991
9.515740393070695
10.336304258787822
5.982335554499984
2.5920320556999923
1.1606653258999968
5.341499896199992
2.4761685409999936
3.2464119080000007
4.307202867099998
2.618380453499996
1.7316007232999917
2.8590046889999767
1.963098400899992
2.2229707641999994
1.3880320907999961
1.5728908034999936
1.930794390899999
4.7039725097999865
4.854172026099992
5.760547155799981
5.695496644594857
5.381839114399979
5.189066500899991
2.4604016173999934
2.417558378599996
1.119655401599998
1.6263856429999959
4.43927887730381
1.7224852630999754
3.3412722899999747
2.7007982726999775
2.7250896117999845
2.8772482254000065
3.390594285600001
4.914725294499983
8.501275553898699
8.402263801594867
5.903121191399988
1.6697924926999963
4.731996716303805
5.555244203202533
6.021967007399989
1.7275984862999938
2.7312002028999727
4.824669055199996
4.445988128699983
3.788316296399988
3.482161909499996
3.8165312560999953
0.9907550789858505
4.0832768752999735
6.883730015594862
8.11116501310127
3.539275138899991
5.911559489399981
8.80217365720255
3.269300291399991
6.131935838299993
8.034568707303812
6.63469023739999
8.621610829135978
10.591304540999985
8.213813902303826
8.823779954493585
7.780335287506381
4.643737327599985
1.2365027602999996
2.213113208
0.8740453021999918
5.207077123999983
3.6738844481999937
1.7570133942000006
2.2027344787999943
4.744449952699992
5.91833958279998
8.99464998620398
5.930728155499983
0.6468928861600011
1.0306010447646268
3.8061723082999968
1.470456086699995
2.724761270099977
5.819376686101248
6.588295878594856
7.50399864040509
6.3115895905063715
7.197195449799996
7.276369869999969
8.862017263797428
5.785213665799998
4.559255029299996
7.027714627099991
4.305576170299981
6.388455209400004
4.694790998799988
4.323781588699984
7.325721301303817
6.287801449599993
6.395609660299993
6.4366017272999825
6.93369475099999
4.704243478399998
3.954209616099982
6.018417323303811
7.769512341303815
7.467406455999979
7.305700421101252
9.63870796065998
8.321931532303823
8.119908749405093
9.807603381212136
9.480860339271985
8.35087525630383
10.161260107282867
8.578606504797424
5.804184590101259
1.856085734599998
4.365220896899979
6.087203291299989
6.154235145599996
5.990298059099988
6.926531375099989
7.789972170999991
6.683178233299982
9.250549706999996
7.629400509594868
8.298607238797425
8.507359030202545
8.307044174202538
10.235404905787824
8.766148792999992
8.904280458101265
6.639565129099987
4.984824595599985
4.536265165699997
5.10096131440509
5.55091480869998
3.5014701186999866
3.7545164290999957
4.856484937999989
6.042322743199988
8.590536099202547
8.32508303830383
6.405758854699984
7.6973732681012645
5.807531198099991
6.836421096799989
8.65354963230383
8.508011886594865
7.608898519898698
10.463009104929261
9.896177894717098
6.147177882399985
2.946510891696119
6.2289986191012545
4.356369694499987
4.576021731599989
4.439536082500001
9.363222622696147
11.019149235999976
7.406898721299987
8.766810884101258
7.328029235797421
3.667822543299986
6.395264054898684
9.573431530858537
8.195150659202543
5.8865518555063785
2.145251109299979
8.713558386135968
9.777431166070699
10.443490403999986
9.38451451272798
7.275050463898707
9.052793656898713
1.983054423499984
1.081057991307066
5.917779237405095
7.534162753303824
2.704311804199987
3.4014559997999827
6.162011752303817
10.329780737212142
10.560019034999993
10.895503000999987
9.797505660999999
9.95016498714143
11.52126946899997
12.77834807699999
10.99226282799999
9.274639385999986
3.949670739699983
4.558209135405084
7.063483833299996
8.002164196800004
12.493325124999988
7.532114871202522
6.959825581405093
10.956802944999978
7.721435800202539
6.977468844594864
8.537203002898694
9.411616058212134
10.65336952999999
10.750726786999984
8.884177658101263
11.043741561999989
12.466177497999992
8.764315878303828
9.560200036727975
7.380016252101252
7.012967298898697
7.982504658493582
8.55127656710127
8.175664826999986
8.890152262898702
6.524836840799986
9.493833956931981
7.913362799101262
8.30409037313597
11.415157743999984
11.845276409999983
8.578956632999986
7.619826222199993
10.835303747999976
11.688326182999981
13.365246805999991
12.538671485999991
10.986028342999983
11.933244687999984
7.691559487899995
10.779731589991838
11.116439306999986
8.7438979904051
8.829273776202548
8.595273176583973
10.752199024999987
10.900051598999983
8.678502627594861
8.897649349999979
8.48973932949359
10.113075927795988
11.913956864999983
