11.146442824
11.833350409999994
12.467313106999995
11.553266393000001
12.494781862999995
12.628253580999997
10.971852027999999
9.87838119199999
9.417525285203984
9.583987367202562
10.05708449399999
6.587292074594864
5.767988980099983
4.995792120405089
11.154947361999984
12.816026128999994
13.802638216
13.388494608000002
14.014022744999995
13.891421201999998
13.839629375999994
11.722656426999999
13.086967284999993
6.564589205898696
12.20391757999998
12.331144987
12.190368871999997
12.26751821599999
8.682095898271967
12.591592595000002
13.499311092
13.686284821
12.208068303000003
9.977184521339995
12.481767754000002
12.544186968999991
12.888157094999997
12.877723197999996
13.403171177999992
10.100737104858533
11.276286417999975
13.182386686999997
13.750058361999997
12.932022269
13.240908215000005
12.964104587999987
14.020023287999997
13.227945241999999
13.350140868000002
13.158160245999998
10.991922934000005
11.808030278000004
12.668398184
13.436438074999995
14.286921975999986
9.419596102931974
7.059514073202528
12.285549062999994
13.491900757999986
13.576496120999987
13.35998635399999
13.555330729999994
14.316029131999993
13.251630828999991
12.487818300999992
10.839401996000001
13.172219183
11.388859554999982
10.955229621999994
11.322291668999995
12.04736618499999
11.653216309999987
12.88873973983359
11.37128105899999
10.513696890353588
10.152927281295996
8.542072454863973
11.533636767999996
12.122828397999994
11.527503231999987
11.841653332999995
11.7636070558336
11.800805214
10.275639072999995
10.000701689067988
5.34120128629998
7.121902969405093
8.642376295339972
11.247871117999994
10.858008955166389
11.529464661999995
10.733593497
11.278206705999988
11.531095380999998
10.240516408991832
8.68639273520398
9.122666294931987
9.543931172135993
9.409141384931994
6.334487715101257
9.629631674135991
8.954739251696147
9.783904264858553
12.962420321999993
11.894470189999984
8.830982969795981
9.001912649493585
10.349975596717105
11.32193301699999
9.431174482787826
10.728511445999985
8.529315994303827
10.388440873999992
11.04009502599999
11.061273435999993
9.874918257067982
10.391157327212145
10.495658666999994
9.626573948687996
10.43474019599999
10.643292994999989
10.429794863999991
9.277301673931982
8.818066369594867
8.500016323898706
9.054680866999986
8.192172181696158
8.31567503969614
5.659378387506374
6.817272195405099
8.2079920028987
6.90251650699999
2.6325655715999785
3.727668173199974
3.576537959299978
4.904135667405091
6.493536363202539
5.671649793999977
8.672890145898702
10.65338575699999
8.099741555797426
10.582385749999984
6.411675663799983
6.111259608506375
6.646530337499992
9.008197370898708
8.306161314405111
8.025340692101256
9.458468618863984
3.920958749399981
3.176610182199976
5.286006620799977
6.016251313799981
6.965785423303822
8.273120838931973
7.133248547399987
6.16955513149358
5.327451713599977
4.173719731099974
5.139287115499974
4.6311871947999785
3.371912690699975
2.750700001499974
4.982450001493569
2.590504170199971
4.658246032699977
3.283434498599976
2.327093618799976
2.6897420134999837
2.513058427399974
3.067523570299974
6.020965063506363
9.780685580282858
6.765389141797419
5.6752971114935695
7.233943231202545
5.940685099799985
2.692323467999969
3.2691172866999767
1.3080222594999815
3.0794043670999733
4.185676831099976
5.2941607360999745
5.784525054898689
7.615144758594853
4.644151638799974
4.190343130499972
7.275855580101244
8.32327692720254
6.469825024405095
4.347275515699973
5.4923175170999885
4.095148414599974
4.272213583399974
3.340025793499971
2.6091207000999734
3.113430294799972
4.275944461099974
7.9570284713999975
6.174461302199976
6.058911912499975
6.794029833999965
4.366079554699975
8.527982269303823
8.136839253202545
5.067533433499981
4.543040479999971
7.583466665594863
9.243520048659986
7.433506533797421
6.349399639898694
7.7827617035063765
4.749310612499972
6.565394433594853
5.7391589172025395
3.197027471899978
3.378968931599975
3.6666231536999656
6.146773107898688
6.501327905303815
6.591137435898694
5.881974986303809
6.339147982797414
7.439099279797415
5.972496191405087
7.938005822797411
8.138395243797426
5.156390533399976
2.9431880736999725
3.1435030578999683
7.270996585101265
5.544084211699984
5.989211891199982
6.059757653799983
6.163860040303817
6.649450094599986
9.144556547659992
7.045573918199988
5.438620509299999
4.862367173799973
6.984361234999973
10.062756349141418
6.098701483202534
4.321950759898687
2.906374397299965
4.219230091899963
5.605779888898691
7.009826544199992
5.1343443587999875
5.288560826099994
8.028721804863968
8.54598429406797
6.031503477506373
7.2770861007974075
9.333796816999971
8.490926449594875
9.932190115405119
9.671963104202556
9.813412586999995
10.32462773399999
10.703087002999986
5.429998068202523
7.357418658405097
11.635458735999988
11.086658520999993
9.508768421898713
10.314410041999993
6.582938059999986
3.3833855193999733
4.599242680399977
8.335174435405095
9.812318864271994
8.873640861493586
9.054571153203984
8.13855608830382
3.690520100399973
4.599246981797407
3.073625649999967
2.2616042678999664
3.4324203872999712
3.9840535705948374
10.704679221999989
9.465933357135986
11.02339569064639
10.953093906999996
9.638330062905114
9.978941027863996
10.922745128999988
10.540688192999978
8.909202537493584
11.208787481999986
11.899222512999987
12.06541862
9.553938120999991
10.642391358999998
11.358446603513586
13.496271046166397
11.653650207479988
11.352674271
10.175693626271991
9.718195976203988
10.890442625000004
9.663557456999994
9.173072160297432
10.933973241993591
11.349056155
10.777963316000005
11.869450300999995
11.858229360999994
11.659378292999989
9.53178212727199
9.534313279696152
9.877408731070712
12.962738039000012
13.505591162
12.694555268999995
12.645945421999988
7.92726182249358
7.594775715599995
11.522325129999988
12.662262102999989
12.313800126999999
13.805499202000002
14.256304201
13.407148751999998
12.401922146999992
12.452214780999988
10.664289249999994
10.168292800833596
11.376333808999993
12.816056046999986
10.879485407999988
9.228427596999987
10.205350117339997
11.121039661
12.750986749000008
11.172893027008165
7.350557449303806
11.479287079999986
12.875967866999993
11.954777620999995
12.492340462000001
13.247036257999998
11.105443090999994
11.669693380999995
12.487854442000009
12.522437863000004
12.876942988999987
13.377233141999994
11.608224290000003
9.827286628787824
6.635466610696129
6.3339559615948575
6.023237597696139
5.830304975898686
9.6105610640707
10.527026504646374
12.574020350999994
13.449298957999991
12.900821006999996
13.208809615999986
10.476141282999984
11.600933021999976
13.813004055999997
13.218957949999988
11.815046059999988
14.291887579
14.03381690999999
12.467190584999996
11.997342556652782
13.379501735999993
12.824266962999992
12.670263547999992
12.438651549999987
9.709641442931987
11.355243312513592
9.822925868135982
8.198914990202532
5.780200190696136
10.531872764717095
11.879652410999993
12.359525344999993
9.164010172999973
11.336898259999986
10.006183291717088
9.490413331717091
9.984157688929255
13.284483620999985
7.511657195999967
8.840253308103982
12.887958584999987
12.614336588999986
12.91859273099999
12.763780357000002
12.71701082599999
12.34255998799999
13.035266826999994
12.87081308899999
10.651597499519992
9.727741444271993
9.741390997203988
11.116841219999989
10.799522530999994
10.879933742999995
11.723635864
12.405043170000004
12.800772866999996
11.897316646999991
12.342356336999993
11.888838436999988
12.785115929999995
12.266210077999993
13.365819273000003
12.620898023999988
12.68761675
12.448895242000003
12.495832503000013
11.18136032999999
12.694499981999998
9.613852995203992
10.436811673999994
11.71314465799999
13.017456642000003
11.625971956000003
13.834636679000004
12.826862228000005
12.418110016999991
14.455649946999998
13.48693048599999
12.456806897999996
12.897139386000006
11.148533272999995
13.516387927
12.876670383999997
14.562673155000006
14.626242652999991
13.489115109000002
13.063888311999989
12.910407847999988
11.674381739999985
11.30833088999999
12.576324196999991
10.77647376299999
7.9630955902025455
7.818831358303821
11.796048974999989
11.263467280999993
13.196560654000004
12.123177119
12.090773708999995
13.213960337999996
11.132598635999992
10.352394891271986
8.850531130999977
10.98446859699999
12.302169651999991
10.17720433350639
9.907411794999984
10.25258657686399
9.12137897189871
9.624196647561588
10.718894217999988
9.50902447509487
8.658895584094868
9.802487921070707
9.938230892929269
10.948697176999996
10.028592919931997
9.986978486877762
5.783313082899997
7.764759959399993
10.339144603986394
8.109820242299994
4.984056245399982
6.014820715299987
5.195321853599993
3.912820051599985
4.371892661999974
8.46269742120398
9.95361908714143
11.445049504159996
10.093113125717112
9.018994859303824
8.525006913797426
3.599205898999985
6.235806828299984
6.770146391299985
8.467481706202552
7.090149258405106
5.880420838899981
4.317620880099979
4.4799870803999795
7.559186860696133
5.877548911999975
5.559872825599984
5.686846720898694
8.180339445506386
9.293232359203978
3.92014873959998
3.5223587661999782
3.687809229999974
3.0605623473999737
3.055015490699969
5.266179904199983
2.7351505294999754
5.102903578199972
2.3328116271999755
2.4033643325999736
4.9757261046999695
6.09241828159998
6.36926963199997
6.892735087594861
9.277405790795983
8.660856190506385
4.534236865199981
3.363691471899979
2.852743118299973
4.405526676899977
2.8519051345999653
6.3891614608986975
7.647212274202534
3.4458166503999714
2.794298266599982
2.932558181799969
7.859307124303809
9.355143243271987
3.0029139068999737
3.602941882299975
4.689771267699979
5.587596334797418
7.487103759797414
7.627506410202546
7.197749656699982
7.642180807506383
8.031470381202547
8.307294897506383
8.056995211797416
9.059503001271977
7.8644523834050934
6.953435858202529
7.684931399493578
4.526575848399976
4.292688764999977
3.787011865199967
2.8526712233999745
2.790988503999968
6.097146987898689
8.154334713696139
6.515800958303818
8.341497936999977
7.162321995493582
2.4185128325999847
2.0760912841999746
3.5403526717999823
3.798328845199994
3.937459283399975
4.78571001129998
5.6126691436999785
7.018928517202541
5.016030291699984
4.547531513999976
5.442299565099977
5.865599778699975
7.824328175405102
6.452950591999968
9.178134355135983
7.562030581696142
4.71465137329998
4.820803604099986
4.612746374499976
6.478394190999988
6.214041368099986
4.935810954299979
5.063655842599985
4.4569444900999775
5.4671925719999805
4.6129368285999774
6.024045474202529
8.649842915203973
8.098167834506382
4.597355699199974
4.911141644299976
3.7767039748999847
5.34254947509998
4.01875287479997
2.859922833299974
3.009235406499973
3.036728326399966
2.973339875799972
4.060712359599965
5.041864601099966
7.296159086594861
2.8892591140999695
2.5838017348999713
2.449057655299974
2.850340905799974
2.2392945495999697
4.948406205699981
4.3307327453999855
3.862251032999966
4.357190747101241
7.226812130696132
8.635471585101259
4.902460595696135
4.438936828599979
4.750943145797403
9.700506866339978
9.476798307863985
6.442020942696134
4.518996314999974
8.053681562797415
5.821755711405096
2.930505148299973
4.200242880199962
3.98117856449997
5.629997116099996
5.946425956699987
8.883348834135976
10.958728162999988
7.635953086931965
6.55780555420252
6.366675144999977
5.5240709838999855
4.865502525299979
5.5731275466961385
4.606652467303803
4.048120422399983
5.615702502399987
3.945368107599993
3.4124511062999905
3.6419007430999897
5.112025819399985
4.529001539599988
6.76045425720254
7.482607737696143
7.20030601959486
8.067245057696137
10.53210430099999
8.747191607696156
8.773267382863974
11.080608988999986
9.06216607206798
3.2669478545948456
3.713207710299972
8.45609659879743
9.827031469787821
11.357130048
10.645180654999994
9.166171845999969
9.511999136282848
10.579600770999985
10.551453211999975
11.928011090000009
10.232548548929259
9.100700622727977
7.891654621931962
6.973885807797414
5.60412952120253
6.178596006797404
5.852904939303803
8.058667379863971
9.342891033931977
10.730928551999993
10.893710543999992
7.790424871797414
9.854692021135993
8.651577790797429
11.014155797999994
12.214144570999999
11.474248137000002
12.321719930999995
12.391015961999997
10.350803255999983
11.592415645999985
12.041469731
11.859897826999994
10.255538182070708
10.201365677002713
10.749293498000002
10.634358672000001
11.513502774000019
11.367018243000002
13.545101865000005
11.616171232999973
10.085590428141415
12.000861063999988
11.802979584999997
12.906221239999999
11.967352383
12.672324216999998
13.137490812999994
14.384969080999996
14.28307731
11.577269359999988
12.080569440999996
13.439010742000004
12.778328229999994
12.999662732
12.952149552999998
11.302824706999987
10.819010753999999
11.26683201399999
9.312461453135972
11.77081557499999
13.198548740999994
13.63425888499999
9.00007125864637
12.070174839999988
13.782508626999995
12.387122208999997
12.566058922
13.887850075999989
14.631587469000005
13.390188289999994
11.330856652999982
10.149685607929266
11.729376071000004
8.352204008339974
12.068453087000009
11.553303270999985
7.769632623303826
10.954369913999995
9.282885490405107
9.773129820203987
10.092656966994557
10.635983904000003
10.348375907999992
10.532580117999995
9.86128969886398
10.969762781999997
9.605102352931985
7.537172338899991
7.347527232399995
9.751704312070707
9.590014013795981
8.923636767717095
10.166556576833596
10.971455155999992
10.678954592999986
11.519116999999987
12.55564217799999
10.548013108999987
11.299331530999986
11.150200074999994
11.647856517000005
11.960991694999992
13.573022030999988
12.152477898999988
11.014933500999987
13.060548194999996
12.191196984999982
13.741936669999989
14.310782644999993
14.211080478999994
15.86818108099999
15.430534304999988
13.34488941299999
14.005180773999994
14.328568680999984
15.368222049999996
15.266823816999997
14.476519300999989
14.399406954999995
13.775508860999992
13.222503731999995
14.300021340999987
13.029466804999984
13.839270568999996
12.88060596899999
12.678260579000003
12.838783887
14.036969089999992
12.089688985999985
11.20254765599998
12.18486208199998
13.91331729099999
12.152464301999983
13.434674354999995
13.912601732999994
14.381788442999998
13.518756093999999
11.569193244999992
12.22334163699999
11.967652828999988
10.90325399899999
10.565880399999989
12.360386582999988
10.825393160999985
8.174799122594859
12.801390767999987
12.413942798999994
11.653565551999998
12.499374810999994
12.092115465999992
12.213467501999993
12.334417420999998
12.464403577999995
12.341268760999997
13.602146964000005
13.402293473999999
13.571829857999987
13.747239184999994
13.654530721999985
12.523129157999996
11.940571920999997
12.224200992999991
12.580860509999997
13.375835123999986
14.013131052999992
11.513591762999981
11.883210537999993
12.150194680999999
13.322969637999986
11.724681554999998
12.903686179999996
10.947149861
12.247362453999996
11.682946389999996
13.133548856999987
12.724950298999994
11.844498891999995
9.957655371070706
10.078957214282873
10.85174010599999
8.666327860999983
9.738718633999984
9.71972586513599
10.094667760008157
10.359929194999992
10.380307568282866
10.560109687999987
10.386491132999993
11.255659577999994
9.335204858271988
10.989260102999996
9.246843016067986
8.525764742999984
9.294322219797433
9.36508244930383
9.71521640786399
7.828352244594855
8.202482937594866
8.136442652905098
8.122162904405105
5.299198658799975
5.576919056699975
6.188417651399994
6.382785069303821
8.336123336797428
9.058681838999993
8.815835826101267
9.43634675599999
9.292660783271987
6.800671371506379
5.342070869399978
5.807453591899981
6.522413308699983
8.142880836506391
6.459576650999975
8.491940399135979
6.697104096999979
5.976885147101246
8.298090809594864
4.188316899101249
3.5172947463999638
5.0078731368986915
6.192380058303809
8.181669197101277
8.472809469594866
8.102925228898703
6.758013565101263
2.649661448699979
5.383351982101248
7.855034161405095
8.550634303203973
8.025355291696142
5.904796978799978
4.338662385599974
3.0822889831999785
2.6841297484999638
4.906515405299973
9.38124620813598
9.315600128135982
5.187660887099984
3.1516867431999747
2.8975549102999727
4.626629635599977
3.742292993199976
4.510526809699974
5.571448149099976
6.224939953599982
3.4321251845999745
4.563089465299969
5.940958987399981
3.9199259078999753
3.565804222099975
3.68485644229997
4.722387832594853
4.984462457303809
5.650060447699982
3.476700146499983
2.7084635985999737
2.818444720499967
4.022747483797399
3.4788128188999714
3.54304518279997
7.809345928999984
4.941305184899977
7.752902319303811
6.763062931799984
7.701228538493588
8.656049957303829
9.617735118101274
4.756688958699982
5.3214219008999875
6.839474896202538
6.624721211199989
2.7967195174999766
2.8620705337999772
4.1238347854999775
6.889335559101259
5.043012249799978
6.040461679101256
6.036722917202538
4.354398998999977
3.215284027099983
1.6629136794999808
2.8376566421999745
3.573908296199974
3.9507896666999747
3.991522978199979
3.8778198317999704
5.8709632811999874
7.270767135594866
5.561391781599989
6.478187106303819
6.992631352199982
5.472980422999978
5.559099539199989
5.034833612099991
4.972934866299984
6.005877410898684
5.774689881898698
6.118862766999968
4.786190197797406
5.2152335692999685
4.693844776899969
4.94951431879741
6.977898516797415
7.005212988303815
3.9512743331999656
4.548816055299974
5.669852622999982
6.262773231499982
8.079638160696144
9.359490573067987
7.765361868303821
5.471281164594857
7.402969180303814
8.89251423327198
8.047961683696142
6.906818777499984
4.673080793799974
5.5906973708999725
9.44731672206799
10.186290597646382
9.701129243339988
5.313870965599973
5.1062334701999745
5.174314831499974
7.950033526594857
8.661890942405108
10.11224672392927
9.647721066203985
9.215453390659981
10.001837605212145
8.991311502067978
8.582950205999982
9.241237106303833
4.677143168599979
3.132052853399974
4.006214005999977
5.65771693269998
4.356929368599991
5.334765931699992
8.470858892863975
8.253048013303822
8.860233749405108
10.235486103858543
10.634299277999993
11.338136802999996
10.169230747999999
9.250222589101275
9.667590765271989
9.496703169203995
8.331368795797422
5.515950840799979
4.220103262299963
7.843100414999988
8.661705416931982
8.041025875898708
9.587174331687992
10.53007332799999
9.326912557999977
4.8374677016961245
4.815575004599977
8.36633716130382
9.56563031172798
7.159001203898698
5.819006771899981
7.833172016898699
9.385728422493596
8.696292564405104
10.189699739067981
4.556376420594845
8.722581486493594
8.392578602601269
10.407290511999987
10.894546113999992
10.695847939999998
9.777694256727981
9.695707060141414
9.656623838863988
8.83808508906798
9.468467474271977
9.949358659271985
8.974707832203984
4.726083770797406
6.351894848594854
8.005890641797416
7.172257313493574
8.960388536067978
7.995253672797421
5.6836362166961285
5.957440425101243
5.4794436858986835
6.013649938999975
9.799221627791995
9.960379203863992
8.41098065933997
4.119944287099969
5.410107023594843
7.32549842069613
6.8492462539999694
5.436125553898681
8.873893244898705
9.28848405759487
9.389206202696158
10.240670330652796
11.987653114000006
10.218112845006393
10.147672698999997
11.56639151299999
13.059282609999999
11.75488975999999
11.463888704000004
12.456608935999997
9.668016867070705
10.359273709070704
11.862644808999999
11.663978611999994
12.785478394000004
12.067568438999999
12.779629435999992
13.6934603
14.299744655999993
10.456383120999984
5.238991210898696
7.337464714101251
10.929439111000006
11.558439481
10.513565986999996
11.226324355999994
10.71522050899998
6.520139425696135
7.052093373101243
11.848843252999997
12.18535329099999
12.836541824
12.445992632000008
14.435188161000001
13.762952364999988
12.902896567999985
12.676879615999992
13.117985079999988
12.431008046999992
12.996252584999992
9.530595974795984
10.935615905999997
8.806804067999975
11.546250684999995
12.649970203999999
7.192395773303812
5.566318107594854
10.956333828999984
12.22425754999999
12.19087316599999
10.868886246999985
13.521331215999997
14.083272362999992
13.766290435999988
13.246316364999988
13.724387139999989
13.682790375999993
13.672767220999994
13.281944171
11.714999987999988
12.682684594999996
13.475652750999988
13.737152660999994
13.278570154999997
11.799185250999985
11.941258672999993
11.984872001999994
11.700364246999998
12.437637115000005
11.917694552999984
9.724685189863974
7.761575241101252
11.46611901699999
11.897625931999986
12.964303217999989
13.083221822000004
12.902408455000002
13.303288609000003
12.968368456999995
10.881533396999986
4.940560102799975
8.186974398797412
9.63264604327199
10.946963518999997
11.533190197999996
12.485835148999996
12.699517748999982
13.43323557399999
13.461448491000004
12.815285402
13.036523513999999
13.127143885999988
11.457395710999979
10.851269445999995
11.287199939999994
10.41881578799184
7.385327076696133
6.840319717405098
8.154520812999971
12.088964396999994
12.332374466999989
12.395364911999996
12.724193233
13.085904917999995
13.90685115099999
14.205009009000003
14.210143795999997
14.316184580999998
13.604623879999995
14.379745693999997
14.317774283999995
14.197783173999998
13.740135795999992
13.054535903999994
12.553490363999993
12.030097449000001
11.240599785999992
11.731207233000001
13.25605845299999
13.722047063999993
12.80660929699999
12.899661928000002
12.313833211006397
13.448463479999996
13.590807010000008
12.869554674999996
13.300787369999998
13.72901461599999
12.783150155999987
13.772611135999997
13.981308745
13.201231640999989
13.537498810999999
13.37331665499999
12.507417989999992
11.877199668999992
13.697230677999995
12.625724129000002
12.447438221999999
12.133323334000004
13.817808740000007
14.215437070000002
13.833136438000002
11.432551204999992
8.723715206931976
9.27696901565998
8.764406497202543
7.210331158405105
7.353984948696147
5.225667913799973
10.420116950999999
9.262894755727986
9.696146560795981
7.2544424926961435
8.865642037999987
8.248749687202544
6.597360768101256
6.654660412594865
7.713646289101266
6.640852681000001
8.701515820203982
9.827751936203992
9.615588233931987
9.908851005727993
10.52000939898911
11.260141468999995
11.446324989
5.286533525099983
4.042794918799977
5.546700311299981
6.407186672999984
5.414221003699976
6.255508077999986
5.604956976299982
4.671299354594849
7.4376265685999865
6.46918686830382
8.029338813797422
4.969900997899978
4.231258346599979
4.014846832299977
6.847218614202535
4.494416513099979
6.0372246657974085
5.519862515303818
4.835278233303815
8.960229847795977
10.665730210999984
5.531018499799986
4.132474162299981
6.065375123599989
5.678842071499981
4.978091506999979
5.691903549202539
2.4968537185999913
2.797524031099987
3.3597453902999685
5.375084448199973
5.297285137898688
3.9413208831999738
2.8549606872999718
4.1828384246999715
7.378951206999981
5.0702785277974
8.335540692101269
4.730252329999977
5.875580938699981
9.181400027506387
6.651817297399999
7.070327065999978
5.207681651303811
8.047763366696135
8.16845103910126
6.85637714230382
1.4910745498999807
3.100116365099971
3.1726398101999735
4.826324267599983
4.082679763799993
3.615142492699977
4.923616058299976
4.183198496999967
7.062771974202532
5.694235313405093
4.46603545069613
7.411256413303826
6.8489556945999865
6.252916131594859
7.732968064898703
5.784939689594855
7.974013574202539
6.9619310364050975
9.374905564931979
9.687395207135987
8.2148564498987
6.295173640405098
6.915753579696139
3.5021443999999904
2.4895348510999833
2.5839470900999744
5.319030189499984
7.83655746610126
6.81711090550638
4.606472947699968
6.605839796405094
6.07794276730381
5.046252284199979
4.965081516999969
7.834927021797426
4.195079750099978
2.0428239501999785
2.1556190398999706
4.110375543199972
3.872984896899991
3.342135641499993
4.876089309696131
6.053666734303811
8.434340705898704
7.027517265303822
6.764071816999977
3.917240103099979
5.006354951506369
8.49414396510126
8.640419163493583
5.0799426375999825
5.998409487898687
8.069653863493578
7.108180342101259
5.693665069594862
3.0215776610999674
5.247345490999971
3.2803524199999643
5.2557867736999775
7.294856951899986
7.425134686303824
5.523505075101248
7.816431036405092
9.519561030727987
8.058535473594862
3.889291471899975
2.8863177428999807
2.690144164999969
3.922714506499971
5.33095263059998
7.0232448089999915
6.1048069594999825
5.373262811299988
7.032158059696138
7.089425730898702
8.223564349399995
6.273421533202536
7.5995795638987
7.538129936202532
6.154467990101236
3.5058817291012327
6.464544486999962
5.993990348797408
7.02107212069614
7.928287695303815
3.6340868134050814
3.0864774901999703
7.630742919899993
9.83538273313599
10.112820454282872
11.895335480999986
9.207107575999977
9.383583358863975
8.329887293999983
8.91170269179598
11.038374073999984
2.950684675599965
3.1088351836999615
2.3005040877999656
2.14794387659997
3.549476315303799
2.3359194518986763
2.7160740951999713
4.706346093799969
4.306605694599992
7.2928260238986935
8.707528088271982
10.534017642141409
4.994259394797405
5.882769494594843
4.075694204699961
6.631707653797408
6.174325976594842
6.584869030797406
4.512986825594838
4.342124502594837
8.658262542795969
11.359395220999986
11.665856866159995
11.885855058519995
11.936904259999984
12.059107119999997
12.265895149
11.041453890999986
12.224876035999994
9.90456106713599
9.797339460863988
8.848884567303822
9.289782278282853
10.763235319999998
10.647647432002724
10.616649778999989
11.287927343999982
6.165464176898689
9.113589125067984
9.244635317999977
7.611362670898694
10.819590899999982
10.673520142999996
10.336114658997275
10.718308399999996
11.549383895999975
11.050244671999998
11.32140118
11.457480473000002
11.992038010999998
9.669791194135989
6.9920751601999855
8.428499394202547
11.391348241999992
12.418852529999997
10.510115362999992
9.557542196795989
10.296896398999992
11.482282078999994
10.495735618999987
11.348717292999984
11.912499594
10.556594451999992
11.788815253999998
5.660438078303816
5.194549775696136
5.774002683999969
4.705025781202527
4.784477889999964
7.245365238999984
8.627383370999992
10.974947626999992
12.630025971999986
13.54102808499999
12.19431397999999
13.758879251000003
13.830063320999999
13.334898424999986
10.587643065999986
11.835721612999997
13.387622102
12.720463689999994
13.517580275000002
13.612903905000005
13.853904888999997
14.659484632999993
14.154483288999991
12.739877643999993
12.062940022000001
11.427483289999996
13.196368286000007
12.833641746999993
12.660280823999994
12.200529242999995
12.955028730646392
9.901697506795982
11.308218297000005
7.368148866303811
10.53986902778781
9.826287060646376
13.681445718
13.144734704999989
13.712777643999999
13.786392307999993
13.193402693519996
13.489737727
13.830683281999994
9.970957694999994
9.561505998135994
11.769303165999988
8.60062593230383
8.13954960020255
8.939990817297435
11.593887462999996
10.714236327999988
13.341518004
13.96744439999999
11.613389873999992
12.054382552
10.084140948353593
11.012286904999993
9.986739912271993
9.05045868230384
8.593127804594868
9.785437387070713
9.177493630999995
10.43193338200816
11.979275862000007
12.815369091999996
12.566191102999998
13.38625524899999
13.298529267999989
12.188448659999988
11.496758326999988
11.720306930999994
12.669387505999987
13.82790780599999
12.748393347000004
13.359759744000003
14.896661159999997
14.519482046999993
13.38773572799999
7.679958628797417
9.710219421431988
11.759184595999997
10.013667394999995
11.400018573000002
12.728757627833602
11.840073707999997
13.367569153999995
13.486704877999998
12.818183623000001
12.696575211999997
12.73572882099999
12.707255304993595
12.44240794099999
12.284627320999993
12.822205235000002
11.327119481999995
10.920071937999989
11.131334519999998
10.946649714999987
12.523635035999998
10.034228338717114
10.317819652991835
11.312237295999996
12.161045409999995
12.725628267999996
11.467384644000003
11.508028171000007
9.606890562282867
10.157308927931986
8.983773297070696
10.91089801499999
12.321850165999997
12.418312470999991
12.339761680999986
12.357068885999988
12.922722330999994
12.898912633
13.004368169999994
11.975008962999999
10.691858669999988
6.884731495696136
8.488583779898699
6.833853672797407
12.341386223999999
11.776879037
11.51000318099999
11.411852924999993
12.285493703999997
12.597557237000002
11.217849982999999
11.433993877999999
10.517753681999993
10.252902008033281
8.406171710202557
6.073855119299994
8.574968859898712
5.979374237099997
6.021007130399989
9.884940458787824
10.879829813999999
10.273000687994559
10.623437278999992
11.170213462999989
11.354230935999986
10.41916223299999
10.905345554999995
11.18899634699999
9.113850874212133
9.080405264203982
10.181989445166403
8.412854998797426
8.242825312797418
8.276526544202538
10.162206513999985
9.515212403931985
6.374117791696135
4.990949751303808
8.857437589999977
9.342638491791986
8.724789735405105
8.62975164030383
6.439958213797418
4.810257951405081
9.536318824858535
9.479642027212138
10.43876269699999
5.629555834999982
5.168427760299983
5.051881710799976
6.301444741797418
5.672181370493576
5.461594992099982
7.738086994898698
8.087422225999978
4.885113052405092
3.4997312285999707
5.974060864299976
6.834152804594865
3.945027490199971
4.594861469999972
3.818625828599975
5.374648609899974
7.791255052202546
9.028134985271985
9.356951467931985
3.443017930599979
2.357037387099976
2.6980067992999786
5.386122608899982
6.977894378696142
7.308985562101261
8.07630917210125
8.424415496797417
6.77186144559484
7.962171437101248
9.782102473282858
9.642758673070707
7.932465895101265
4.3140153319999825
6.039405418399986
2.9465997451999857
3.711429975899975
3.9073230300999824
3.3306514617999765
4.273525526399982
3.1831836715999784
2.683069476299969
4.762582817101239
4.799749749799972
6.000763409405092
9.884543850795989
5.8256064101999785
0.965388411128278
2.604330357399981
3.224553724699986
3.087968363999986
4.095575102199979
4.887819947799985
5.165108412199975
6.490931903101255
7.968820303303824
7.686798313898703
7.026484954797416
7.92866336979742
4.668198893699984
3.4125226668999833
2.0985817214999742
3.855519181799968
6.606624172999978
5.971105253594855
8.529110328696138
9.790744796858545
1.7301697219999976
2.5875753539999784
2.2146485885999843
1.3569804839999866
2.3061824080999713
3.6651671050999695
4.625525591999968
6.685027212493574
6.491525872797416
7.338710752898691
8.090291131594869
7.599403089898703
5.426299803202539
7.427800382999979
6.898405383299984
5.973069787594854
7.121726493797426
5.38234481050637
6.279287608303822
5.497177329999977
4.589548394799975
6.544311109898691
6.598361511202529
7.50532265010125
4.548824008199962
6.523530097999958
6.600339561506373
7.124013096594855
6.451025770594839
9.509111105203981
7.473802952594864
6.524328163101253
3.5822959578999827
3.7065329436999854
4.39232902529999
5.29630832369613
6.799012176493569
4.7708453048986845
4.758776589999983
5.827382813999976
5.028046127303811
5.102831722999981
3.360045524599973
3.4851958846999733
5.65018934939998
6.122752740499978
5.773999983202527
5.442469520599988
5.344929495199984
3.73268651429999
3.62416151279999
4.548352404799979
6.146180364999967
5.216700285303806
6.53667834320252
8.21887589720254
10.1566257400707
10.039435331787823
6.52482621920254
8.19239649959487
9.594792842067994
8.6893376434051
8.445455657999974
8.642407011405107
8.444975338696143
7.944860522499993
10.399282020999985
5.430627683999978
5.0706708510999805
7.645455808999979
8.869902983101266
9.906970129271993
9.085408923303829
8.45706525879742
9.924062850999992
9.908532441787832
10.04440833593199
8.892692677303833
7.779823951696145
5.301419963099981
7.616610557594863
7.911659786999986
9.750474316405112
9.764827638135992
10.562710358999993
11.868197835999991
10.374567008999994
7.642617752067966
9.641617806999987
9.743601379271986
9.305258428999984
9.594771296795988
9.88646529392927
9.92515650185855
10.667312839999992
9.791654254207993
9.872830398594878
9.110608000135983
5.316594247405092
10.10291484100816
7.983044999699998
9.312130584795987
9.996837419067987
11.982212310999989
10.241645185929267
6.037246420303813
10.10359629207071
10.251674483999993
11.4599421070064
11.536935330347202
10.476322744933446
12.026533189000007
10.499320257999996
9.137994163493588
6.003470684799988
5.440796600299991
5.579146578999989
8.98794054410127
9.765187687787828
10.383911083999998
10.622163994999996
11.913937435999996
11.63288631599999
9.671845190405115
8.029111068696148
8.955280416931984
8.181785124202536
8.343299259898714
7.5961248168986995
8.074772100797436
9.270923385594871
11.347425022999987
11.431057189999986
10.825845509353591
13.016828149000002
10.060267672795984
10.500058605999985
12.278407641479998
10.437934537991836
11.402465147000003
7.860342509499996
9.45011312099359
12.116911915999996
11.356349408006391
10.697071846513591
13.323501656993592
13.984274055347205
13.465853803999996
12.3017934813536
12.78582088
12.250954026999993
12.041149380353598
13.296670164
12.728111197999985
13.700463444999995
11.282449434999995
10.616082821999994
10.263490082999997
10.749184696999999
9.954409498717107
11.351246955999994
12.353110172999983
10.147203039999996
12.101805417
9.509530319135983
10.038619470141432
11.916729564999997
11.102029799000002
12.054145405999993
11.742198004
11.777393506
12.177984092999997
12.761514536
12.543516339000002
12.355956647000003
12.921100714
12.062334328999993
12.805231873999999
12.366752851999989
11.69204484999999
12.646928690000001
13.20906676
13.98502211599999
12.583410550999991
12.37258558999999
13.445955561999996
14.781996241646407
13.994383144999992
13.737786210999996
13.755174248999989
14.258089190999991
5.60294190059998
8.941807955898705
10.387305433652791
10.242229139794231
10.410907688655513
11.962653059513604
12.077704296999999
11.470838697999994
9.870260583499997
8.550441542099996
7.769882447799988
8.678093795803825
9.735975950583995
11.213666571159992
12.184658225999998
12.20249255099999
12.683002310000004
11.560461524999994
11.211565968347179
11.865113418999995
12.67618029799999
10.909704387999987
10.216574213999994
9.703923812898712
11.609042110999994
11.11605677299999
10.404133678008163
10.524572288999982
12.754201835999986
11.696159177999983
11.286975481999997
12.386715926000004
12.293792029999992
12.618286882000003
12.522031077999989
9.624068585135985
7.932023162799993
9.485255337493594
9.557879095339992
12.505010394000001
12.588301710999996
12.958806212999997
11.922653380999988
13.094667177999998
12.929521831
12.31227136699999
11.733142769999999
11.914185369999986
10.932020194999991
10.803837530999996
11.418821650999988
12.048419007999994
12.897278463999998
13.073970652999996
11.976872910999992
12.38223851599999
11.506497887999995
9.846077400135995
11.514095549
11.585939486999989
11.164567701999996
10.620008847000001
11.639794315999996
11.084304101999992
10.614408609
10.466830268999992
11.682747112999994
12.480243960999989
9.994351161141426
5.096600529506366
7.05057854920254
10.355298044999994
10.689372356999987
9.965125511135993
11.23110943599999
11.936278065000002
10.380462014999992
5.569561373899977
5.920353791799985
7.02830929569614
8.007381413299996
5.424700518799991
7.007163734399987
8.82592284699999
10.796637638479986
11.41130066515999
9.299322065795991
6.549018090797418
9.967644316067986
8.363707165493588
8.260533032202556
6.094712408399994
4.8430580291999945
6.086250663799999
7.503167715499997
11.537162278999988
9.318613276795986
9.32079529579599
4.081715423599993
2.998446766699986
5.127886589099978
5.223938117999986
5.5476313247999816
7.337403054797419
8.0358107239051
9.680189407203985
7.630159797696134
9.640087713734388
8.79609622799998
9.080966596999987
7.863183744797424
9.521027256863986
10.215147712999991
7.576778395101268
4.7801459090999785
7.1968294997974205
9.60260406493199
10.486419173999987
7.839760087594862
3.703714001499994
2.49128880459998
4.1148937118999775
4.693521142599978
5.484662901299979
4.5524199599999795
4.502553488199982
2.636238738999973
2.7189735900999716
5.211855587797412
2.37562369379997
3.5860216002999694
3.041794760099979
4.55893346859998
6.297498646493573
9.34104226220398
8.462658473202538
2.4224590102999977
1.665549177599984
2.4854690139999764
1.7556416594999835
2.0236331511999706
3.1835030196999785
4.852160319499972
7.854197721898697
5.0231247436961315
4.043200535599971
4.944571076999982
5.157708413699978
3.9408703460999717
1.5800861907999753
2.202198310899968
3.1886743072999675
3.625043128999974
4.696937821999969
6.581675877405097
4.279921151699975
3.8825871123999787
3.233417573499974
1.8802619674999788
2.262918415799962
6.595220638999975
7.033341412405087
8.806052302727984
8.879919238203984
8.657394694493588
8.425191442898708
5.4462310744999884
4.63505465549998
4.655048818999984
5.617137805202531
5.008921142599979
2.438808116099972
7.826168798797423
3.575159361299972
2.0448330260999787
3.7372563277999804
2.7558622802999797
2.6832987853999772
3.9519490996999673
4.475757641599966
4.080532563799974
3.593069145199963
6.3557152846999845
7.613965994303821
4.202773706101249
6.910794871493562
6.799545152303819
2.3118717055999705
3.85687645569997
2.255136773699975
3.829614952099974
4.490399493399969
4.5663109221999765
3.356982585099988
3.451420790099977
4.810968635599977
4.546053211999968
3.9684993819999637
3.03994582519996
4.138292887898682
4.559115682999977
3.341890838599972
2.1288000976999695
4.327741337599965
2.048256527699966
1.9547481749999631
3.568309086599974
4.73667602539999
5.114516543599985
7.285053117405093
3.8620361175999767
6.279298611506367
7.453144059797412
8.520051849405101
7.3504455521012595
5.0483072784050895
5.75896092220253
4.3831567214999705
2.70398931579997
5.04445623929997
5.148855628999972
7.044311093101242
8.62683411406797
8.128747705101254
8.179838886999983
8.826211434898717
8.998066213999982
4.0955636962999735
2.299407305899968
6.503132083099978
7.847779328898706
9.060015713659979
8.242480142202549
8.010979757696143
7.677610188299995
7.870682267799997
6.705997392299989
4.521907896399997
8.305440724202553
6.494163107299991
7.733522003202533
9.583429170135988
9.605357191353578
8.540671954303816
8.566054173303831
8.59779615779743
8.369697463999987
9.195843441863984
9.623327676271991
8.932646278405109
9.671877568067988
10.131634310931988
10.138179559203987
9.036132784999984
4.693305984499978
5.801527889999977
9.690367990070708
8.34715813749358
9.63098752427198
10.098948138271986
10.479634063787822
9.946381800863989
4.080378037999973
5.556887504594854
6.600542068506383
8.754097361863973
9.918911294717098
6.322672927898688
7.225610270696144
7.902218414303817
9.34037466120398
4.633036006199969
6.396586000101255
5.555130520599974
5.435361027493567
6.357054914898683
7.767702819797427
4.827066938799971
6.333818102999977
7.825080177303816
4.468658421299964
5.756705158999971
5.701775251797412
3.6963752548037974
4.7855610259935615
5.250498730506363
2.6513696593999603
3.969536401399963
6.222762297101245
10.981658948999987
9.647626130696157
8.634755752594865
9.404025382999983
8.25070987550638
9.52744189906799
11.301031387000002
9.267279632594883
9.505592756795984
8.939643804931979
9.142851359594875
10.383293547033277
10.361142826999991
9.378555810493587
9.445827590931994
9.460620132271979
7.607655590797408
7.98670101930381
9.565187524276467
7.1304317795063765
4.973976669299974
6.459908203101245
9.246143801931987
10.096540864727993
11.020093166999988
12.269131395999988
12.761311762999997
11.664594118999995
12.567778098000005
11.382121204999997
11.094112670652795
11.884242669999992
10.30729110999999
12.852658244513588
10.452124923795981
12.643621012646394
12.6234878923472
10.423169947858543
10.74940253799998
10.350042777999992
6.8046505463038285
11.255548494999985
12.526541399999992
10.792683129999988
9.33772928160127
10.088501509067989
12.590808500999994
11.882939506839998
11.717359864999988
13.144896415999987
13.869020068000008
12.282233445999982
11.674672846999984
13.054946804999988
12.879977691999999
11.789496373000008
11.59063086348
10.47055581999999
9.979786601099839
12.418981347999996
12.173423922486394
12.26330856799999
9.027314276103978
12.576063273999997
12.426426429652796
12.929725287
12.463262896833598
10.519579760999994
10.907894946
11.391546868646405
12.113018119652798
12.592384748646397
11.94711939999999
10.219466405999986
6.995488819898698
12.128122368999987
11.998193998999996
11.395927707999984
11.499853026000004
11.99846681399999
11.633648716999996
12.063639889999997
11.120218702999995
9.821339923067992
10.247389197999995
9.948295886141434
11.370474302999991
11.894302936999997
12.401186951999998
12.039277014000003
11.31428800199999
8.227580900594866
10.898975268999992
10.564654655000004
10.346020722999997
10.920677454999991
10.115281542999993
8.210422735601266
9.209079757629587
7.2061871779999915
7.895308508299997
11.893873554486396
10.732981179999996
10.508669251999994
11.313441530999992
10.579643769999983
9.269017733797437
9.082740542594875
7.024243427999991
11.643642874000006
10.822344815513599
10.780317513
10.797034614999994
11.41715041699999
11.681706649999995
11.03778806599999
10.594645957999989
10.518537937999985
11.555164231999992
10.45184415300545
11.46684689499999
10.31390667899999
9.512475350999985
10.482617110008158
10.937931919999986
12.441464234999996
12.895605939
12.112743593999994
12.521968531486392
13.468555679000001
13.139199542166386
12.237243860999982
12.198954200999992
12.681774753000003
12.0316638609936
12.042222658999995
12.571422832999998
11.23571663699999
11.67708533748
11.695530098999994
6.365465293898688
7.689245021101253
10.237684330999997
9.608932096931987
9.26351957227199
9.539371054067985
11.000535743999986
10.564803370787818
7.328039749101257
10.055563853339997
9.839485954212153
11.384832612999995
10.71423396
10.972527019999996
11.157624117999992
10.300850129999993
9.385898599135986
9.774129179271993
10.34650770590016
10.071417127999988
10.878011754999994
11.643190946999983
12.020021639999998
11.530268461999997
10.731033341486395
10.043879765203991
8.165968087797426
5.3070388335999805
5.921190740999981
7.289170895405109
9.308246700993587
11.150991411999993
8.95114806820255
9.197352520863989
9.176695033203984
9.675574584999978
7.358563128696141
4.32670664669998
4.9526409592025304
9.200842420999988
8.84249914399998
9.827898286282858
7.841039387493587
7.5040656035948565
8.197435504202547
4.806422253405091
5.822715006999983
6.523704952999983
10.316373141353585
10.645184076999989
5.008473872399988
3.5697438674999793
4.733220719899984
4.5924463454999795
5.087129011499984
3.7702019500999784
3.0632248229999735
2.4184817962999734
2.615427886999976
3.1034751372999723
5.049652227799977
2.8392418776999797
1.9712784484999735
2.4635940276999695
3.9154948089999753
3.4480501677999795
2.262003185999983
2.703612182599967
4.80558656769998
3.9208080672999754
3.506166406199978
2.5288415130999784
2.5389256698999807
2.1599575561999758
3.581042457599962
5.354657777405084
6.862715266405096
6.777746308898702
5.201963780202534
5.556931504797416
4.5684008681999755
5.961532350202533
6.146437393202541
4.4162330718999785
6.147065200799984
2.087012739599977
4.061688159199978
4.284693347199974
5.38950153499998
6.220893183899981
6.102108050499984
4.0032465514999735
4.13406635129998
5.535565631101255
5.332175495898698
3.757851580799971
3.688267767299969
5.514204559299991
5.6521211731012455
4.9605401046999775
5.158093092303806
6.614336965898694
7.481703193696142
4.469500024399972
4.859269908099976
8.299044906594863
7.187143203696141
7.006087414599986
8.139101594493589
6.163254632599988
5.497799922199991
2.7038152877999786
7.441209631299992
6.090864663699986
6.323557492099988
2.7127227462999777
3.7984824401999715
5.283661207599985
2.923249143999982
4.525733076499985
3.895455201699983
2.532638369799977
2.737730299399975
1.9705227599999726
6.09486566769614
4.673107287594848
6.742111479199984
4.6027097031012545
7.9662970062025416
8.161027705405102
6.811695980797404
7.193007177696131
8.777744020067976
7.773227415506376
6.783502862493569
8.640404540999986
5.00166476140509
7.672693925506383
8.37600189969614
8.656558218405108
7.669648860202545
6.194220368999979
5.235602777099982
6.447455703696141
4.96270977939998
4.652483886699974
8.703656269797419
7.236394071999977
6.778866760303822
7.1244388610999865
6.228445001199981
5.871745049999986
2.309185650599969
4.196397483799975
6.6871499724999826
6.5083141890999805
6.722313001999977
5.501316160599979
3.3617614364999753
3.4453241271999757
3.4110777587999697
5.021044209299975
6.777317723099983
6.8137684569999815
6.108199702506374
8.269252262898705
7.158422941594861
6.412609638999985
7.191404598999983
6.654881860399982
8.57897911379742
7.891161836202538
7.482499262999978
7.276525508101261
6.973630598405094
9.826328329339985
8.341061065696138
7.766626760898689
10.594955739999984
9.811195825135995
9.337909266696151
8.593659014898714
6.426617570499993
6.607254992699995
6.9800143004999855
8.368601045135978
10.220740670999989
11.22298761699999
4.687362942493568
3.962948326099974
6.792426148999993
6.259143933101252
8.030242011999981
8.345130274999981
2.9201613265999633
7.2222046737974175
9.724447921863987
10.81460413199999
10.47347417099999
8.418045483271976
9.890705277999993
10.713294672999998
9.204985566702556
10.06270560299999
11.12178543065279
10.131151893717105
11.705773223999985
10.630442138999987
10.103637634203992
6.845106832898703
4.992528138699988
7.032001887499992
5.992098533599987
8.978728466863979
6.857015835594851
6.856152661099984
8.03451958159486
7.952536277797421
9.09622631386398
5.236360530101243
10.028598484863986
9.963693611067992
6.524191084303813
9.277075589006387
10.844229782000001
11.240651704513587
6.009073591594839
3.8325427993999703
3.597489051799962
9.68864719226558
8.967181335265575
8.06617147979741
8.921154133594868
10.724210138999997
11.520895249999992
9.751976420594879
8.309294503797432
8.42534410250639
11.942272512999999
6.389310467493584
5.2688009047974065
8.074964654493579
8.847983154203973
5.4069317581012495
2.605668885799967
2.4109728103999717
3.528742350799968
6.096317779499975
3.2300381377999647
7.688026003999981
9.274729511999992
10.01589174987776
8.717341506999995
10.768856958000004
11.3004688444864
10.061740890999992
10.244876832727979
10.516434727506391
7.4162872711012495
6.39161097259485
8.865994731101273
9.675659786999981
5.775331007405096
4.165790678399961
3.4921786316012415
4.358142683399966
7.882831651299994
9.946430610554723
9.401685336203991
10.02959423514143
12.777975383000008
11.623078612
11.289024051999998
10.886844865000004
12.09555585
13.079684909
14.495123071000007
13.834352788999993
12.286604212999993
12.412693736
12.21474577200001
10.362141550994556
12.170188204999988
12.598245969999992
11.318062926999986
7.50211931459486
8.431261645493576
11.835212189999993
10.305201871999996
11.723839758
12.035687924000005
11.886228255999994
13.608361664999997
12.52158517765279
11.322683063999989
13.756912578999998
12.974528713999996
12.41689317299999
13.518138695000003
12.717231116999995
12.571050767999992
12.778493141
13.067106504999987
11.357112710999992
9.041701867696155
9.359231245405114
10.854360796999986
10.181658471795986
11.174973899999998
11.810953798999995
10.68487041899999
11.195375177000003
12.41436677699999
12.101828534999994
12.896925760999995
12.256280750999995
12.933903394999998
11.845299590999984
12.478515110999986
13.267710961999992
9.494863735999967
10.564140500999985
12.718064010999992
11.392525036999986
13.001689483999995
12.318490572999991
12.018427044999985
13.227540139999991
12.257420270999988
11.675904801999993
13.188030097999995
12.008466082999997
11.51296951799999
11.091110518999992
12.740169472999993
12.130538070999993
10.862894903999985
12.094835174999988
11.75324945199999
12.382869115999998
12.962406035999996
13.175145522999989
12.872322660999993
13.076838916000002
11.928187864999996
11.222987310999995
12.292380330999995
12.02853878599999
9.654262304696154
11.917795887999995
12.239939911999995
12.442722111486399
12.093158596839999
12.364715504000003
12.2766312359936
11.551354351999993
11.252119245999989
12.401259847999997
11.164502383159995
11.792950219999994
9.624848945727983
8.293584463499975
11.355584362486384
11.598867564166394
12.476148455999995
10.146444992067995
9.570130223101277
11.368779877999994
11.297115249999997
6.524638790898698
8.559411721797431
9.744902566659995
10.428968325999994
8.326649295
10.497281667997276
10.746654938999994
10.189364526271987
11.056724894999991
11.738162708999992
11.440854152999993
10.733738156000001
9.34759646906799
8.719535548405117
7.654888482696148
9.58457109379743
8.580911413594867
9.055953631727983
8.111820573405101
7.4475719284051065
5.758401339699983
6.304857220499982
4.77395726779998
5.919663111898694
6.495836924699983
7.656191892999983
7.685727287303821
9.151788249135985
7.181890132101255
9.285133988999984
6.028505230696137
5.841334899898693
5.806320365899976
3.418646310399968
7.680919065898701
8.31930749820255
9.63600307471711
9.218383001795983
9.13529845720398
9.347544222999979
8.273067695594857
3.8437388839999795
4.204279826399977
6.0535905151012575
6.653846346999984
4.4034962600999785
6.761721691899987
3.5593524016999787
2.663629910299975
4.599146879599979
6.60582003629999
5.80432668909999
5.26050775299999
4.953955328399979
5.568337310799998
6.53607298279741
8.761066050795975
6.242230067405097
6.172840040594857
8.200475625594855
8.09679022220254
10.381925518858546
9.962029872070694
10.335829371717098
7.640457311999972
8.62500027620254
8.73778695530382
12.148139342999979
9.734541401787817
9.39297442179598
6.334293627898682
8.171766667202537
6.017589800999973
10.924975216999988
6.109783474696138
5.971871017506375
7.31464559479742
6.0121740935999854
5.619174024999969
7.588830976898708
6.530206414799981
7.184291281101255
7.978793325797419
8.692273428303835
8.606272683696144
6.704634918202543
5.00345505519998
5.434163134797408
7.2499790161012685
4.184777673299975
3.5179947265999685
6.076352784699984
6.66695713350638
5.067146368399979
4.481685263099982
3.398424424699976
3.348494122299977
2.811192936699977
1.932633584599976
3.925456016499981
3.167332568399973
3.018313668799976
2.192387878399977
3.674968287699966
1.7245130782999794
1.6967999663999702
1.6463595900999721
4.094291111799962
3.612093708797408
7.23385728299996
3.876533935499975
4.138294197099971
4.000686643999974
2.2568334243999777
2.052413598599975
2.012596252399988
1.9482250655999775
3.7902180282999685
5.6959252945063685
5.329520388797412
5.567973857099974
3.4140194335999765
3.125877268999966
3.795985122699972
4.439482044999975
3.808546356199971
3.8507193267974085
3.5451482543999684
3.892729199199963
6.850808685303816
6.90429694520253
7.411011137405095
3.1734637131012344
2.6948771026999596
2.7392108077999593
1.9624354186999684
2.8858467559999648
1.9188879821999754
2.2010866103999667
2.880645545999961
4.425720709202518
7.016561122101256
2.8924028351012394
8.420104847795969
7.306311267101261
4.423827117898686
1.8472165908999667
4.233737866202522
8.616862904405101
8.586937448101263
7.712618557696135
8.289331869493584
6.908842484999979
7.78623349610127
8.226758906727971
6.6698710144050875
7.502278373696134
7.845584602405095
9.112494840999977
8.226268669101255
7.990265359506373
4.570247628797406
3.3484074920999682
2.1063003905999684
2.7745295058999644
2.1090403182999657
2.462288447599959
3.6940448470999683
4.848412275696125
3.9588240569999593
7.659143841594854
7.163466760303812
4.528706094405086
2.750081750499966
2.851479980499965
3.1691265487999623
3.4199938598986774
6.019148551898688
3.4013537093999604
6.507338804594844
4.295967881797393
6.823980006405081
4.897484606898683
3.7781336151012295
4.0908580841012405
3.4296601455948355
5.726351579303795
8.001746035863972
8.757679380797422
9.688177020311997
9.098621406583996
10.073191500929271
9.516076464791992
8.414551106203977
9.281620208795966
9.159299574212131
8.575047715863974
9.256150810135978
11.143470052999984
10.36669964599999
10.56154576299999
11.516219076999999
11.498678133
9.633925210727993
9.627847201659986
9.805633128271982
10.817470482999994
8.565073809797425
10.430416004929263
9.712730950898715
8.098183581493583
8.377349520931974
9.16797987986397
9.345129222101273
9.82211882313598
3.1567563567973926
4.664047822594832
7.854333464101252
10.589455403347195
9.81786526340512
10.989172187999984
11.52224428134719
9.297870289727982
9.371595834405113
9.733004597339992
6.362498693797407
8.956378718727983
8.963991648931982
8.722901675405113
8.283796104405102
6.392715867594854
7.476753626999985
7.793749087493587
8.97456986833998
10.034597557067993
5.823749929797405
6.398140466303801
5.6280021484050815
6.1426502669999525
9.470638120999984
7.517782420303814
9.307825512696153
10.074163987787827
10.376924337858537
6.550575166303801
6.270559840405085
4.79710397489868
6.0069694701961325
6.2583025391012495
5.455102745101244
5.430921760594844
6.036134129303796
7.782619999696142
9.199114382931976
10.195321285999993
10.632748766999995
10.95374619599998
3.7687158034935666
8.104753256202546
10.787956881999992
10.55647848699999
12.439263895000002
13.039831289999993
12.038742681999976
12.087241109999992
10.667844948999988
11.884193174999998
11.253209704652784
11.594863473999991
12.953312560999997
13.633379254000001
13.33037951699999
13.383442394999998
13.467297004999995
12.969374119999989
12.761048725999984
11.781235541999987
12.61261640199999
14.46562309099999
13.799092877
11.066521009999985
13.220528998999987
13.615461232000003
13.824398312000001
13.648678691
11.628685744999993
12.754534571999995
13.238712531000004
11.905684907999985
11.331444065999996
13.625553314000001
13.658381399999994
9.449956397999992
9.37112462010127
13.778342063999995
13.335926864999994
12.227067647999993
13.94158130799999
13.442374927000001
14.255768924999984
13.165896528999987
13.840062728999994
12.090675399999997
13.55302024799999
13.533018456999992
10.89983315699998
12.996529595999991
12.896013567999983
11.721430399999988
12.265718410999993
13.715355460999998
14.251794509999993
11.546600539999986
11.237725457999991
12.504101685999998
12.03158825699999
13.26767524599999
13.421401891999997
12.41473520699999
12.150598256999986
11.684980288999995
9.063595646696156
8.358450266999988
12.92549744299999
12.701998910999995
13.063420414999996
13.749753275999984
13.700502831999994
13.42589449499999
12.808114664999993
10.374685716141416
13.043169538999999
11.364899567999988
13.944537591999994
13.10475106399998
13.910415952999994
12.015550051999986
13.58693393899999
10.47772682599999
11.524060941999997
9.205509851101269
8.857019219999987
10.210461332999989
10.41337449500271
12.103799820999988
12.072361411000001
10.438014487999999
11.640045226999991
12.604554347
12.605500374999988
14.005355643999998
12.74931858999999
11.928383043999998
12.162305385999987
11.56076612199999
7.8177685135063735
10.555861903282858
13.817279500999987
11.94131579899999
11.643823411999989
8.955680468863982
9.311644566203986
11.9418662
8.046153550700003
6.014810922199998
9.520447468594874
9.54786830733998
11.695033440999993
10.58283671299998
10.411747170999984
9.09190164793198
12.578121860999987
9.294403929067983
9.93469355006798
6.112435520898702
6.688744583101247
8.339575047303825
6.203090920999977
4.1182364913999745
5.8241929885948585
4.181317765799973
5.828947645599981
4.248557899506369
6.726423675493575
7.2323801589999785
10.133756259141423
4.823126995797406
5.235590104696133
8.797169177202548
10.136645773203984
11.593950893999988
11.641446482999985
11.347305668999988
11.626097980999994
11.003327472999997
6.210833860799982
5.759845385699981
6.023598245202539
8.40453911899998
6.112325395202538
6.571443817099991
2.5740668471999713
5.08788260649997
7.22142989810126
5.255562248202533
3.661970280499977
5.3289145904999815
6.3940129364051
7.010013240101251
7.202699687202526
8.680679772899992
9.703561154135986
5.099197044399978
6.522896383696137
4.826654209899973
3.7308544692999672
5.145696456899976
4.5428423446999755
5.910835967999969
6.955884487898692
6.476396447797418
4.527579756202533
4.216598738099972
4.157619424399977
2.652476641799975
3.2171743682999745
3.2081168715999726
3.4231696059999766
3.1085434707999777
3.186153535499975
3.071239979599975
4.299474299594841
3.773959188799966
2.5741141662999696
5.929743896506372
7.549315544101252
7.334664532506381
6.8351300536961395
6.31095198209998
6.517175532493562
4.455268652303793
5.115614283797394
4.555380479405076
5.043151881405072
4.731212608303801
5.863476144405097
3.537348345898681
6.527847492999961
8.0963063004051
7.925957949797421
6.676171296699982
5.893088252299982
5.212255352799986
4.001548248299983
5.701814826999975
5.944931660506369
5.626026243594851
6.902842948898697
2.0208736770999676
2.502091953999963
4.144085205099963
4.269823158299967
4.215565727202519
6.070118461599978
4.720355517594847
7.249824322493579
4.523592597999962
3.2977412291999744
3.317096162399973
3.066731387299976
4.5049790786999795
6.3141744781012585
5.392763249199975
8.123669699101264
4.811160993999978
1.8810031859999734
2.594982832299982
2.4452611236999835
1.4615718093999777
2.3357992293999743
3.9578216475999772
4.934835862699983
4.121214723199989
2.7412758315999946
2.1410399901999955
2.3593106231999657
3.669033634898675
5.859894221506366
6.586961814898691
4.989132217405094
3.8785114394999765
5.057934049999969
6.134836422696137
6.4158038527974135
2.2930344573999744
2.073477195699975
2.525396806299969
3.0875907471012374
3.3772433303999625
2.2325179870999676
2.0906612609999704
5.021424252303802
7.165102000405093
6.403769401594839
2.067764529399958
4.04379802699996
2.8040007827974
4.216051847797391
4.067351293898678
7.052358717303806
7.495893868999977
2.977175091599969
3.9825317824999598
6.539260668898693
9.01077745979598
7.016240862999978
2.9871325133999647
4.155720178202518
3.9188416351012325
5.799865142797398
7.305038804594849
7.844058987271969
5.945284204101241
7.3196744431012535
6.644367040999977
6.479971520999974
7.894131886303814
3.2398369338999595
5.177768633999967
9.310745085067971
8.782356919931981
7.6353233458986915
3.810334193405077
8.042146319727967
5.176975411999955
7.397742018101249
6.054547430405085
7.446796441696132
3.0074742339999645
3.5147277953999585
6.044534228499984
8.802890408303835
10.213751034646387
7.142951579303813
3.256100488299963
9.69182891693198
8.185331306506384
2.5830106505999626
6.7150578338986815
8.71039047093197
10.154448242141427
10.754338523999992
9.12036199949359
9.940614607066557
8.561547955303839
8.360740835594866
9.832204260203993
10.541018032999993
9.235965809594873
8.94010877086398
10.655140499999986
9.990038702282868
9.50667579972799
8.171473568696147
6.16490724179741
9.329482360863985
8.54899969479742
8.690249870303822
9.66821220399999
10.470626711999994
8.933354453999991
9.855625566067983
9.720684721415992
10.415357792999986
7.4280364882039605
9.55899967499998
7.868834713795967
4.686037699899965
5.73422050169613
7.825727767898696
6.628351859999971
8.27936682740511
10.208236828717107
6.296308125303807
6.445370692405091
7.427748527493577
3.0300569243999615
4.170481901599976
6.946267477405101
6.690380531299987
6.5358352736999885
7.2074013259999905
10.189306513999986
10.020638554265593
9.962759777698544
5.9199673156961286
9.783878845135986
9.369020478863986
9.365032820067984
8.211081350696139
8.997239912405105
8.790648698400002
8.018955639594873
7.251704177898704
9.059339910931984
10.113328678929266
10.130259774858551
9.52757238310128
10.902193385
12.181819675999998
12.042654984000002
10.827145499999999
12.319887122000004
12.35512669099999
10.52141052100271
5.900802267506381
10.569407386999991
10.052593882863992
8.813926805101271
6.9049546859999715
8.085685359202534
9.517554820212133
6.333670732099977
8.234469551101265
5.265951121493567
6.655059506202521
7.090189215101256
9.301171331863975
9.35133926389599
9.488274018898712
11.1398834256464
9.386062651230706
12.548493123999997
11.885482409999984
13.09605476199999
11.872481861999988
10.638849039999995
11.528781470000004
12.357362904000002
13.620144814999993
13.611459097
13.620818541000002
12.264881067000001
12.772301215999995
12.064986588999995
10.400710128999997
10.687023578999991
11.926054194999994
11.775947724999993
9.978086048929255
11.07251901099998
11.927493916000001
12.705737742999993
11.389055909999984
10.537452040070697
10.453882711999995
11.842808465999992
13.918711102000008
13.101550474999993
12.255940880999983
12.034904857999988
12.853460164999985
14.020540752999986
13.341907358999999
13.766475242999995
14.468252481000002
14.789723671
7.148299635303812
5.456706330898693
9.934361961282852
7.498461531101257
12.668228208999992
12.967966521999992
12.452112278999993
11.629155481999993
13.531476267999993
13.611303321999998
11.60807239099999
10.494928064986404
10.54065834499999
11.531040979000005
11.77570234199999
13.459887464999996
13.424857033999995
13.801030230999993
11.580216923999988
12.669092535000004
12.921734502000001
11.423949509999996
12.401761595000005
11.195254439999994
11.764286133999983
10.874468241999988
12.040484313999993
12.303769007999996
13.304183446999994
12.792962821999984
14.385392226999995
11.974845868999992
9.601014627067988
9.609396707135991
9.834014962863995
10.491565682999992
10.433091512999987
11.655472090000002
11.524947798
11.952602921999999
11.515943384999996
12.009629064999993
13.603453111000002
12.733479113999996
13.310079683999998
13.935335401999996
13.607699041999991
14.259417211999994
11.553077920999991
12.786610015999992
13.076130215
12.650239863999989
12.218496267999983
8.821115072594864
9.785946258659974
10.28019737099999
10.56053507700271
7.8592366074051085
9.10617958220255
7.6092169693038265
6.394415685999973
8.852709165999975
8.905401277135983
6.944631448405101
8.164835200493581
8.304441418506388
8.889011460931982
10.08788759501088
10.085838238659987
10.18625037993199
10.314061961271989
12.072585433999999
11.132301412999988
11.706851721000005
12.100806933999994
12.438350425999994
10.688885947000003
12.38387592
11.468943488000004
9.950721745212155
10.179963813858542
9.956453593282864
11.157553667999986
9.462504315135975
11.22798018799999
11.39972901599999
10.753923528999987
6.9749511687974115
8.071794346594867
7.01451554720254
6.449052862493568
9.247296803203984
3.9594443343999726
4.7947604324050905
6.73556723479998
8.498941708405109
9.7690211655064
8.879529215999987
6.801422651699992
8.256514866594857
11.19272824899999
10.52101516399999
10.005729994135995
8.644449993898704
8.571288235506387
4.654005700696131
4.443472212199974
5.722932952899985
3.1287509612999704
6.727194918797418
3.6257849517999703
5.381576142898679
6.799149710101251
7.426673052999969
8.233286869797414
5.325257818599988
4.567231674202517
4.31323601379998
5.039749433898693
2.8236759246999696
3.9832286163038058
5.2953586059999775
7.3845252151012595
6.971665164202545
6.346836018405104
5.680858959999982
2.9597458220999773
2.463880825799974
3.762216444399978
3.9738289779999745
3.2562215911999766
7.07210041499998
8.324393649303815
6.009132604999971
4.337269253499973
4.643420312499978
2.4279948684999786
4.8501450515999736
5.3081026214999785
3.863671125799974
2.8150115752999745
4.113049778699975
2.542000038099963
4.996642709405089
6.330012606797408
4.1686280822999695
4.046424917599972
3.748629258699969
3.991132858299973
3.7993746200999663
5.533529702799983
4.536559466599987
8.192581239203971
8.324028347863972
6.293605041493577
8.433881343067972
7.920277622999972
6.614908232099991
5.631523731999968
6.583219486999975
7.452618127405101
7.536910781898701
3.764757311999971
2.918089085399967
4.864094639599968
4.32015070649998
2.190806372099975
3.4511061843999657
4.444126873799977
5.108124134799983
4.11462378229998
3.61294033809998
4.257836550899972
4.0710833510999676
6.732866812101243
6.356333456405094
6.477281315594854
6.114149470493576
2.436575003099974
2.8119894362999607
4.3914344436999695
4.513074468999971
7.394536071797421
8.613490786795982
6.910549417101252
6.943026560999975
8.084921395898695
6.31571275020253
8.059909263594855
5.632708801303814
3.6361137374999655
7.052496412696137
6.762082699594857
8.104742808493576
7.8652430084051055
7.0167626343038165
8.079252268999973
8.2981856688987
6.30331973569614
5.552401405299981
4.953117636099981
2.326336770599969
2.4270860473999676
1.9732398574999659
2.991895332299965
3.6224197860999747
4.9111854766999805
6.8012569884999925
5.74012332149998
5.4103190734999815
6.494224546799975
6.442299121101256
8.173697819493588
8.402468331898712
7.554899212594856
7.735863236999975
6.8557597335948435
7.789284838898695
4.463005158999965
6.618477981594847
6.8208765244050875
5.137609083594846
5.231131669594847
4.804689820898672
10.291027891646385
10.394758767999985
5.320481651303799
5.172572592199979
6.316628381303814
7.670668221999966
8.735236688202548
7.619189900202542
8.031416552696147
8.100542570506379
7.383204995699987
7.850185949699996
6.429595883199993
4.219604592899997
6.905479032898687
8.688980705303825
9.226873928863982
9.671527450727993
4.057154727202524
5.439665992696131
5.777010153199978
6.820355454999982
3.2722471511999722
4.247565492199965
7.064424720797413
6.272318943797406
8.072084820594858
8.602859660303833
7.118297789
7.76969271240511
5.789040011599992
8.428520278899999
9.108344236797434
8.739424368303837
8.221072524999999
8.61192517089871
9.09174575649359
9.203749352999981
10.788692739999993
8.541246235795978
10.391040688999988
5.545780070506366
8.908181399659979
7.960045858797415
6.726009255999971
9.880870761070703
9.847679650929262
6.425782122797416
9.188690437203968
7.134159544399989
7.258910407999987
5.165485600299991
4.949640757799983
7.101520245405096
8.71211348269615
10.112920709135992
5.770647982799979
7.3631657883038235
7.230356555199985
7.722284800699991
6.679084806797418
7.275083077999984
7.545241052202541
4.879728454599977
6.76509610140509
8.829640216101266
10.743739324999995
9.546716184999989
6.244097816506368
8.687195823696149
8.060937153594871
9.247807910135982
10.792708912999998
11.006865755999993
9.114354711929252
9.77462049879599
10.23411382764638
10.737053736999995
11.532379340999986
11.599256270999991
10.11452293399999
10.51213497599455
8.885560206594864
10.682008582999991
10.000326564000003
11.387949831999991
11.128732088999994
12.448628686999992
10.909548163999979
10.837299995159993
13.001020560999994
12.700623848000006
12.420959253999996
12.903724325999992
12.495468912999998
11.846630956999997
11.691270929999993
9.695469276282868
11.00746884299998
9.907454423493602
8.942080418405117
11.509380025999999
11.703365844999999
11.367478449999997
12.666323612999996
11.328864586999998
12.282290207000006
12.026166106999998
12.105332043000006
10.06666761609168
12.658608794
13.453591573999992
12.472191105999983
11.845087407999989
8.988451573202564
10.666351659999998
11.829577161999993
14.243905724999994
12.887189098999999
13.357278177999996
