11.523289305000002
13.48053702200001
13.448487180999992
11.924543194999986
10.40718936599999
12.169954381999984
13.013068703999998
15.142354102
12.822324320999984
12.98305625799999
13.990763502999997
13.662025422999994
14.401478864999998
12.516327993999987
12.691561907999992
12.255252070999985
12.201493805999995
12.570538949999985
12.16535046099999
11.74212548099999
9.933923152135987
9.217793283101265
10.425269059999984
10.457760390999988
9.31996454479599
9.58141917110128
9.215728416271993
9.440941622931994
9.412112811203992
9.053424200405109
9.810315380931998
6.645977264405098
6.553653391999974
6.062635542303813
9.335221636999984
12.537887325999982
12.808723327999996
10.505197484999991
5.62045154569612
6.204788330101255
9.456375926141403
10.864061854999981
11.51543536099999
13.01015856899999
12.795109820999986
11.727159617999988
12.809310734999997
12.661351880000003
11.528466805999988
12.145049821000002
12.722191483999993
14.874798385999991
13.600788353999995
13.032154499999999
12.09558092999999
13.344261901999998
11.861056540999996
11.798054375000003
12.067696285999995
11.346529906999997
11.414153805999995
11.235066683999998
10.773835257999988
10.786837946999992
10.820766707999988
13.035135249000001
12.876372345999997
8.615025839135985
9.44190206906798
9.018080009519982
10.149147970866878
11.048678414999994
12.056338587999994
7.841116155999982
8.702208151135977
8.10177299649358
9.398439776727976
10.082690263271992
10.549409229013593
11.548156832999982
10.883481846999977
10.691064911999979
10.33111115999999
9.747161274795987
4.934090092506368
6.8495108657974155
7.547203575101258
6.831050743101259
9.954626670863984
9.85147613686399
7.831031523099992
10.292597072999989
12.27124966599999
9.459818824863985
10.33347125199999
11.314836989999993
10.741623527999987
12.164053185999984
12.677215621999993
10.666513942999986
7.425386770594853
4.422225303599972
6.392484646594847
7.618158334405095
5.825748896797416
4.303106367499965
6.327170901506375
6.589638896202533
6.4094561844050935
4.910760467493572
3.9005714858999765
2.5971443587999654
6.027744862405092
7.561688339202542
6.677909315506378
4.465796693405078
12.384451824999983
10.701061406999983
5.923197549405093
3.3572309768999657
4.724762795999967
5.627209411594856
4.9896634978986905
4.657257144199973
5.696932070898699
5.30349498899996
5.4022507263038015
4.998870638999969
8.53252648779598
8.633450974999977
10.070021748282855
6.873883232101251
6.952735411101243
6.759063290405092
5.001221592699971
5.613215476999974
5.8546593627999854
5.723622883599984
7.602784452797425
7.373661114493571
5.4657044555948495
4.607104290797399
3.5070892257999637
6.304077722202531
4.813587606797409
6.059337837202521
7.512767974931962
5.240589614898694
4.154238502493566
5.595256706202511
6.658098847999976
7.356403955101249
7.126574357594853
9.577875625717093
9.909710208067985
6.285465466303814
2.3520633773999693
2.136017141699962
6.029241406202528
2.882292282101244
1.9619820373999601
2.896870997599974
5.949390953099988
7.618804443405092
7.945336187696142
7.153438951101256
6.765430813594857
7.89367196349358
5.781028108202535
4.803698231499968
6.5000166457974125
3.4902024932999645
4.200996313506366
5.779221789594853
6.948044049101253
7.822709291067964
6.460215397594848
7.495237129202528
6.663906507898687
7.783059757999975
10.097663177353574
11.126232358999983
3.6626462142999805
5.596143507399977
3.5264060927999794
4.489739179999974
5.259604507399973
5.313638948099976
3.5887571197999764
3.453674125699986
3.8166443480999948
3.6697003676999844
4.402733093299973
6.807200665303809
4.570060768099967
6.406122625696124
5.283597059599975
5.95083048549357
4.877873434405093
3.027900682099968
8.069494874594861
8.106378683506374
8.271569126898697
7.574516068999983
6.54208399959998
7.203767643696139
4.360143524202515
5.550024157696124
6.082567263797413
3.8291109069999614
3.9492993514935604
5.503981120303798
6.37765865020252
6.24878248289869
7.08808414310126
4.622021934493568
4.810024801599974
7.365596098303819
7.934824166898701
7.28961297449357
7.524844692999982
2.3887451644999795
2.331057325699966
4.1607049300999694
4.557887135299968
5.730036007696134
4.069182704199972
2.894719934099966
9.299313458203981
5.590609318499981
4.218633270299976
8.333696473696133
10.042113769646388
8.63333468479743
4.840736152599985
7.837778570594862
8.798413485696145
6.49339676359486
7.938113522303824
4.590168057299971
7.301078022799989
8.113755783101269
2.863801628099975
4.689755531299966
8.343558079493574
4.720453308099976
3.0288039138999685
6.423086216696132
5.737731504797411
6.103039312699974
9.19224290913599
9.085001139863985
5.627652290303811
5.109731695599972
4.864538334696122
5.25206233979997
3.0859302962999666
4.697684092699972
5.730388360594851
2.743342562899963
2.142371118199963
4.488505088799963
5.455961914099986
6.46389534449998
7.975223045303815
7.468069978299996
8.485127899135973
6.735617097506368
7.285444139101247
4.569225509599969
5.2348248734050875
8.146998036202538
10.309090426717102
5.744641311594853
2.5980500915999616
4.71365589899996
6.240827642797401
5.382351229898684
3.790427281202522
8.491398632797434
8.96778241579743
7.822806895399998
8.273785523999985
9.290288769646372
11.091644520999987
10.922215915999983
10.003201490858546
9.982712596067985
6.944160317999977
7.033226472506359
9.655951403858545
10.538622260999995
10.55973606099999
11.999462751999998
12.528731281999992
11.528430275999995
10.411200670999998
11.026105201999995
9.28556358327198
10.669669337353577
9.672984184203974
8.214088601696131
9.086843722659983
5.011605877696121
9.913767896999982
3.958202598594846
3.9616598357973993
3.6325446959999623
7.835178733797414
5.6971013289999695
6.2619503188986885
6.034944479405087
3.4134018432999635
5.130592279101241
6.759550460797418
7.475477867099992
9.03889401399999
9.23724729159487
10.419501036
9.872628157000001
11.149192574999988
11.109494591999994
12.42157677500001
10.28332267501088
9.65966266013599
7.401765142797416
9.833187506067997
12.879150232999988
10.426621811002711
11.36132919499999
11.316998755999984
9.354231402727976
10.479906789994548
10.947091610999996
8.91215207206798
11.681033655999986
9.53279702606799
6.38632993320254
8.384459547271964
10.629213352999988
12.031065348999995
13.171576008999986
12.545097796999992
5.659658662405091
6.174888246202528
7.497045913696132
10.660498447999997
9.168947390696149
10.875588379999988
13.086168829
8.576107559135972
8.190156043999979
9.621880015727983
8.283047418202543
8.731612835699993
8.135561111506382
8.445848951696153
10.947939663999984
10.882416424999986
11.069526777999982
11.521528771999986
12.346562274000004
12.026977229000003
12.446070815999988
12.382040149000002
13.208030193999996
12.81385917499999
10.630917960999989
11.978682750999997
12.686523234999994
12.810228763999987
11.521461187999988
12.491300234999994
9.854436103858543
13.149304705999999
12.60453781
11.807326767999996
10.957874203000003
12.074568035999988
11.263865259999989
11.16696923699999
11.126454140999988
12.419093929999995
11.633759654000004
12.261885505999993
12.860485572999995
10.870885308999991
11.033008521999996
10.683098128999983
13.500610816999998
14.956607219999992
13.597095003999998
13.660250307000005
11.473305620999984
9.918733764717107
11.34875796199999
9.692985333203987
10.705478165999986
12.340239564999996
11.302921264999991
12.062392347999998
11.435040467999988
10.575915539999992
6.014673101797415
6.556191938797422
8.047575263999974
11.412727506999985
11.694812293999995
13.030865139999992
9.960931671070712
10.687716350991836
9.908613061659988
7.208050505101258
6.435918072493577
7.599476385506376
9.333051403797436
9.069322940101275
9.536738069202551
11.180340058999999
11.083025638999999
11.037411680999998
11.20598471699999
9.571657612717104
10.676643160999996
11.489013057
11.620032725999998
11.171725142999994
11.866002431999986
10.652596035999984
11.347576218999993
11.535758451999993
11.752908050999986
10.19267287764639
8.376429472399998
8.725802496303835
8.560039123493588
8.375633044399994
7.378210752899995
9.322348907506392
8.858658163506382
11.526857201999993
10.972087958999989
11.371966410999997
11.33689003599999
9.76362958379599
11.181913842999997
10.004402546787832
10.50271286599999
8.814897732493582
9.363800477727985
11.357047550999994
11.136196287999992
7.502518786594851
10.630752860999994
12.032916096
11.149222284999988
11.803272405999994
12.500090265000003
11.945408422999996
13.41466441300001
12.185995237999995
14.254994602999993
12.80488671999999
10.866739211999985
9.292995321787817
9.66498462213599
11.745607984999994
11.547774907000003
12.015155303999995
10.419522249999986
11.403344835000002
11.841176000999994
11.123584974999996
11.752898235999998
12.515803557999991
10.814323145999992
11.842262450999986
7.88449624330382
7.632230328405102
6.024354045099996
5.579590823399989
5.846446102899991
8.034593827797421
10.022636358727992
9.99230807635359
11.337672136999991
11.982369469999995
9.892932366929262
3.8098428481999838
3.9272956969999724
7.648705529797417
5.5191231583038025
7.853765107795963
9.793676002659994
10.504872094999982
10.278120054717098
8.066625726303808
7.642765649405083
4.7405430511012465
6.703019406101248
4.153311419699981
4.481951042199982
3.965414115899986
4.029175743099986
3.832265257299976
5.21736419369998
5.2867463942999695
8.2220506424051
5.16618995510125
3.8559379760999666
8.295147256339972
9.14864447320398
10.322437008999989
10.026115321282859
5.923440669303817
3.902243852199983
3.38297965699996
5.860819296299973
7.337147048999971
3.5048852920999765
1.9506697478999704
4.871508880599981
6.040063122599981
6.714779650898688
7.89574885410127
8.68670573120254
5.87412948609998
6.3709560805999805
6.900903387506371
8.832926513795979
9.199233247271982
8.964550257931977
9.365940595999987
3.269174407999978
3.5110891311999786
3.55346426239999
2.819264399699989
5.64648208159998
7.116911038202532
5.132150460797411
3.3706510482999725
2.6275334548999787
2.3408664809999693
2.7305531798999727
4.386516694599982
4.506559202599991
5.4402438018999835
8.633755467135979
7.107331625405081
9.478560838203967
9.578671435646372
8.636801168863972
8.046885887101256
2.8654433410999713
1.7119601409999745
3.2216402205948356
5.191756034898694
4.8753155532999815
4.35089482879997
4.262550903299978
2.6057707320999786
3.18680185389997
8.656804779101256
4.104196865799975
4.557915003999976
3.8540479049999865
3.35059938199999
3.9572551299999934
6.121019914199985
6.834389039599982
8.129783502202542
8.984199558999988
4.011450910899971
2.5221300063999634
5.047477136202528
4.549354176303807
6.176069569405098
8.149045953405102
2.7735705779999753
3.3879553252999632
5.432832850599988
4.693139613299978
3.844733901999988
3.335986352499994
5.431419500699992
5.5996505844050795
9.042465658727975
10.046471993999988
9.562055519067986
8.521336750797424
4.434412515299976
4.677551132199977
5.894405361899978
7.5561877563038085
10.376066662717102
10.022729972858546
9.26319513533998
8.639766870101264
7.566939344797421
4.5684504317999854
4.165497598299983
4.2956179900999745
5.3397327086961335
4.785409732099977
7.68755451199999
6.843734231599982
8.559491171203968
7.4382744719999705
7.50767937769613
8.631468148797428
9.115754124339986
5.775882653799976
6.665046049499991
5.392506190499984
5.339172323599979
7.649439092999968
10.08211719678782
10.034016386282865
8.671417694101269
9.467869564863982
8.835027339202547
6.8048698303038195
5.568999099699972
6.4214190903038135
8.963308885135978
10.859896663999983
11.34294844699999
10.311851126070708
10.48590325499998
11.780105268999991
9.76734541314141
7.418754603727961
10.729077244999985
12.531775988999993
6.791488142405096
6.315632228099976
3.572736404399963
5.80145075840509
6.914363218696133
8.013812791405101
10.142331256070706
9.817119970795977
12.519395717
11.120063573999987
12.012288436999997
13.267824893
12.259684827999994
9.32103712620255
8.934712603797438
8.682224906898703
7.63404798130382
7.933049998506383
10.367403832999997
9.620880284067992
10.955591858999988
11.698004409999985
10.67770049699999
11.412490395999985
11.138164225999999
11.565211506999985
6.746129757696131
9.383299128795983
6.890973518399986
8.614132391405102
8.552180456493591
6.0801124495999925
6.440464726299991
9.246138027999981
11.909578414999988
7.597424861101257
9.196849766493592
10.106293180858547
9.001108372506385
9.392016258135993
9.397607853696154
11.115186582999986
11.435713209999982
12.875299451999993
12.397475281999991
13.53342236799999
12.22765729999999
11.751603081999987
12.849783321999995
13.289466718999993
11.237158812999985
9.024532682863972
11.509797173999978
11.229180919999987
11.679035502999996
13.713985822999994
11.569591327999996
10.674994602999996
11.118677862999984
10.822272852999985
10.816747260999996
10.62115434299999
10.489263111929262
11.184139097999992
11.121708324999982
8.629646353067976
11.718324389999989
13.770721451999997
13.128129740999993
13.641662446999995
9.814758763067982
10.817026351999994
11.968149688999993
13.635153054999984
13.474812944000004
15.80134614400002
14.779836632999997
14.870215236999993
14.235240282000005
13.352565720999992
12.771341512999983
14.636646454999996
15.09732254499999
14.51179166999999
12.847784807999993
11.615435270999992
12.930767943999994
10.262740585203996
11.735210072000003
12.113599268999998
10.697606925999985
12.441430696000001
13.952955967999996
12.532134150999985
12.490616242999995
12.99227324999999
12.514134922999991
13.958808588
11.408757782000004
13.59096613599999
12.306292664999994
12.340519846000003
12.594682391000006
12.566667042999986
13.951641194000002
13.800429654999991
11.692355297999997
7.258373745699989
7.4848380691999905
10.931463628999996
11.636201674999995
10.286119285999991
11.558537591999988
12.012342910999998
11.542584900999996
13.141336181999996
12.76994548999999
12.723913137999986
13.956453711000002
13.597766047999992
14.147746000999993
13.36629062
13.846400521999998
14.351268128999992
12.231389101999994
11.17895808299999
10.450593389999996
13.435567831000006
13.403496800000001
11.118011591999993
12.566428876999995
10.891571258999985
9.908418574646387
11.280559255999988
11.785144253999997
11.808875015000003
12.855017933999989
12.85639949199999
12.722360554999995
12.217446349999989
12.093770116999996
12.388550256000002
11.508634624999976
13.036620817999987
14.443493258999997
13.739557612999988
13.909174146999991
10.606876536999987
12.377283949000002
10.28509894706799
7.868466226202536
7.197462951696134
10.333750304999986
13.698375966000002
13.683645351000003
12.457749514999993
11.218854365999988
12.082563547999989
11.195136304999998
9.60254884328287
8.871108810405113
11.261051769999995
10.728659888999996
10.79420837899999
9.831092425646387
10.085145662986399
8.633865878300005
9.322042384303826
11.383449453999992
11.987214033999996
11.356452935999991
12.065132807999994
13.028122397000002
13.91316115999999
11.900865285999991
11.325144642999996
12.30152953199999
12.691172815999998
11.244039391999996
9.899441209415992
8.681375289898707
10.567343038999988
11.852212104999989
11.691706257999982
12.28448624899999
8.971929632727985
11.948443519999993
10.237032195999994
8.943778027303832
6.7400881148999945
8.73638217010127
12.309651299999999
10.263847564999994
10.112372260999992
9.860396574415995
12.191901139999988
12.971516878999996
12.238879304999994
9.909382890212143
10.597626967
9.460179229696156
10.835314986999984
12.10290955399999
6.290700044303808
8.92643201899998
11.067988442999999
10.470438675999992
12.495066861999993
12.061535984999997
12.164933514
12.645552568000003
13.135847282000004
11.782808124000002
11.387553429999997
9.595589054929265
9.756023062067994
10.835885232999999
9.555681272898715
8.633084022493591
6.104352320899992
8.266360159303835
9.835153608795988
10.767120763999992
11.088164751000003
7.8896010162025405
11.371342158999997
9.590988214070704
5.580220017999981
6.213438020299985
6.637611967499991
5.145350938399996
3.7805891356999948
6.373656628405103
7.495898745696138
6.391847674594854
6.5591372008986895
6.339142398101246
9.472720928999975
5.197965864594849
3.054667712399967
6.050620588696121
7.141834851101262
8.617732572931978
2.3485715209999696
3.5829920546999663
6.7581308014050885
8.37876829830382
5.571622494499973
8.426322724898712
6.280840675399981
4.878300305199985
7.015824366799984
6.428093147303811
7.323926632696141
5.024281701699982
5.996516934202533
3.2987354522999888
2.9377751876999887
4.194254215999966
8.297171626303822
4.219190389999979
4.751209779399971
5.969408944699974
7.457136909506375
7.9951600891012555
8.25370115969614
8.834980163594865
3.322356704699985
2.097538787799983
2.097253201299973
2.7666349975999722
1.8606070098999754
3.2453948470999734
3.040146121199977
4.729707153299966
6.607955932594845
6.326010559101247
8.228740377797411
7.76149576259486
8.117280218493574
8.320484796101258
8.787195916795982
6.511407511899985
3.284042967199981
4.4216406905999674
8.605761668405101
6.2574569472999855
2.731760098299973
4.498680998199974
6.854735708599987
7.120952278101251
6.2976070601999865
4.238929264799988
4.471175973499978
4.686170866399971
5.064137174999978
3.9299334472999816
4.1118373443999685
1.9170279601999638
2.6665695754999663
5.4431562758999785
1.6187252486999701
2.2475816863999647
5.5772372695948365
3.952471606405079
6.999875628696129
8.842637129202547
8.677361279303826
7.079580429101251
5.5782109543038
7.619446620135958
8.465835455303816
5.655712132303807
7.410257092303817
8.58894221799998
8.94290227979598
2.091581416299979
1.7614229964999821
4.056707478299975
4.8852724700999826
3.354762280299968
6.0914004104999755
8.770727120999993
7.264936180101263
6.385762425202534
6.672888372797408
4.664309573405082
7.521428898594855
7.1371701660000015
6.14804258419998
5.445616549699988
5.656423915099989
6.125040003999991
6.213803727699993
6.852159773303822
7.655323350493584
8.660199684101277
8.376742956493601
7.5918212768987
9.153580071999981
7.293520315594851
9.262584765727969
9.368951277141415
9.150434237795984
9.507445501795983
6.560202479594858
6.899831378199984
7.129746247898706
5.166408155799986
6.577653584299986
7.1364715073038205
9.824905999858538
7.919686523405098
6.462158206202525
4.364500860594845
9.693849891795985
8.661849087493591
9.07382234799999
8.435098974594865
9.158495388797432
8.770861064101265
10.133186531070706
11.53070982399999
7.61329512179742
8.319238981594868
8.480028715493583
10.437910044999992
10.437529136999988
9.100336201339978
7.811561462405088
4.998293829303815
3.886309544399971
5.784848045303809
8.187734854101263
8.086095382696147
8.361671993999986
8.234943943799992
7.043502119399991
7.082102311699996
4.828573048399984
9.499200680493592
11.000460195999993
10.929971276999991
9.48731412672799
9.56025446920399
8.859633216931973
10.057645295999995
10.988621453999993
9.505443026795987
10.713881525999994
10.707896737999983
12.088706276999995
11.37901081399999
12.053594884000002
10.606930283999986
7.321765919506381
6.6170978683038015
6.395200071696137
11.166566547999986
9.7918905990707
7.19883551320396
11.036736048999991
10.495542789999979
10.187042931999994
11.008247436999987
8.044413220202536
9.365445275898715
9.65864220120256
11.849599146000003
8.385152789303824
9.718835983303835
10.730781145000002
12.136488657999996
10.751171439999997
9.422184425405112
11.90362956399999
11.955969945999989
7.423549661303812
11.896123659999988
11.55723026099999
11.414876798999996
10.05559151299728
10.200039639212147
11.448097584999996
10.276481484999994
10.130176859999986
9.6038988587171
10.199711694203987
6.933436433405099
7.63050793610126
8.704936758405104
10.159661878999994
10.563340757999992
12.445643816999986
8.410165414405094
6.681163110405088
9.779453553863982
11.972582689999987
11.69876895299999
11.931206869999995
12.433803376999988
14.071059418999994
14.037502172999993
12.746258085999983
12.859506084999987
11.928507053999985
11.358220885999987
11.862329265999984
12.788256624999988
11.235491332999981
9.675771296787817
7.005183911101245
5.181808938594839
11.314993680999985
11.366004799999997
12.233791152999986
13.047870899999996
11.907364351999991
10.67886268799999
12.187332171999978
11.008832311999985
14.061982641999998
11.790052759999995
11.613603258999998
14.140433910999995
13.946908065999985
10.995134243999985
13.996923702999984
12.788002570999979
10.87313474599999
13.04527777699999
15.004913161999996
14.290541453999998
14.467301217999994
13.071098586999994
11.808850877000001
11.916132967000001
11.267899193999996
9.733728420999995
10.477971207999992
10.811350960999995
11.437263358999994
9.166079392999986
11.18568772999999
10.99340669099999
10.048762493931987
12.250568697999995
12.997165900999995
13.410814725000002
12.58888232599999
11.388418139999988
11.28868618499998
7.345853446999977
6.793236396797418
9.713786120727988
11.573692505999986
9.047395361303826
9.034624931303828
10.46108385799998
11.587946322999995
6.737160896303816
5.7025814528986905
9.774719416863975
7.627002369795967
4.720089692696128
6.662931376594851
11.136377152999989
13.876859049999995
14.018328637999995
12.835292370999989
11.003881029999988
11.426284427999983
12.031997518999997
10.47005246900272
13.108195108
12.473776061999986
13.497604262000001
13.510737768999991
12.457375305000003
12.246302949999997
12.208240624999995
12.109008933999991
11.952789309999988
10.00044586792927
10.167542998999993
11.159992908999996
11.703806276000005
12.953537201000007
11.76461928400001
13.439119520999997
12.309390535999988
11.20976361799999
11.791181263999993
11.93172352399999
8.07553709259487
8.38490264740511
10.89792126899999
12.273591498
12.479849938999985
10.798513859999986
10.066328370999997
11.138416678000002
13.133156281999993
12.892936063999992
11.714192902999999
11.708759324999988
12.864001334999989
13.259736905999986
6.679999287405087
13.988388390999994
11.774148890999985
12.266715577999994
12.62638874199998
11.424418813999992
10.435334505999997
9.580852911282868
11.42609718499999
10.258875271727984
9.75779468386398
6.138970407101253
7.109148954797409
11.993071082999984
12.074921006999995
7.577921191399991
9.377208851717093
7.140627485696136
7.802104505898715
9.971325111282859
10.353287696858542
9.598619551067985
5.668944990493562
11.708612780999987
11.176610259999984
8.136562203999976
8.460844232135974
9.58246803286398
7.618476794405091
7.131766607696143
7.880230483999979
6.37280959010126
5.6769942779999845
7.050554849199988
8.932000511135982
11.366846180999982
9.812423849353586
5.217483538797408
3.4275688842999767
3.682967604099965
2.037207470699964
2.4774938308999745
2.4971401336999683
6.252333724999981
7.447097981303808
8.894134271135973
9.375538420067977
8.76675187069615
7.529787301594858
9.395059138339981
8.887439581303834
11.631942798999985
11.607718142999982
4.495111631799975
4.15365130919997
2.8933457992999685
2.380241528299974
3.6037159148999733
6.431560758999989
5.476450205999975
6.539006300405096
6.0479204712025325
6.723047299202539
4.2108951110999815
4.164215202299982
4.37419219819999
3.595136685199993
4.684218461599988
5.273884893797401
6.584522877493566
5.537953768898683
6.935295861797412
7.801783395405101
5.357908164999973
2.6937804214050787
4.802117811594847
3.8951656936999717
5.2780621901999805
7.411249899303811
4.338073570303809
2.6510600997999685
4.401327342199965
6.2358605224999755
7.219192379797413
7.072382493594858
6.049698355101251
4.536859143099967
1.537299293899981
1.3278044982999926
3.198316030899969
2.798323303199971
3.1499068648999646
5.091252477999966
7.009686425797408
7.307708503696134
7.381448805202529
7.538564080797413
9.122715266405107
8.726227047795975
6.924914471405085
7.445455699135961
7.081860665898692
6.721298963898695
3.0602099196999664
5.784544410696129
7.84856621549358
6.088917565898682
7.357580734303813
6.490517594898689
7.424507012898693
8.168021891797414
5.864440026898693
5.306505383303814
2.4636801665999775
5.495449191303807
5.407018360898694
2.619715446499966
2.7126791686999643
3.189086454799967
5.186597114594841
5.855943377696123
4.333314994797404
3.8346579224050723
2.952495844999956
10.950442901999976
6.401251176506378
7.590846150202546
7.440207984898688
4.278545428506354
5.569398788506364
3.737419573999964
7.518859692405102
7.580163232399992
7.167938699303814
7.27925852510125
7.898963813797428
6.1843335387973974
9.208109815999988
8.089179827898702
6.732855691493563
7.953302708405105
9.30623711093198
9.487840600727981
7.700227120999981
6.642503677405097
6.605597938493574
5.9579185515948545
5.92655695189998
6.741631278999989
5.7166776153999885
3.8115308425999888
4.435938764999988
4.019210153199994
3.552695512399981
4.368967872599985
5.262192698699988
5.925321606399979
6.29928127139999
5.073351072699995
8.408303335594871
6.99190039059486
8.425048553506386
7.432749226405102
9.605810807858543
10.163527802999983
9.97136700728286
10.158398463282854
10.66371249099998
10.109988873212139
8.79246164093197
11.896188463999998
9.064647915594877
10.092374853646378
10.3730995027171
7.142225471506359
10.875000232999978
10.169125540135987
6.963711137405096
4.317373510696117
6.573776692202537
8.252944627405114
9.16066237186398
6.210540896594845
5.261287333696113
3.4130278426961147
7.096920068405096
9.00327445213598
10.069527143999995
9.95576838685855
10.18145995021214
9.64650206906799
4.201165974405083
3.820385964999962
5.7937006774999675
8.48885578779597
6.242607846101244
4.361374819899963
5.986966418506363
5.917283105506363
5.638606788594838
9.625574615339985
6.453502453594844
7.438480390898695
7.759746345493577
6.978525318898689
6.738409559594854
6.997235380594859
9.057064779787806
7.891959088101269
7.763884179700003
7.36166538699999
6.4238219146999835
8.53778669889871
11.129345409999999
11.321715181999984
6.965318582202526
4.368764848299965
6.786184876999991
8.112436105303829
4.432182702599991
4.111797724899991
4.3291126235999915
5.76266646879999
7.519645669594864
9.751467713929262
12.289326084999994
11.449284018999993
12.459129203999991
8.941173998999984
9.47236845859487
6.892217637599985
6.493786688199993
6.8264227982025405
10.154123780858546
12.020514914999984
12.391203354999988
9.914862881353594
11.687738172999989
11.16515949699998
12.232598739999988
9.250578137135975
6.211801303101238
3.463893745405082
4.6199240753038
6.942013230899984
10.279201398999993
10.371666841070697
9.207784274311985
10.699131238999984
9.720288160795988
10.315901804999987
10.979989112999982
13.201636122000002
11.667029796999994
11.132821728999994
12.820121938999984
13.770794920000002
7.23259823149357
5.965212570202532
4.905473542799976
8.606850743101266
8.83258180540511
8.122491609202537
6.193169857797417
8.42447826840511
8.325491683999983
9.41123667299998
10.234946464999997
9.949805696033273
11.234316677999992
10.461509455999986
9.84248644572799
9.211304878202553
12.288440716999995
12.859206041
12.408959858999992
12.04029283599999
6.7214034148987
9.82964501027199
10.507102115002716
11.361452425999998
11.60361614999999
11.126968236999987
11.553145041999997
9.905690380931986
10.886725577999984
8.280586103797415
8.954210403271984
10.59294789699999
11.947361709999992
12.971133619999993
10.319461905999992
12.327051233
13.602923604999996
13.23150356099999
13.895568278999994
13.298808476
13.374797044000003
13.03624731299999
11.317474512999993
11.182196879999992
11.506283915999987
12.757362334999982
12.123389106999996
13.010419097999996
12.77816935599999
11.845872687999993
11.146858869999983
12.521543116999993
12.790164763999995
13.188037205999995
12.681851299999996
11.331741230999999
10.32098324599999
9.339459985271985
11.615792669999987
11.199231992999989
13.67286312099999
12.536007198
10.638295980999997
10.389322146999987
11.626376587999996
9.428224035594873
9.877903649931996
9.509554367101272
10.371971753999995
10.097635095141431
10.399431838999995
11.258291347999993
12.484364262000001
11.199590812999999
10.253761634858545
13.918420784000004
10.86310930199999
12.364088515999997
11.351134218
11.988085973000004
11.23733912199999
11.292983088999996
11.550551874
12.360668751999992
14.09529460000001
11.432440062999987
6.745059474202536
9.298194128271986
10.041884606931994
10.011488308795991
9.69768633879744
10.136855299271987
7.482988499506378
9.074675985795977
8.96180974886397
7.265258454898705
9.92207968427199
9.459434176717103
10.14456872264639
11.26422773
11.952508067000004
12.767439412000003
12.406745380999999
10.689753136999997
10.739190546999987
11.184329622999991
13.013795640999984
12.139019161999993
11.957999082999995
14.266107607999993
11.870922265999997
11.7803653
10.857529829000002
10.896305729999984
10.540696131999987
11.795704639999988
12.799656746999991
13.288907376
11.122737740999998
10.883392819
11.999842719999993
11.736256655999997
11.095213404999996
11.14694086799999
11.233049605999998
11.930615931999998
12.427342124999992
8.509445860311978
10.55547022999999
8.998911077898713
7.077568662999994
9.582515562282868
7.753836668399992
8.14060139310127
10.14421154792927
9.26447623289871
10.302406132999995
7.367381785594864
9.007454638687978
8.540479144303823
7.6231430068987045
7.748993225099994
9.673379548717099
9.873561653070706
11.61020326799999
10.17958221285855
11.068096036999986
10.871759311999984
9.965417213282862
8.526978333999972
9.995595068282867
8.649610685795977
9.739705189646385
9.750877987787826
7.198668345594852
7.465740365594856
7.42017259979742
4.245810964999976
4.63751526339998
2.9743202849999633
4.679876428202526
4.758342050202518
7.200017208898696
3.585359016399973
2.798266126999962
8.227587254203968
8.628486033727977
2.851535617099971
5.211926124599982
4.453895140099984
5.765527098101253
6.233572082493577
6.938692727696137
6.369681957999978
4.429264581299964
7.598394802898698
3.983997421299968
5.18333878329998
4.19042915799998
4.493912423699987
3.8159855346999674
3.958627712999978
3.6268414016999833
4.5043172774999745
3.9166613784999726
4.2930521499999665
5.144952925101245
5.178991616797403
4.275192719999973
4.489899928303803
7.122487060493568
10.931650771999985
9.287963610863983
7.316571556101249
8.04575322110126
8.118516978506381
8.951819067271984
10.199783454931989
6.738330721999977
2.5990813491999796
2.3965154555999852
2.2309896331999806
1.4943028213999905
2.1447835433999773
4.098640450999962
2.8595986876999664
4.965999862699965
3.9509798018986886
5.0400902007974
4.983695388797402
4.25877680210124
6.5445710861012465
8.96581510172797
9.493527233931987
6.732577275099992
3.8016019225999735
3.3810262755999827
7.144931129506386
6.4109401825063745
6.64962002559998
6.183716950999991
5.566628601099971
5.879164134202527
6.196838278202526
7.667255247506375
7.302557165493576
4.773272784405079
4.4729133453038
6.224934478799979
2.775738648999972
1.8183755202999685
5.954203857405084
8.11587827759486
6.01269112699998
4.975629061899985
6.513912148999969
7.027468194599989
5.994780494696135
6.138150851405085
7.090664776594846
8.010956722999975
8.390449801594862
9.353907287727981
6.527010098303806
8.489749777135973
8.029555622931966
8.433726652493586
9.397397624141412
6.50640802610125
9.149242518594868
8.604423046898711
8.331987364202554
7.463921322594859
9.06778996286398
7.601567799405106
5.610608450299973
6.191115843202529
8.358916291797426
8.544496990999974
10.059334202727994
9.066106310999986
9.701049020282865
9.643695413135985
9.581844750999988
7.3767630385948575
2.306250065599989
2.775020570399966
2.486890153499967
2.0069307952999678
2.1899564605999675
3.4498658263999618
4.704227754199969
2.8790649886999686
3.329768547101246
3.7570866881999607
7.137926783797419
6.84048407750637
9.360126835717098
8.401444888303823
9.684630476282868
8.298470417797434
7.20378910679999
8.789932368339969
5.81288204799997
7.421798838799996
8.243359576405101
7.059855462594851
9.588850740101277
10.51970387899998
6.527341938797415
7.849665924101256
8.900228337067983
10.101028306717108
8.800605541999982
8.143332401999984
7.131276127594854
4.836781458999968
5.164980567899979
8.042369934101268
8.030810877999983
8.49184116969615
10.216808880866878
9.68053187272799
11.667777891999998
10.27246899407071
7.758738354506386
10.744960857999992
9.997510511858538
3.9227376662999602
6.792061431898684
5.514010694899986
6.012017668199997
7.294093725594863
7.046366117899994
7.022095973199991
9.274536361696157
10.100253811999998
11.374992067999997
11.881166347999986
9.190147572203976
9.35550303799998
4.503045941199976
5.692737321506378
8.931587037696152
8.182494624299997
10.23054944199999
10.444813790999994
7.69715562120396
5.317209818999961
6.099636338797403
8.946568305999987
10.957327897999987
12.437035312999994
10.357458695999984
10.088799194203988
9.41509275813598
11.776699601999994
10.945970340999992
10.070935821646385
11.14609934799999
10.253133203067986
8.515867661999986
11.316832444999982
10.845566219999986
11.691687018999993
12.212921691999984
11.366504377999995
9.369778985717103
9.207774916067983
9.680705544999986
10.031232656931987
10.897527097999992
6.296806082202532
8.33636344599998
8.626831216405112
8.918367590303834
8.517310348493586
11.082269825999983
12.508350046999993
12.653254436000003
13.542035071
12.555804266
11.839926966999997
12.731371181000002
11.328652582999986
12.689262545999982
12.976015806999996
12.491260027000001
12.274847390999998
11.931192295999997
11.838015038999998
11.621883443999998
11.176247139000012
9.890021824727999
10.816958773999984
11.556584188999997
12.042053771999988
13.052749167000002
11.413594793999998
11.340120865999998
13.36146457200001
12.54362177999999
14.897223902999997
13.911969373999993
13.993293207999988
14.70458438599999
14.312004656999994
13.073023839999994
14.435008686999995
14.249630636999985
10.61903540499999
10.481700030999985
11.730480202999983
11.358465160999987
10.238771155999997
8.171696102899993
9.83257423099999
11.458238561999993
13.777226745999998
10.20631912513312
9.806542085203995
10.43416183199999
11.466469497999988
12.820036027999988
13.380149814999992
14.02504511299999
14.707569323999993
13.54475033299999
13.065387772
13.329839014
11.058474164999996
11.165836365999988
9.499585577405124
9.326922944594875
10.714522431999997
12.868200091999997
11.09939578899999
11.693566076999995
14.640983893999998
8.82721245269615
7.07676436310125
12.441059948999998
12.551099491999999
12.978110836999997
13.131210456999991
10.774534292999984
9.891279820212146
9.652763417101273
9.619588961863988
9.82608668513599
10.97286892399999
11.398818651999989
12.279895221999992
12.757566682
12.790100596999993
13.620557964999987
13.523271869999995
12.844954928999995
11.240260904999984
11.999564493999992
10.125054696787824
11.073653016999982
9.347625863727991
9.298459664898719
8.171903044099992
11.559362949999992
13.192008603999989
13.12307275999999
12.553960969999993
13.39347639299999
10.975382149
11.343541868999997
10.02789849533999
10.821682776999989
11.20221307699999
10.969189879999993
11.101059765999988
10.651170795999986
10.92694706699999
8.124964720202534
8.383125180067976
10.727797507999988
11.176131597999992
12.177288397
10.571789972999992
10.862073505010876
12.663108494999998
13.504523049999989
13.326886608999992
12.665438172999993
12.884567798999997
11.824025353999987
10.721801841999987
12.281095156999983
10.981950973999986
11.23523495899999
10.254340653999986
6.752377319303821
7.4168244385
7.775297523499996
6.476382917797412
9.251684765594877
10.573127150999994
10.948946670999996
9.619945678696162
10.694852234999997
10.23592120199728
10.12331348885855
10.14931101799999
9.992816888282873
10.017633506863985
6.167336965899989
5.28776425019998
7.906909492506371
12.080836566000002
9.729747224271977
8.806932195999984
8.224655310101255
6.8484003417974195
3.9467592086999823
6.265023446696141
6.721789401202538
7.382427842699989
9.184905917271985
4.196709336899972
8.217200152599997
7.120116986101266
5.569697328199993
5.1705381133999895
5.746020831299986
6.624569499202541
5.692061544799995
5.832636276199999
4.385159001199998
4.033902815199974
4.8406320006999835
5.011211373899971
8.4309977218987
6.634092362999982
6.243098271202539
4.87081829989998
4.908525169399972
4.717604759199969
5.458459530594857
6.03014058379998
8.788915466303822
9.035113653727985
8.660898458898705
6.554456109594863
8.721484625135965
4.861328137199984
3.3618559630999756
3.215935720799976
3.346966412399974
3.742615936299975
5.746550624099979
3.486184672499966
4.193697389202529
4.939012589999968
7.11057129669614
6.219818438696137
3.521530952499975
4.212330654899982
3.6854673110999756
3.250859983799964
2.212037751799984
1.5808104323999774
4.021984062202532
4.226132315099978
2.286696906999972
3.898150321999976
2.9525507247999796
3.3236671554999746
4.203234806799967
4.069547061199968
7.839723619101266
7.276990397594854
2.405077822899973
2.1605005691999772
2.126297511299964
3.5962328582999685
4.835468373101243
4.965320666493563
4.782682470696132
5.696035368303808
6.059885763493567
7.113815539594847
7.974233753999971
8.86067673020398
6.190900233506367
4.631731268303796
5.53649136659484
7.700018708799993
6.2088816298986895
6.226668421898696
7.245903965797408
8.140829435696144
6.164675497399989
5.139187351999994
4.248679881299992
5.4170389603038105
6.652226284799986
5.865171064797407
3.3853235564999733
2.1562904540999583
3.948587359599965
4.285385650599969
5.416811463899975
5.413161714199975
4.377285185199973
4.105254486099971
6.96280122379742
6.40910811309998
5.40052152559485
3.752661497499986
4.104285720799984
4.1137313064999805
5.219366288797408
4.197390541099966
5.583534347493567
5.866303556797411
8.24995631410126
2.3128659179999627
4.3376265349999645
4.940423384099977
5.8655081710999895
9.432462376271983
8.82294479220255
7.295996093799996
8.201542843594874
8.711642875696155
8.341678565999985
4.866529096999976
5.341881607101256
3.376249212599972
3.29250827179997
3.5469968017999665
5.12065206150637
7.376156021101257
7.1104955734050925
9.401300857659981
3.4409317061999656
3.9094922667999716
8.259247781271974
9.26217578893198
9.25485061799999
9.10450242159487
8.616286988800004
6.870941880797414
2.9322933562999607
4.3798561141999635
5.222307939101248
2.6713519332999605
2.738545448299962
6.212112673999962
7.237954377696141
5.765168586699995
6.206595509299982
6.869870001202519
7.495706886300001
7.970956626898708
7.514961605863966
9.97574091328285
10.470569381787813
10.047029291005442
10.069153597999971
10.263935947994554
9.910842286795996
8.79998080733998
9.465622305203974
8.568211230339973
11.135452781999987
10.61154671899999
10.032224830727982
10.536188581858541
10.799574964999985
11.59560477799998
12.484701885999987
12.922351870999991
11.461947239999994
8.839445167493587
4.454476988199982
6.48404372710126
7.586522416795968
6.575574087493561
5.784846675101236
7.982246057067968
10.284909559717102
10.298898924212144
10.854075612999985
7.991805184931968
10.479860041858533
11.308902755999982
12.189569405999984
10.598357647787816
11.304089068999971
9.154778561271977
6.911060678101247
4.817478179898679
4.3807355835063575
5.216093695101237
7.702663250699991
6.784089364599999
9.658252308795973
13.238760238999982
4.233267880202517
7.2439201766961405
9.401394987506393
8.854257884135972
10.211592590212138
11.133266608999993
10.064059114070705
10.571162076999986
13.00225166499999
14.157263634999987
13.418445098999987
11.512615900999979
10.36292991199999
9.374333508311985
10.834794068999997
12.719029923999996
11.719439913999999
7.998315713659968
3.9323964446999713
4.271258251999955
7.516617234797413
10.929735267999988
8.244689605696138
7.605799748202543
11.208628698999998
9.728624201999992
10.846064269999992
9.772251628067991
10.460975535999985
14.572853989999997
10.999706521999986
6.991085604898692
5.925947868303807
8.448670431479972
9.074555714405106
9.467795960999979
8.446741677931959
7.564856809999961
5.6545455353037966
4.556529470797398
5.34716762389868
9.69938413999997
13.31590529599999
12.081935898999996
12.61886721299999
13.203615387999996
12.763252292999992
13.317808812000003
12.300655004999983
7.744134083727959
7.432772969067959
10.989281748999982
11.06725478099999
9.890781697033278
10.005731207203993
10.713046998999989
11.349461150999995
13.123414676999985
13.938345795999986
12.726838176999987
11.638675214999983
11.925969191
12.604138329999994
12.490021697999987
11.513026241999983
10.782880631999989
9.183940026898716
11.46569876999998
12.381902587999992
13.970931115999985
11.641889194999987
11.694639077999996
13.465695079000001
13.673000672999983
12.568071093999983
11.700327701999983
10.215050361717102
10.308465818999995
12.187931799
12.924941068999987
11.265601194999984
9.975890348863988
10.553506795991833
10.432961994999983
9.734337382659987
11.023197519989115
13.293619619999992
11.092779410999993
11.391424202999989
9.835350846931995
12.784351973999987
15.172305115000002
14.39399009199999
14.246106293999993
13.061249064999984
11.11011572599999
13.599130813999995
12.269323292999983
12.959450805999984
9.953825921727981
11.88044114799999
12.115160346999996
12.502613039000007
12.182078354999993
13.586055597999994
14.536397112999985
15.398870180999992
15.160361651999978
16.54165349099999
15.069873928999991
12.941612935999993
12.51354162
11.440786697000002
12.56037433500001
13.118145357999989
14.209441355999989
10.948184922858523
12.929122974999986
15.651339916999994
14.702260920999983
14.387576865999995
16.433911425999995
13.76814349499998
14.404797257999986
14.097681141999988
12.579890749999988
14.399278470999983
11.882927457999985
12.132419131000006
9.836270326066554
10.210192675858545
9.587172778212146
9.164553779594867
10.77146741299184
11.26301818799998
13.282125936999998
12.915023165999994
15.212722165999994
14.73798103199999
12.715761448999986
13.711816047999992
13.607560866999986
13.652866376999988
12.965643583999988
12.40240169799998
12.190551407999974
11.882210882999981
12.897995862999993
11.951934086999993
11.105528370999991
10.613893216999983
12.669262627999993
13.148801900999995
12.062971809
9.442637867696153
13.31063328899999
13.297585549999999
13.323778899999986
13.281187382999988
14.299823107999984
13.177223348999995
10.138674931212137
4.836904240399975
8.062242796303815
8.472796108999976
11.216732282999986
11.72474509
12.266063772999996
10.886619370999995
11.816019506999991
10.266981838999987
12.441806940999987
11.767425667999987
7.635643011506383
7.50669010930382
6.886427761797409
9.150203604070686
7.056552940405086
10.613383240999985
9.293166358931986
6.566395065303805
9.570651704282856
11.378720615999983
8.291380467202538
3.784006520101237
5.964708169594847
8.119586810303813
8.27007707814139
4.590311868303811
4.691578242506364
6.178159902999974
5.422733505202536
5.8852487838986995
6.810794331405102
6.788092900099986
5.867935461399993
6.191593345599993
6.435879446399977
7.400432139594843
10.95913522799997
10.342046289070703
2.8109470305999653
4.913137557999966
4.186535336299966
4.704645970199974
4.805884626799976
4.272259912099972
5.396474035600002
3.8903274581999767
6.220612715101242
6.918244383202534
8.259477615271965
4.794928018202533
2.5682815032999633
2.933517434699971
3.2043511702999705
3.656079388405082
5.736513055399974
4.02759529569613
4.875458161898679
5.550874101299981
4.431445518499987
3.7312615462999754
5.301143620303808
4.691441259799972
6.890463909898692
6.224585940594845
9.679810414070696
2.9437311294999735
9.145115275717092
8.269648661797417
7.9831499145948595
8.410804020795972
6.819573318506365
6.017911444101241
8.230855676303818
3.053601869199965
4.645635024999971
6.482346238696129
8.233752264405101
9.388419108727978
10.90289037899998
10.40010032799999
9.705993011339993
5.909990171799978
8.467561476067978
7.142316096506367
7.505947215303811
8.78362364959487
6.602922505202526
5.500541279594842
6.65607369540509
7.219580255101244
6.273687786898685
7.036415521202528
5.182203950493556
6.840089952101242
8.099487799101267
5.257777973899972
5.782691534405089
6.374893058797418
3.794546687299968
2.29116555789997
3.893679161099971
7.241613186594855
5.471630215506367
6.921915869101239
7.284678260797413
5.252270191999965
8.914615457202549
8.105442188999982
7.627016368101259
7.160898954797404
7.963706927506374
6.1066396468986905
5.222406845101238
7.594481040999973
7.525707600405102
7.209317289696137
4.191806448399967
3.2200169082999626
3.3950703124999686
3.654534420799963
2.3837603698999628
3.7849752166999684
2.422318011499966
2.611275808699964
5.001964402797405
4.860939294405088
5.523325826999965
9.157594534212134
9.847078225787818
8.708773454203975
7.266143904101254
6.420173959405097
7.416766212506373
6.8151862213038035
4.662388816797401
6.392894006303813
9.33000184330383
7.764132438696134
9.814456079070704
8.435902136135967
8.813109889135967
8.656475768999968
8.511837704339975
10.051610890141417
5.890554002405084
7.942447805797423
8.509370545999994
8.85365114593197
9.185712110931979
7.9507892455948515
4.161449470499962
5.25483939820252
9.710487101787814
8.337532141067971
3.6158408432025233
2.343718934599966
3.20941829219996
4.9818676604935614
4.985961325101239
6.421694595303793
7.462498463399997
8.110496559101259
6.1218656235
6.860175743099989
8.363770054727965
5.7074607406961215
5.664526682999968
4.460130630499971
5.8813510528986885
8.569475166303825
10.216271043282857
10.348633708141422
11.200717498999985
8.393861796727972
6.037559335303801
4.389930062898678
6.605415748594856
6.788142297405091
7.282537528999975
8.787766395727976
11.027723055999992
10.280951341141414
9.160979116863972
7.802163206339964
7.2851026627959605
7.695485197405099
9.528077920646382
7.690489169303811
4.97854675749355
6.481992060898684
10.626743238858541
11.079307273999985
7.2199928908986895
4.409815382405076
9.280495431659979
11.051629197999981
12.201643701
11.544203646999993
9.714915013070703
12.028916015999997
10.31839575499999
11.690021166999985
7.278450311303817
6.155013435405092
8.982971102929232
11.247847780999987
10.346291419999984
9.51168316027198
8.72594511271709
4.994014814799975
3.556304887399968
4.7864455261012475
3.2316278274999695
6.084734591699972
7.508809771696129
8.639633370999986
8.962509185863977
8.16755398406796
5.134947283898675
5.567077769499971
4.522432069399964
9.489181222493599
8.853676357999985
11.38883583199999
13.140655376999998
13.749753165000008
11.70319369999999
12.171521380999987
12.718136197999991
11.364327910999997
12.655357242999997
11.378775895999988
4.988742108202531
8.165100015203963
10.80636333499999
11.011448662999985
12.710556521999997
14.089179364000005
12.934889269999992
9.672938261282845
6.864733479303806
10.026866459795984
11.451938250999987
11.629030990999992
11.585527032000002
12.427598950000005
12.175614037999985
11.008099637999983
12.625862215999986
10.100702131787832
8.904038549797429
9.351261447101276
9.528374395863983
10.071088487135993
9.756080471863994
12.321296876999991
9.835513108933439
11.933058887999989
13.229623688999991
11.444988342000014
11.830657435999987
10.874548063999987
10.479105694999985
9.037252139303826
8.917901896696147
8.97018104710127
12.713912209999993
10.244807003863993
14.249466202000002
11.482530178999998
12.254808393999989
14.417722661999996
10.51091715499998
5.494288709999971
11.472285270999977
11.201012610999987
11.89607959299999
10.68950183299999
10.972554050999985
11.268759620999992
11.378008535999996
9.456790592999997
9.676634876999993
10.367935909999991
11.04929906199999
9.491641293303836
9.375137913493596
9.762734272797438
9.089384767202557
9.69362876279199
11.243726159999987
9.654464286863991
9.935957188282867
9.235158029135988
10.303937322999989
12.309513563999985
10.106530555999996
11.321195002999998
12.052460904000002
13.808000751999982
13.048790741000008
13.118315275999993
13.244177952999994
12.812277443999994
11.71179865599999
11.031596586999992
10.315820817999988
9.625871073931984
11.823255248999988
11.489233602999995
11.68095177299999
11.91518106499999
12.838905093000008
12.639820111000008
11.012703086999995
12.211167823999993
11.316690526999984
10.583673989999998
11.686122214999983
10.619738434999984
9.049215203898713
9.779218710203995
11.613809336999994
10.86100221599999
12.423854329000001
12.729157564000001
12.358054496999998
11.218617724999985
11.591872797000002
10.822368686999987
10.661971290999992
12.438254819999994
12.922298015999996
12.367602524999995
13.212443912
12.727708829
12.031812256999993
12.807656356999985
12.755964411999988
12.15958895599999
9.946398725931997
10.674785861000004
11.459968179000004
11.666824890000004
11.081256180000004
10.689827804999998
12.912638711999994
13.827557285999996
12.628951565999987
12.655465102999987
12.770992528999988
11.979040511000003
11.532918025000004
11.318081894999995
10.495012673999996
10.921276772999999
11.957300748999991
11.672067721999994
10.821476171929255
13.244858442999988
10.752737343999984
10.631972992999987
11.370980549999999
8.687002711506397
9.41738987579744
9.717012338212145
11.381808669000005
10.17732219799999
9.156859966999999
8.231447258000001
8.626599980202542
9.624132972795989
9.646252470282866
7.87223371730382
5.484348509202533
9.667019439787818
11.66874003
12.776131869999995
10.690867872999995
11.28765681199999
9.881209741202559
6.626992021199996
6.452782643099995
8.08980527340511
9.61078202678782
8.423482302898698
10.223202568070706
10.069219999999996
8.00176066279999
8.449939175405106
9.364972672999986
9.926348959282873
8.18099856259486
7.753136177101257
7.762501208506385
5.498895762594855
9.073813410898707
7.655630570999989
7.543968302898697
6.868393577599982
7.306706675696143
8.160815551797432
8.922510299795984
6.6558097091999855
5.9724365172999825
3.791179446399973
3.9708299895999715
5.13865404209998
6.61151920929998
5.639728570599985
6.5095058837974165
8.843521252271973
6.87073377989869
7.595624781797413
7.955404573101253
3.9417159514999742
4.260757356303812
3.396673408499969
5.889715672299991
7.90546165159486
6.847877700797417
5.742250154101249
6.570612345898686
8.505309960931976
9.775802641203983
4.167833354199966
4.686850219699967
4.9724007125948475
5.420732653797411
3.8596344695948384
6.126699006696132
5.517153845199981
2.8471045821999654
3.9158171447999806
2.444789150999966
2.8152101302999624
6.359726745594847
4.551799119594851
2.6324030639999707
1.5479160659999691
1.6651637362353298
3.122001547199965
3.461425678999966
3.842233885199963
4.785453642303804
5.930528045696136
6.618164131202534
7.336926574696134
2.9427166945999783
3.2050522185999655
3.6542195174999677
4.966861651599972
4.857188496405085
4.436693287696121
3.8528490920999623
7.507615524303818
7.555643434101259
8.154086794999976
8.071487463405097
7.735581127898699
7.707579676797421
6.377520588696131
5.751408679202529
5.33342626040509
5.761739215099976
5.9450649094050885
6.9352435164935695
9.252423583999983
9.562529838727983
4.108900993299972
5.651479750101251
6.262532238797418
7.525269811999976
7.300879115303809
7.890370767202533
5.888044776899986
5.50243184199997
8.223933514405111
6.83266032259485
7.350181439202533
7.126963224799995
6.821500711101256
7.678896673594861
5.886534210199983
6.317116110202532
7.336958778405085
8.010998794594862
3.394782211299968
6.465691996797411
8.407265829506382
8.537510223405103
8.690893342727977
6.782214021303812
6.848581376594849
7.262093366999969
8.161764758303827
8.061545565797424
6.878517111202535
6.749600193799986
7.96619457699998
8.924882565203978
9.134234188863976
5.560847317499981
7.152730497696147
7.257957154797409
6.137035513303803
7.400294068898696
6.823732012898694
4.177906230199961
5.721053779594847
8.314702011101259
4.567361338797401
5.220484558099979
8.074119850202536
10.253583960999986
9.472181069898713
10.260165380931985
3.7026471404999723
4.440832652303803
2.9638914855948335
2.247097044405074
2.8132724625063528
5.220973292493564
4.0344300200999665
5.82943800510124
6.269984249898683
4.989715576202519
10.775260248999988
10.514506811999986
9.621690614203985
9.671377813795985
8.955258196999988
9.25949292299999
6.457422515898699
7.900219677696143
5.632773876999973
7.072683361797418
9.380078869727987
10.338461161999994
8.228948371899998
10.880003769999993
8.295723661797426
9.704570579659988
10.528774173999997
9.459846470727982
12.089966620999999
10.765458068999997
10.334637090999994
10.684110953999998
8.628444752493582
8.294720992999986
9.096125019797423
8.458607708795979
8.557307723999985
7.993908650200007
8.179761323493592
9.75644595340512
10.45214554716641
9.962328813135992
10.492038146999997
10.238357537999988
7.568878117405104
6.4874605224999895
8.700462867795975
10.874249979999984
9.250998725931982
6.244615351898681
5.100496406594843
3.9199212982025204
5.20271204830381
6.4120831237974105
8.2362178328987
9.384328755202555
10.105253924727979
5.05061226649357
9.243380343594879
12.02970052199999
5.972799259898681
5.052530525202519
5.571695146202525
4.298376589999952
8.05164624927197
11.396060286999989
11.565224100999986
9.340702043135982
5.403077101101246
9.90192344813599
11.498242319
10.070483191
10.117669792141426
8.907539453067974
9.334573107931984
4.748013716101243
5.991505422999965
6.764937916594854
8.785515714999985
9.138442605727983
8.257357458506378
6.2964507141012405
9.832193092203982
10.91876361399999
8.50597797999998
7.694985815405103
9.382572422863985
10.347594744999999
11.365030215000004
10.948567342999993
12.480519422999988
10.365697909999986
11.404469747999993
10.814928969999992
10.732734464
11.980411142999987
12.74394062799999
11.801017449999993
11.142628968999983
9.64165932768799
12.827855996999997
12.370119341999985
12.009507189999988
8.330201992863971
4.572114395101245
10.671071612999992
10.533428324999987
10.56728456599999
9.421138400203986
11.218518609999991
9.327619329863984
9.583565062000002
10.105133235135991
10.766743422999985
13.205931478999998
11.569014801000007
10.995824420000003
13.874842475999989
12.363556763999995
11.403958497999998
12.171767667999998
11.623485017000005
10.275418674999997
9.767689686727993
10.330663631994556
10.73016118899999
11.157275069999987
11.067984244999991
10.924988831999986
10.668344539999989
11.52270396599999
12.220068393999995
12.462356620999994
12.841028538999995
10.665825226999996
11.060274335999987
12.210427765999988
9.73494417269616
11.300670092999995
10.878815711999998
10.896621509999992
11.702496885999986
11.132365821999993
12.474818627999987
13.440424141999983
14.531501654
14.335128006
14.271249433999998
13.48745384699999
11.22953987999999
13.036990834
13.262456873999986
12.889365886999983
13.891024439999992
14.071926030999991
13.271837224999992
13.412914719999995
12.817512496999985
12.585056595999987
13.278269914000001
12.27698711499999
10.446464098997271
12.380305799999988
10.852616036999988
11.617229609999988
10.009432444863993
10.350468561999996
10.68744141099999
11.417204155999993
11.146592408999995
11.474022803999993
12.357523082999988
10.999260396999986
10.006635110339994
10.577015276999994
11.728538782999996
10.671460798999995
12.127826484999991
12.598672319000002
11.784932631000004
11.18777984
12.432342730999997
12.381897823999996
12.890189020999985
12.90642247499999
13.370141425
13.662576375999997
13.019513851999994
11.747467405999993
13.773108480999989
12.123337046999978
11.037548082999992
10.858055855999998
9.935315444929259
11.36784418
12.248157448999995
12.617192096999997
10.47507239400544
10.987255069999991
11.478753605999993
11.756395615999988
9.837961698931984
8.879716212506391
10.167967821999994
9.145183245797432
10.118277831999993
10.481825784099845
10.247544856099845
9.113682136493596
8.001724656699997
7.284050935399993
7.9826109618999945
8.85168716130383
8.440005958594869
10.050442343068
9.290997122135984
8.330641378797429
8.471034374999986
5.942490406799994
8.517550555405109
8.510692088303834
9.6437551377171
9.660883222999981
10.28700801199999
10.618019556999982
6.704252261405088
7.635292367594859
10.019223020931982
8.476358499101273
10.538268664999983
11.404556180999993
10.03147688899998
11.144706145999992
10.206476275717103
10.399104836999994
8.890556378135978
9.046370947203984
8.18856793520255
6.36385682679742
4.236072924797409
6.572740341202534
5.849995361303813
8.74639427193197
10.03334029833998
10.884013061999998
10.82957417801089
7.548584922797422
7.827707322696144
6.798709573405095
9.300425978067974
9.819553665135977
9.845107788067986
10.25618568414142
7.634119813493575
4.0156921051012295
8.459506655898704
3.990588462799971
6.416504234303806
1.8606085525999656
4.657945257599966
6.07465848999997
7.811366950999973
6.851277471898692
5.2692866104050875
5.729943954506367
5.001563043199981
5.736569700594853
4.60815599059484
7.164313331594856
6.371351075696131
9.646883612067978
3.21609757689997
3.3685446883999637
3.7650131194999736
6.62015925899997
9.371177259863975
9.347120738135983
9.315002052203987
8.170424420202545
7.2438474669999815
7.7450834334935825
6.352387931799985
3.445319583099968
3.2614737014999684
3.068300624099973
6.870599163797419
7.822583077999976
7.6136338607974245
2.8449164504999813
2.413744605999984
1.9655010100999817
4.118795901499984
5.601654171797417
4.486567752101238
6.348129513493572
5.829902928202529
7.064368720999975
2.4432571761999604
2.5714479384999676
4.340490951493559
3.8678552550999648
2.7875666640999612
4.277056852699991
4.424860560599984
4.978898516799978
6.322663755797414
4.836519570899974
5.052525170898689
7.4286228394051035
3.4094170485999795
1.5002059691999783
2.4263437942999704
4.508206549099972
5.536045472696129
3.47785974579997
4.72033362429998
3.8990486098986894
6.5776414642025305
8.931354402202548
7.117852748101262
5.876969459493579
3.107836645499968
5.631081782493568
6.285683404493579
4.573193749999996
6.389513894696132
9.044220413135985
8.29588731230382
6.679455697594859
7.094200810202539
3.887950070199971
2.5479906722999757
3.8066738158999684
5.406895623799974
6.825024240101255
8.127967289795968
7.081532257101254
7.1745006515948555
7.347981585696142
3.8362431655999636
8.303819056696149
9.143784043931984
11.006034015999985
9.679127279787826
8.650717747506379
8.320838618506393
5.761099639899984
5.24660507659998
5.80465563809999
8.244868778999997
8.87089094093198
8.426828829999977
7.7188266234935785
8.743356388931979
8.391835127203978
7.388104313696132
6.607368592797412
6.139064002999975
4.517017112696126
4.02385282750636
6.7325933318986815
9.935737907271985
7.107175875898696
4.517516844202525
4.44135471039997
3.443248135405076
4.128781068405081
5.758125886493566
5.491263148506364
3.463169796797392
7.142693308999956
9.251330985999969
6.564016430696124
3.4549990615999615
6.38182956850636
7.391629289202535
7.485794143696146
7.461600541699998
6.777058241299992
8.37537672269615
8.155073692303835
9.22042108920256
10.644120800999987
10.056191221717102
4.456300288405084
4.23656110379996
8.43864850472798
7.962748927303819
7.216566764797411
5.717053811594847
5.694617306499986
6.995421975699983
6.6593965285999905
5.609089073199996
9.45911123199998
6.457398019405097
6.459953128101255
7.158394638099991
7.2022824660999865
9.760716429101274
10.250531855858544
10.985329130999988
11.451315856999996
10.408143439999987
9.476723916727988
10.207479235999992
10.782033388999992
8.692230927999988
8.726156904727981
10.571774572999997
9.966877340795996
9.26898952330383
11.431075989999995
9.611819416863977
6.500094746405094
8.879827305594866
11.49380141599999
10.009741953999997
10.336128757999983
10.852289152999987
10.028755210931992
10.043586939999987
6.980208116101246
5.824381645202527
8.697213293339976
8.169978581202546
4.813221716303808
5.4971917495948395
6.160285775797406
2.767372053493556
2.52969099269996
4.206862261999955
7.00099451749357
4.8675465468986765
4.360406117202509
3.310260319493558
4.9667869246961205
10.28028630685855
5.088217872599968
7.565396554599991
7.629169033797417
4.609485740696115
4.207312097199963
9.36960313420799
8.429661526506385
10.26290786999999
10.434627074999995
11.014081107999994
10.613134919999998
9.89249617606799
9.447558332797437
12.323236914000004
11.524617568999995
12.013152036999998
7.36709494169613
5.978917900101234
8.41893710013597
11.033534302999993
11.421301920999996
11.897663525
12.610323932000007
12.945150989
13.017863572999993
11.44794454499998
10.407978660717099
6.228593429594857
5.190216935696137
7.226179157999973
11.509350754999987
9.84423765572798
8.916105149797428
8.698459818999986
9.141491029271984
8.496222895797436
10.521102704989111
10.451476603787823
11.546732810999977
10.825234977999992
11.671224033999996
12.892409290999993
14.291007213
12.785654693999993
12.043550021
11.227615700999994
11.389741267000003
10.161556638010873
11.602301829999986
13.469444008999995
12.326665770999988
12.316960088999991
13.732330723999997
13.248750154000001
12.535133527000001
13.278405845999998
13.49653425899999
13.323538564999993
12.17787168599999
12.738169213999994
11.28913594699999
11.885972281999994
12.319738788999995
11.617820204
10.986256923999989
11.425930431999996
12.759764185999993
13.005650844999993
11.314879926999996
12.203063277999991
11.368673067999996
12.777423692000003
12.263994634999992
12.168852663000001
12.148471671000003
12.343017508000006
11.790554026999997
11.387394935999996
12.507321435999996
10.742053097999992
9.59315474865999
10.543655460997272
10.499848417795988
8.118022204599994
9.271628568999995
9.64519220286399
10.799652027999993
11.351208529999997
12.312471100999993
12.831940529999999
13.728500777999995
12.231103296999995
13.297769553999993
14.21027690899999
12.825605846999986
14.250217058999997
12.994040903999993
10.588142957013606
10.464814832999997
11.642228777999991
10.929170914999991
12.741083127000007
13.931304839
12.79767693599999
9.246947866797433
10.665148774999983
10.408827941999984
11.663471848999997
12.362899045
13.317735621999995
11.549341327999992
11.577721545
12.130530556000002
12.638970619
13.178759435
11.728113704999997
11.352119288999996
10.93988740199999
12.384821172999988
10.481363729999998
10.570398533999994
12.811463701999989
9.361910810898717
9.526382815594879
10.179861789999997
11.510431887999987
11.669714524999987
10.08410371399999
10.561769771999987
10.745905483999994
11.535629712
10.802184053
10.210533134353586
8.840727445999995
7.861972425797429
10.121175221212148
9.29186267550639
10.00939553520399
8.651529722594875
8.353276892101265
9.027015959202563
10.352180767999986
11.43120048399999
10.745800778000003
10.86963261999999
11.713476556000014
9.147311553999995
8.664109562696153
9.010673840303838
6.807096717799998
5.987222528099998
6.391857107499994
7.440753923
8.83498857269615
10.52852970099999
10.815469512999991
8.933645146135978
7.301606359898695
4.584283061202526
10.015660304212139
8.895005883863977
11.447748890999991
10.840198705999997
8.310922102271974
9.859058148141415
10.37425327464638
7.969888340797405
9.713586283931994
9.10294908765998
9.14430009459487
8.605614228863972
9.637960952863978
7.217035092202537
3.929954707303801
6.29586339720254
3.4503821792999605
9.406264630070694
9.789908125212145
8.93921508793198
10.99441106599998
8.757071527101267
4.574524681099975
7.761451931797426
9.30329179827198
8.520546783271975
7.832539378405108
7.936010479696144
4.648092684898684
7.394865994303811
6.397887672405092
3.1582219100999738
3.279889598099984
5.015163268999965
4.568056419405077
6.211996189898683
8.353663413999973
8.94093136599999
8.883700910898714
7.239680783099995
7.306783183303823
6.7179826369999756
9.284633766135983
8.778561646999979
7.817261305202542
6.8499388214050985
4.533562846399981
7.801216496303826
5.794740391499984
4.295580923499984
4.781392753599983
5.184172473099981
5.989303961202522
6.837456544506372
4.887868481399976
2.720462396199973
2.555531169099975
3.6053396865999647
7.283796552999977
8.71195113369614
6.777097105405103
6.238621263101254
7.318732575999985
7.594294287101263
7.757100973493583
4.685172428899985
3.9338102951012437
6.104049862696127
3.5289093703999743
2.4965453612999693
4.583594752499976
4.25836689299997
8.186593862898702
8.179056437696143
8.498015458696141
3.376076968399973
5.459081690999971
6.100618626405098
2.415130020099964
5.600638331594855
3.019636099199975
6.0992791214050905
5.899488580303814
5.371366686999966
3.216752369699964
3.8721360015999666
2.251992684899963
3.541769436599979
3.822821873499975
6.42798869629999
5.588249174499972
4.607554717999968
6.6523154922025345
8.976167436135977
8.757060470594864
6.044251821899983
2.536792559799966
4.526640287797403
6.285494865399986
4.069618711899993
3.908748475599992
5.814477308699987
5.015485562099973
5.865730398594848
7.166881790202526
7.524138787797415
7.453435348493577
7.65381828769999
5.4581869094999895
5.15600999909998
6.395891542101248
5.114140815696126
7.330958203101249
8.412944026202535
9.30115231179598
8.779602442898696
4.809508351099974
8.70404278869614
8.887111234999987
8.830220684797423
9.015118768303825
9.320528305067992
6.993901347405104
3.9358182479999826
4.380489784202527
3.915555570999965
4.778221801799978
6.07371251830381
6.968293298299994
6.157115740999989
7.879202052303824
7.48170734410126
8.672770132405104
8.610093374594863
10.166702485787832
8.245461589099994
8.37996664430382
7.415384779399996
7.516930433699991
9.376795516999985
9.255551480067977
8.619563224863972
9.058103097659975
9.320072152795976
6.83943389589869
8.070700184594859
4.128023176599969
7.389521801797407
8.51207313827197
8.550506788727976
8.021797102405102
9.766509664898715
9.333102905203978
9.914421504135982
3.669807316594841
3.91950612489996
4.246468673696124
9.713259890795985
10.478768715999989
9.041458038203968
7.204171934659962
9.899637518203972
10.544978992999994
12.146857349999998
9.815668014479995
11.347472954999983
6.196799542202536
3.9342393051012414
6.951269212303807
7.292155389405096
9.17381778559487
8.491705967696145
7.748723129303829
9.148416705311993
10.126317271133118
9.572805535896
11.142466907000006
7.194678164696136
6.090620152303808
4.220210342405079
5.7930296187973935
8.210282304405105
8.20074053799999
7.409142756699995
7.616353747599995
8.371261174000002
9.976610150067982
11.947198603999993
7.788050830101255
11.35389706299998
10.78465369299999
11.010809708999979
11.193173322999986
5.44639888920253
6.338789775101259
9.12514794172797
11.559536266999984
7.893342472797417
9.680211560101277
11.12318187399999
11.545800168999982
11.941017063999997
9.267830941858529
6.482557597405077
5.174734126303792
5.192979901101236
9.87321913299998
11.21841876399999
9.178323240687988
10.056667409005442
9.341818086135984
8.90071218410127
9.126130688506391
6.914637750199994
5.991793766799989
11.549962813999988
10.267879324212146
10.429678078999988
12.629159054999983
12.476074288999992
12.290375853999997
8.505046755999981
11.19889755199999
7.361917661999971
6.055025408898686
11.031804273999988
10.587563541999996
12.645799637
12.095846471999993
11.698440238999996
10.486857888999987
9.21277040410127
9.202602003339988
8.537532638493582
8.291587959303824
10.860283964999988
11.953913642999987
12.21314418
10.569164478999985
11.20031370399999
12.345832146999989
7.596490681506375
10.82741061899999
12.112120444999986
12.051559394999998
12.42313024099999
11.995535081
10.999896724999994
11.516412043999997
13.539411023999987
12.124965905999993
7.595917108202528
12.335421122999984
13.272022780999995
14.132939284000008
13.269699985999992
11.907390508999992
12.577901871999995
8.622468922271977
8.679029652405102
11.019197158999994
10.359169475999995
9.36378389130383
8.491386785898701
10.467366907999999
9.97415611103327
11.496545254999988
10.24241444699999
12.687034102000002
11.865529534999997
12.004889899999995
11.137289113
10.678191647000006
11.341220650999995
11.119844941999993
12.407392243999992
10.807764072000005
10.571515576000003
9.77423708499999
12.293389702999999
12.133109372999986
11.662755066999992
12.683349553999996
11.661467085
13.485745182999988
13.222644761999998
12.458413248999996
11.372421174999984
14.312989802999997
12.102835592999982
11.866772652000003
10.903605581999994
10.642233336999999
11.340235514999993
11.259242356999994
13.043403193999985
13.856901272999995
13.951600691
11.862026420999982
12.822815665999991
12.538647470000003
14.626749578999997
14.656207479999996
10.758082215999991
12.894094379999988
13.120501789999986
14.159786873999987
13.052980074999992
12.765739705999984
14.765815838999995
14.026427973999994
12.811473603999989
11.975693471999989
12.513564249000002
10.986166176999987
9.42902872913599
10.849848015999992
12.898603458999991
11.731712671999993
12.03141580799999
12.761551806999995
11.123366907999985
12.633092516999993
11.538043136999992
9.942027856122241
11.738515422
12.020402320999999
12.471245345999996
12.522873117000003
11.640928687999988
12.73312409499999
12.589257840999998
12.543675045999997
11.574836052999999
10.193768413999994
9.26819759369616
8.280901335101271
8.576102452101273
9.387350823999997
11.639301598999987
12.913112528999998
11.639901661999986
12.25889022399999
11.032411020999984
10.165713214030564
8.553739999405114
10.36287745699999
12.310300860999998
10.903679958000001
8.062094471696147
10.069392427070715
11.470621110999987
10.610063283999997
12.381494206
12.02296921199999
10.692897085999988
10.665846192999986
11.131661699000004
10.718513477999993
9.839633625858548
11.197069373999996
9.230545762594874
10.505883008999989
12.105831467999998
11.250036121999983
10.41917023599999
13.203919140999993
11.539424685999988
11.971811567999984
9.159346517931988
6.526611920202534
8.352925361594858
9.575687759271984
8.48280184020255
9.931228616203995
10.494157087787823
8.832923635898709
9.785466706863987
8.812458856202547
7.791831019594862
8.857844334405106
9.410009896898709
8.534050027506385
7.959016270405096
9.600833634931984
6.199513520799982
7.667562248202537
8.342953515727975
9.333060449135978
6.526265270999989
6.6844143126999915
5.892695295699988
6.499323170506375
8.043092021202538
9.386243000863987
8.217274978594876
7.804571910099992
7.402737196405079
6.925750051898692
7.1130456618987
6.64813357089869
9.057821926931977
9.296329254135976
10.22641154486398
8.687550642282847
9.392978778070699
9.327724362135974
5.7402518676961245
7.003995248405093
7.796449291999979
7.629077113303818
6.838352368202533
8.490168359271973
9.055072419795977
8.80304079120398
7.980826243594862
7.5048214432025375
8.724647936999983
7.661845413202539
6.520722094696139
5.650192095899978
7.3307180388987
7.014586814898701
4.386405432099989
5.502448133899976
6.19770589899998
5.727895477299985
4.787310835299978
6.086961148101252
9.24733887620398
8.065820553594858
9.896566802999983
8.88851051940511
7.545139199797424
8.933554232797425
9.099920887863982
8.059671258493573
7.037660862696139
3.479963290399983
5.567662272599982
4.485843357799987
6.092878538493569
9.554553912282863
7.9754504149999885
7.798016506999983
7.939778796405102
7.624803134202548
4.1720233535999816
5.886455734299979
7.563341860999985
7.336353056303824
6.287976394699987
4.271396768199991
3.4269781676999918
3.653670828199973
5.906395718405086
7.8512454132025455
6.897749269101257
8.655065631101264
8.576080033898707
9.230029609795983
6.101294636493577
5.7637554031012534
7.653992053202531
7.750580279493582
8.196374060101263
9.03766887672798
7.875390168797408
7.771060328696131
7.984780137599995
8.344287353659976
8.320014201271974
8.670035476696142
6.777216038493583
7.241252990699996
6.788606800797413
7.640094525101253
8.118428243999976
8.13612801969614
7.428796116594856
7.599710583506379
7.652322184797423
3.617551878399976
4.930968424999983
6.482776859999976
6.748291860999977
5.652377436797409
5.54893413240509
8.6850221038987
8.861477493203981
10.094616641135989
4.460945352199982
2.025923025499964
5.649685021999977
9.71673041521214
8.62007774659486
9.093265000931979
10.487543557999983
10.779517203999982
8.075788461303816
4.1452339675999665
7.091792594898698
6.375244973799986
6.999083375493585
10.30681614699999
9.235393781999983
8.889706553727981
7.217910218797417
6.726585943594853
6.46584270940509
7.395113433797418
9.554457090797435
11.731764383999993
9.961730105717098
9.225241468863976
7.998185279797415
5.412395739696124
4.590470483405075
5.532616323899972
7.571215911899995
5.625077181999991
6.996560618599998
7.049894842493585
8.520579655499994
8.9198793625064
9.120026168797438
10.849516414999988
9.704413426202553
10.347910700999998
10.388762532000012
10.849232911999986
10.628000716999995
11.035001342999998
11.51033008999999
10.945787134999998
10.771618538999988
9.235991285696151
9.90727290499998
8.254903984101261
9.686303179931988
9.359018960727987
9.268456022727985
6.2579614730999795
9.432610298202553
10.582883976999996
8.711491300999992
10.150265856999996
9.46479975130384
10.050929275646382
11.373670215999992
13.38575511900001
12.887088175999997
11.666194880999996
13.412046984999998
11.799378751999983
12.229484823999998
11.022317055999986
14.579215324000016
10.973849358999981
10.980293903999979
7.190406156898705
5.889270689399993
5.7744399871999965
5.81366866149999
10.559226537999988
10.162987655999997
10.372710932999986
9.52589794310127
10.011080189999987
8.005477247594868
8.189652143898714
9.839375441000003
12.329481272999987
10.850888926999998
9.772160539135983
11.155859136999991
9.184400904863987
10.819293067999997
11.584977949999992
13.763914907999995
12.947370754999993
12.275012461999992
12.877797429999985
13.247154802999987
8.237471182203972
9.652509112659981
12.12403629599998
11.668535592999978
12.03816372199999
10.259438707999985
12.465893348999993
10.603327220141415
10.666666309999975
8.606867526202546
9.819240348863987
7.338803073101255
10.874187018999981
10.677035576999987
10.109550891070706
9.813204191727985
10.766117019999989
10.751180259999987
11.68439329999998
13.326257058999996
13.890817569000003
11.583277460999991
12.426465926999992
13.203763157999987
10.005493949931983
12.575986240999994
11.375984554999986
12.615851787999993
12.209529695
10.199383952203988
10.798446183999996
11.971513273999992
13.381700753999993
12.171903634999996
12.098183793999995
10.26599610899998
9.603890057271968
10.037329765203982
10.98831980999998
10.574130819999986
7.842018644696149
11.138430259999982
13.420188651999993
15.126169607999996
13.691110247999983
12.423090900999997
12.932824824999981
12.969271958999984
12.667070350999982
14.493219900999984
13.167470041999985
13.793110114999998
14.249580651999992
13.22478313099999
14.673540796999996
13.60359943799998
13.434594367999987
12.824389808999998
13.725874613999993
12.02349230699999
11.09236479599999
10.638333112
10.476749224999995
11.373496990999996
11.01730722499999
10.67630441899999
9.892410693405122
9.625445770212144
12.110943619999992
11.242041738999989
13.068700454999991
14.571746967999992
13.790874697999998
13.632650432999993
11.672695666999989
10.359054596986397
12.260046930999998
11.198622898999993
10.938482950999994
11.712513145000013
11.713040447999997
11.11892085299999
14.516186754999994
12.869377845999994
12.737281133999982
12.576076452999985
13.863368195999998
12.326467266999993
13.357509459999994
11.143681174999987
10.33326986099999
11.798606571999995
10.755571241999995
12.811512501999996
13.108585541999986
14.145873406999993
14.27997525599999
13.673634898000005
13.139575700000004
13.381817657000003
12.950189785999996
10.067829490787824
11.419037412999993
10.285444452989115
11.685666948999998
13.668021737999995
13.404625754
12.538575992999995
13.759549396999992
11.430781058999996
13.231802057
13.08554930399999
13.561763468999994
10.804101929999995
11.086364179999995
10.415504941999997
9.369694779999985
7.511078005999991
9.273476861594869
12.063589699999987
12.73681322299999
12.371428172
13.584256855999998
14.024284858999993
11.720910291999996
13.394034464000002
12.500058439999995
9.173967739931982
8.949436708067982
11.056507615999982
9.730579298271987
3.901480499299972
10.827051317999992
10.817405492999987
10.126571607999992
8.480527284202537
9.7129304900707
10.569225910999998
10.787475368999987
9.08963743727198
4.279151652499978
5.84274552459485
8.248156748999989
9.632103024212142
9.932360407999992
8.632360143999993
9.283848118727988
8.760815193202555
8.938881448405114
7.636243264797431
7.264393945299997
8.52141878359487
8.646822793594875
6.926001054399994
7.5243060439999905
9.966559367282864
5.050211936999973
7.080236617999977
7.7796017914051
9.562861582929257
9.209416940303827
7.3846204238987
8.156674938999984
7.733494877594872
7.7483638976961435
8.342676531999983
8.006751480101268
8.515995393405113
9.100118226727984
10.297078468203985
9.532087739727983
9.997846624863984
8.07589758759486
3.3873723983999717
3.2840927108999676
4.068264977999957
3.4529246062999754
2.8908688949999717
3.214807148699971
4.363515719599973
6.57703993679742
8.00778882450638
6.448758392303823
5.638076382399992
5.069968223599971
4.89081683959997
7.441227165202534
3.8173921340999786
3.06122313229997
5.407079217499973
5.5078207808986885
7.6646962859999785
5.326588447594843
3.71727690729997
5.249770159899989
4.831385450696129
5.331839724699994
3.6270442092999597
3.6458003875999703
5.512583456405085
5.375958895898682
4.054445806899965
8.873276776101271
8.390412380999983
3.556509721399979
3.3835289824999806
2.525610171499991
4.027526458699993
4.55328272709997
4.299321798699969
3.0756467437999673
6.2013567734
6.479410299699987
4.741052682499993
3.26348911899999
4.102133036799991
5.119731793202522
6.5763410751012445
2.6076998092999704
1.9419145705999645
1.6530668715999675
2.8983145844050795
5.254530003405083
5.155832234202528
5.600943698101248
6.949735018898692
7.6333413422025425
5.577085218797416
3.749095422399961
7.135622447202543
7.4158688308987
8.123397737101266
5.919950289899992
7.07008231659999
7.143698905898685
4.909232086202521
6.78303591919998
6.734387463405085
9.219855340727984
8.044375683594863
7.9332219939999735
7.368419503797412
7.945029128999976
6.487838108797419
5.63234957279741
7.996246444795966
9.398783477863985
9.166213539067977
9.150554545727983
2.311684263599972
4.64866944269613
6.394333100898696
5.83329997859485
9.498928349203982
7.498008000202542
5.511943057299972
6.015571865797407
3.3290364226999634
3.344375207499972
4.912623290999969
4.47862835539997
3.427296412699985
4.29574620209999
5.019328687999988
4.995885284399986
4.881701234405083
7.020808593797407
6.385039837594853
7.699068038898692
7.6501604843038225
6.084443409696129
9.482893469135982
5.748152656599978
3.405821484399969
3.7746238616961207
7.694199261506373
6.090437841799968
8.095110201999978
9.027269198727986
8.503386654696147
9.15659645079743
9.297414256203988
3.6720313109999743
2.5621110427999705
4.391197907999966
8.914976234271979
9.73413191685854
9.388122087067984
8.769902162202547
9.591637826659985
6.587894428999985
6.919944354202538
4.931204504399991
6.9199753418000025
5.028607578999977
5.703971138000006
8.399374012797429
9.248504438863982
10.103161677717106
10.701854920999986
5.912114903303811
2.2577206450999707
2.6339559447999674
3.8076262359999578
6.815797293101256
6.440340161099984
9.070593073999976
9.203253501898716
9.067977325271979
9.285596945135982
4.501805689999962
4.725127395594849
4.2901448577999695
5.518896957405079
5.406067559797398
6.05093109889868
9.59676321720799
9.994353538659986
7.986068118303829
5.369570382699993
6.038299133299985
6.011771713299982
7.600170945699995
6.197078727696127
7.97309110406797
5.8000788651012405
6.428003720101252
7.83643753810125
9.018693400727974
11.154918135000003
9.902383985929246
6.5430136199999716
10.585755361999992
9.964129048141427
10.297151161141427
10.657142629999997
9.883435850646382
11.466489135999987
10.508997735999992
10.228893029863986
4.6592526778986905
5.0826239196999685
6.7744846114999815
7.838041503899991
7.760471885699995
8.055245994599996
8.183707263199995
9.62626687930383
10.384852935999985
10.887383477999991
11.061159916999985
7.262582517999979
6.714319284101242
2.662992956493555
4.459369731101239
6.334259034696131
7.492668113699991
5.688881137099984
7.498386798101264
9.792750437929273
9.794925259282872
12.318031171000001
10.61050701799998
12.544179735000004
12.42197480899999
11.265119667
10.562184087
11.835339329999986
9.266114457787804
10.49702016799998
9.159609803797425
11.096709183999995
11.327103319999994
10.803658927999988
12.973261518999987
11.632260978999993
8.864921688863976
13.539396892999983
12.53692540999998
13.429484205999987
9.463727937203972
12.369688687
10.830673119999982
12.677398215999986
11.077181002999987
9.599878842135992
10.547417563999996
12.981989023
10.722440209999998
11.13136093099998
12.891869538999996
12.802124654999995
13.561383836
11.080585895999985
14.295225742
13.35257789899999
13.49636589099999
13.550892829999992
14.822268924999989
12.221894790999997
11.134762765999978
11.177139100999987
10.268453362999994
12.64010234699999
14.402412186999996
14.387343387999998
14.473779870999994
14.042320212999991
12.97900625799999
14.035141771999994
14.599890218999999
14.664406853999992
13.502637110999991
13.100237035
11.37149748799999
11.771132686999996
12.020821303999996
13.271056162999983
13.382559414999994
13.78612545499999
12.288027360999985
12.578142804000002
11.785380494999991
10.349503426
9.810143475303843
10.311111200000001
11.135776739999994
11.405878275999989
9.663458410727987
11.234219132999998
10.685527102999986
13.969180866999997
13.153941624000002
14.855813003999987
13.030606873999993
13.205559688999989
12.563784572999992
12.163248781999988
12.418402059999988
11.904307294999992
13.533152749999998
13.031251853999992
12.660319391999996
13.299357710000004
11.654510891999992
10.458695709
9.468967141687994
12.505097364999981
11.640299166999991
13.00576469299999
9.443271768135984
10.072675093067991
10.031808337282873
10.009876623833598
6.907296322599995
7.627403976399997
6.645789555399993
7.208144636499999
9.031409419203971
9.723009457282863
11.463658124999997
10.677583521999987
8.319465666199998
9.426646485931986
9.510624552931985
11.183892481999994
12.709416144999985
11.57221047999999
12.111842183999991
12.261582078999997
12.643532733000002
12.278935826000009
10.195463721999996
12.549404823000003
11.269340445999983
12.888144864999996
10.12467062685855
10.658278663999992
11.88889013399999
12.916274099999999
13.747094829000007
13.504773279999993
12.410112023999998
10.744298488999995
9.978779237271986
10.391180979999989
10.415230225999995
12.51607046499999
12.83783906099999
11.716520249999991
13.368290003999991
11.660385769999996
11.045587141000004
11.086461142999992
12.283597053999994
11.845489449999992
11.937586622999998
12.129710788999997
9.802767005931983
8.621521786506392
8.036467399594867
7.783466436797423
9.38033996421214
11.229860302999985
11.44116115599999
12.476307422999987
11.311467716999987
11.75368160999999
9.857992192067993
7.264303640696145
6.398157650797412
9.595478774999975
11.169750101999984
11.530453235000001
8.196185154699998
7.134110841400002
7.911861759899991
10.210863789282852
10.730836193999993
7.554154539506383
9.259361848271986
9.84973461907071
11.000763837999985
5.992870652799981
4.6184398803999835
2.9423618285999704
7.410591139202538
3.1637610885999736
5.077223942594842
5.266663793898681
4.826241036999973
4.264430883799971
4.938372515899979
3.3012866012999758
3.1730957839999703
3.1936133056999685
2.9141691832999728
4.195816451999966
6.877538421594856
5.219619502303807
5.168801705899975
6.501615016202534
5.654045980799976
4.277719845599974
5.209869651799972
3.425434081999972
2.2266611083999757
3.149794026202516
5.584960469099975
4.241358962999977
4.875089392099973
4.384240283199978
4.944422853099986
4.946341714499987
5.732725750699976
7.554705003405095
9.037827255135978
7.51321111599998
5.521594828797419
3.22706961820252
5.264357109099974
8.157604611202544
5.943673963899982
2.4235857543999617
6.302859052999967
5.062231129506375
6.186930139202531
5.3826970702999715
5.908044973797412
4.666483967599975
3.223850875898676
6.3139185394050985
8.032998509202535
7.715322938493583
3.432398789999972
7.159959989898699
7.863729104594863
4.48566660309997
7.431408933999972
8.672101472506386
7.490438812303825
9.599468939135987
10.779055944999989
9.024869450271979
9.21495240169615
8.91108960579598
4.661851017799984
3.5081164519999675
3.0794875792999754
5.614652152999961
6.485853567493575
3.6659840819999747
2.774993057299971
4.037527525299961
5.91772346039999
6.953067845202533
9.136696122795982
3.3152873900999738
0.874177959071704
4.074856240799992
4.838197177101249
2.216142451499966
4.277558789099964
7.09945334469614
6.817425350999972
8.744029026863972
7.369271389797412
7.332468951405095
7.908965196135969
8.198020292696146
6.283143870493571
5.87434706120252
6.384105416898682
7.2122987487974095
7.640915974405102
5.63319783939999
6.181094546499994
8.684991448999986
5.771582597399997
7.970406030303818
7.39614382779999
8.091127490202553
6.2971181975999855
6.66425048219999
7.117735230999975
8.763440513594864
7.6534899566961325
8.488812060493576
9.466181387203985
9.658030447282858
8.527785707067972
9.548743456999983
10.710075205999988
8.759621099898705
10.394247790999984
9.69810456999998
4.586188555899973
3.6652537826999723
6.625106800797415
7.645703494299988
7.781951240499993
8.021163326999972
9.763668789795988
9.09490107269616
9.91758566130384
10.484681826999996
8.690991815202546
9.100019628898709
9.434028411895989
9.270570736696152
11.055867330999993
10.055768821795986
11.484567937999994
8.249576563999982
6.633223803696135
5.899346644594844
7.158986955303815
6.467677046202535
6.13765240479741
6.272754893499989
6.7614734466961455
8.96094223486398
9.254191317696154
6.722757235699986
9.461313195863987
8.189895744303824
7.770519970699998
8.823988491797435
9.749533369271987
6.810680798303807
9.181651106203983
11.247576227999994
11.537164707999988
5.776827926594852
6.171306913799984
7.098138473499993
6.912435174599997
6.735119387799995
8.616048898303829
10.993428754999979
11.979502419999987
8.224616334659977
10.589694586141421
7.709576138303808
3.293947555493554
9.692790838727976
10.780750705999976
9.512118914863978
8.143147029067972
5.453568841594843
10.228035926858542
10.580268116999992
10.841961936999988
10.598802920999976
8.611843044999986
8.515827284135968
5.090865365594825
2.2155803985999603
9.864710771135984
7.425469146699999
5.500558697499995
5.785880892899996
10.250138435000002
10.201477672999994
11.547204980000007
10.671222902999991
11.274949995000004
11.094999172999984
11.926226380999989
12.801913140999991
11.907320508
10.701912652999997
5.287695094303809
6.781185366797411
8.779433435101264
9.60680525206798
9.648559625135984
8.76735838179597
7.822427625999975
10.034488406282863
8.433152421594865
8.827759640493582
10.09181240999999
10.274571071999992
12.106687518000001
11.307082300999994
10.459505082999987
11.787615731999987
11.62433692
10.298628808717101
8.304284103405102
9.251840086405116
10.246639809999994
10.434415839999996
8.937607499795982
9.636166725135983
8.650276806594867
9.082020701594868
10.471047193999985
7.816707684303816
10.316710423212148
9.86801855778782
10.81186698599998
9.751646040203994
10.034268310659984
11.326449512999979
13.803361478999994
14.234268450999997
12.762801888999999
11.217075712999987
12.249739498999991
9.19392397310127
12.04558724199999
8.276837785303826
9.807164431791993
10.717538699000004
7.1920085189999785
9.348642501863974
9.730895487999986
10.132214016795993
10.05909642628287
8.942560589594873
10.747055483999988
12.709893729
