13.265277457999991
13.07122939099999
10.811436695999996
11.523396048000004
11.846264914999992
11.991987842999993
12.120763512999988
12.67448869599999
13.987085315
11.61162017099999
8.48073083499998
11.60382667499999
11.486463071999998
11.226225400005443
6.2249736205948585
8.845913000506389
8.763352062999989
10.035688427908322
9.756903755135994
10.091049134863997
11.44076263599999
12.52977884099999
12.591508399999986
12.542095382999994
13.681700101999988
12.488897568999999
11.404144916999991
13.396029312000005
13.737388033999999
12.59794099
11.065918300999996
12.762152941999993
12.898436602999992
13.414780594999991
14.414674227999987
11.04754217999998
9.454745048659984
9.232266551135979
10.153425616353585
10.233736344999992
11.559572338999983
11.151395035999984
12.892261609000004
12.705321603
13.533842450999995
12.203375057999988
12.815781322999989
9.564315707271984
9.291475151101267
11.316761243999997
12.707269615000001
12.131344109999999
12.565599584999989
12.748270305999998
13.008526545999997
10.297856584141421
10.448193200999997
12.881023592999995
13.027748498999998
12.757598470999993
11.31016822799998
13.606858153999994
11.503118093999994
12.118385164999994
13.017237844999999
12.821356447999996
12.109280970999986
8.88838201599999
9.076541313202553
7.365819593799993
9.414539672898712
11.203594803999994
7.558183743303823
8.813382025067984
9.524822944594874
10.737263963
10.705131031999992
10.037091781727995
10.101932996999997
9.167795811506387
9.12545271759487
9.864965829353588
8.892895852687982
9.071526147506386
9.121167214999987
13.274531960999994
11.952397463999986
12.492222973999997
11.337272512999988
12.242554626
11.192401342999993
11.037191454999997
9.836730844067995
11.027490350000003
12.224150458999999
13.287996816999994
12.966328905999998
11.44000689399999
10.110348842002717
11.130984350999988
12.891693233999991
11.606787699999986
11.66500761999999
12.385488604999995
11.768173264999993
10.918636924999992
11.88658370499999
10.791595890999996
10.489972292999981
9.79439083859488
10.625410476999981
10.897328206999989
11.737909421999994
10.379243684
11.730898720999992
10.562031899999987
6.815096615594851
8.688115528898706
4.555701167299978
5.6261954482999785
7.3632881545948665
7.948654106101269
9.014722798202556
8.335943629506373
9.727664367787833
8.884207940696147
7.999087574797427
6.389648014799989
6.301745567299984
7.234532777405104
7.96058921049358
8.02168244479742
9.040788377405104
6.354861782797419
3.3885554458999745
6.139067144797416
2.652938923599974
7.190420761101263
5.601000794999977
8.000561236594864
6.344351661696137
7.966988497898699
5.831898045303814
6.546587522898695
5.662987054405094
2.141456837499977
2.5175302474999754
3.8565767379999722
4.979018594399979
5.570011030599981
5.482528663599989
5.421623773199972
6.8234969130999845
5.250822793599978
5.94043867799997
5.4007880081012445
4.59092033689997
6.486922534202522
8.151748873898702
8.917071261727976
8.315635125696144
5.9704491317974115
6.254796166999975
6.489126432797412
6.505022257999968
6.70328992769613
6.476363105797414
5.955408062696128
4.899487361101252
6.07022933499996
5.865732252493572
4.397333625797404
3.8045237090999717
4.9922197083038
5.932859695405093
6.431819044506376
5.519052732799979
6.656146282999976
6.130426458696132
3.9193595778999684
4.377494049099985
4.629321820099998
4.914483744799975
5.506626995799979
7.640380523696147
7.020336811797414
6.85508254089869
4.5668652664050855
7.632091783101249
10.449684685999985
8.046599165303817
6.037795280506363
4.620362756303809
4.4542685805948405
6.3517277327974115
7.021150465405084
7.1576685974051015
5.169772453299973
3.3338995360999752
3.6069324294999863
2.950343672199982
2.604742214999983
3.5419995009999687
4.98426849369998
4.33641046449997
3.685151684599968
5.115606948898686
6.63213402710124
8.19439510972797
8.564382073999974
8.898094308339973
10.396133260997274
7.00484708249357
7.465712951696142
7.395928506506378
7.119343444797423
5.267800662200002
5.246133078000002
3.8433762420999877
3.741881007399973
3.6550697448999916
4.203154411299988
4.13833031459999
5.077184948696124
4.77786432040508
7.4880529509999905
5.615724465899973
3.9657498366999637
6.802605468797412
2.8448868194999637
7.156676124594846
8.876320718271973
2.5196890487999677
4.385510737599975
6.866556483506379
6.221494534303812
7.687729232797411
9.871698506135987
9.698158184863983
7.691879597506374
4.641532124299988
2.311947289999992
2.0899492049999937
3.9195385253999953
5.905744139099982
7.299220117199991
7.894569930999998
6.492465438799997
5.3098128356999945
6.7656658661012505
7.935815103101263
6.026857800299977
7.9681125258999925
6.798418000799986
5.22873494259998
5.469827557399988
6.508434251399986
6.856035554499996
10.056978430141431
10.836241670000003
9.357374041696147
5.643349632303797
4.197809403999955
1.9413197112999594
4.072245078999954
7.8448881728986954
6.758080804405087
6.201589948999969
7.993223529101273
9.781025546203985
10.858943178999983
7.565002307101248
7.0322523635948615
7.849656629898711
9.30639200289599
4.273198678594843
5.622936508202518
9.132446438727976
4.290618916303799
9.11743289186398
10.833269007999979
12.505567875999985
10.773989751999986
11.46269073499998
8.58567535250638
9.220623284931982
9.033352181999991
8.960618411203976
6.532537687696123
7.39020273129999
9.612209367271985
8.994536971999988
10.323496566933446
8.805036836202559
10.513372422863977
5.935697056594836
8.150961112999978
8.000754580696157
9.80724153589872
10.039734085067991
10.103927392717104
9.545384455931988
9.67499694206799
7.846093435696156
10.178081771966719
12.051418662999996
13.235490163999996
11.204868633999991
11.08732573999999
13.35168822000001
13.833530828999994
7.196240223696131
7.925472114594851
7.065122419696129
7.259776946999992
10.015137222203983
8.956459579506385
8.94032645420255
11.352314577999994
10.222773797717107
11.794467460999996
10.738327291999981
11.813483513999989
11.840567563999983
13.131031622000007
13.537808256999988
10.08907568979597
6.532066653405087
8.274585043203972
11.58431474599999
10.185082410999986
9.343759004135984
8.789246197659972
9.972590855282862
11.275293764999997
12.290778814999989
11.38239502299999
11.684712763999986
12.122453631999983
14.03864677299999
12.092719888
10.502192507999982
11.203769581999987
14.229224553999986
12.255851514999996
13.624080435000009
11.87015182999999
13.027584861999996
13.167577298
13.462565650999991
12.622702752999988
13.75783389299999
13.865842869999998
13.04373325699999
12.289368538999991
14.564567829999993
12.036275539999986
8.687475134303828
9.73893302759488
12.34230817699999
12.622397980999985
13.820925597999988
13.145192826999985
13.429333930999992
12.411770707999986
10.786830594
13.435481537000006
11.933276047999996
11.568094230999986
11.259420024
13.424446663000003
12.744565783999995
11.414234630999976
12.865041392999998
13.603075984000002
13.673815741
13.449742194999997
13.12835012999999
11.39614277
12.080146927999989
13.377974762
11.114394181999995
12.030064725999985
12.721571699999998
12.273098757999986
12.789649373999989
11.21244319
12.401398442000005
13.009392467999996
10.905371294999973
11.75759860699999
11.09698498199998
11.663400425999995
10.934349776999996
11.956435383999988
13.065394971999993
14.151133056999992
14.297370850999986
12.77509319899999
14.11518191799999
13.03137162599998
13.019601873999985
13.566992116999998
12.22181438799999
11.968988439999992
11.554203943999996
13.621040371999992
11.150044004999987
10.919713079999982
10.739996006999995
12.144086103999985
12.249874448999993
14.310757852
12.759272534000004
10.12893084714143
11.194668622999997
12.335767090999994
12.379373641999987
11.71319849699999
11.678334699999999
11.464742089999984
10.940032090999987
12.285653910999981
14.14403520099999
13.160401848000003
12.151122367999987
10.129694318010873
10.039759651135988
8.833017843594861
11.102385096999996
12.593327360999998
10.178554417282866
11.191041691999985
12.944476076
12.292547899000006
14.032074424999992
15.157165044999994
11.648514983999991
12.563227979000002
15.18622135899999
13.622963426
14.079272020000001
11.38881859299999
6.902652847303822
6.138926533493581
6.582817369101261
10.05264505472799
9.266999945067983
7.331793170202525
10.387366427717105
10.663070809999992
11.302916959999992
12.21054988999999
11.00941931599999
9.117356643795977
11.665988239999983
12.23923252599999
12.762846415999993
11.009041816999984
9.186169433727981
8.321896063202535
10.588785961999982
12.56195336199999
11.406603960999984
8.632370408727976
7.4048494994935705
6.078715278594859
5.387593560797411
5.54933519589869
7.931121115101261
9.47636371913598
9.233300663863982
8.688654226696155
7.375544651797425
7.574166734303814
7.669038763405102
8.583729254202542
7.927504830898701
6.439298141499983
4.991841349799983
4.815942562899976
4.62295613399997
3.9726244185999677
7.193565402202534
8.766399627696158
6.409635948199994
8.859706416203974
10.065827870141419
9.192679264858533
11.286556896999983
6.759308727999977
8.045792268405101
7.824929934696157
6.554516371202538
7.935415403696146
8.18148751979741
8.141186610271964
9.753060879646377
8.015789535659975
10.068459925858543
10.949474528999984
10.319005422999979
11.209104715999981
11.708169336999983
11.145937382999987
8.241657688898696
8.236824612405092
8.899804136795977
9.02990030206798
10.842712427999986
7.850234179696143
5.6895097443038205
5.059257960499978
2.144869726599969
1.6914172820999631
3.8872948317999696
2.244062412999973
3.269311785899971
2.862947055099964
6.52211422879999
3.659512710599973
6.499377871696136
7.587553810101265
8.949871964999975
8.13973373110127
8.10601242830382
7.690271638506385
8.193288612405102
9.158678486727984
10.65601921199999
7.658344682303819
3.6523471572999764
2.799576734899973
5.476367170699977
6.005885827594858
8.554413381999971
6.1515318694935806
4.881921070898689
7.912974473594849
9.544746273858532
9.799169581717093
7.9696551635948545
4.153145422399983
2.54307615509999
1.6073532546999865
3.9731206099999925
6.42432686459485
8.765983956931978
9.982089155717098
7.99837127079741
9.68198419028286
10.306480863999985
8.476538600202545
7.523646910101261
7.284797972101263
6.687809971594856
5.487059515399985
5.893442875699977
7.246913107303812
6.122515145899977
7.42178650210126
7.550840835594864
7.398845577999981
7.943762100202538
7.34459069979742
8.167368725594855
5.312058995099975
4.268390168797398
7.0942622466961405
6.270462942499984
5.760738166797414
7.632769328299991
6.864544624299988
6.529966204799988
4.882257376099994
4.255315173299994
4.961606532299974
5.556746289099982
5.8787572249999585
7.24130967859485
7.108084304797416
7.39422890619999
8.679235595795971
8.572623344405109
8.478078897067968
6.8628811081012415
5.958785667405087
5.215624513199975
1.9231410293999678
2.2439923781999616
5.73607883610124
6.224270922899977
4.682788873299969
3.529863688696122
5.14635211789998
4.728026756299994
4.211801840199977
5.5735457976999685
6.98705351410125
7.420671223405093
10.043275176999984
11.018143699999985
2.697507644699972
2.4633596847999737
4.7290512557999795
6.760597997999998
7.943502589405106
5.392854769898692
5.157508697493563
4.0996314788999735
1.777278282199981
3.398571404999965
5.421543978899986
5.746502741999972
6.608329067999974
5.092369056699977
7.431822332797428
7.148076557899986
7.604508171101255
7.151526394696135
5.553612487799985
7.548422738727965
8.069077169797419
4.670649139405081
2.905385098303798
3.4760331725948364
4.996366091898682
9.315858998070695
10.434049926858536
9.383194959999976
5.355985632303793
10.002061404271982
9.076053063999973
10.667773107999977
7.570151148999998
9.603892907795972
7.101770361303806
8.338934527727973
6.845080287202523
7.233160423303808
9.05265915820398
8.486954180931974
9.698682556135987
9.563678529271982
11.249176064999999
9.230788171271977
9.454696731727985
8.156854038999967
9.861240403787818
8.577045164506384
8.136122790659977
11.227716672999993
11.226914060999984
10.698944437999987
8.685654585203977
8.675137846271966
8.08250132433997
7.596633132898701
8.783876969931969
6.475012562594846
9.330457810999985
10.000547132929253
11.107680932999981
13.659398906999995
13.354707116999993
10.988064123999989
13.137823847999996
11.51123063799999
12.369331677000002
11.939292133999997
10.730574496353572
12.349395041999987
11.906479799999982
13.909397681
10.967340583999992
5.744133706699998
6.963875772099993
5.34499536129999
5.893240779099977
10.217506214931975
5.76130457459484
9.172242953519984
8.67733939820255
10.424101267999998
10.881886217999986
9.729875776787823
11.726730338999998
9.915303736931978
10.304446639999977
11.228845832999971
12.767563967999987
12.293691877999994
6.581146508799984
8.86332472520398
8.286357249506379
9.198864529405112
8.844329717999987
9.962554591282874
9.799205216999988
9.680675207659995
9.05948840320398
8.475737434405108
6.687747767599988
9.399196543931982
8.104253694202546
9.251644070405113
10.144539297353589
11.265674569999986
13.581436008000003
13.286595044999995
14.072938973999992
14.388955504
14.157611367999994
14.654208312999993
14.500522520000002
14.51391174599999
13.415864196999989
14.190365798999997
14.549887793999998
12.780833759999998
13.876992055000002
13.09905484
12.82509089799999
10.509486896999999
9.390204861506389
10.404656374999998
11.03895633699999
12.200407508999998
13.256969973999984
12.318729009999993
14.738117133000003
14.436560978999994
14.349714974999989
13.607398299999995
14.632683338999989
12.252440116999987
11.04978143599999
13.397748033
10.322642832999987
11.466674003999987
10.056195191999995
8.491038958696151
11.462775704999986
9.733339469931986
9.847398848
12.846562119999998
13.572531043999987
14.293221259999996
14.193148407000004
13.251883392000002
12.829991288999993
11.507790644999982
12.418891143999991
13.890307012999994
13.286492328999993
14.397504726999992
13.548527628999992
14.853465868000002
13.705146407999994
13.484101720999986
12.664534662999984
13.842228451999988
14.549668677999994
9.293919398339984
6.81661171879741
11.991192806999976
12.737240134999992
13.565777276999992
13.057712403999991
11.396787671999986
10.99981491399999
12.171345177999985
13.586250437999993
14.327292729000003
11.988020840000003
11.657643485999985
12.680016674999994
12.271034609999992
12.291827982999992
11.434393871999996
12.776921831999992
11.536319388999994
12.422102488999991
13.008992142999992
12.829101150999993
10.392486440999999
10.266399947997279
10.97380210099999
10.123558741999997
11.297190450000004
11.46881442699999
9.290945965717086
9.24522734386397
11.543295995000006
11.60406205099998
11.15952391999999
10.455886118997272
10.642039716010876
10.613290978999988
14.076812797999994
11.71857831299999
13.137056768999988
10.378483497999998
12.992166741999991
10.193196703999995
12.037502949999988
11.854947212
12.299111579999982
12.441211017999994
11.749402871999994
7.821040125999977
11.19776128399998
11.615899566999996
12.743741561999995
12.675222452999993
13.623907624999994
11.57093787999999
11.075844330999995
5.922024226399995
5.274115386999981
8.766285446202554
11.784624096999988
10.451631505999993
10.987344326999994
11.57106155099998
12.316146810999992
10.980817463999992
12.440337767
11.738917236000004
9.39950798489871
11.198832981999981
8.734437474067976
8.57514611372797
14.161362973
11.87815489499999
11.760932018
11.77365738799999
10.680367347999994
9.878152813696161
10.661990282999998
10.94121518699999
10.753249555999995
8.770546569797425
9.389436700271988
10.943959231999992
8.02432598569614
6.90118173979742
2.804420077499971
6.351033236696129
9.398032800203975
9.620934930282854
4.7607076141012525
5.790242677299975
9.207897042863973
9.991329531929258
7.923326834101253
3.1616476897999624
5.027086782797408
5.651066250599976
8.565609806863977
8.217632107493575
9.593457139727983
9.225294355863982
9.77053401185854
8.529201972999985
7.783860414101256
7.962243623405108
3.8409479018999684
5.953834698499971
9.45639360972798
8.394614277594862
6.050521522493575
10.194842710929253
10.894730405999987
3.8780523940999747
2.6957324920999843
3.298002314799974
4.384671624799967
5.436218186999969
5.77283054959484
5.518145748898685
3.82029790949356
5.782241943405086
2.8585139251999716
1.968758987399972
2.57773375240508
3.46209665989867
4.8852774033037925
3.3579514893037947
3.939529525797385
6.150336585999961
8.716173995999977
6.261043862898692
2.730449681101237
4.63967941439997
4.979313215599977
5.277936871299976
6.171848222399985
7.676391827405106
7.888340556303829
7.11659741209998
5.613049482696122
7.914784878493573
5.513399092101249
7.5895272826961255
7.831760742135967
7.444070492594853
4.815182832303803
5.356935340898672
5.2425779326961255
3.277602186599973
3.0223446776999667
3.807952175898679
7.168932446303805
8.419225045863971
9.175454504271976
4.117232900999973
4.583611190797398
6.8346977096961306
6.945380279493573
8.373592294203975
6.213163603202535
7.027057884202535
7.147149899303809
5.623199882499991
4.162523548898679
5.595175013699984
5.561211067199979
8.09199598850638
9.161495964067985
8.544793728594861
8.753747213696146
6.435954406696142
2.943610275299967
3.551688754299984
3.2580645705999642
4.598963333099979
3.9628942367999755
2.0987224257999766
4.0792711516999685
6.8603608748986975
6.08010499269999
5.400610949699977
4.53212208559998
4.490757713299986
3.8608534285999765
5.500954164099984
5.496561411999985
6.66019901279741
8.14767333979742
9.996422764717106
9.452584399271979
7.7017763717974175
7.302854309101246
7.785990364101249
9.577749732999981
9.906555346787814
9.71274333635358
7.171530615202535
8.609441427594863
8.60276901699999
8.235487470999988
7.227076188699987
6.2958183624050905
5.187333576999961
4.786054119898678
5.462182699594846
6.182048831202527
7.191234605405089
6.036674908405084
8.294840898067964
10.408111756999991
9.48520509328286
9.978697801141417
9.888492150931981
7.379630035405088
8.956282215898705
9.256080113135981
10.340319150999987
9.77660568227198
9.802317854203986
8.329891677898697
9.760864614931982
8.412993746898712
10.390910193999993
9.541644807271986
10.603187418999992
5.120972763099972
7.706402838101253
8.768979301506382
7.466052101099992
10.74704601399998
7.947526023898694
8.290508764727969
10.557945176999993
11.361151696999986
10.236103834646377
10.718553533999977
8.60640690779598
11.576646500999992
10.458712129141425
11.276668688999996
11.677833527999995
9.124811563067972
8.535562455696148
9.771955163727984
9.692336448696157
10.759242226999985
10.261565015999999
11.368959075999994
13.001615854000004
10.451935689999996
10.385759937999998
7.446734100303823
7.615429997303826
7.262702978499996
7.292591784699993
6.130225414999988
5.771190025299993
6.101372341899994
6.7120086089999935
8.825813540594863
9.783546305863995
10.079209911010878
10.16715594185854
10.563585489999987
10.681040796999998
8.30017657010126
8.969139096101273
7.10551771699998
7.979559866303821
9.991167668135978
5.932642301898692
7.553430953999971
9.174837364202556
9.204562873797434
11.024520984999981
6.909974548303813
4.779779188499975
7.931492231799997
4.1092963775999864
6.910648229999985
10.335420256
10.405120340999991
10.771209823999998
10.26177707378781
7.65611888120253
7.179268798797422
9.733457318070704
10.588849841000002
11.159784817999995
11.109904780999992
7.714389016696128
4.013324055506363
9.532280400070698
9.901485388141419
11.479040947999987
12.338036315999988
11.475569478999985
4.618401742594844
7.6209874222025356
9.922956233141432
9.146763189696143
11.121318601999988
13.562924187999993
11.610921898999978
10.361556355212144
11.374136052000003
9.504448954863989
11.039344086999995
10.554492112999993
12.491652405000004
10.517027665999995
10.826714718999995
10.848969022999995
11.048805300999993
11.25888109
11.857899454999998
12.844342913999991
12.260309328999988
14.193146368000004
12.956051717999992
13.126722767999986
13.656955261000002
12.52768486299998
6.146735809303811
12.077580955999988
13.312499280999987
14.073107754999986
13.914174688999992
11.303884383000002
12.663592203999986
13.210054314999997
13.885191269000002
13.531299990999997
10.548436152717096
12.24599584199999
13.371749007999993
10.263056394999989
12.447937290999992
11.009870392999991
11.984045148
11.595993274999993
11.09432219999998
11.876868564999992
12.649772934000001
12.265640239999996
13.393242772999992
12.931734052999998
8.891105073659972
12.583063840999994
11.306707073999984
11.586310059999994
12.115623462
13.194999536000005
11.66632914899999
10.635463364999984
10.765906534999987
9.735171786353591
10.710181141999987
12.815601987000008
12.210721905999995
9.973856927166397
12.727952541999999
13.030993400999995
11.85446299399999
11.809530112999985
10.090112193212152
9.804946169999985
8.343010269202551
11.775500813000006
11.265244861
13.291172512999994
13.017594442999991
12.633421410999992
14.44251285700001
14.454042812999994
12.33915918099999
12.633481064999987
12.372890052999985
14.307068951
12.147695818999992
13.684836290000002
11.412733532999983
8.722047738727975
5.75443853610125
11.875947280999984
11.845646547999989
11.534059987999989
12.733430872999987
8.45674476320255
9.643726222135994
8.226723075898711
10.373864896010884
10.630411236999988
12.70296152
12.01270575599999
11.394292154999983
11.734343658
13.61900947099998
13.19197619799998
11.911486730999988
11.400392228999984
11.817113407999988
11.222453057999997
10.543490661999984
10.265668924999991
10.344322970999984
10.451047194999996
9.373385705594874
8.853796186797434
11.52246262499999
10.615593114999987
11.681200486999993
12.78774915799999
11.021838456999983
10.067787008795994
7.309985620099997
9.795031129353582
10.956120836999993
10.284594949212137
10.631064617999986
7.272910217303811
9.878172639339988
11.581559997999989
11.133102332999984
12.98114852899999
13.738045615999999
11.914340932999988
8.805431860405102
8.501854125999994
12.97532168099999
12.790229375999996
12.451308959999992
10.534972217999984
11.623723981999992
11.050134379999987
12.20657621499999
11.770318831999994
11.522262970999991
11.815794037999991
13.238409879000002
12.885198281999994
12.616074412999987
12.233445519999984
12.176029241999993
11.292532143999999
12.88012282099999
11.821607068999986
10.616671091999997
11.324275669999997
11.025785712999996
11.632459989999992
11.988791357
9.494502560271988
10.085656353863989
8.535078698795978
4.626426336699973
4.379034159898687
6.468650689696135
6.33082063899998
8.775522727999997
9.91814246985854
10.654847963999995
10.462126923010878
4.770733908101251
7.942938987696143
8.051653128101261
6.988548806797424
7.862667802405107
9.119118237303828
9.827045800863992
9.27302939299998
8.59542570499998
8.57039880986398
7.927275437898704
4.603458483899973
4.453555006399973
4.569578659099976
5.612061808797407
9.534103417999992
10.11511991721214
5.598241082799984
6.256062013199983
3.8402862136999687
6.869022044405087
7.239405013999979
9.812951393070698
10.299189756858539
9.312651562327183
5.98327593839998
4.56939868929998
4.243628536999983
3.669689710999985
4.631271546899982
7.692724667405092
8.936112260271974
5.906136340303809
5.514551356499973
3.521446612493563
5.913294978303796
10.907864361999982
8.274055654931962
7.215043452506377
8.745748599202546
6.9868616637974235
6.634394496202537
6.410407833898701
6.777644099405098
7.002188581797419
7.097117796303816
7.237940298506376
8.331341505405106
7.419569132999981
5.82076454769613
2.656583590699972
3.8669574218986775
7.5252927047974145
6.267564044202528
9.067567428717092
10.251116294999992
5.696983454898698
5.026880757099982
2.992573284899985
2.515910168499984
1.9440781020999778
2.364078393599973
3.377787478599974
3.431944493099965
3.370408442699964
7.081697607405084
8.380682702594855
4.861185278299975
5.2007536911012515
5.260564146405093
3.2821884856999657
3.4418728912025105
6.547396934493567
6.3617177978986845
7.621647633405089
8.34837843620398
8.408155099339975
7.387488337696134
7.072719161999965
6.039161479199979
5.6615330275999955
5.2797044723999695
4.973312466399979
5.267845764199971
4.5570020995948415
6.745990524303807
6.369728782696128
3.650214422599963
4.116468894999961
5.152818902594843
7.086111354099989
2.447349514799957
4.915279403699977
9.44696808920398
9.893608732717107
10.75292735699999
4.428828704799984
3.8357123153999764
6.790161756898699
6.923291429101263
8.283608299303816
8.019496006797409
8.12883039093197
8.768809645101273
6.779962229898686
9.176561497339973
7.23120851750637
6.075451937898686
5.4227348663038
2.689148728899971
4.713268820199985
3.766681248499992
4.510374349999987
4.504271263099995
9.032422535696156
9.690918997202557
8.985907900999981
8.882392170795974
10.548899949999983
6.132063867202536
5.290041897599979
3.113626202399977
2.6805149383999636
3.0277401885999575
6.533345161405081
5.29268683169612
4.7439934539999635
7.657638336135966
10.040662803717103
10.554983918999984
11.21349218299998
9.248273095696158
10.781769845999978
10.365344290141422
10.762044167999992
10.308888808999988
11.59582155599999
10.168516270282854
11.17119211999999
9.381732990999977
5.098956120303806
7.132180342101253
6.6608608397973965
9.25574086299997
8.015174647659963
11.290524718999983
12.104643125999992
8.513754069659978
7.157806075999983
5.4876686400999874
9.336788787863979
7.149155683898685
3.619673504594841
4.23972993620252
6.176374453696123
5.377452008101243
4.078665765405077
7.3505480223399555
9.737412695203988
8.050844959999985
6.009534339899988
8.475506489594872
10.124714135787823
12.179461431999997
10.65366990064637
11.051880939000002
9.192715541101267
11.57556108199999
12.846731481999992
11.955823836999993
12.175992699999991
14.115157364999991
11.63995152599999
12.326539665000002
12.178067368999992
10.699492009999975
12.733758274999987
8.584367112795977
6.118435356101249
12.906426905999993
12.003793479999995
10.735043178999986
10.243854724070703
12.853424814999993
9.289062179594874
11.954337703000002
13.496177756999996
11.120611948999999
10.367025023999982
11.435366587999994
8.981972300696146
5.83373144989869
5.731153761303801
5.349786077898683
10.527318530212142
9.625152813787805
9.65627604986399
9.071143913303834
10.338675928999999
9.902859318646392
11.469932732999995
12.304668317999987
12.044699446
11.41148952899998
11.353220171999986
11.168557058999985
12.371821425999988
11.02289209299998
10.512877709999977
10.281305508282866
10.83856364299999
8.957842774999992
11.547897329999984
10.865683062999986
11.759300310999976
11.876313405999982
11.667704426999974
7.920512374931963
7.085832522594856
9.58881844486399
12.369731048999986
12.778319149999986
12.065646485999999
13.548070677000004
14.209167599
14.775397369000006
12.833933175999983
13.195244062999999
11.45696931599998
14.558748832999997
14.409358945999998
13.316131765999996
10.14059126593198
9.480347376999992
10.694188660999984
9.399826199203972
8.098958425898697
11.457072102000001
11.448479181999991
10.487814487999996
10.669763679999987
11.350048884999993
14.873248055000003
13.938113675999997
13.477352282999988
13.783349743999995
14.090469213999993
15.091455478999992
16.321447734
8.692186820999975
14.291707917999991
13.912753715999997
14.617489521999994
14.898079810999988
15.380944106999994
12.362396001999985
10.234856632999996
7.69847022710127
9.644375355659996
10.478952453999977
12.111303850999985
13.649280712999978
12.173425811999998
12.707450596999992
14.058661077999993
13.417987259999997
15.00311090399999
13.54773617399999
13.700729986999992
11.941836556999984
13.005399705999986
12.732261059999992
14.241061109999988
14.612796476999993
14.010519137999992
14.227818116999998
14.164980323999988
12.269094948999992
12.550609926
12.103710473999998
11.391399429000002
11.461605914000003
14.166080223
14.485471892
13.065190301999996
13.577764025999992
13.37845828899999
14.031558704999993
15.459200326999989
15.055218506999996
15.128577083999998
15.648683968999995
13.709734784999982
12.038197075999971
13.985106984999993
11.951409888999994
10.669647054999986
12.11344267899999
13.903479422
10.395250605858532
10.540447238141411
13.800360236999982
12.521024621999988
13.333546178999994
15.665647777000004
14.562327994999993
12.207465664999994
12.858566167999996
11.722789174999994
10.41793734398912
8.310933413699997
7.429254171799989
6.814475672899993
5.493095410199991
11.14559640799999
12.482988021999992
11.780927601999993
10.789718262999992
12.039198937999979
8.288518434067964
10.293520693999971
10.348542250070691
11.546992577999985
12.216045563999993
11.478372975000001
10.069225620999996
9.606938729898713
9.717956700070701
11.122270827999992
11.633003228999995
9.948285726931994
11.809040362999982
14.123884508000016
12.272978789000003
12.835931103999995
12.543941036999989
11.29315497999999
12.926228458999992
12.956885317999996
7.000238537594859
9.8066259507171
10.93421814899998
13.819972472999996
12.847933298999989
11.337457554999991
12.982293825999982
10.611697118999984
12.671528745999991
11.884108463999983
5.986173599202539
4.128774089099976
4.359341288797408
5.955027578696127
5.304941651899981
5.497583334405101
5.627182917797416
8.049073710594861
7.208865283202528
7.432209677099996
6.941488673405093
8.125323809797417
6.945833550999978
6.597219865405093
5.823766174303813
6.639624424696139
6.830740949999979
6.001995867898691
7.192847708101257
5.928661398303806
8.743215476999982
11.10170582399999
5.667416186493556
8.340902914405104
5.63140142820253
3.5334658370999628
3.180444621299971
5.057607281506358
5.574284449797414
5.898487531999969
6.826585926799983
10.15960318772798
6.721289106797405
3.150135441599962
7.0433561156961355
4.708379052699972
3.013119113199978
2.934726109299967
3.6563150680999654
3.1671127593999713
3.142715847799969
2.8156608657999667
3.1723626876961197
6.6540470885948375
4.955011657696126
5.495599772594849
3.1241621978999703
2.8076994170999727
7.362109881594857
6.535623799101251
9.11423361206798
7.539416036999975
8.718001147339976
8.279216192594859
8.25147319627197
6.762640249594855
4.609649002099964
6.780723193405093
3.9431286132999697
3.024634097299969
2.538304078699971
3.9741669982999666
6.817635906999959
6.659250111405088
6.0701008208986815
6.283866017202531
9.814858171070702
6.891778063999975
6.471315501405088
7.849854589797415
7.653913864101252
6.963563464405095
7.677885612506368
5.439866039999975
7.022777021797408
11.688829444999985
6.774834324594854
5.123141668696131
4.832382432594844
3.8065357879999624
4.1436461089999534
5.9436837692025275
6.556505282594839
5.677223506202525
6.423426536594834
7.088411276202533
6.958218171696132
9.271137165863985
6.8191077332025385
6.530164569101254
5.9061681167999796
6.436685572797418
5.31567210079998
3.1914122742025235
5.614596707202516
6.798151623493574
6.601151266506375
5.489444329799975
4.5519186782999785
4.847190429699973
5.806911775199983
5.31374468379997
6.208502812202524
6.76002494049998
6.78885568699996
8.213210104405103
8.257237831101257
6.199933494594846
8.56978043072797
9.654558996717101
7.226222790493579
6.765546054101253
6.489000886493572
5.55680242159484
1.907264276099961
5.9783432448986815
6.336195234699996
6.142950463898682
6.357987222303808
4.370664826999962
8.852307888863983
8.413140655493592
8.043691380303809
8.00859841172797
9.76823370813599
8.872136178594864
9.807129273999982
4.0983927704050895
2.0604950789999674
2.124515891999974
4.775202535999961
5.855638238499985
9.634104856931984
5.542037156696132
6.600421389797412
4.184623237594848
4.98755394440508
6.005193740797402
3.9747082046999633
6.306762678499984
4.90305995179999
5.584334202599983
5.1823435073999775
5.945784719799986
6.247324905405085
7.954543466202547
9.074790450999984
8.958743550101277
6.015720655799994
9.102150314203975
8.828456603999982
8.259023234594864
8.46731099699999
9.051438844303831
11.434778878999992
8.594065974405108
8.30270710910127
6.374600198399991
7.059694284101263
9.915352885282873
8.426700411999981
9.848258244203985
11.093884882999989
10.152589706282866
8.881805419931966
4.747235636898677
2.7802365523999617
2.62704617459996
7.395176229898702
9.729232806271984
11.045311085999991
10.714150057999987
6.04942076110125
4.6907733428986775
9.871841458067978
11.83012903599998
11.765905269999976
11.433357430999978
8.739152133202543
10.00339417103328
10.845333324999993
9.302871238795982
9.97823278033998
10.43384481999999
11.810705714000015
10.511912905999985
10.461910103999992
10.179750411999995
10.312995096999991
11.480452813999987
11.089407007999977
5.3603849243037995
8.108135514797418
6.968847390696127
8.447152632067974
8.224685369899992
7.918926106299991
9.053932720898718
10.309738476877767
10.742161220999982
12.148049666000006
11.544316987999977
5.662450021405091
7.004033039898682
3.46179538569996
3.6692408126961134
2.9377930191012354
4.500544935594827
7.2150862914935825
10.215430497787827
9.47936254120255
7.209901205405088
8.139298884594854
9.837459707727975
9.46482532028285
10.586079320999966
9.242721714863988
10.281946689999991
10.938336826999993
10.776285114999993
11.344977820999977
11.101563294999991
11.825484469999992
12.64292047399999
11.103923578999996
10.748790276999989
12.479522732999989
13.042342728
13.542825734000008
13.980750660999991
9.782042835999981
7.0392070098986865
11.702656034999986
11.356587414999987
10.625520524999974
12.236438932999985
10.880392672999987
10.87939540399999
10.585613027999988
12.610540703999993
13.185092074999984
11.673731747
8.411632873493579
10.335927305999993
9.762143676863994
10.588510422999992
11.218535153000005
12.98143115099999
12.61277941399999
14.434225330999984
12.826891085999993
12.479938268999998
12.17452121399999
12.481823668999994
11.714458335999995
11.611156278999992
12.143721934999988
12.06936043199999
13.054756771999996
14.566749260999996
14.128016425
11.479004204
11.40199769399999
12.216418644999987
11.521170792999987
13.481189066999995
11.762458880999993
11.029447761999993
11.246401958999996
11.529035776999992
9.94238985127199
9.45633644572799
8.745224464405105
9.842090081858546
8.646754498203977
12.175007911999987
12.500122053999998
13.75549904899999
11.91303467299999
11.298893075999992
10.848489228999991
9.065862345898713
9.884085818339992
11.268760923999988
11.125813370991823
9.220942095931985
9.733664140212147
10.401176833999987
9.40328194889871
12.296432436999982
10.504785547999996
9.827209808203992
9.782623457203988
12.33576819499997
11.906938595999993
11.717772115999995
9.770651721135991
8.235399134797433
10.389990273999985
13.665772506999986
12.650924163999992
13.076902112999983
12.100269059999999
12.013224936999984
10.021030100999983
10.718873902999992
11.117432590999986
11.116655813999985
11.083859288
13.322584322
13.611901356999999
13.705281793000001
13.58841671599999
14.174892125999992
14.782166816999998
14.663775029000002
14.022416565000002
12.921805533999995
12.987307337999988
12.609595458999992
12.451497422999998
10.835892429999987
8.309734565696154
10.08267831279599
13.247808292999993
12.414568656999993
13.904931988999989
14.480652527999997
11.769391454999992
10.75798856999999
8.783710336299997
7.905123765599998
10.638056795999976
11.973897234999987
14.104436993000004
12.55772008199999
13.381262082000003
12.251549032999996
11.765708022999998
11.637625304999988
13.447941810999996
13.789831447999996
13.741655997999995
12.988360012999996
13.386458194999992
12.844067972999985
7.554552560405094
9.800736425858537
11.118342212999998
11.43530430599998
13.837063515
12.994300516999992
12.793499488999988
12.804474672999985
9.942486848405116
9.441664736931994
8.356748072797435
9.24055321040511
9.485247447135986
11.662999000999987
9.964505876135986
7.692002316303827
6.044259576399981
9.5093627974936
9.998930410858545
10.33031616099999
12.432240044999986
6.449710563699984
8.953278634727976
11.300575859
10.53440709799998
11.091992789999985
10.080246343999987
7.691006275898703
5.241904334999966
7.501257910202536
8.793689962797423
6.6421709442025305
8.531776545696145
7.778191064506383
5.623196809405087
10.784222199999983
11.131408895999973
10.471824285929259
5.489866397101242
3.1653656235063585
5.750487452696118
6.241907136493559
9.616432054070698
8.642478813202537
6.1683896468987
4.3791707488999725
5.648431858797412
8.126090742339963
11.03126966699999
11.024582828999984
11.198389504999982
11.779904642999979
11.02000378399998
10.082291023212143
11.101238550999986
12.332801719999994
10.120684843282868
4.338691896099978
3.1170347457999688
5.861281179797415
7.293961965898693
7.305599174506377
8.91505156267277
8.881226386999973
10.600753052999975
6.157468470797417
6.657085772696128
7.238464138797415
5.188731350699978
3.3046647841999692
2.8046678603999604
4.4668166823999655
4.775179370099971
4.1457482329999715
2.225717793299971
3.3095872039999548
7.537954898101261
5.877801928699975
6.012460354594853
5.917076393101246
6.73345489350636
7.617978668202533
8.44680664213598
4.897128915405082
8.188648222405098
10.142007163999976
7.542142788696132
9.107428097659977
9.393483952203983
9.083091267405111
5.313040180999979
4.04130559689997
4.170774066199976
4.908418029799975
5.883853828405092
3.078614172399969
3.5758484359999696
3.4538926360999946
4.976431907699992
4.273994966099967
4.156501327499979
5.036237184101236
2.7789895492999626
5.208858410594834
7.052277011101258
5.833696928399978
3.4373520217999696
4.8203331054999685
5.367321533199974
5.426023416101247
2.6628563949999604
5.898831819199976
6.434279049696131
4.9310803283999824
5.134989463799981
3.9206300551999838
4.464997885099982
5.113907575999968
6.305486639405094
3.6518536757999644
4.303696446202515
6.223482267797409
5.93729565889869
5.454418122898683
5.712034382594851
4.652554479999953
5.994101208506365
7.419767945898695
6.198139419594855
3.3336104995999682
2.2073709502999646
2.5539686538986723
2.868791654999961
4.584970898405083
5.7713152968986785
8.337048046931972
3.4393791488986842
1.6737353393999677
3.8541075072999607
6.054029135101254
5.652471472202527
5.131161146493558
8.10738165593196
7.119933978303808
7.007513023405087
7.938167153898702
7.4981137710999946
5.019171641499984
4.790526626599994
6.111825697303815
7.713235070797428
9.00658860786398
8.899120193506386
8.2676355545
8.28703325972797
8.999484927271967
10.40111467728286
8.420328895594864
5.9913340728986935
4.609310124202523
10.883446694999986
12.416335132999986
10.998821566999984
10.377048223929258
10.989011559999986
9.925985331795985
11.216133668999992
8.487898696931975
9.588654597339987
9.714791610787811
10.943991637999986
10.599793914999983
10.603767136999988
8.49888054349358
6.8181139647974085
9.402001090999978
9.254924627795987
5.787826846303814
3.705835673499968
5.260290672299972
1.541231993971673
1.5478697585999683
3.3307710067999707
5.491316833499985
7.555950062594863
7.354015701303826
9.689062959212148
8.188299430797429
6.4087747405999895
6.481696937599985
9.607732414135981
11.015583468999981
10.786683730999984
11.972158098999984
12.324733585999983
11.736004313999992
11.249628113999995
10.323094603999996
12.08631139200001
6.844970942696139
6.615807725493569
9.580865872135979
7.564114697303825
9.452156596405116
8.80440520013598
9.708303367727988
9.798550262353576
10.141534947135975
4.884756231696123
5.8695699875063685
5.758143872101235
5.833566671797406
7.083938182101241
10.514322172646372
9.65987987820799
12.42867586999999
10.706999572999985
8.878306602353575
7.489832282999967
9.488149566696155
10.45466579099183
11.708369121999992
8.44181252589871
7.810882720899994
8.645976127727975
11.620374176000002
13.514503094000016
9.821063383353588
7.5541379287974015
7.694717800898695
5.039836970493558
4.168694451899967
8.84820389099997
8.768930975303835
9.453337663303838
9.588918014659988
11.57880721699999
10.776668624999987
12.45292849299999
12.54495633199998
12.614142602999989
8.69598430620397
10.775020007212136
11.231155037999994
13.50563610699999
13.751635022999984
13.912626085999998
13.882225994999988
13.483414574999992
12.94697443799999
8.448761984303818
10.920719463999987
9.946109185858543
9.418013870135988
10.381492590203987
9.400928736898713
7.118290182499986
8.180793234303827
10.858096535999985
11.817543660999984
12.161716208999994
13.932186386
15.577468991000005
12.301557760999982
11.162321261999978
12.067881423999998
12.274043078999991
12.096042884999989
11.489450261999986
12.829725007999984
14.013897695999999
9.009371679795985
10.920417071999978
12.206387018999981
12.030557172000002
9.862891310067996
13.495423057999995
9.891563824353591
10.531197382999983
11.825139029999992
11.753613285999993
11.819159075999982
12.748906031999992
12.941023822000004
13.602212195999995
12.633695809999999
12.312056069999985
12.242060863999992
10.410645630999987
12.07486778099999
12.535993676999995
12.139695627
12.103374312
10.737104358999998
11.679046302999996
10.762073324999992
11.437439725999987
11.005888537999978
11.00585637814141
15.06217153599999
14.93482058599999
12.715905715999984
12.941351980999999
13.572582050999992
14.555639388999998
14.798583605999987
13.053057670999992
10.658990284999978
14.002093025000002
14.21381063999999
13.506657335999996
12.756806139999988
14.420317152000008
14.011952736
13.982472904999987
13.152442144999986
12.668298429999984
11.959410822999992
13.052443964
11.804313941999991
10.451350402863985
4.959082113594846
10.575417827999988
11.70994995699999
12.54657354999999
11.347415368999988
10.66604026299999
9.382387452795985
11.470751740000004
11.715797482000003
12.420669143999993
13.369665627999995
12.128190401999994
11.487832850999993
10.989797658999997
11.97625598
12.260250847999986
13.428500805999986
14.363391494999993
13.407600577999995
13.746869768999998
11.551943751999984
13.920598650999997
15.109932811
15.376811754999991
15.005019488999995
14.865236933999999
14.114934723
14.060776450000008
11.44249698199999
13.285787359999988
10.612764838999981
12.376682915999991
10.207328354002719
10.466627062999999
11.64526121199999
10.407364557999987
10.10246496586399
9.578040772999985
7.564820283493577
8.011739224202543
5.296908665499978
6.704160252405099
8.65430651565998
7.7642691132025385
7.819407757594859
7.37876874540509
10.206083190931992
9.599689453101284
7.86791400449999
7.760016862499989
5.416511164899994
8.008064143405111
6.271933592199978
12.633595615999988
7.742865350303827
6.701126090999984
8.978841274999988
7.520300965898701
7.846767976405106
7.134279124506383
7.724815795899995
6.634107318099992
8.652477520797424
8.747979615791982
10.449193848999988
10.129935031070712
11.357316266999987
11.233366436999987
10.040259062061123
9.398229879863983
8.598656359898705
7.996331422405103
9.319204476931974
8.750428222795971
8.433332994101264
9.457631033203986
9.305392538339982
7.602463795506383
8.533872737101262
10.54935043628286
5.158884588594849
6.49380213469613
6.318032800303804
5.696196392797399
3.1013958419999654
2.759809962499961
4.2588666518999725
5.699146540797416
3.489872795099964
7.576135058583977
5.586975428799977
4.771583338898685
5.842120930506367
6.562372779797412
7.1277827788987
5.462203404199972
4.953701585405085
6.75594585110125
6.326539482101255
2.4148421645999663
2.561130134599963
2.1002807235999663
4.268802728303797
9.517007267858528
12.377833697999993
10.887957752999997
8.870628388999977
6.99800440369614
8.779218171795979
7.201168743898696
9.39753689114142
7.997297154202541
6.931923236099994
6.864367443797416
10.093559724282867
8.072931574999984
7.765087304696138
8.070289804101257
7.945067445405095
6.870544067399995
6.362688047799987
5.533696516399994
5.471294442699994
4.601444056699966
4.672030837999959
7.192377679405097
5.956735351594849
6.021246081493568
7.448831242405093
6.288652407797406
5.659400839202523
6.4648909302025235
5.997057505797409
4.906097602799995
5.73202385859484
5.41833444820252
7.26367913059485
6.01102262879998
3.3987576232999928
5.460747492999959
6.346383848594854
6.744631161506379
9.307497140659983
9.31764056865999
8.355514053303834
8.879507160898712
4.834847390699978
7.916785110506372
7.34361439059485
8.691733898898708
9.909789427141412
9.137418537931982
10.296243780999994
6.199717394999985
8.61538548579742
6.91747044369613
7.306639370696131
6.9070243667974145
6.578808084101255
4.872242158493567
4.624601069599977
3.042068839999966
5.637351182594849
9.193491632067975
9.426028373795974
8.68272297520254
10.480379324212139
4.232569987499977
3.813469479399971
7.772665699797426
6.114595104999974
5.307287948599979
5.910867532303818
6.867450343303819
7.815292222594861
5.75496348269613
3.9823703078986816
4.655063787799972
4.608051213101242
5.727754159493568
4.123995207199964
6.110327308696126
9.482909094135978
8.651141340727978
4.43982228239997
2.929478341699968
3.196677206399964
5.4069760390999715
7.680797357202537
7.5494718856961365
9.575913766339989
9.615703622271983
7.769033502202532
7.407653295898692
4.174916719101244
2.392862026999971
4.4516993683
4.936518853799975
6.378628816202537
5.905508778399983
6.393289332594858
7.018112768599992
5.808163372799983
6.689138307202542
8.062446058795974
5.495386587493566
5.773829644797401
4.987378005999959
8.220421519339974
6.143188478101241
1.7909808959999571
3.2108331496999605
3.1944099608986742
6.059688005101252
7.183387438999983
8.7958852875
8.289799479696153
10.034043601999992
9.148551991203975
6.7507162704050785
8.927845864898709
8.890881352202546
4.550252416999962
5.064061326594848
5.740611262499984
8.975845255999984
6.625385757399991
10.920590870999984
11.24692273899998
11.08926712599999
10.528861329999994
7.7011272109999656
7.880033932506367
9.08394528806798
12.898850493999992
13.783842920999994
10.229933835999997
11.357919124999995
12.930263546999996
10.768450693999972
12.414727564999993
10.683878951999999
13.054092467999995
11.594818393999997
10.22700407099999
12.685778379999995
13.59589063399999
14.72619750699999
14.440943784999991
13.761439925999992
12.866238576999992
7.6330055283038165
8.489109478797426
8.441916773999987
9.911020049999987
10.936841087000007
11.853790847999987
12.25221189599999
12.062268328999995
13.04636286599999
12.797232313999995
13.520608895999988
12.209523986999999
10.291326899795992
10.328447282122253
8.912204312101268
12.517643014999976
9.952251440282847
11.787052889999998
11.819222246999987
12.881255892999995
12.038967559999987
13.882192452999998
14.384085380999993
12.375507618999997
12.710132648999991
10.948342771999974
7.296844956999962
10.367253671203981
11.111568331999989
11.79227147399999
12.471809400999991
12.62435638399999
12.272996477999987
5.13361847530381
5.768253500405077
12.289730983999993
8.471428715493579
4.276905471797406
6.920612783797407
9.556119920203994
8.864255828898703
6.28547749789999
5.743742379799986
7.23373302609999
5.692044192499986
9.529941632070692
11.86726611199999
9.701000347931986
10.345493520999979
12.018317537999993
13.761134374999989
13.441133562999987
12.931398119999994
10.805717914999992
11.771439705000002
11.572677414999983
11.822684859999999
11.967663770999996
11.708444217999984
10.892879172999995
12.253826147000002
12.772111687999999
12.951637464999997
13.611753252999996
11.762368522999994
12.034425759999998
12.614145173999999
13.899087671999997
14.053108391999988
13.958729726999993
8.79163912349358
6.793774861101256
10.759071410999994
12.00362992999999
11.477455591999991
14.490976020999996
13.377502933999992
12.38389072599999
11.013655977999987
11.031800765999986
12.221643590999985
11.542367606999983
11.50395189999999
12.984134810000004
9.752456719999996
8.805558186303829
11.256300326999986
12.081401740999981
8.87660609440511
12.603971126999989
12.390011022999989
11.699761106999993
13.22163037899999
12.827295626999987
13.320215191999988
14.668114440999988
13.45381086399999
14.245238645999988
12.501943509999984
11.955671132999989
12.40485943599999
10.967938579999995
12.380612133999998
11.15592543299999
14.337492731
13.596181266999992
14.391959568999996
13.933881116999997
13.805272916999993
13.764225919000001
13.226697458999988
15.130537395999994
13.058807139999999
13.852374000999996
13.778328140000008
14.04452324999999
12.099468210999989
10.54445503499998
9.819696845999983
10.801878742999993
9.968089126999974
12.468061318999993
12.290709905999991
10.518638347999987
12.343843999999997
12.87302525000001
11.559688258000001
12.387266741999996
10.323383003135993
12.475567121999996
11.291669150999983
8.763534362797431
10.457717360999986
11.55238305999999
12.852132441999986
12.016757689999993
12.818617327999993
14.777669336999992
12.36144466099999
11.876031362999981
13.212216826999995
13.707932157999995
14.474202245000004
12.921998037999996
12.840208142000002
10.98391230799999
8.3510717238987
11.471527612000003
12.06493939099999
10.893251014999983
11.833939475999987
10.082868156271987
12.463580640999988
11.764200358999995
13.890832059999996
13.835165656999997
12.838094832999987
12.507272742999982
8.387746189898703
5.349447122202536
8.082855337493578
11.588438022000004
11.072724459999987
10.604325367999982
11.925472565999995
10.625689591999985
11.817867153999995
6.798551438898689
10.746729522999978
11.811078612999989
11.440699128999992
11.31450372899999
12.380191622999996
12.891639075000002
11.635734023999989
12.26559121199999
11.349423241999986
11.454321422999985
12.781048931999974
11.789594529999992
11.036322294999984
8.468921101271976
8.963871876479981
10.234742298929262
11.476829445999986
9.811836784282862
6.741109805303816
5.130584594696122
8.609537557999973
11.936883741999985
10.005033259727986
10.43011273028286
10.987749129999989
10.246657405070701
9.5496966537878
9.095137208727975
12.444932676999994
9.798390281795987
7.2626246917974235
6.779433662405107
4.398441859399986
3.1946902755999753
4.504091320797394
6.54354542689869
5.839246786506371
5.918418000797397
9.527295448212136
6.069929309101252
3.8735841521999643
4.0753876510999705
6.4851209824050855
5.08655550840509
3.8836609482025106
6.046385702493562
5.57332980799997
4.362167736797386
6.169810378999963
5.814307821699975
4.617609997599963
4.468714445499978
2.950968133499997
2.371945635999987
3.783663288899969
4.075672532699962
5.851093575999966
5.533139613303797
6.550575456202519
7.898721818659964
8.89369374999996
9.491866970863986
10.266597636282857
10.371997235070697
7.314132575999978
4.77086072240508
5.442718241899975
4.392713470499992
3.3557382720999924
3.2065820205999906
2.973084457399988
4.140146293594838
3.4756059813999705
2.295797007799974
4.2125434372025286
6.141876029999971
9.761947465646372
8.367430270405103
6.731675489797415
4.872801435898696
3.66382281340507
3.003985142493565
7.596390481594861
5.783918019099984
5.366667819202536
4.320252506999996
3.2204968474999878
3.014167355299979
4.543770053099968
4.52065063020252
5.652231663493564
6.003522184797409
5.260935635405086
10.165698316999984
10.187665388353581
8.485939369202548
7.9393017516961395
7.346058091696138
5.227004957594852
6.335653932202525
8.719927229303822
7.088994404594849
2.483644691499978
1.634466307099974
5.057230702202528
5.5687069733038115
1.9526938827999665
3.9174661895999905
3.517965888999975
3.284640980499966
5.398320782506365
1.1813516079929065
2.8542413680999807
3.2857536529999853
3.3667674972999713
4.6272085067999855
5.593664787303807
5.494644691506361
6.620278935202527
5.256236158797398
4.99746931610124
8.520569451898703
7.292824896202546
6.78883472899999
6.06352443850638
5.532953318797402
5.111445677202515
6.513046586594848
6.994968128999987
6.334593756101251
7.529536791999989
8.13219862210126
9.091145443795982
3.798757873499965
4.3459503264999775
6.561401493799985
4.913837400799982
4.583492956499978
5.215208241303808
6.403074412493569
5.433615966797409
5.209975248696116
10.253871427999991
10.386351451070706
11.287887986999987
9.797419937067987
10.39964060699999
9.72249471120398
5.535281486493551
10.038624710070684
10.652294799858533
10.61507675899998
9.764083529795986
10.31527143399999
10.725534611999993
6.7897464827999965
9.474011660863974
8.850852326999968
7.024221453931958
11.063823290999993
12.46537638699999
8.105275630202545
5.922915940899989
7.585284625202545
10.21315349279598
7.527142503405105
5.35609406889998
4.655913769499984
5.051914115899993
7.413659229999979
11.491607982999977
11.15176302799998
11.25279527599998
10.351840133787825
10.963845189999978
6.938000814797416
3.9023792678999745
5.0947455413999885
6.853363021899989
6.633397297699994
4.854093849199992
6.856201322899985
8.669298509202548
10.82976005899999
10.585291338999987
11.407330031999996
11.99343
9.234463406271985
11.543884112999988
8.37089536727197
5.87099067230381
5.932877871696124
5.5804792404050945
8.274401536599997
8.967750857659983
9.061383988999994
6.761194421399985
7.703086386099998
5.301342779499988
5.488809841899983
6.0778022506999925
8.603162954696153
7.8764829238987
9.543475369203987
11.621529819999992
11.529572748999998
12.29835264999999
11.11167737399999
10.134488883999985
11.64542171000001
11.553078576999992
12.516271927999986
13.093170995999998
12.814745176999994
13.744052993999988
11.07603300899183
10.884195914999996
10.273279128013597
10.161161197999991
9.679193440136002
8.507449848898712
11.796085309000004
8.795283235202552
12.321661199999989
12.615114727999995
13.620553629999982
11.197546435999978
9.919384738141398
9.4849538667171
7.215554536271961
10.778587120000001
11.210874950999992
12.508220501999993
13.269124677999997
14.130207601999993
15.35751076000001
13.837099614
13.552417011999985
9.849600170931987
11.977872613999995
11.592823363999985
10.815261929000002
10.359233407717099
10.287504105010873
12.076101932999999
12.038471868999988
11.12887080199999
10.914841758999982
11.36920027599998
13.015233362999986
13.506122820999996
11.562738291999995
10.170592159999984
11.327752057999989
10.621897204999993
11.38420355499999
11.724169343999993
13.917412787999996
11.669212887999997
13.140736090000003
13.685736454999995
13.24987845299999
