1.55
1.6795
6.0461
5.2477
3.2602
2.5986
3.8492
5.8777
6.9665
6.8178
5.446
5.4168
2.8422
1.3168
1.0226
1.8311
4.1016
7.0981
11.332
5.6928
4.5878
6.345
7.2109
2.2959
8.1339
7.8686
2.9994
1.436
3.5103
4.2381
4.6749
6.0974
5.6203
5.1687
3.5133
3.6509
1.2914
3.93
4.2536
3.3796
1.5247
1.6639
2.2364
2.4749
3.2392
4.9593
7.3276
7.9831
5.8128
3.9158
2.5359
2.1102
4.3667
7.2161
6.0234
5.6967
6.8631
7.0442
6.2184
0.90178
0.61878
2.0115
2.3757
6.7983
3.9029
2.6522
5.0807
2.192
3.1938
3.2256
2.5659
4.0553
5.4368
8.4605
7.8448
7.3056
8.8806
5.6804
7.461
10.236
4.002
4.4366
7.4902
10.143
9.6313
10.883
1.887
4.9943
1.1789
9.981
9.7831
5.925
4.2078
8.3186
13.559
8.6813
8.1714
10.86
11.015
10.196
8.7256
6.7087
8.1226
9.4671
7.8835
4.1963
4.8876
5.8451
9.5781
10.737
10.107
8.9962
6.145
1.3284
2.0095
2.543
6.1523
9.3215
7.5351
9.1754
6.1311
7.907
8.9113
10.628
10.549
11.148
7.8125
13.294
11.029
13.222
11.208
12.49
11.121
11.796
9.41
9.4797
9.8796
11.725
8.9168
9.0117
8.5764
7.7065
12.224
13.906
12.665
14.439
14.673
11.452
12.143
14.799
13.73
14.145
12.497
11.27
14.9
13.897
14.696
13.11
10.687
12.751
10.476
12.256
13.839
7.4015
13.896
13.285
12.896
7.7935
8.7936
8.1392
9.1213
7.7871
12.19
11.203
7.4061
5.421
8.2174
12.568
8.2262
8.3824
10.718
13.723
15.949
13.246
10.115
11.769
11.964
14.459
13.096
15.385
14.885
15.219
13.733
13.531
11.538
14.248
12.238
13.957
13.491
10.823
6.0727
4.0988
13.368
12.768
13.92
11.699
13.275
15.49
11.948
15.17
13.949
10.901
6.8867
6.1902
11.259
12.403
12.227
10.829
9.0227
10.021
11.427
6.5761
2.7507
4.5248
10.034
7.4276
6.7748
10.68
5.9296
6.463
7.3958
3.2152
5.2121
13.547
9.5591
6.8289
3.6265
11.335
7.5572
6.1555
11.979
12.795
12.461
12.212
11.086
12.098
11.271
3.6845
1.6677
4.8821
8.6946
8.829
11.448
6.9825
3.7051
1.8308
3.1743
4.6004
4.3141
3.9711
3.6477
6.7591
2.4457
5.4982
9.5415
8.2227
5.4521
2.9154
1.4215
3.2217
4.1898
1.8968
0.93681
0.67615
2.0384
3.1514
6.0298
1.9213
2.5496
3.4883
1.4394
1.8521
2.5724
3.0975
1.9016
3.1322
2.9243
2.2488
3.4174
3.0854
3.7079
7.0863
7.426
2.1347
3.7209
4.3026
6.5715
7.9719
5.8289
3.1015
2.7658
1.9614
3.011
6.0322
5.7056
3.1755
1.0714
4.377
9.22
9.1103
8.4242
10.336
8.0414
9.992
11.467
13.267
10.209
10.961
6.0094
4.4219
6.6488
7.233
10.176
1.8211
0.55906
0.74309
3.4165
5.4933
7.9608
8.1922
12.377
11.38
12.716
8.3462
9.1664
8.7491
7.8114
8.4394
6.6102
7.7352
6.9325
7.7579
4.0547
4.1211
5.4792
9.6441
9.8574
11.074
4.7073
7.671
7.6246
7.5375
7.5385
11.797
9.9424
3.1196
2.3018
4.2287
5.8721
6.6496
12.016
12.853
14.449
6.6504
13.315
13.368
8.6883
13.196
13.202
7.7467
8.6021
5.8294
8.5594
7.2265
12.88
12.184
12.344
13.652
13.198
12.64
12.18
12.976
11.722
10.972
10.655
13.613
12.681
11.526
12.843
12.685
14.299
13.02
10.668
13.28
13.0
10.795
11.856
13.612
11.859
13.499
12.719
13.588
15.63
16.965
12.004
13.316
15.713
14.976
13.126
14.303
11.036
13.337
2.62
7.9645
10.887
13.822
10.886
10.696
10.64
10.137
13.043
12.147
14.98
14.04
14.869
13.515
12.331
13.889
15.587
16.256
15.723
16.337
11.807
15.449
10.57
10.964
11.49
8.6492
8.8065
8.5912
7.5289
5.4098
6.6087
5.9234
5.4605
5.6736
8.0413
3.6409
4.5099
3.3443
9.48
6.3643
7.186
5.9321
7.1652
6.853
8.9218
9.5261
10.701
11.786
10.276
8.7198
8.6765
8.9655
8.579
6.6058
5.8939
10.387
6.588
3.2325
2.5622
1.899
2.4334
4.2054
1.7222
2.842
3.0011
4.4341
3.8616
3.8764
7.4091
2.704
1.6813
1.2472
12.085
8.7219
7.8248
9.5227
7.7604
6.4691
6.0956
9.0079
7.131
7.2763
6.1498
5.3118
3.6944
3.2265
4.6813
6.1755
5.1559
5.9488
4.0588
3.7639
1.8938
2.4045
3.4498
4.0404
4.8562
5.5634
8.2594
8.9278
5.9825
4.698
9.7462
8.066
8.8414
6.0175
5.9428
6.9873
3.6953
1.8135
2.1444
7.905
8.0607
8.5865
6.4284
4.6659
6.1791
4.7394
7.6162
3.7414
4.4585
2.7913
4.5299
8.459
4.4764
1.5687
0.64133
5.6709
9.6872
7.0529
6.3432
2.7845
3.8329
4.6622
3.7726
5.5578
7.1218
2.657
2.9615
4.643
3.676
1.0036
1.9944
3.6078
5.5217
9.1944
9.8146
7.1503
4.1442
7.8182
4.1773
7.3566
11.849
9.6712
11.689
8.4282
5.429
7.2507
8.608
13.302
12.115
10.642
12.489
10.638
12.479
9.7184
12.522
12.982
12.769
7.2099
5.1571
10.629
14.862
12.459
14.091
10.641
10.46
12.463
11.214
11.938
10.953
15.405
10.507
11.995
10.216
5.2079
11.949
14.127
13.284
9.5654
6.568
12.323
3.9443
2.7743
7.8497
9.4822
3.8823
7.844
6.7303
10.9
10.159
14.13
14.43
12.144
11.349
10.09
12.066
11.47
10.888
13.006
10.919
11.206
15.25
14.682
6.7162
11.481
8.9269
10.873
12.666
11.335
11.326
12.139
11.795
11.686
8.4656
11.924
9.5351
8.5405
15.004
14.574
14.306
14.968
13.727
11.991
9.8786
8.9208
14.213
13.662
14.785
13.156
13.261
11.311
14.576
12.945
10.97
9.9333
10.969
13.02
11.312
10.799
13.066
10.369
6.8856
13.3
11.585
13.578
15.227
15.635
12.828
13.753
12.943
8.798
12.148
12.662
12.041
11.716
9.7211
15.873
12.713
14.694
8.9471
3.7352
7.4808
6.9797
9.9442
10.208
13.173
10.938
12.681
13.387
10.466
8.5626
12.685
13.458
11.89
11.649
6.6349
10.974
8.5673
12.125
10.802
11.754
8.6096
8.9388
6.5789
4.4277
3.2331
3.1469
3.9251
3.9598
9.4765
8.0234
4.0531
5.3883
4.2478
5.4706
2.5192
4.7011
4.7701
2.5114
1.0301
1.5835
3.6755
5.6099
6.7422
9.0691
10.44
5.1938
3.036
1.3354
1.1364
1.2076
1.8014
3.0975
5.9333
4.72
4.6769
2.0751
1.2836
2.6367
2.9116
2.6721
1.7265
2.8521
3.1212
3.4263
7.5987
7.5961
5.6901
8.3636
8.1653
1.3088
1.1378
3.2023
2.0468
1.9895
2.3909
2.8806
1.5656
2.3503
2.0566
4.0211
4.9078
5.3575
5.6181
5.7622
3.7616
5.6978
3.9097
3.4834
5.1473
6.4489
1.8537
3.9511
3.818
3.3773
2.7786
5.9801
6.9635
12.526
10.97
11.685
2.8363
5.6349
12.331
10.906
6.7949
4.3674
5.4316
6.2076
5.1847
3.325
7.6401
6.6058
4.83
5.3633
8.0211
10.645
10.825
12.998
4.6992
3.4002
3.8128
10.869
11.581
9.2561
11.915
12.839
4.1414
6.5017
1.9637
4.2611
6.4626
4.0179
3.3551
7.4057
8.095
11.348
11.938
14.441
11.305
11.305
15.893
12.11
12.333
12.372
12.978
8.7575
9.5667
7.5993
10.658
9.2141
13.585
13.068
10.179
10.9
10.175
11.189
11.555
10.56
9.3633
10.536
9.1902
10.602
10.457
14.641
9.6643
10.246
14.269
12.024
12.665
15.448
11.725
8.4763
13.123
9.7124
8.3133
11.061
16.013
13.339
13.855
11.626
11.573
15.432
14.033
15.82
9.8662
11.747
9.1473
10.549
15.764
14.758
13.424
13.987
14.936
14.194
15.787
15.394
13.744
15.325
12.763
15.504
11.733
17.891
16.124
12.141
13.916
12.696
12.742
10.432
11.483
9.451
10.498
11.555
11.852
11.153
10.922
11.925
14.292
14.901
13.33
12.617
14.212
12.363
12.425
11.358
12.425
10.185
15.082
13.435
11.277
10.148
12.69
14.116
8.7804
7.6792
4.8929
8.5309
10.108
6.7058
5.9921
6.3071
9.4655
10.238
7.9505
7.0339
11.817
11.196
10.105
5.6574
4.2027
4.4854
2.5161
4.3699
1.6054
5.9882
6.7438
6.6612
7.6412
1.5421
1.8706
2.1463
3.5015
4.0562