98957.93562125921
98998.67386499833
99153.64971647656
99294.11873521568
99346.1591189548
99719.09367291127
99595.08819795481
99174.10646199831
99273.31882347655
99067.0061365201
98909.82086299833
98908.57860025918
99012.03674973744
98870.62356447657
99118.88272599832
99095.00510247657
99344.78750721569
99565.18953717215
99535.31258043305
99448.27326821568
99337.00919521568
99191.01796773744
98955.30783273745
98799.53722173744
98893.95208673744
99030.51749573744
98993.2763792592
99133.23592321567
99236.16968221567
99534.89030817217
99688.95627117215
99356.57272947657
99406.03063821569
99086.72329021568
98851.03611173744
98962.83164647655
98982.62508747657
99027.67199147656
99037.91789047656
99304.44622321567
99399.87718521568
99387.77859469393
99353.9404592157
99417.22476747657
99258.80531273744
99011.92306199831
98887.58861073745
98925.6031472592
98811.31728799832
99002.34060573745
99022.10539047657
99046.91857321569
99084.04966921569
99523.1273236504
99339.58462295482
99505.56468521568
99321.21468369392
99122.72714199832
99167.53554947657
99028.82342873744
99007.11180799833
98988.79803399833
98999.65872873744
99255.18080995479
99154.09101147656
99409.84874169393
99379.3020979548
99430.86186721567
99175.95458999833
98967.14022252007
98992.06780473742
98851.08971973744
98936.19539947655
99035.57280021568
98920.13743399832
99098.88927247656
99281.93248121568
99607.5008739548
99528.4616459548
99449.40656169392
99230.99368099832
98963.85298973744
99036.44350799831
98913.36552847656
98991.69994347656
99027.63460799833
99120.43458699832
99120.56912547657
99199.02467921567
99427.1553779548
99732.06818547654
99273.76342373744
99425.94271447658
99272.08787399832
98943.77264773745
98987.68274852008
99028.17666199832
99157.09865747656
99039.06740747656
99150.35451273744
99309.48836143305
99546.49765069393
99194.53747821569
99373.02216869393
99246.30206047656
98998.38053599832
98945.1515442592
98944.8980729983
98968.2128989983
98967.40293973744
99022.94539099831
99160.45132947656
99490.67203017217
99547.53994543303
99736.30221017216
99291.85865099831
99200.4417825201
98953.71411999833
99033.91461299833
98886.00267373744
98958.01415199832
99046.89740699832
99072.17741199833
99151.57309773745
99558.43738543305
99425.8791139548
99577.75282321568
99346.47874821568
99244.38419521568
99150.69260225921
98882.99378899833
98866.80385199831
98943.94539947655
99078.13488599833
99094.61185373744
99084.83514773744
99332.10264769392
99608.16418817217
99711.92984217216
99440.48935721569
99372.16126121568
99053.88333399832
99013.33968225919
98954.86679399833
98935.42386499832
99093.08107573744
98998.92023599833
99164.11256547656
99293.17881495481
99473.05709243304
99565.78951069394
99579.48357769393
99239.12535599833
99155.29467373744
99000.94374873744
98817.13151347658
98939.33733573744
99025.43131799833
99082.02296221568
99065.48063121567
99070.2408429548
99288.7358569548
99765.87257738953
99571.10514269392
99289.8889789548
99107.12579921569
98986.72648447656
98883.74095473744
99128.93932499833
99078.9439509983
99169.26638673744
99155.42466921569
99262.46592869391
99488.08507443304
99577.89959743303
99549.3230149548
99307.23548847657
99144.24536999833
98974.54871673745
98894.19125373744
98970.92256199832
99082.85814173745
99153.73716921567
99235.76474347657
99290.7781889548
99458.4624199548
99570.43515917216
99417.53319547656
99266.16093825921
99027.69610273743
98993.22990999832
98921.58251573745
98991.54994499832
99113.18611021568
99060.09646947657
99169.0346812157
99445.05062069392
99432.09850095479
99308.9227199548
99302.9952209548
99282.80507199831
99016.76266625921
98932.00876873745
99008.31257799832
98916.03237173743
99008.87508747655
99063.61559473744
99184.55568947656
99396.46052847656
99666.85148591128
99680.28160743305
99316.89275599831
99306.28389873744
99056.45695347656
98914.53506899832
98921.47812673745
98891.64928999831
99110.26594373744
99107.67035647656
99255.36586347656
99469.43387669392
99202.7208689548
99461.08310721566
99577.99788195478
99082.10272099831
98923.3112582592
98942.1456442592
98931.19424473743
98949.81274399832
99104.22947547656
99115.97388973743
99162.81421321566
99564.38576417216
99623.83685669392
99464.22093521568
99322.47420421569
99293.28741695482
99181.50083647655
98951.92634047657
98959.90936573743
98973.18172373743
99037.64091473745
98968.21257647657
99396.22591273744
99465.60637921568
99429.42733869392
99642.30153569393
99516.9427229548
99091.2162042592
99151.04850499831
99021.88232873745
98919.03375773743
98884.5857762592
99069.80453473744
99025.81305947657
99220.69786547657
99393.51263869391
99386.28513269393
99587.60040591127
99320.15727199834
99238.80272647656
99105.95554952009
98895.03244647656
98967.96946599832
99109.36806899833
99031.94297073745
99131.49857273743
99214.66897047656
99347.46983469391
99637.70990843304
99442.80920669393
99423.27550999832
99189.05739799832
99072.84537152009
98917.29392473745
98956.80632647655
98993.0328052592
99059.16960747656
99072.16039999832
99124.25168521567
99240.14989095481
99585.25155669391
99557.79325069393
99322.7512242592
99244.12474799831
98979.00741052008
99018.34462252008
99022.58462999831
99014.54712747654
99097.06086947654
99118.75685673743
99306.50670021569
99378.59458647655
99366.93375521568
99565.90954421568
99614.32515921567
99335.91552699832
99066.9104662592
98954.66366899831
98963.42539647655
98932.2531072592
99112.28742399832
99062.97122873743
99128.44069047656
99607.43012765038
99574.8088309548
99455.6536609548
99503.32787199832
99236.45693552008
99003.72082299832
99000.40006799833
98934.88399999832
98870.50961747656
99086.76965573744
99105.59602647656
99291.5733469548
99223.5238399548
99353.35805147658
99660.97711443303
99314.81727147655
99377.7538119548
99097.41856473744
98887.19499373743
98839.6304622592
98969.01203773744
98987.32952373743
99027.82578273743
99177.00670021567
99643.68805143303
99440.81444547656
99477.92904721569
99323.47160947656
99289.38192299832
98980.07493399832
98954.8275949983
98950.08442773744
98941.09917499832
99002.91805547656
99095.34733773745
99231.01340321566
99475.73210043303
99455.29576221567
99488.24030969392
99410.40288695479
99218.75576825919
98988.19950025922
98905.84586047656
98871.59429999832
98903.85231547656
99038.17589747657
99083.68395847657
99096.39098947657
99441.8642006939
99553.3288966504
99388.69913199832
99187.36175399831
99287.07990447657
99122.56850799832
98905.57819452007
98893.3891882592
99053.0357059983
98951.42438273744
99026.67569399832
99242.37518999832
99274.50498321568
99555.74334743303
99462.55843369392
99291.49373521568
99274.09075521567
98928.44913199832
98712.29791252008
98887.54018373744
98934.06907973744
98902.50573947656
99019.98904273743
99240.24735573745
99411.32867643304
99468.30618947656
99518.27893817217
99425.36158921568
99058.31889678095
99068.8002882592
98895.9126552592
98745.81556999832
98829.25837147656
99001.42287647656
98997.79879147655
99149.86670373744
99424.62013069392
99384.0944589548
99348.06101047657
99360.16453969393
99285.96848852008
98926.79240152008
98896.0667162592
98947.94367399834
98956.99030825919
98994.62204973745
99189.22412947656
99160.88755547655
99339.73677195479
99458.4567959548
99541.98772443304
99461.31123069393
99243.23879352008
98979.55014825921
98884.0612872592
98861.17972873745
99048.24115699831
98996.64289199833
99118.73756547655
99270.12626173743
99367.78344469392
99397.05124921568
99595.57819595479
99502.30695643304
99265.18792247656
99140.09501173745
98914.57353247657
98896.22944747657
99102.24689321569
99055.23516573742
99091.57110273742
99245.55201473745
99337.9299239548
99469.71054543304
99677.27914043303
99450.92444899831
99112.33030878095
99082.49982978097
98953.90854599832
98998.13572547656
99197.04999073743
99071.24290299832
99131.15920073743
99234.74278373744
99373.69375721567
99516.49672721568
99504.98421469392
99243.41795673745
99094.07086299833
99122.00099299832
98942.97882999832
99031.30166199832
98944.2326612592
99068.75375373744
99296.47592121566
99217.93958147654
99570.33888069392
99726.62342869391
99474.05684421568
99362.61585499832
99441.04366847656
99054.81802752009
99003.69397999832
98928.64892173743
99062.34990347656
99025.20540147656
99120.75295073746
99236.01147547657
99296.48827721569
99466.17969269391
99674.6502259548
99284.48692847656
99294.57855573745
99019.29040652007
98900.32281973743
98911.84103947655
99014.13049973744
99029.60733973744
99073.69476247656
99281.68677599833
99423.16294173745
99688.25749517216
99554.76028369393
99596.39048521568
99122.5543892592
99007.07954425919
98942.34343173745
99140.32039947656
99193.26586899832
99165.20695347658
99224.67725447656
99226.12232673743
99365.52343421568
99506.73936669392
99580.32318943304
99619.61437773742
99218.5960542592
99128.88547725922
98960.87522704185
99039.89313273743
