10.126150551999995
10.757317095999994
11.527257462
12.003112342999993
14.230334204000005
12.448115613999994
12.581073150999993
10.472803821999994
12.470180869999997
12.213844536999996
13.793133372000009
13.912418311999984
10.933549663999973
9.94699763185854
9.579555267212143
9.777830432070715
10.083279342999992
10.785522835999993
10.78513339099999
12.109364694353586
12.072018869347193
11.291479564999992
11.953829044999985
14.086767392999995
12.074961283999999
12.13101624099999
13.393455881999989
12.962609520999985
11.71211050299998
14.857137897999994
14.942201033000009
15.47385374499999
14.357817574999991
13.426047384999995
10.698922387999993
10.175976594999995
12.729910175999999
10.617569334000004
11.650434491999992
13.716739721999996
11.302082505999998
10.804639382999994
10.960345388999999
10.472936724999993
11.288644280999986
11.862686062999993
13.200009476999996
13.458700124999998
13.500093292
11.206647530010867
4.975877578696134
5.931052392594854
10.396853685
12.313358919999994
11.851523235000004
9.049122706583985
8.983470794696144
11.194263680999986
12.914439652999997
12.259828669999989
12.195217855999992
11.678018175999997
12.435911336000002
11.462099477
11.127236788999989
13.664750957000006
12.185008104999994
13.609810735999993
12.428902485999995
13.994748499999988
12.697429589999995
13.122352042999996
11.152424162000006
11.980624953999996
11.909086653000005
10.908064400999992
7.4226629668987
11.067293267999982
9.643660926863983
9.82706076672799
9.662864215101276
10.785828850999998
11.499188956999992
11.948794904999994
11.109599692999993
10.537199129999994
11.697167200999992
10.327034000999994
11.730023328999986
13.013701438999997
10.00709809414143
9.315734364303829
10.980192168999993
10.86212522299999
10.98907466299999
12.475761478999997
12.994578840999992
11.300680477999984
11.513326459999991
10.201028761212143
10.008244303929265
9.96784792185855
7.807513061493573
10.598226163999986
6.526164561506368
9.483146034141416
5.283785275303808
7.765554176303818
11.672230536999992
9.337154943858543
7.673070896899991
8.494074505594872
7.420254704303825
8.939466215493589
10.472689047
10.652957082999995
9.186708248931987
8.79685275269615
10.501066512999994
10.057442535282867
9.218320451405116
7.783855471797416
9.178397170999984
7.44115582430381
8.423119729594857
6.084523420696133
5.939923805202533
7.216840428202542
3.815090103099966
8.482677389493583
11.061524291999985
11.363843564999984
10.436888305795986
8.636359501727974
8.975651489203981
7.963642423999975
9.197734495659978
5.555713987696137
2.387575105299998
2.300912490799978
4.643392869599974
4.1151861480999665
4.882949470493571
5.590780296303819
2.0244639464999734
3.3692904906999646
2.7647117660999685
5.022759957899973
6.791286663797427
5.7450350448999945
5.786158843999992
6.3849313522025355
5.409900317399972
6.901395471202539
7.273896255506366
5.134958148202532
2.866174763499969
3.030169236799975
3.682456152299971
3.5018849364935614
5.794112345898677
5.98338907930381
6.489439106797399
6.50712810820252
3.7541372085948415
7.8102105605948475
5.830824394202537
2.8892390502999707
6.176179084799978
7.200123675493576
7.191896391303811
5.550870193506378
3.5771991973999717
2.899259374999974
3.9619789092999746
5.15613516689869
2.5544735808999746
2.031218907199973
1.4338894933787536
4.4718115203999655
4.381272236599966
6.713170214797418
4.307631704699977
2.391437371799968
3.42162937469997
7.1992387038987
4.435094363399969
6.224106405594847
5.012824282799977
3.1608111266999717
3.062270507799973
5.4638996963999755
5.431194612099978
4.506657926899979
3.2976082335999655
2.5967669799999666
5.799783549499972
5.917787664797415
5.380250488303807
6.805224580405091
7.296355299405089
10.37929628128286
7.181480923499993
4.319650785799976
6.35337124789998
6.442416325405086
5.9804311248986926
6.0183305037974035
7.67198735659485
4.664578292797412
8.72352305599997
8.553060557594858
6.524516502405089
8.848217890931974
7.944320388797411
6.463877058405095
4.292743286099964
5.678179655499975
7.706725175506373
3.7011904357999716
3.4557064422999875
3.7087421752999905
3.092753987099992
3.177543420399968
3.6422282042999647
4.0361065582025235
7.215950805699988
6.301421563699978
8.79468734428285
8.904422740202545
3.1529965285999673
2.371484078999967
3.658370707699967
3.220060632299966
3.1944024260999604
4.51545701599997
4.8039657195948395
3.589679750099965
2.768490791299965
1.9245877044999722
2.0419915938999695
2.378585476699962
5.957089674405091
7.228040179405098
3.281013351399973
4.088710908499967
6.36635782010125
6.089112286399983
8.016859747303817
7.1227168654935715
5.67780183259485
3.7552081604050804
7.7812118545948605
8.068722509797416
6.852570335405096
9.172669876067983
9.126929611135985
10.089162712070706
8.031998567202539
7.5462132874051
6.590795074506375
5.491858128405087
4.505449308799978
3.328223915099974
4.997114297499979
6.456942329399983
6.959960096696129
8.254355354203978
7.542372824101262
8.805884988271977
7.524025492898689
7.677577316203963
6.208363371303799
3.435146279898677
3.124125289898673
3.3943961212025155
4.701738758898686
3.5378956771999595
4.003376977493558
5.176590628101239
3.8056359359999563
9.73290221403328
8.178292385898711
7.5982876221012585
8.812683038303836
9.836170342999992
8.16279967189871
9.955223893795974
11.418283439999982
9.834517828282856
12.375820775999987
11.829100899999991
11.983615539999992
9.291181495795987
8.179212945594852
10.066761974997279
9.020210264727986
5.592320655799977
7.913530549594868
7.7457507277974305
8.013738928202555
7.478570489493584
8.408580128506378
8.429832275271966
3.1682211624050685
8.73002008820254
11.139351726999985
9.795508747929258
10.810850675999985
7.039949789405094
3.127887136799967
3.695120130899968
4.185099928303793
8.335971594196137
8.927048620727977
6.682102049303795
6.733040122999956
7.859703259203966
9.124607917863978
10.618952295999987
10.688600173999967
11.076352074999987
10.720557834999989
12.66420554399999
8.59408341668797
11.51851954699998
8.051969326863972
8.114574940339962
6.136579846196123
7.440670664999966
7.033519033797415
9.348158009203985
9.946671998717099
11.42024772899999
11.728087021999993
10.620945318999986
10.233273211999997
9.909315106141431
11.428409470999993
10.399757447999987
11.866415185999996
12.398701558999996
12.666997226999989
11.718491543999988
11.614733710006384
10.67885467699998
9.66911621399997
14.781438994
11.818385241999989
11.783035430999998
11.949536856
12.269525209000001
12.62625778799999
11.032460803353585
10.750673574999983
13.154317853999993
12.361703127999993
10.087961134212144
11.272872957999997
10.766588468652795
11.218302222000002
11.212351085999993
12.866660712999996
12.592774032999992
10.525961078999996
11.208345777999996
10.187923394999991
10.940715000999996
10.48664080699999
10.254826822989115
10.738071908999991
6.745236367797414
8.468907383795973
9.841053018135982
9.904752053863985
11.525139483999983
12.736189151000003
12.720686611486393
11.331154398993597
10.844405747999993
10.598136490002712
12.093973142999996
13.225912448000003
12.440615714999995
11.722832789999998
11.632436554
10.052091284135996
13.084623142999993
13.439215999999993
12.198250304999986
12.119031351999991
12.365370975999998
12.369989567999996
11.424792259
11.927589945999994
11.971257537999985
12.51441866899999
12.592199005
11.358220175
8.959659799202555
7.42137225339999
9.502548661863988
10.124784899929269
11.549079880999992
12.054977768999997
12.224682393999991
11.927165253999998
12.06896737400001
12.805286169
10.091581086795987
9.842497395203992
10.232412046858547
10.384283594005433
10.753072216999998
9.586685229339984
10.069882766787831
11.365660073999997
11.694522240999998
11.756178101000005
9.113037255931987
10.991670191999994
10.425769530999997
9.61947330320256
10.814870696999998
10.542320145994564
11.268398853999999
11.85741413
11.580490920999997
11.328180002999995
11.818470714999993
11.499398064000005
11.374439258999994
11.036868132
8.414651087999982
10.558334627999994
10.83669236899999
11.782366617999989
10.978923475999991
11.749977916999995
12.727505514999992
11.490433444000002
7.707898782299998
8.483555421405116
10.200700925008162
9.437367295858541
9.423491390999995
9.819071632415994
10.649538949999984
8.53597839199999
10.22686750186399
9.786261457863995
8.05445468599999
8.018572294599993
9.88529529713599
10.509504229999987
10.908408143652798
9.920231095931994
9.502860670506395
8.430691628999998
8.714018870499997
8.741268458594863
10.102526583931985
8.745455192594864
10.198936788929267
8.124784492506391
10.676266253999994
9.919901606797438
8.645535340898713
10.2410897780707
11.6498498703472
11.404939913646386
8.02591822969614
5.214971052594842
10.625096747999986
12.114383080993587
11.505797268999984
9.631300347929264
8.991423603797434
4.435835006699978
6.4684193024050956
8.91939656379598
4.566473071297405
6.064871104399979
4.984903483599983
7.217906692493579
6.599357635506367
4.826758724999967
3.608357368499968
4.78096239319998
4.585951831099978
2.5403883010999686
4.884584442101249
5.805591397101257
7.826906632999973
9.180474952787819
9.360092236203982
6.964280206299987
6.936841308594864
8.54261447127198
8.426053813202536
9.206572328135987
5.238419312999974
4.035628189099969
5.457433605999976
6.737281336999982
6.369323174999972
6.043689974999973
4.274813850405086
6.055410198999978
3.452735664399977
3.6063499297999697
4.282059735099977
3.449632574499975
3.9874315597999805
3.7721897124999786
3.4116274581999737
4.419400016797408
6.362050329594854
7.922844926506383
6.212892362999987
2.8633124206999727
5.198856263696131
2.9831342940999783
2.401508634899976
2.0391237273999767
2.505360861199972
2.3060729735999805
2.4951049666999867
1.6642506957999819
2.3149287597999706
3.1847094925063617
6.880480870101257
6.159263175999982
5.491422756999977
4.38948103030381
5.977742726101256
9.48213990179598
8.907166329999976
9.501283023067987
6.5958526198986975
7.885811709594866
7.671035794101263
7.998757990999987
7.919662602202543
8.05321403050638
2.2923641067999774
4.166532582099969
4.688144546499978
3.2519341353999747
1.8538633712999806
1.3831243072999768
3.7092897262999664
5.169900913999974
9.27573575293198
8.671683109999977
9.170040098727982
3.600526916499966
4.276412150594835
10.016700807141428
6.331359336899987
7.564325764506382
7.0422062103038225
1.2792522979999914
3.894724876399981
3.136298937999975
2.9809776000999797
2.619013873299979
3.0647552794999715
3.3292766784999785
5.076439611799968
3.6196270766999747
2.1723355056999702
3.095493621799966
1.4463691405999781
1.9655232055999814
1.8964459334999726
1.9656309600999726
5.594330425999966
6.1836298568986985
3.543700328099966
6.446754820303806
7.260489796405099
7.0055362716961325
8.576503221101262
5.746953388999966
7.742276493797421
8.02719355769614
8.442578388999975
3.461362904405078
5.831652606202532
3.91409768219998
4.069054943799992
2.7201522689999944
6.9025193741012565
5.802967692594847
8.420177993863968
6.282363792405084
7.779116676203967
6.86586643679741
7.580225419594853
8.60359020086398
6.623411914099984
4.583509718299975
6.520440640303808
7.93593401327197
5.173259025599969
2.789453088399966
4.204330999799972
4.888881567399988
4.885810133399973
5.962588677999985
6.459538340797413
5.307168569898678
8.66180526720397
7.265587144506375
8.000553872696136
9.406246754339987
7.331690951493575
4.0346535355063615
5.16352960210125
4.343445477299983
3.0678600524999915
3.3990198241999896
4.916454472399988
4.613393609599992
3.6316531157999874
4.929357968099985
6.680306710799981
7.85663917693197
6.716358663898684
8.04861402120397
7.815595043931963
6.998279780594845
4.444195231594837
3.8530698334050775
3.571122653199961
2.045495686299965
1.5807783290928912
2.5158881972999607
1.7323639480999649
3.8051415389999588
9.666575834795989
11.423978222999988
3.440166104099996
2.0354909865999735
6.411323202493566
9.606733409067985
10.323236114646388
6.615252485696124
7.646028579699994
9.285592559863982
5.27758081209998
6.071498577898692
7.739584489398709
8.572038809202542
5.360272671493576
2.702865605199974
6.16276274569998
8.012737448067973
2.8031237365999586
5.120150299101241
9.705758975135984
9.471793635727982
11.32072663299999
9.71477477713599
11.135312633999991
5.522344657898692
3.0431592833999717
6.265324868803815
7.23528990629999
5.470778756702518
4.494538456699969
4.107656770299968
4.164533544898684
9.10008605040511
9.381886569135986
10.735844666999999
11.287117442000001
10.889446227999988
9.396685261493593
10.199923932989114
11.203933664999996
10.572191483999989
11.476366276999993
6.655015469405089
4.362183012399976
8.367816972271978
6.928922965999982
6.921830540506378
3.9092279830999717
5.805592178303812
6.914656468202528
5.397832656905082
6.503914948999954
8.42645353999358
9.339974064594866
10.756344882159988
11.37958201799999
9.073035072311987
9.762856651378549
10.051182044833586
5.135670271303807
9.186557521103998
12.408901092999997
11.82155782299999
11.007535908999987
12.273367908999997
10.99890268599999
11.523141805999993
11.460540898000003
11.094981024000004
9.55814346007069
12.092784451000002
11.262897985999992
11.901105700999986
13.300482762000003
10.245058994999997
10.064492687999993
10.462483199000003
11.379522784000006
11.839189486999995
11.300525132999987
11.435127448999987
10.982697335652794
9.86532183229744
10.121218927000005
10.339198604011838
9.10148112340511
10.769328435999993
10.145727958794227
10.333085492999993
9.432350993303839
9.30887291110128
10.221094220999989
11.619902236999996
11.134837446999992
10.464315476999984
11.476933697999991
9.394044497696159
9.349186413594875
10.652788477010878
10.403186058000003
9.917684876999997
9.751857203787825
9.577073187303833
11.706458835000007
12.647750835000005
13.281767644999997
13.980988197
13.713332349999991
12.421569448999993
10.032668666070709
12.26352444599999
10.211965466519993
12.245350779999999
11.246121316833602
10.719795755513596
12.249062361513595
11.834308501999994
10.672956154999989
10.146990777727996
9.436290832659989
12.13398781699999
10.65474900099999
7.881155523696146
8.425767018101263
6.864177438399986
9.459603874135984
8.997579612696144
11.783431846999996
5.652632409696129
7.736841734303809
9.424106590203978
10.670750339999987
11.243375158999989
12.652086803000008
12.99083589
12.234560538999993
12.398258860999992
13.05016099699999
11.253549993999995
12.204419597000008
10.12698682999728
12.512480446999996
12.804081119999992
11.291172951999988
10.376316152999989
9.17035173799999
9.742493052795997
8.862613883999988
9.756171507203987
10.822637037999987
8.780721876493589
9.049343324303834
10.323110433999997
9.462205323797438
9.726866784795993
10.03820845493199
10.647286825999986
11.935667603999995
10.35331792799999
10.55939854001455
10.219390109212146
8.819260191297431
9.256962097202555
9.245083389297434
9.713303968863991
10.641028155999999
10.914549491999997
9.717837443659995
8.172628735399993
10.099656263795998
10.730432994000001
8.720038163797428
11.799132897652791
12.018303600999984
8.808889442405107
10.712690645999993
11.114616866999995
11.34217355
11.323007551999998
10.855341945999998
11.215481241999992
9.637885607765579
10.500444637013597
9.819796420203986
9.73396536099999
9.41804784865999
8.342568304405106
8.32367620850638
5.304345861797413
4.716770431499977
7.10601237030382
8.247434092795977
9.131473928858528
9.535324203339977
11.353947100999994
10.906978804
11.683983331347186
12.063739169513589
5.564181910702534
6.83306886600637
6.480783254999969
5.674547592202534
5.4458526825063664
6.618125234999978
7.916189292898692
11.49805306399999
11.007836593999993
10.607920740999987
10.587196494006392
9.717368821795988
11.350833283999991
9.687383027717102
8.585840878203978
5.557468534898694
2.6647944915999715
6.6643947632025355
5.975574142506375
7.992368867506376
9.944709088070706
8.314783518999988
7.089023062099988
8.564548731999993
8.504545446797422
8.097432353202548
5.671492668199979
4.586874314899972
6.624688442999968
7.7030773589999795
9.304065998863988
8.658718832405098
2.9421351836999707
2.5880378722999695
2.4318583678999617
2.1002084807999744
2.857024769594835
3.4228309737999623
3.162652583299963
3.965667159999958
4.410291351299966
2.247826577799971
1.5640770690999712
2.8231869735999675
3.6186243041999626
5.3667388184050875
4.044894840999961
3.186044520599966
4.006772827099964
4.892980500797403
4.957985307303809
2.327638571199965
1.8437409133999723
3.747967092899969
3.3371448806999675
3.6697845565999656
2.499795465099969
1.704462414599974
1.5945757171999724
2.9891022658999646
6.337935093696136
2.3418175139999713
4.492142947399974
2.8575149764999788
3.721437193299986
2.3867793822999746
1.6208318252999725
3.47461171569996
7.54511677250638
5.929436602797416
7.659646681202538
4.91030678709999
4.44900610659999
4.53336797489868
4.164472495999957
3.5602091536961256
3.6971203613038037
3.1230297896999653
2.5051490249999633
3.985409402499968
2.1548622374999624
5.607226115405095
7.094236437999984
3.479025411999985
3.697851553303798
2.3169342086999674
5.2811894469999565
7.648242074594853
8.020043963594853
8.610744995067975
8.101986340203972
6.125302703898682
7.918316809101252
7.898296893303818
7.660453234898696
8.067743102999973
5.875842793303808
8.307782820101265
4.156715045202531
2.0801548751999595
3.7693110412999693
6.13751778869999
7.074472576898695
7.462106524696136
1.9074249694999634
4.897632217405084
5.073495629899979
3.4470190871999704
3.8865094558999678
3.1732797774999666
4.33407903439997
4.7266620955999725
2.1580509780999733
2.543406237799989
2.0691150969999823
2.040060461399966
4.377864788799975
4.861569099405084
3.646261048899967
4.592130027797411
4.140948629799971
4.870252600101247
4.129410296599972
3.617498487899968
3.6748824585063624
5.394494403101251
3.7063545944050706
4.053069688405079
3.794016273506364
3.5790455322025156
4.5019677947999694
6.715953224202527
4.232701171899971
1.265892376128264
3.9650371581999715
5.879824818399979
9.65372404179598
8.5358669724051
8.71752714827198
9.541031025795986
8.828512089659975
6.565756068405089
9.07319655906798
8.972107105999982
8.771173840203982
9.329356526135987
8.172496267696136
10.10250861372798
10.024579183999982
3.309667817699986
6.615919447303808
9.706530247353577
10.184137129141424
9.440858261070701
10.619756634999982
10.019007769999993
10.396630143999996
11.24942439999999
6.616876724202524
4.102998664898672
4.412853791797394
10.329839047135975
8.819885552999969
3.0700190505948344
5.390298670999959
5.8305330504935595
4.330670065303792
4.155143182405077
8.065959150795978
5.729623590101236
10.1949309327171
7.892018702795962
10.778126384999977
6.280748263493579
2.039614681999967
4.938274984696126
2.3826389252025133
4.772262191797401
9.625548223931984
7.341064024399992
6.957521810898701
8.06998406979743
10.311238798646386
6.816310024999983
8.182573821999998
7.245385220299988
8.053036650099992
9.64478615110128
9.143937930303828
8.309721374659969
10.128009559717093
10.420061358727988
4.8475454757974
5.46683494869612
4.323599505594835
7.843263630696133
12.085526241999986
9.56310398410399
10.601565549993593
9.127836910999992
8.706246000696156
13.053392907999994
12.55607641599999
11.862346607999985
11.144741915999985
11.778257396999992
9.532627293271982
5.665376899696125
7.004692576594846
6.180322260999955
8.962319679212124
13.47560005
12.747071546999974
11.085716234999982
13.243766952999986
12.615677425000001
9.959877796931996
10.923840474999988
12.236111266999995
10.394344015999991
9.616971260067984
5.8162288482999855
5.331308813499984
7.918368357797423
9.216534042415985
9.20211336979743
9.39558882899998
12.743926785000003
11.858032607999998
10.946312487999998
12.175278905999999
13.529773281999994
12.805428399999995
12.472509668999988
11.773010242999991
12.005386393999995
13.797911954999988
13.663415210999993
14.471552559
14.804969285999992
13.788211951999997
15.334284814000004
14.328256765999992
13.990063231000002
7.403201696797412
9.393183421203984
11.302159853999997
10.338390629717097
8.998721752931974
8.150192178303834
10.071399445010877
9.43898845986399
11.448771029999987
12.043290322999999
13.353069231000008
13.297690331
11.019246230999993
11.706544570999998
12.875217963999992
12.166234424999983
10.425674257999985
10.336169205999997
9.56986454931199
9.754976248141432
10.091821917787822
11.88741081699999
10.26837604499999
11.02688815799999
8.435670144696138
12.406637690999998
12.579255509999985
12.597297500999991
11.909681586999989
13.964996619999997
12.666254371999994
13.044143934999997
13.723134197999997
11.06943993799999
9.521267892353585
9.026179333506388
11.144415320999991
13.691727260999992
12.753642008999993
11.246871341999984
8.927275764506398
10.125996352010882
11.174511454999989
11.570463237000002
12.495766840999984
14.410808744999995
10.42727714499998
12.121546644999992
11.63087564999999
14.149274195999993
14.694234481999995
12.396886794999999
9.765772779863996
11.630053228999992
13.239462377999994
7.975457060202533
14.15814644299999
13.675823940999985
14.140189480999991
13.756468232999998
12.10127825499999
12.607344113
11.577595261999988
12.634694755999995
11.907086356999997
11.558642380999995
11.382390088999989
10.854062253999984
12.950892454999993
11.147615697
13.720418636999996
13.646606411999993
12.849056024000005
12.140587625
12.321932587999997
12.107643094999984
13.525692895999997
14.649267405999991
14.357327145000001
15.120536577999992
13.907834011999997
9.535020167493595
8.26624743959487
6.852523023999994
7.215157101399996
8.612692262303833
10.40592449635358
12.431879630999992
13.735034704999993
12.729837476999988
12.315661648999995
11.371251062000002
11.268796883999983
12.120483936999987
13.462619143999998
12.387561192000003
11.860528658999991
11.851160157999995
11.970922371999993
10.63642990899999
7.744439137303818
9.432549552931983
9.378212196271976
10.465509726999999
7.672882594299992
11.062793458999998
11.328520389999985
12.379850590999993
11.551728998999979
10.683334304999985
11.42550626199999
11.010692267999994
10.74380342599999
10.324286268999993
10.121781950282868
12.052834211999995
12.248933716999991
12.56790295299999
6.632453303493572
11.181587543999989
12.106651952999991
10.26724560699998
8.869265771506388
8.569531013506394
8.254811628696144
9.88016776585854
8.35508641510127
10.473906385999992
11.291919497999983
13.212034203999998
11.110717653999988
10.025763233929261
12.225685360999986
10.179369683999989
12.319514307999997
10.932521058999997
11.031219277999986
12.189298220999992
11.248892054999983
9.330873451135979
8.490708544898695
7.866759529101265
4.2000213515999745
5.381695143101246
6.9850982895063805
9.201953179895987
10.293895707999992
9.099573089727977
9.475993060311987
8.588632507203979
5.360054334999973
2.4249846389999674
2.344847170999967
6.3215796508986895
4.4686643401999735
4.415867944303804
3.866061244199973
4.556737950099977
6.250091899101255
8.470331397999976
8.127688272101263
10.578829229999979
10.514242765999985
5.449715817303813
2.971897425799976
5.0196330535999785
5.8722326705948555
7.324596086101254
10.27858728928286
7.262363067594862
2.1612930709999723
4.390186738594837
5.526676798999965
5.8589163588986874
8.228256701696143
7.516774342303816
8.346099644506376
9.715414643929252
5.856907401999966
3.8165548415948436
4.519543588299968
6.2479688949999845
2.6473617446999804
3.095812657199976
5.3398234543038035
5.656867495696131
1.6563165832999733
2.8692677352999727
1.2564918883211833
0.922592475313595
4.000956834399965
2.7812524306999786
4.053501867699968
7.531915714999981
7.853474401898708
5.8605276275948555
5.525657733199975
8.341129313696142
8.3201311538987
3.896486273199979
4.373336732499972
3.878005012499964
5.820099674999977
5.833738818405082
6.985888867202529
7.626502784696141
6.7370156891012565
7.162375009202542
1.7357814315999716
6.895601635696141
8.44037452849358
8.377198734999975
4.339552265899975
1.3843314986999704
1.853818547099978
3.450275747699969
2.701851751699967
2.2645643386999685
3.070321842999971
2.082950468399968
1.2691299590999738
3.619836413599961
5.844481217999969
8.488435942067976
10.098099403282864
9.315679864659987
6.1545397385063785
4.415282575999967
3.2194660415999805
4.975254022199985
4.7730233306999805
4.6776985535063655
3.178217481999966
7.245852329999971
8.215482043506375
6.0109897979999785
1.8714604232999783
2.0034720046999754
3.0727295867999675
5.263145181299978
7.002955804405095
8.533259400898705
7.915027409405113
10.0063178147171
10.210494210858547
6.699423556493569
9.55471958478782
5.8432837737974115
4.125327694696115
7.544203564506372
3.296892204299969
3.2682790862999647
8.00008667299997
6.652403552202526
7.990398501594857
7.7348300384999895
6.2454165114935725
5.902073666405091
6.359166010999973
6.306226365699982
8.855126908898715
9.850082505858543
6.545627525303801
8.981115893594867
6.4172270629999755
7.042084629799982
6.188493598898693
9.02565163268799
8.50729311369615
9.156691619898712
9.426681535303834
10.422446849070703
8.748648846271976
10.055398115659987
9.349418162659985
8.72281954665998
9.900872018271986
9.87426693114143
9.32261152027198
8.57628078769614
9.251485668931986
9.950033145070709
8.984692880135984
9.165277958795983
9.685877845858538
8.100243122898702
8.356719723493573
9.897042517103998
9.164757676795984
11.088906363999982
11.023173513858515
8.13162761086396
5.709840664696112
3.660008299303799
3.5869971206961146
6.009589114405077
10.321478034999986
9.678479902717092
11.829408520999989
11.18518409299999
9.35336646278781
8.401556831405095
9.32777385706798
9.075333599898709
8.766935362202545
10.902019597999995
8.47446408827197
9.72503312993199
11.285868475
9.984727337717107
12.377482697999994
11.671756122999993
10.973969669999992
10.462792997999992
8.92010371089871
8.62067923727197
9.456361489929254
12.382583793999999
10.548870802212136
10.21847584699999
10.135309267999995
11.672508629999983
13.334268340999996
7.964725755303818
6.531842079202533
10.134608451858547
8.31061432965998
8.91981945499998
10.476727729999995
10.237567690999983
11.493891340999994
11.17611263699998
11.823511670000006
10.930251641999988
12.149504732999997
10.627738997999987
10.388759163999994
11.503078002999986
10.638832755999989
9.076591017202556
11.224805901999993
10.600989037000002
11.659822659000005
12.103237844999995
10.488913248999983
8.075253309594853
8.157612063594861
9.39185782469615
8.789754744006368
8.810467498697571
9.378402836727982
7.7123347548986905
5.698521157799978
10.545490604999978
8.47814192499999
9.526975790271983
8.988954534931977
10.335769832999992
9.243910244863986
8.066827433799995
10.638979619005438
11.729662189999994
12.445382033999984
11.014607918999998
12.219626970999988
11.883443823
12.122368545999997
10.793913196999993
12.378726652999998
11.465728199999997
12.247303867999992
11.764228199999986
13.194637717999994
13.390133930999996
13.827691852999994
13.326584769
12.822706940999993
14.421295284999994
13.558596499999995
11.561705568999992
11.791706316
11.179050178999999
12.379864260999991
10.435087259989121
11.405811823999997
11.714123914000002
12.725226419
12.28487764699999
11.862520703
13.411656548999995
13.888639591999993
12.61243705299999
11.390391094999995
11.892879479999992
11.472142006999995
12.57548149699999
13.658523531999998
11.083823897999993
11.870977288999992
12.316246103999992
13.202980715999995
11.266632496999993
13.284456429999993
13.446935907
10.45371527872799
10.482279647999988
9.55136395106799
10.073142918271989
12.623163638000001
11.68971577
12.652318244999998
10.781008520999993
12.657564586999994
13.152696512999995
11.77408817099999
9.059653282202552
11.791332279999986
11.769348871999991
11.908862383999994
12.590249058999994
13.143809725999992
11.778558075999984
12.027444561999992
11.788043520999992
10.602741857999982
9.34804982759487
10.806803240999983
12.535370729353598
10.189981515999996
11.24680555699999
8.533073992898705
9.107308052101267
7.806581486493585
9.146597112999988
8.882612361100003
9.355034390203992
12.205427767999993
11.140826810999997
12.636973801999996
12.298713411999987
10.050897288646393
11.92155005299999
10.72360528299999
10.197680105717108
11.949240140000006
12.425960274999996
12.193429671000004
13.345053889000003
13.429430277999995
12.474546740999983
13.906028441999995
13.207798226999996
12.352735131999994
13.041921922000002
11.810492151000005
8.535704769898713
8.89999779210128
9.044395300203988
4.852472071799981
6.197087440506378
6.655772801199986
7.979959400898702
8.09613494720255
10.560617266999994
9.293488581863985
11.194165187000003
11.576611012519999
11.718494837652788
11.8391742169936
9.994327505146405
10.13549381407071
9.983272782762862
10.821423223652786
8.297158679199999
9.037864799333583
9.341058071905115
9.824985617237104
10.075724676659988
11.138903896
5.7286015456961366
9.252331240797432
8.042401911898704
8.444940344202546
8.10836599430383
8.988834487898703
9.093120089696152
7.553496708696139
7.03721428529999
10.147336332787827
10.498972957999987
6.847353887898701
6.564644610599983
6.9456118255948605
4.378458521999973
4.11468332059998
3.916404832499974
4.962151734899975
7.645749829101255
8.304604577594867
5.433425219699982
4.785759597797402
6.619606231696136
8.4652729018987
6.080584478797421
6.8747065093987025
5.970173403905096
3.747579870599974
2.5992824004999795
1.9762760573999758
3.4081636107999747
4.650569590799981
4.605878102099977
3.8371312179999677
5.239096722405082
4.409200038101243
4.14725875399997
2.919153388999964
4.886257069399971
5.893737223797414
7.656300772101253
7.374034693898691
2.6420070769999873
3.7285803817999676
4.745369964599973
5.322508686797407
3.51587800139998
2.050249122599968
3.124034432999966
3.4812039672999693
3.228920744299967
2.9259654159999737
2.5640847930999713
3.809943391405081
2.6235811172025176
3.6163047667999746
5.189439695696133
3.107018693499975
2.045650907899973
3.857046849099969
5.864614997899977
4.551259899899974
5.147842037999976
6.232598956303808
7.7362026748987
3.400184403999972
3.8519557586999724
3.876145657299979
2.821283166499972
2.2863209624999667
2.9901676238999637
2.8335732757999796
2.253860707099978
1.4984010985999698
1.2785507392928952
1.7933294631999697
3.264565400699962
5.464266854898692
5.338839771999971
7.510993295303811
7.9075853165063705
8.270567114303818
5.461424774202532
3.0005783202999603
4.584016068999966
5.257747312899974
5.527303051797412
5.050299034101257
2.951626133699969
4.175217025799974
4.079282458506362
3.128149069202524
4.198059410099966
3.5922891173999654
6.57589611509999
5.253828970303804
4.331081942699975
4.790750814799969
3.708206826797403
6.087187043797414
6.663682401999978
4.7552234221999745
2.916813555899973
3.105542875699986
2.655442118799993
2.351801533499988
3.783400848399973
3.2962479369999618
4.2223776977999625
1.9420471190999604
2.215161549399963
1.6737272582999665
3.040976969899963
1.3217302932999777
1.439446597299971
3.082957549999962
7.053166532898694
8.624494744898701
7.404256080594861
4.5995399733999776
4.623066120899972
5.202705430599977
4.383076106299978
4.0968069426999785
4.228538589499967
8.409314579797424
7.618724079898699
8.81282383579743
9.135675213727984
9.311851461797433
8.116866757202551
4.562064295999985
3.532269648699978
4.615361743199973
4.925964762898691
5.35980265659485
5.502224487303814
3.3394733352999726
6.608438171405088
7.918179949999974
5.5466605575948424
8.26274063720253
9.989495223999988
8.011347262594857
4.788148777797407
8.207766899101264
6.981961425799995
7.383610650599987
7.161332044999989
9.349812773067988
10.196680987646385
3.552515125999973
3.202767236299962
6.735034660303813
7.516680386405099
8.863020953405108
9.790323574692149
5.221505769299979
5.4670329071012524
6.899210850493573
5.146826464797404
6.507312463399987
5.971442243999997
8.730750659135978
9.966185700999986
6.227817025797412
6.240260304303816
4.79213531649997
4.490158729594845
7.897874246202552
7.175639477493581
8.63263873733998
9.57689289399998
8.252638252303814
5.909007687405076
8.308410761999967
8.39926843410126
8.763968473863981
6.778409011797423
9.292188279795978
9.150999034067985
7.326500556898696
5.202859370405088
8.208592787202544
8.726012042202544
8.592479203863977
6.569231138594847
10.470824456999994
5.0978838408999705
3.9802903396961176
8.281464285203972
8.002957606659972
4.0987900391012335
2.2895444640999627
4.8847030045063535
7.504099595594847
8.250895310999967
10.561165549999986
6.411899050898689
4.703718165594838
8.654723820339981
6.310359860199993
5.9927530608999895
4.45829019619999
4.704737832599988
5.400000453199989
7.13556034699998
8.72506405320398
10.428295623999995
11.415332356000002
8.96897991030383
7.5968179915948655
5.883015000898685
3.372621096799973
3.6344262908999627
7.85899644010126
8.028754679898707
7.177474058499989
8.185950088493577
9.147984417687985
10.00721181327646
5.9664509003037995
6.291002967797407
9.134909333791981
9.585915714999993
10.028989904858541
10.730046729
8.50185101620254
6.189455471797409
10.055857954282859
9.97078006427199
5.8893347808986904
4.527649272202523
8.290227470282831
9.959822772141418
9.746173834141414
6.157670648199976
8.18661983640511
9.666411998
9.318291998303835
8.476200227399996
10.00934252478783
11.436647268486391
11.655538580159995
11.418997570999988
11.730222156999993
10.845006998999999
11.755895887999996
11.606691861999998
12.257639675999998
13.011571419999987
12.511862620999995
12.79200460499999
13.13970154900001
13.052404247
11.230782031
12.582374543999999
13.297787497999995
12.957334389999993
13.340674808999998
13.222902630999991
10.631422284002712
10.400186335999987
12.391798661486396
8.24067406769615
5.933136830099986
7.025776705899988
7.8450962311012695
11.63973394299999
11.44568705899999
12.075324453999995
10.202719088795993
9.854221694931988
12.471258616999988
11.767588297999987
12.435386979999995
10.920145053000004
11.94368960599999
11.003750957000006
11.204524846000004
11.479396277999996
11.273733323999993
10.647768882999996
12.236340729000007
11.855288697999995
11.829090598999997
11.804961512999993
12.552191628999992
8.41374946589871
11.558242597999987
11.491143729999989
12.536205333000002
13.100193955999991
11.70362918499998
12.640707454000001
13.571760346999989
13.999535808999996
11.93154957999999
12.150968389999997
12.687816382999998
11.758455735999997
11.381913707999999
12.248586677999992
12.002580817000005
11.949183632999992
12.15539889999999
10.316479125999994
10.877500967000003
10.587948270999991
12.119256423999982
11.74011653699999
8.927856582727983
11.253594932999995
10.571146569999986
10.36738199007071
11.153621581999996
11.828293273999996
12.866332802000006
12.686075138999994
11.272785787999993
9.381096588067983
8.041910082999992
8.817670538303831
8.475058987398713
8.967884268196155
11.431655237999998
10.404824077999997
10.18443692899184
11.265586197999987
11.01751682299999
8.53154464869615
11.198961989999992
9.796943196067993
9.475560603303835
10.352563581999995
10.86385626699999
9.305569471795987
8.261369959999994
11.091157395999995
11.816740035999997
11.491114373999984
10.863183347999986
10.969751832999991
10.158166678989119
11.116323907000002
10.945568523999995
12.091396979999988
12.869132897999995
10.803725828999992
9.92143296372799
9.64150772092926
9.414317181415989
10.227463146999986
10.251539423000002
11.425504299999986
10.395176456999993
10.785901470999988
6.304155184898689
9.911475590659977
11.307954397999982
9.670614027271991
9.37050735479598
6.725289057898699
7.493644312999983
9.43651890406158
9.435752142203983
6.522515629594847
10.857051380999996
10.376224650999989
12.286063418999994
12.219321097999988
10.24540307299728
9.843067536931985
11.644076044000002
8.807053865101281
6.890422509799996
8.848031349202552
10.128786471727992
9.828754084863995
10.181496929999993
10.031257447863991
9.69323446672799
8.658281121863979
10.714042986999992
5.694492918405082
10.328062996999982
12.185373073999992
10.132334246858548
5.674420266696128
7.857583962999972
9.550243040506396
9.188201295339978
10.397607603353583
10.325952410999994
8.811716989101276
10.750135723999986
9.824623913717105
10.999704276999994
9.635698298717104
10.690225385999987
10.18136211228287
4.740744552599972
6.75425958859999
5.044283731099992
6.48159758149999
6.1750262192025325
7.375554428101258
6.68166388849358
4.675072486899978
4.704506910699976
7.375114561506366
4.5985730697999765
2.436664170799974
5.054660089101244
8.212405422999977
9.823665115282866
10.539694451999987
10.786176327999984
7.540421400506384
8.359214443999974
7.384872137506379
8.963071017339972
7.378349330101257
7.548258700594856
6.864480375696138
6.377426411399983
7.301506448405102
6.0060428847999825
6.173638288899984
6.802749354594854
7.8272796402025415
6.151750971999973
6.483984689303807
7.038125630202539
7.100678201303827
1.898596472199976
5.515140447999981
3.397988023399972
4.574752839699981
4.618109893799975
3.3687965423999784
6.324881443799988
5.816746357699987
3.5743788726999774
4.367109887699981
4.3116448485999825
1.292499053999991
1.9747432403999827
3.295320159899975
2.844025660699978
3.0391227736999724
3.5543051711999625
5.842195790101246
7.396790696696139
6.67831982569613
6.2595900527974075
6.934458601399986
3.9675387877999717
3.551915232799968
5.063555691499973
4.256544004799975
3.3661314330999836
3.0250294372999953
2.2443090301999855
5.98971275629998
4.572469488499972
2.2052189162999745
2.798875480699967
5.413599247699987
3.4752947478999676
5.211988902303813
4.442913928202525
6.674703808594852
6.704661917099984
5.580193533299978
5.357202992202527
5.097902456696117
3.7750112716961235
4.2067451523038
2.1136943541999593
4.044016017199964
6.688386923202537
7.736896372999972
2.806663497899964
1.17152735787168
3.162387242099968
5.956369511405089
8.192357099898711
5.286546549999972
6.726043556202532
7.390771353099983
6.216050122099981
2.4344220351999675
4.800887272594841
6.376069967696127
6.236848123202531
4.141525729399972
3.492522712699963
3.156490502899963
6.866978947405085
8.211651541101261
8.259106558202546
8.901793989727972
9.415677275101269
9.693836646999987
7.297064216599986
6.316891033899989
6.045609791599999
7.097952127101261
9.042205044594867
9.600909687863982
9.061759150696155
7.42354179230381
10.15088300485855
9.756756169070698
6.011452317797415
4.3954986068986805
10.235906605646388
7.888382609594853
9.772176852405114
11.36899901599999
10.441648832999991
8.516434487898719
10.149390762212148
5.143942501797406
7.067376242101257
8.844386756931982
9.727842591931987
9.42624600986398
9.074430125405103
10.181707249353588
8.248616123999986
9.25678119672799
9.943021804863994
8.145999702339969
9.695229956070696
10.323615637141419
11.037754586999993
8.264603045696148
5.949699519303817
5.571840072599977
7.722650849898705
9.76402942499999
9.304812997271984
9.51821497972799
7.476357167101249
3.997153604099976
5.644085641499977
5.499124517797406
7.673618611101256
8.866645977863977
10.151829798929265
9.171164332727972
5.765550888101254
8.445681062303821
6.853303057898699
8.164834558101266
8.305375106797431
7.168557095303828
4.212690199299985
3.3652909087999734
6.338164666699983
7.195473069797422
7.1206102370999895
6.34654982759999
8.648402389493597
9.607402426101276
8.886814012067974
4.639317051696116
7.749220230067966
8.652458900339974
4.771796794101239
5.942739071696121
8.432556797863967
9.660767097353585
11.659960496999993
11.299108355999987
11.319892513999992
10.365585962999994
10.818788077999994
11.594164761513586
10.229346623141414
9.941910925212152
8.62234255520256
10.429463247999985
11.455669437999992
10.756551438999995
10.838463103999999
12.523034516999996
11.733291084
11.14117639199998
13.139578953999996
12.817764056000003
9.469185632203985
4.377417121898691
5.172985069303806
11.512282709999992
10.642405121999989
9.976576905863995
8.897304869101267
9.553373849506398
9.242028893999988
12.443785555
12.522063047999989
11.214280189999993
11.394678861999997
12.249588471999996
10.518942746999997
10.806002991999984
9.619997943067984
10.64920003799999
11.228158535999983
10.393103950999997
9.734634997727994
11.716291320999996
12.826554636999994
11.819222378999992
11.649683616999996
11.989811326999996
11.394742757999992
12.497965795999997
10.231632743858551
7.7702837768987045
8.714511811797433
11.49597190199999
10.656244435000003
10.33456000399999
11.558569358999996
12.511865978999998
13.144654962000002
12.225409949999994
12.920555940000007
12.374947111999997
11.991142321486402
12.391732536160005
12.105691163999994
12.25443684499999
13.152863669999997
12.273237926999993
9.52770202789871
10.682232263
12.64456928700001
11.78726608899999
10.222565455717108
11.356956989999988
11.762621570999992
12.772284371999996
12.055651070000001
12.488363540999986
12.033493656999987
11.019687798999993
10.580729394999999
10.788202533999991
10.181891210966723
10.321503603999984
12.020855555999987
12.138090693999995
12.808114719999995
10.75066935599999
11.537156425
10.856620260866887
10.386718131999993
11.789158481999998
12.345840258999997
12.857583823999999
11.769110701
10.820417301999989
10.375576636999996
11.436744167000002
11.808281598999997
11.064189098999998
12.439702251999998
12.20603570299999
11.076908063999985
12.030062946999987
9.976565406863989
10.234902633787822
12.116466450999992
11.122025117000002
11.604480504
11.78988415499999
10.847509914
9.92168455364639
9.944388021932
7.814137632799995
7.9266993973038264
8.303467451506387
7.577368653899993
7.697826402303828
10.759407947999994
12.29946613300001
11.882481360999993
13.176975055999991
12.108464094999992
12.570012157999995
12.122430039999996
10.928740200999998
9.440796986405115
10.078890174966718
10.547243906999995
11.458068981999986
10.419254401999986
9.703539646931993
8.876138047797427
9.543972839405123
9.567144664
12.038517682999993
12.716575992999996
13.868788957
12.698642708999987
11.871719163999995
11.119670966999994
9.748966509999983
10.280575957999995
9.639355665594877
7.952053913899996
5.947794065899997
5.26829376979999
5.081146617099992
5.969562670899992
6.544323109399987
7.107686492899996
7.104553703299995
8.216074287405107
11.466693328999984
12.502825992999993
11.730168487999995
6.007009713696126
5.362505418405093
7.632362568696137
7.2439270401012585
7.1987977371012635
5.514474557506377
4.841188903797401
8.287797743202548
6.8952817687974175
8.719484333797425
7.893996398898698
8.892530740405112
8.884734707727981
10.91742339599999
9.96845204790015
8.435016509999981
8.479989794898701
9.049563526898705
8.988314630067983
8.61622195740511
7.968440614303821
8.688887649493587
6.403062341299988
7.5174042435063875
3.977385287499983
4.482049951199978
4.459039372299971
6.6816584061012625
5.439512113999965
8.377203662101259
6.1392346068999775
8.241506114202538
10.297358700999999
9.184691291863983
4.151012066699971
3.2848926604999757
4.863938088999977
4.688648104899979
3.821654653899971
3.818717274499971
5.035890898101253
4.751441978499978
7.17479741359486
8.23779695279742
7.904782784999973
9.140603646931979
9.439846597203985
9.768880236858546
3.818293565399977
2.461572503699989
2.5788375411999627
3.85207237699997
4.26015891269998
5.154469639599972
6.319621482797413
9.130282415863988
7.2781633041012626
3.268179661599967
6.337390858499983
6.530835734594854
6.042262701405086
8.179766831999979
8.589711973594863
8.240705512999988
7.760562162797418
2.714384951799998
3.436292770399975
2.805466928099979
2.281022732499972
4.758701473999976
3.9891551665999647
3.7695282409999757
5.394194245898689
6.626785601797412
6.777239146405091
5.385344392405092
3.577867132599968
3.0936998671999665
5.776130793797404
7.981091914405092
3.7265557555999766
4.966782698101251
6.021333956899977
3.698076718099981
2.332351939399976
1.929324325599975
3.8223456359999766
2.4207217086999675
2.370275845299969
3.903128884898681
6.557946243303803
7.191126420594854
7.271231594797427
8.823582031135976
8.120951013202538
4.343883445699976
5.6766621978999785
6.433096020493578
6.118789494303812
7.246569583101257
7.437918447898701
6.593394464101255
5.54490524599998
6.894900334199984
8.402682504203973
5.620845402493566
7.96281109159486
7.660811506696146
7.279405477898702
7.282908793594853
6.488030776999975
5.713840379299977
6.012495617699977
6.703391511493577
4.564475404405084
6.836685441599982
5.461755085799983
2.7133476775999807
3.126891326899965
3.251892695599972
5.5836625565063756
7.3845911224050935
5.244339292898697
7.765693847696138
5.411867983999967
4.720662531999968
4.513686367797407
9.318359376659986
7.383786976594867
5.399817686506368
5.216789843797402
1.2673362361928984
1.7546918193858185
7.120035575898699
7.9558229629999815
4.131198196399965
6.5202102035948455
8.701370661931977
9.162212580931985
9.813818112135989
2.227467646799978
5.91710207669612
8.976564727797427
8.708164741493583
8.60553576510126
8.678872611999982
10.417635979008152
8.3472677398987
6.628578416405097
8.754628317303828
8.195431965594855
9.225020474135983
10.346939366067991
9.443922187863983
9.541925761271985
9.338240599101267
9.63581136921214
9.44109353628286
8.236975530999983
5.084236108399992
6.489083761594859
8.942575753858527
9.535278665135987
10.014978997858552
5.097892852799981
4.137209651199976
6.967025628699995
9.321424304135988
4.076585606399978
3.7424874038999874
3.5435075408999777
6.193748257405096
7.4626048980999835
8.703324633797418
8.403377630594866
5.729955526696129
6.6962916747999826
6.240089759799978
6.9776688018987025
7.378656541405101
3.8560191405999658
3.105078547699973
2.8950969497999672
4.0748810759999605
5.520645965594848
6.983205337493575
8.753576689101267
9.43819378979598
10.923929473999992
10.781930124999986
8.105930461101257
4.924602067594846
5.087081103493562
7.443547398405098
5.1330017348986825
6.731185150101252
8.675310606415982
8.654094290135966
6.6212265884050785
3.9250596969999525
5.503126451101235
6.4523946701012385
8.866392651271969
8.657579356271972
6.375752882405076
7.8057918258987025
9.952480396999999
10.572715273999988
4.230849777202529
5.1858335861012534
2.7526251357999727
7.49739180910126
6.65435459589869
7.716199815405095
9.176080784727981
8.929561560101277
10.646700934999991
7.483971418797421
7.866579896493582
4.9548262512025225
6.096772006202525
9.737164305030568
3.695078599499965
6.3365187653038015
8.63473209086397
9.326580796797431
8.941684570303833
10.194075177
12.093953562999989
10.338396636999988
10.048871075282863
9.931782994070703
10.285584276
10.354817340067989
8.199879386931979
3.141607218899972
4.886983808898685
8.03635068049358
9.0709856033
8.939803033405115
10.281962255999987
11.516166550999994
11.961597365999985
13.60870062399999
12.438322233999989
13.075515049999995
10.519554846
10.200485402999995
9.269764576795986
12.400321056999996
9.892510223271984
5.716605468797413
6.794761157202531
10.004423977908319
9.320248037687989
9.52431050569616
12.347221392999991
9.731694776931988
9.797435516282862
9.39545698389871
10.715104131999984
13.171531284
8.976549943493584
12.747436530999993
12.598045464999988
11.620637205999993
12.511228092999998
13.042904824999999
14.048055616999994
13.811486805999989
13.133467981999992
11.637749390999986
11.363775965999983
12.276359908999993
11.787774363999995
10.619795761
12.707848797999999
12.170595638999993
13.007842217999992
13.553143479999994
11.843528016999986
11.676734778999991
12.302935388
13.795511626999994
10.258987911999984
11.557800791999975
12.301550559999983
11.971771995999978
10.609815351929255
9.253046316659985
10.617513234999997
11.903753247000003
12.15082332499999
11.501019179999995
11.83070163299999
9.842322796717093
8.659369853202536
12.017627612
12.968349732999998
12.574257097999995
10.888615249999996
10.996448569999993
10.366108582997276
11.942594970999982
12.445945516999998
12.146612248000002
11.758411641999999
11.666703962999986
9.886120741212142
9.128875793506394
9.963783775203993
9.76618251635359
10.726056944
10.846868863999998
12.669596372999996
9.772734948787825
9.605795875659995
10.832256511999988
11.576845528999993
9.926603471282869
10.191236252999994
11.391757671
12.42235274999999
10.672589284999988
11.097493531999998
11.411624811999998
12.841716535999993
12.735572032
12.944584162999986
12.091874273999997
12.361348502999997
12.839099070999989
12.658696299999999
10.896223784999988
9.283628257863986
10.097533066005438
11.148743780999993
11.050910828999996
9.86117162013599
12.216255570999996
11.389492962999995
10.889558463999986
11.675537357999984
10.59124807998912
11.228672949000003
11.684695922999996
11.397344903999997
12.537772426999998
12.989276565999997
13.495909070999987
11.812350257999986
12.181424854999987
13.291457810999995
12.235251490480001
11.449359520999996
10.907206354999996
9.905135497999975
11.05138099999999
12.387537894000008
10.205480412203988
11.310679990999988
8.633619041405113
10.122519029135992
9.964757220353578
4.6223153197999745
4.304721948199974
7.429501164199985
6.406963963299993
8.294427752795967
10.998038508999995
9.980141941863995
11.255844249999999
9.924241595353589
10.177675349282872
5.849270841999974
8.713804156339977
8.500339929202545
9.377545460659986
5.705048364303814
7.198409124797408
8.786903687999978
10.808563491999982
10.074935049271994
10.828038900999989
7.677579252594863
5.880480895999974
4.825861059599973
2.4821683028999733
6.409431939699982
7.078467581199983
7.4227062424050905
7.613516334493583
8.299277304101258
7.282318987999984
7.461973748797416
7.9394117965948645
9.37327098079743
8.416166451999976
8.884383511271974
9.726272766101278
8.05150044399998
6.998819461101254
9.318758889797433
6.750813310202541
6.7402772796961266
8.080244747898698
5.439355560299975
7.476083882101269
4.310895216399985
4.274389915499992
4.285913178999979
1.821972660799974
3.9484833236999752
7.409492829898702
6.7357269241012565
9.038726382405105
8.47637335510127
4.33989849399998
5.361919192499984
3.4982603469999813
4.243101863099975
6.061139227299982
5.642646891799987
4.363881434599982
5.771666784696125
7.177472653202541
4.917360771202534
3.7067930068999773
5.604081584199978
4.013307519499976
3.6855048537999786
5.817397154199976
5.291841995199974
7.481253158594861
6.891528752101259
5.97509357449358
6.216717105101253
4.836217362999977
2.815916781599969
7.16638998719999
3.0191335845999747
5.68732250059485
5.110002700799984
5.387713317899981
5.036359843405089
5.74285195009998
3.932856158399981
2.5602536208999807
4.615863461299969
5.583624668899974
7.777572772202543
7.138582870499982
7.359721353101246
8.60643104706797
9.706192967135978
8.558060108898706
7.501681310999979
6.901286219797412
8.706013177506383
6.268145783999975
5.152542832898688
6.5971327208986965
4.446607763696127
7.066023092696143
5.856687405405093
8.909051701405104
8.930234277203976
8.83245527499998
3.3120865737999874
4.006316685499972
4.356610157799973
5.832164825405093
6.4784931091012545
7.653208740135967
7.39905240169613
7.938905558797412
6.523116152999962
7.2201385589999685
5.697940806594847
8.933781501863965
8.52146743006798
8.137642367727969
9.89710024410128
6.520391436799985
6.473713227799993
6.210533810405092
7.65390336759999
6.60215363619999
5.749624174499982
4.979663250696128
8.228292729135962
6.353743196101244
6.9033196793038085
7.774430224594858
8.760661602863976
7.901348109405092
6.8818921692025325
7.2267734604050915
8.83853052379597
8.123893841727966
7.668464323405095
2.326281555199964
2.23294672389996
6.186868272405098
5.958611534101249
7.893850437931971
8.094417784101253
7.678462162797419
4.698228042594841
8.520171652135977
8.94310984633998
9.838395974795988
9.320779313696155
9.341127654999989
9.742184007303836
6.746798995999988
7.961380041493586
6.342909544405097
9.945540080212147
8.941149931303835
8.977879771405112
9.057179037506396
8.62596710049359
8.051160737594865
7.229796227999987
9.217316514594872
9.682133277931985
9.626001795999986
9.34361306913598
7.629665745493568
9.769115000931986
7.696929725594853
6.257963262898692
9.51026487586399
8.992466668795979
8.366913240101262
8.843890368795979
7.872592344696133
9.56549182893198
5.191278161599975
6.2763974608999815
8.81900635686397
4.099085771199965
5.341420988506362
6.603018447898697
6.225523390202533
7.0055348083038105
8.200548854101262
9.523486425858543
10.985348868999994
11.447033187999988
9.962295494067982
12.154236893999988
11.015366497999985
9.805925767646382
10.409897277858546
11.162499614000001
12.13755173999999
11.127650116999991
8.821513001999998
10.340678673999994
11.695572342999993
7.429767947405102
4.832534608506373
7.700717941303812
9.100084564207984
9.937300291282876
9.172189227303829
8.984005564898707
8.429030892931973
7.820072480863969
9.319608224339982
7.742559635899993
10.911549233999986
11.408048411999987
12.031515671000003
13.091099638000008
12.045141582999992
11.95047577799999
10.720192385999994
11.414777227999993
15.259225152999994
13.800986587999992
11.656749441999985
11.843844272999991
12.511382505999995
12.687953879999995
11.911965207
10.253973396212139
9.698606210203986
8.15628377379743
11.884577728
11.207386148
12.348834841999992
12.773020551999993
13.769814672999996
10.093390783787818
8.252505868659966
10.003118102999988
9.704818682929263
7.05706692810125
7.790826710493574
9.161258897405109
10.002658227646386
9.871357456999988
8.016790945405091
9.793783346727995
10.246933193999999
12.64646523599999
11.937759755999993
12.347590818999995
12.357572407999996
12.655276638999998
11.565026470999994
11.246735894999995
12.531924237000005
12.660973342999991
8.32085116120254
8.485656848101259
10.588063425999986
12.815451018999998
13.494615423999997
13.570939348999993
13.779809585999997
13.518204871999995
13.304562969999985
12.447807725999997
12.582595087000007
10.849623952999988
12.164292290999992
13.049488793999995
9.826354470863995
12.687755805999988
12.261802511999992
12.074440760999998
13.105589510999994
13.938157111999997
13.591940735999998
13.371870579999992
13.51541197399999
13.161619991999988
13.502302971999995
14.377794062999996
12.833445504999997
11.947549712999985
11.062891314999979
13.132703162999992
11.917675383
11.270891332999991
11.584330948000005
10.605867247
12.428785561999991
11.555592981999995
10.495500170999993
11.544367667999998
13.547999272
13.003686963999991
10.639972535999991
10.276902581999996
10.788037674999996
10.217509794717106
10.816696575999996
11.826496918000002
11.986462186999994
12.265868975999998
14.364048295999993
13.472179987999988
13.608656575000001
13.077613172999992
13.03365744199999
13.196193755999992
11.835089768999993
10.665166707999987
11.045926704000001
12.438233017000003
11.056566926999999
11.361812972999987
10.182987705999995
11.429816988999994
14.024180907999991
13.156034795999993
14.500361907999995
13.887481572999986
12.366039365999994
14.066087508999992
14.652974102999991
14.688097237000001
14.953753382999995
14.740302962999985
11.288440995999979
11.22474509599998
11.861547774999982
10.394949831999984
10.151488909929265
9.698405740271987
11.042143816999994
9.387901141405113
10.026786114659991
9.992041200203996
6.825906455999977
7.127727838101258
10.505918406999989
11.35767155199999
11.786891085999995
11.272838284
12.456487069999998
11.787583787999994
13.348102343999988
13.03382776599999
12.509152867
13.894572394000004
11.60057302699999
10.437292357999993
7.360575996399993
8.659009571797421
9.449660478202556
7.582795532202549
10.484138251999994
12.049886717000007
11.745583282000004
11.435912697999985
11.195222777999986
8.943333436594871
8.222957618696155
9.209243884203985
8.589614059405108
7.102714576699992
9.786023394863994
12.044288254999982
11.732721070999991
10.783438279999997
12.327146561999998
11.674981585999983
12.074438772999994
10.867116565999998
11.39840148499999
11.312973107999998
12.305464907999996
11.515242646999992
12.108181753999988
11.050199367999985
11.128413108999988
8.381178565999983
7.58113686979742
7.255652462797417
7.660876403797418
7.342393449405099
8.437332522594867
11.983531922999994
9.614916197135987
7.947024093594857
8.65934555210127
4.672443421899974
5.764265930199979
5.245899063101258
6.713794320696141
7.133374325594859
6.964253631599989
7.381163183599991
8.291840660101261
5.381906021099991
8.923026473999977
8.146205946405095
5.688187376399981
4.383119270299978
4.252124316399971
3.4936018462999647
5.009363735999958
4.799396139493574
2.4384258635948353
3.037944634999975
6.582619488493554
6.7586298018999855
5.787146940599973
7.282812983696142
3.5198317153999716
5.488535632303811
6.348698242202543
4.207312412999975
6.368698921202532
9.891650158787824
7.18558269199998
4.255792730699982
4.381778361499982
4.103104101599977
8.493725750795974
8.24959289859486
8.546884864863973
7.772569805931963
8.945676107863974
8.493822248863976
6.99405823669613
8.267509382727974
6.647696777303804
7.878949514797417
8.231611474594862
8.09651796259486
7.013824110405086
6.215132133506366
6.897513900797417
2.7021235839999727
2.042409593199968
4.648037945594852
7.250168209797414
8.969975874303824
7.429793664594854
8.176524653594862
7.778054852303819
8.768813607797423
7.5002949524050955
5.214634040797409
4.041007400499965
5.585075509594845
5.862676931799978
3.9075626571999735
3.0148601973999725
7.176657029696137
4.209747679099981
3.832266815199976
4.162011067199971
4.2383429442999745
3.928846304299967
5.974401113898688
7.188621501202539
4.895100134299977
4.618636074799978
2.7629622771999833
2.3880266967999737
2.805310609399969
1.446822802699973
1.6447416900999725
1.0845143806353577
1.5154032485999949
1.3943090606999848
2.4667472411999674
3.537616632099966
5.147448144499978
4.9647291839999665
9.464251957795987
8.201356042506381
7.383653536999975
7.910714900202547
7.484568518101262
7.403146177699986
5.787020909099977
5.807336778303808
5.699038481099986
5.670527201799991
6.060524285899981
5.9148377945063695
4.966089300493563
7.170735522506368
9.03630912179598
4.594248316999976
4.612970638999961
6.286468196101247
6.2890502884050985
6.130452653493577
4.928027862493566
6.057985240199993
7.155306530797409
5.118249746699972
7.325490290797425
6.102136306799984
6.179602291898697
7.505790734898698
8.365877812202541
8.70730753020254
8.18054183350638
8.774313471999971
8.386091697696143
7.382359742696146
4.360210891696131
6.360171224999965
3.018799046299971
4.91391242520253
6.843675724797407
10.747946464999986
6.234028866594859
2.6295368834999753
2.465384616099974
1.8324963500999785
2.8374664764050745
3.6497846969999643
6.295593519594851
9.28342803327198
8.401127439931974
3.3388469527999614
7.2294706055063696
2.547289462299966
4.4933450043038
7.729909379594848
10.641848308999984
7.749762863202536
6.459014820898689
10.576744796999987
9.529267004271988
8.939841513101266
9.103976020797425
8.48883323969614
3.539791616799966
7.253221948202542
8.96107717740511
7.521449671898701
7.658106217999974
8.025042665101264
7.792982435599999
7.157780718999991
7.919806068405108
8.445109312399998
7.890641653399998
8.747031365999987
9.162326017863984
5.145471185303807
8.923951400863974
6.873177575696126
7.947409617594858
5.249409036303815
3.3640871734999656
4.1708218552025205
8.818181881795972
9.913453735282863
6.920217904696138
3.380582139599966
5.592975149499982
5.760383518999986
10.331439666999989
10.425856933999993
9.824564089999985
8.238403518696147
9.43662635028286
12.161472175999991
10.382656243999989
9.296597001583992
9.192827006479986
9.445465217594876
11.169304711999992
12.748568865999998
13.199401642000002
9.504242175203972
7.606009779399995
11.055262577999997
7.507157492099993
9.748718296858547
8.611956790202543
4.933670399506374
4.26118077549997
9.203503051797432
7.989884341405111
10.509438654999988
9.865161173999972
5.9005175995063635
8.637094859303827
9.550688490212144
10.585193847787814
10.64695971699999
10.67968907799998
13.231691088999991
13.598591416999987
13.663564813
12.725557151999997
13.709791854999997
13.29828061199999
13.346914284999993
12.682258394999993
11.953710631999998
12.087073549999989
12.507588573999989
13.15413182699999
13.04963292999999
12.021071576999987
9.601422537141405
12.294923638999997
11.225109507486382
11.399434794999989
12.755158930999988
12.309185587000002
12.370162305999994
12.275583324999996
11.934078528999999
13.631952369999992
13.296384151999991
13.132669141
13.886295756999997
13.532621242000005
13.128740130999994
12.861957323999997
12.282990217999991
13.90152756799999
13.615789422999999
13.064091465999992
12.78615886099999
13.110206239
14.150233930999995
12.777661680999996
13.130104564999996
13.096937366
