11.181872096000001
13.147785674000005
13.322569892999987
12.46782326999999
10.485759485999989
13.38914573999999
14.05833675799999
14.722246497999993
12.621428361999985
13.361431812999992
14.105333497999995
13.846431360999995
14.522186474999994
12.685039692999982
12.931114246999993
12.14891494399999
13.206356613000002
13.19022742299999
11.898370380999989
11.45221465299999
10.266005917282865
10.10574687192927
10.99430338099999
11.321336559
9.700144206135992
9.483499578898718
9.022604867594872
9.312671639999994
9.193012673999988
9.27093446959487
10.148616739002719
5.996067257696135
6.06918386689869
5.729136679101247
9.370084318659982
12.759398247999984
13.141544074999995
10.941206168999988
5.777539024405076
6.114721792594856
10.191449926858523
10.907766614999982
12.04511786699999
13.431101534999993
14.199787244999996
12.129123650999993
13.520133341999992
12.648952280000003
11.991628757999994
12.628122160000002
13.133919654999993
14.51840277299999
13.541714579999995
12.77083336
12.492455594999997
13.644317537000001
11.945424125999995
12.165820598000003
12.240645412999994
11.037420963999992
11.450670714999998
11.450538210999994
10.953319793999988
10.799250475999987
10.679503441999994
12.766324207999999
13.286866939999996
9.407929963795983
9.433834506141423
9.134988095067982
10.580135306999995
10.969324824999994
11.653006800999997
7.6809190505948575
8.323794917303816
8.207430288795978
9.085120545999974
9.629591751067993
10.346735985005433
11.832591047999994
10.927862452999973
10.30907588199998
10.245635340929269
9.748662022271983
4.931864866594847
6.0130820282025335
6.881268649303815
6.181402673303814
9.98848992172798
10.653173542999994
8.046579142799992
10.64992809599999
12.446231060999986
9.458945938070705
10.360754323999988
11.49531921099999
11.090832717999985
11.69103888199999
12.290764531999992
10.757880172999984
7.587687826493569
3.8406984908986854
5.63421524959484
7.370982072405093
5.531235165405092
4.013648609899963
5.963436679101253
6.63155121310125
6.5016441054935665
4.182701206999969
3.669915299999975
2.7589596450999636
5.140000508101252
7.404823959405099
6.2122688506961365
4.348111790506359
12.333713334999977
11.001975040999984
6.6118267044050985
3.1250611495999645
4.144302590898684
4.966623672506372
5.464928056303815
4.881790225199977
5.3906453262025344
5.171144813493561
5.213165753202519
4.990172891202523
8.95354533693198
8.532812226931979
10.347578773353574
6.9029467696961255
7.455658964493566
6.854378250101248
5.007938267493566
5.895722997999975
5.865415792799983
5.661181906099982
7.746243112202541
7.007800871303806
5.659753433202529
4.214305705303799
3.1336682586961233
5.985138224797409
5.246898030101248
5.583489163202517
7.325314192135961
5.112701379405093
4.361723173493568
4.723614254797386
6.150624912999974
7.006536088594852
6.7798363281012515
9.519148989931976
9.923794755727984
7.8753229004050995
2.2804866225999714
2.1585907226999628
5.642277000405086
2.707027328499965
1.8407926879999628
2.8766631972999734
5.8715613891999885
7.312905644202529
7.9865965529999805
7.004388049303818
6.4848123093038135
8.027724890101261
5.756784257493576
4.512073304699969
6.405132446303815
3.463190090899965
3.8051119445999664
5.372816165202535
6.553445368999974
7.658071302797409
6.519133087202531
7.5072094497974104
6.57320426640509
7.937689952101253
9.712156294212132
10.900079055999983
3.67389040989998
5.573512959299977
3.203723638899978
4.191136207599976
4.86065628049997
4.978236674499976
3.4554388061999752
3.402061637899984
3.7428140059999904
3.2966649413999805
4.1456988540999715
6.683660102797413
4.461860708599968
5.8513096816961205
5.2730265305063755
6.225020989999966
5.001821874999973
2.5014639281999673
7.830744311493585
8.447395881696137
8.196454823303817
7.937708741797424
6.585066319303819
7.035039521797416
4.637682124303797
4.937686926303803
5.6739495772999735
3.5157071181999613
3.4967408248986818
5.1275733306961175
6.786147665405078
6.36804422299997
6.527577517696134
4.063249626199969
4.634206166099973
7.385390441898699
8.07219718020254
6.542965614303805
7.8881691497974185
2.5199165160999817
2.06803191829997
3.7193526076999697
4.1036363082999685
4.9890963195999705
3.823014686599972
2.804672473099967
9.210369802931975
5.674776507594859
4.051526116899975
7.64862846369613
9.864547347999986
8.670212141405111
4.490922550999989
7.731929431202544
9.116948083506388
6.103530186499982
8.02846056669614
4.1855279204999745
6.806998866299989
7.452814152493585
2.7372231856999782
4.847802505506361
8.175797853101251
4.7084591491999745
2.758678778099968
5.622907467696134
5.299553251594852
6.019736555499975
8.934646612659987
8.893149223203984
4.867362159696126
4.362522987399968
4.3498930617974025
5.289470590202527
2.7187975341999633
4.330490829499973
5.510667080696128
2.666357183799964
1.6360719802999661
4.398111144999964
5.142015953099984
6.1588747742025305
7.813792549067969
7.641270111099994
8.575124313271973
6.190425472999962
6.646150202898681
4.528229821799967
4.659212055999967
8.169707855202539
9.974591783070702
5.184178248594854
2.407453871199963
4.243093452506359
6.627271009797402
5.414002244594846
3.465785459898677
8.13110806269615
8.574195609999988
8.666482061797437
8.381333914202544
9.589596867282852
11.855684452999988
11.25824409499998
10.271688957141427
10.167800204353584
7.2949200394051
6.69857829440508
9.87042898099999
10.316725712999993
10.786246369999992
11.505137209999997
12.86435546699999
11.58290424999999
10.500986133999998
10.893106579999992
9.21043438713598
10.379104482999978
9.841684779282856
7.8743912398986895
9.800427326999982
4.95712741389868
9.757950582929256
3.533734136999967
3.6498490416961205
3.282024395797401
8.266114428795962
5.608552766405087
6.004684719797407
5.506045994594839
2.741906332399961
5.255284446696119
6.819345272797415
8.469034229999993
9.02552095640511
9.60445780927199
10.427058683999997
10.152218906010882
10.893140624999988
11.342542414999995
11.965852310000004
10.3048412160136
9.709987699931986
7.6964525192025315
9.903077439931996
13.169315511999994
10.447571401999992
11.195313341999992
11.122705010999983
9.100034411727975
10.371279928717104
11.065134881999994
9.86051932213598
11.760596906999993
8.967564250202548
5.933748060594853
8.900268437135963
10.891051807999988
11.875146134999998
13.39601240699999
12.916718915999992
5.541303883405091
6.384778185999967
7.929575869863969
10.777530549999994
9.048992758202552
11.362905486999985
13.157351420999994
8.589505116212125
8.172038772594858
9.52418224020398
7.62888904269614
8.433782733202552
7.97978026579742
8.876550851405113
11.373217844999981
10.824619965999986
11.386303800999983
11.762321244999988
12.236104608
11.944501930000003
12.765003423999998
12.16525701
13.044077222999993
12.900321059999994
10.742296985999987
12.231714397999994
13.203831637999993
13.598620131999994
11.412281348999986
12.141007850999992
9.381932626203984
13.179067700000003
12.549673520999997
12.538575449999996
11.398309482000004
11.948894973999987
11.572199642999987
10.898862476999991
11.25585171099999
12.188792064999994
11.759040454000003
12.870127089999997
12.682070354999995
11.31663629899999
11.75130290699999
11.013849042999986
13.494553882999993
14.847774106999989
13.682507883999994
13.578098804999998
11.835401273999992
10.38237600599999
11.193701075999988
10.142043426659992
10.723290743999986
12.488277051999997
11.131211525999996
11.842474063000001
11.874280337999991
10.233435476787825
6.132618405202531
6.041558409099979
7.854740446506374
11.465366327999988
11.997357767999997
12.584921622999994
10.61862235399999
10.684930629000002
9.76610012065999
7.495307054101255
6.071005549594854
7.44694855649358
9.81147828669616
9.535003860506393
10.160001117986395
10.964301316999997
10.586123658999993
10.916599944000001
10.514193873999986
9.786748828070705
11.006508294999996
10.904983625999998
11.471473444999994
10.693129612999991
11.838947562999989
10.32666180578782
11.405739696999994
11.962012346999993
12.274881922999988
10.419972431999994
9.056685292101285
8.706746211202555
8.759990248101271
8.510430647303831
7.404614150999994
9.845001885999995
9.008169859303823
11.698511174000002
10.815483675999985
11.184773841999998
11.074670708999987
9.571671318067986
11.178519381999996
10.227139577999994
10.455198298999987
9.089286169271979
9.805660615646385
11.324697773999995
11.466834049999994
8.01467903289869
10.530435755999994
12.220495710999995
11.337109653999992
11.937809304999998
12.616266367000005
12.382226034999995
13.541494489000002
11.996938968999993
14.529590404999992
13.147178168999988
10.76546979399998
9.310166528212132
9.650931474203986
11.771671644999993
11.252002429
12.26441832099999
11.158345447999992
11.449703505999999
11.652707992999991
10.785613900999993
11.508420844999993
12.551614033999993
11.04212407799999
11.582377498999989
8.139583804303815
7.76881804499998
6.588667071499996
5.897852131699986
5.8733632873999895
7.858032961999982
10.356356133999991
9.902301986787826
11.446821186999994
11.861739483999996
10.069383514282864
3.615657046499978
3.772028787202533
7.574390696696137
6.217397705101244
7.643517564405085
9.76681527265999
10.628930082999979
10.353776753141418
8.538055792202533
8.123314460863966
4.594887646506362
6.108515620405083
4.325688017299982
4.132564605699979
3.6936112288999836
3.9598612609999835
3.5165991851999716
5.15103423159998
5.086563034101245
8.2519966644051
5.65244602659485
3.8246362182999647
8.58505189679597
9.335037049931975
10.027134231717106
10.146872898929262
6.391433300797419
3.5264739913999787
3.5205420165999617
5.684010165399974
7.140387004101249
3.265828204299975
1.706506918299973
5.042836898799979
5.6288111968999806
6.3900649199999675
7.857465830999988
8.64952032779742
5.6662099410999796
6.289525442499982
6.640844946303811
8.557215171863978
9.083817465135981
8.843930598271976
9.190091323931984
3.128807101399976
3.465775672899977
3.824201164199989
2.858425248699988
5.1736312240999816
6.753806939696134
4.685875306696129
3.3464987822999728
2.7215050704999775
2.096630818199968
2.340458468599968
3.9549698028999747
4.440180145299989
5.245583224499984
8.11159068150638
7.225829064898682
9.371098501727964
9.47380725399997
8.994690762203968
7.349262942493576
2.82662244419997
1.6103498488999748
2.7552176528999586
5.271641657999973
5.083389804099982
4.253086898799969
4.265169943199977
2.3630165786999773
2.973877874799968
8.470270854202536
3.9513500350999746
4.258195196499976
3.874259069799984
3.4725497161999868
3.7015219115999902
5.937210804699986
6.397572087099982
8.014429263303818
8.869081210303827
3.6646977752999703
2.201797347999966
5.08270816799997
4.166947517405088
5.199943792696132
8.358648500101259
2.7089216170999753
2.868869876099965
5.296265730299984
4.563104980499974
3.8827084258999855
3.0610077147999917
4.908844708299988
5.001932751506357
8.619129858271972
10.23877007899999
9.515256761135985
8.374724955696145
4.268026470899975
4.397021331799977
5.3507708434999754
7.331979267898688
10.105782884141423
9.788985618727986
9.437732307271983
9.144535449202545
8.088838639797423
4.422501635699985
3.917166264299985
4.064910676599974
5.268166717493575
4.824828065499975
7.327607185399986
7.239306242405101
8.865429846135969
7.166207853696127
7.678436173999968
8.309399093594863
9.017320202594869
5.296099882499977
6.766546189899986
5.7572734328999875
5.347898394799976
7.85698972479597
9.720566087212138
10.084065493858548
8.081023200999985
9.771196786339985
8.708269427506385
7.004450723303823
5.7383973861999715
6.387411973594853
8.511520753339976
10.596372078999984
11.75983335699999
10.180169139070705
10.854461834999979
11.432699085999989
9.70446363521213
7.178106175135956
11.088675934999982
12.956148469999992
6.421100295999971
6.5111331741012535
3.141617208898681
5.4267592589999625
6.447323379493562
7.906119995101256
10.020984985282864
10.428813192787814
12.531145569999996
11.192891121999986
12.633172135999995
13.015167138999994
12.461396456999996
9.36933402099999
9.00626413120256
9.080923675493585
8.021482417303824
8.21856271210126
9.888948504583993
9.641981341717104
11.374129801999985
11.875710068999991
11.242546793999997
11.367949485999988
11.571558530999996
11.577576380999982
6.452842170696131
9.635427697863982
7.174084454299982
9.090314047135983
9.05298228150639
6.689553170799995
6.7837982924999904
8.480992709405104
11.804781067999977
6.9498132584050945
9.529890293895996
10.309020002787824
9.428762817282859
9.565950584271992
9.367807197594876
10.980655481999989
11.576039348999988
13.359227883999994
13.293533881999998
13.544962816999993
12.202220664999986
12.403655060999988
12.603044091999992
13.266102445999985
11.811870226999993
9.881928883271971
11.031513823999976
11.40062743099999
12.278530552999996
13.380740693999995
12.287991659999998
11.233924949999997
11.188605538999989
11.112598037999991
11.729208814999994
10.767471395999989
10.435380696070702
11.265231011999994
11.29764799299999
7.830885856594851
11.39429167899999
13.941301182999995
13.404412867999996
14.064344494999991
10.278099584999984
11.345879481999992
12.006963147999992
14.128814502999987
14.256995235000003
15.46795931100003
14.906095133999996
14.774034000999993
14.178985838
13.601322593999996
12.812312227999984
14.521404711999997
15.14385786099999
15.105170481999995
12.586209928999994
11.419258814999989
13.22321138299999
11.387494781
11.773543426999998
12.070274938999997
12.097415090999997
11.979120839999993
13.971688584999999
12.779859838999986
13.365677402
12.993736010999987
13.209669896999998
14.162217524999994
11.547813489999996
13.724498734999992
12.579641022999994
12.860601152000003
12.537596375000005
13.392119169999997
14.113118358999994
13.80942386899999
11.902944109
7.276398101799985
7.36513569639999
10.996149706999995
12.336268192999997
10.909628259
12.147930102999988
11.846556052999997
12.130907407999997
13.233834780999997
12.974897323999992
13.020687006999985
13.813347512999998
13.729224312999994
14.588813866999988
13.699778321999993
14.052969214999996
14.756754435999992
12.812439141999999
11.613409000999987
11.847537766999999
13.140126384
13.427911326999997
11.97083528
13.109261684999998
11.364297098999995
10.050961456212148
11.275644533999989
11.495880189999994
11.540880682
13.031117228999989
12.925314240999986
12.782338482999988
12.411398470999988
12.336451610999998
12.288960189999997
11.928866424999983
13.613745487999994
14.706142029999999
13.521998002999988
14.059904419999993
11.167824183999983
11.310122144000003
10.058311065795994
7.296287454202535
6.746585807797416
9.976965609787827
13.012427344999997
12.858633975
13.165476117999994
11.721113439999993
12.183533075999996
11.029018227999995
10.342492702999998
8.930772239696148
10.45892007293199
10.760052561999998
11.069954209999992
9.98876228928287
10.361017884999995
8.552757560700005
9.336822547898711
11.724632557999989
12.121734655999997
10.927825307999994
12.473159226999991
12.995932457999997
14.259405869999993
12.52183340899999
11.451758819999995
12.226214782999989
12.491712952999993
11.829265120999997
10.661839328
8.803643508898709
10.808087211999984
11.714163502999991
11.86407556599998
12.289430326999991
9.49414658979598
12.529681705999993
10.591966964999992
9.255332336405111
6.629726063499994
8.681589358493593
12.071491047999992
10.062569860858552
10.114679441863993
9.769266857895994
12.411039007999989
13.020901592999989
12.718925351999996
10.01792761992926
10.868187929000001
10.070606384203995
10.827620356999986
12.29021782399999
6.173923539696129
9.452414692795983
10.90763273799999
10.890291872999992
12.450565500999993
11.750102602999993
12.354812211999997
12.712533693
12.905944589
12.195307027999997
11.533731254999996
9.803214582858544
9.609111741594873
10.541386297999999
9.820997593687995
8.788811392202545
6.3053862807999925
8.38087048650639
9.986644155929264
11.111719213999994
10.756154043999999
8.285897459405094
11.19382447499999
10.07861606599998
5.6518129607999805
5.839787635799983
6.428090719599989
5.221743853799995
3.678733720399993
6.0802892075063815
7.669505808999977
6.45303663640509
6.353122038303807
6.264008924898685
9.353355389282855
5.120179215999966
2.9542016005948435
5.807667564405083
7.228992819202542
9.126293849135976
2.4193429427999664
3.3955395522999665
6.570657784999959
8.424431045659977
5.552667742898692
8.676246844506393
6.639174993898698
5.244344316099983
7.008360971099984
6.430692230202531
7.178341847202538
4.896872668499975
5.565690331999967
3.483904846199987
2.7797003081999874
3.8498326323999676
8.296676715101258
4.397328924599979
4.590114038099968
5.766338543699973
7.3241297896961335
7.960130834999976
7.84124984279742
9.212100100795984
3.660439854399989
2.152796984899983
1.822490714999978
3.111830786099975
1.6869424468999807
2.9456671325999713
2.779966026299977
4.313832177699967
6.292893679797408
6.157408412202527
8.13674172520253
8.07712483669614
8.425194343727973
8.246342080696138
8.571828663594859
6.7088390029999845
3.337148423799979
4.295025277699966
7.867116160594863
6.081171528599984
2.587527728299973
4.348496621699974
6.725280514499988
6.718582722506372
5.8756693328999825
3.8828757735999844
4.035195268199976
4.29560544429997
4.700311822499974
3.867783512899979
3.910417732199968
1.784553880299964
2.1604662124999683
4.975032397499979
1.7599387694999669
1.8005704909999658
5.475741307101234
3.769628189101239
7.078682121303812
8.867420669594868
8.42804661249358
6.909922557101254
5.4325419861012385
7.830630781727957
9.039923100203977
5.490472518898686
7.206752510101257
8.513581285101262
8.819507414135977
2.171614199799981
1.5900678206999879
3.965758782999976
4.674284782399982
3.0163097365999696
5.679526153599972
8.639016587797427
7.306013375898702
6.074693681303812
6.297062322999966
4.248665238999962
6.938774098202533
7.660707955900003
5.983005046099981
5.476188262899985
5.608156692499986
6.061006425499986
5.8302733199999865
6.921541270405103
7.376205389405101
8.734931219506395
8.462147859202554
7.584288610797419
9.142836323659978
7.03118971249357
8.92557204727197
9.05301566614141
8.72130686493198
9.684987760931984
6.5341837463038175
6.742040359499988
7.120803707899986
5.249360258499984
6.397499206499983
6.710138629202536
9.653680032212138
7.539440339696133
6.268042765797398
4.061943838499965
9.9447698197171
8.743239520303828
9.046797756999988
8.0232362534051
9.516559924303833
8.725348577898702
10.344293772999984
11.576215613999992
7.9359021697974175
7.799760429405103
8.728688311797422
10.607654746999991
10.36199775228287
9.343847747863977
6.797831178303804
4.503364932299976
4.245689892599973
5.878975289898684
8.416730462594867
8.41996098789871
8.015134236101266
8.200814674405109
7.25410834049999
7.091273091099993
5.025712235999986
10.005782453929276
10.652156635999994
10.52863400599999
9.506611418135988
10.583392888002711
9.34737574007069
10.247056417933443
11.507957385000001
10.340083857999991
10.554403155999998
11.335025976999992
12.029525898999992
12.205780840999992
12.327052945
11.827278217999988
7.972846517931972
6.626985549898686
6.810453488202532
11.367781711999985
10.590615297999975
6.9832772338986775
11.048225705999991
10.576635227999983
9.901905618212155
11.764640340999987
8.237400442659967
9.68134519806799
10.069339191994558
11.167397899000004
8.71549800720255
10.148996709994558
10.847249527
12.401964505000002
11.209417693000006
10.028928781067995
11.600511744999988
11.550237304999989
7.469858633405085
11.855682622999984
12.472202387999996
11.179032033999999
10.140381009989119
9.947681918203987
11.431994452999994
10.741578624999994
10.141797335858543
9.921334706067984
10.44170460799999
7.239115318303816
7.854629089405098
9.153094779999988
9.390712083271987
10.278077653646385
12.09661722599998
8.657682243303817
6.731930357405089
9.581800581271976
12.136842351999992
12.111380527999994
12.863403200999993
12.139436887999988
13.449375167999989
14.227777427999994
12.622474254999982
12.711940163999989
12.000395972999982
11.851105672999989
12.154236519999985
12.876961493999985
11.43650814799998
9.259593249659975
6.597789625493565
4.593368615696122
11.218434778999983
11.706695707999993
12.115004560999989
13.146300137000004
12.325947757999993
11.185262342999996
12.058342725999978
11.585467618999992
14.102912283
11.28356140399999
12.063234702999997
13.945771625999997
14.800965207999992
10.961299468999984
14.43236257599999
13.671117092999983
11.436549495999992
12.884549285999986
15.222395991999996
14.269748241999993
14.374305326999993
13.240161123999997
12.255801003
11.561762955999997
11.389074456999998
9.95071496892927
11.514936963999993
10.89447716499999
11.497431144999993
9.377628941203985
11.292745815999982
11.11700277599999
9.68847515713599
12.522689519999991
12.414075074999992
13.485604311999998
13.490852334999998
11.959869607999986
10.948441890999979
6.9002123397974175
6.705640318303817
9.968185620067992
11.505019687999987
9.508001087999975
8.884540599101271
11.146117182999985
12.138141150000003
7.115697668506373
5.650674197405093
10.43226145927198
8.145090272659967
4.136698991405084
6.2653595305948455
10.815715272999983
14.19633855999999
13.75122600099999
13.030776922999989
11.338970995999992
11.437229867999983
12.768773527999993
10.887986397000002
13.070464784000002
12.30450091699999
13.211681902
13.57756157099999
12.318251897999998
12.218155204999993
13.135964427000001
12.569832573999989
12.400599022999993
10.25032353999999
10.163147989999993
11.249803892999989
11.950738672000004
12.862727520999998
11.954164249000014
13.381244130999988
12.361052056999993
11.553745524999991
11.953182805999996
11.751622744999986
8.21366962889871
8.682963072202556
11.307295087999988
12.046195141999997
12.495979166999984
10.586130289999987
10.271722565
11.601027290000003
12.638944205999987
13.276185984999996
12.194440413000002
11.579397097999989
13.656763473999993
13.70098363199999
7.290116365101242
13.836929807999997
12.243019660999988
12.620822114999996
12.780951349999981
11.469414985999993
10.518626568999991
9.787051917999985
11.18293309799999
10.485016148271983
9.803334533795981
6.213764773594847
6.702871586594844
12.269030890999982
12.718752205999996
7.922887257399992
9.907186828717096
7.127472706594854
7.602344996599994
9.990655873070702
10.718190905999986
10.338139668212142
5.916412332202518
11.704808521999988
11.07148647499998
8.53415599820254
8.758021183863974
9.65527348927198
7.61388165889869
7.3370699203038185
7.440864810202541
6.048090240499982
6.312026437399983
7.017771256999988
9.002090742339979
11.303286840999982
10.440551995999988
4.817218180797405
3.345004307599973
3.3545906371999696
1.890211897299964
2.3166150512999777
2.2138667235999696
6.060031100499978
7.376705126999966
8.936225399858532
9.763205807353575
9.193025515795988
7.207516850303815
9.456076545795979
8.700243864405113
11.551288090999982
11.98293036999998
4.378601251202531
3.8438945479999678
2.497044840999966
2.1276509337999716
3.49399939579997
6.391356314099989
5.323473985299977
6.4162893982025375
6.019943174696131
6.566069711303813
4.167158868399978
4.090886537199977
4.624958856199988
3.7081175979999905
4.612274464399984
5.103528056303804
6.630603027303806
5.303634168999963
6.849821032696132
8.0488113158987
5.0870371428986925
2.511366093399962
4.532830929594845
3.748369120799969
5.071320898399979
7.270175100696132
4.185351682999969
2.4267081771999686
4.039385256999966
6.213023057594853
6.772104931594853
6.8643734145948585
5.58893222959485
4.125824221799966
1.6247899184999826
1.384643508899994
3.1059343871999703
2.6805305556999737
2.948581732199964
4.780411462405083
6.557212472493565
7.634008471696133
7.592815409898687
7.315571839898691
9.175503958067981
8.710976757863975
7.130245982405085
7.273891183506363
7.31010594020253
6.8870628784050965
3.278105471799968
5.678721417202525
7.900930461101258
6.036644021594845
7.0094308028986925
6.8518068283038085
7.544657342493575
8.124273217863971
5.135783540303811
5.3725506424050975
2.372808148199978
5.425789544696127
4.9685555343999726
2.3383999511999667
2.569094024699966
3.0674977874999674
4.989011752303805
5.500759835797404
4.133214514202526
3.822333357202515
2.317852497899957
11.922640560999978
6.26938009799998
7.495078289797427
7.64556703030381
4.061409387202516
5.381079536405082
3.5438059768986823
7.372461529493579
7.674442449999988
7.118091610696135
7.098239585898692
8.230233514405107
5.882415060405078
9.210440177931984
8.44737240910126
6.429473982202528
7.950528440898708
9.523042909135983
9.11746820379598
8.142087834202544
6.436687942493576
6.656099502594857
5.780992878696134
5.671893276999977
6.382614700299983
5.676304751599986
3.708472396899985
4.532436216699984
4.07397129059999
3.2719750121999787
4.22181767119998
5.196281483499987
5.447376177999977
6.256928243999987
5.064404663099993
8.07383023220255
6.729880876202537
8.190666574101261
7.270686941493576
9.832146751271983
10.240755367999983
10.616376720999979
10.195280516070689
10.618415385282859
10.720248008999981
9.55680773172797
12.233352812
9.264279777493597
9.839560343929257
10.180622253282857
6.435472637898682
10.827172077999975
10.197100511141427
6.124567088303813
3.6285461792025155
6.6577825073038115
8.207736029101273
9.517850665203978
6.411044764696121
4.8694532715063525
2.763685171493554
6.6721422439999705
8.661180438135975
9.939003045795998
10.436642516999996
10.120967781070696
10.389523520002713
3.850095529199967
3.245747804299961
5.409891691599968
8.413678768931966
6.141946014405081
4.277119215405081
5.613384695405081
6.237596496594838
4.942669154405074
9.654359170659983
6.591873088101242
7.612519113202532
7.917949800101258
7.076847874506371
6.771864901696127
6.330146714797414
8.756559710787805
7.745030012493585
8.042124452199996
7.325931668101262
6.559313058506381
8.790062329101271
10.507586856
10.84206742199998
7.199756881696133
4.3449387328999665
7.059028314199989
7.793014163202544
4.720803248599988
4.23960401609999
4.306196351599988
6.157962036099989
7.189068273898701
9.79851460714142
12.087549207999986
12.062378403999997
13.462356351999993
9.552455787787824
10.14034700171711
7.237990315202546
6.428934532199991
6.567980721999982
10.442976108999984
11.378695656999977
12.103973194999984
10.736809954999996
11.597780750999986
11.389861646999979
12.183995597999983
9.916168087858534
5.888816514594845
3.176211775199962
3.8363490035948424
6.740845596303819
9.863425990212152
10.523718072646382
9.696027146929264
9.50737262113598
9.731847337203988
10.469070839999983
11.370547689999984
12.67577738
11.891226128999993
11.08677235099999
12.733765899999986
13.525616067999998
7.259358689898686
5.809917784101253
4.616261511199977
8.613873069797426
8.743205117797428
8.053188960303814
6.431159223898687
8.236247592202544
7.8408345046961445
8.985910856727983
10.512583588999997
10.249427924999996
10.857165021999988
11.01185893399999
10.26446236714143
9.044429272506394
12.056914963999994
12.921544269999998
12.732837385999996
11.81249201699999
6.011417359898693
9.653449200271984
10.381622291999994
11.06430157799999
11.747403603999997
11.452224061999981
11.690090607999998
10.645081580999992
11.271556310999983
8.182263940405097
9.053787368863981
11.075753155999989
12.344909730999992
13.335848705999993
10.966768258999993
11.969964808999999
12.681275361999983
13.26088473099999
13.533303241999986
13.640523806999997
13.782465159999997
13.16967696799999
11.23315995199999
11.64080006699999
11.28851315899999
13.003597930999982
12.315484545999993
12.885192371
12.976065813999995
12.495296273999994
11.506179143999985
12.792684223999998
12.709688489999992
12.975943879999992
12.430398395999998
11.783774148999997
11.551387421999994
10.339711504999986
12.120883390999992
12.342124059999994
13.66357854899999
13.093167289999995
11.339989394999998
10.411700936999992
12.027805126999997
9.670902758863992
9.850314642203992
9.36801490479743
10.486819143999995
10.022989332727992
10.342488602994555
10.989324175999986
12.117725275999996
10.837445485999995
10.105968348787824
13.385460351999999
10.871156943999987
12.267882394000003
11.810305441000008
11.829143143999996
12.222498929999986
11.871856138999995
12.542311151
12.561345562999989
13.166807950999997
11.207689654999983
6.702580250493571
9.314850562999986
9.922074903931989
9.711908216931986
9.875905944791995
10.370290634135985
7.865378573594857
8.787982932999974
8.288437487797413
7.342251563999982
10.396666138008152
10.46636648599999
9.844342040999985
11.371351303000003
12.070017222999999
12.288179619000005
12.146899124
10.407861478999997
10.872989004999985
11.543539856999995
13.37821008099999
12.415679511999988
12.694391053999999
14.168747182999992
12.621982987999996
12.081426664999999
11.154456151999998
11.095756005999982
10.476937914999985
12.152653751999994
12.913720339999992
13.528757379000002
11.713794617000003
11.206237575999996
11.990569845999989
11.958188530999996
11.125719048999995
10.812466625999987
10.917222136999998
11.833703484999997
12.344777968999997
8.622553041103975
10.868200771999993
9.04863298650639
7.609214741499995
9.555168418929268
7.700800064101269
8.212285990898714
9.841005100999988
9.904098007135993
10.65744449299999
6.826277569599985
9.31848911428286
8.02382241520254
7.633412687696141
8.197303030399993
9.392301061999978
10.221145423929265
11.693544495999985
10.592314150999988
10.783579125999985
10.998185987999982
10.10763169099998
9.182201145931975
9.640347616717099
8.973895620787811
9.625501176353582
9.937355721999984
7.752624096696129
8.118256669594855
7.648636715696137
3.698279063399972
4.098868460099976
2.945343893399964
4.725561025999964
4.47124886020252
7.1039116759999725
3.52248064579997
2.8431816161999617
8.67741238099997
9.347461604203978
2.735169834899969
5.285207026699979
4.383653774999983
5.6788660399999715
6.0375159775063745
6.328109956405093
6.453159851101259
4.47430205540508
7.037005342101257
3.3971481368999648
4.908347172499981
4.239263139299979
4.148146360799985
3.479037867699967
3.7245150695999745
3.482199771099981
4.256589247099973
3.8413646956999696
4.125248362699969
4.9773473205948475
5.653765670797406
4.131804292299972
4.427182409696119
6.96828095549357
10.95180572999998
8.973608950863984
7.35962376710125
7.918567381303815
7.954686375405097
8.54402194059486
10.091927804717105
5.920430244405093
3.498302003499985
2.482355384799984
2.2553934447999806
1.5275148620999894
1.8983877288999775
4.136998098797403
2.4273548675999663
4.9739016189999665
3.794461964405089
4.7505338242025195
5.229630093405083
4.01914635469612
6.214374592594847
8.906331710863967
9.410957255727984
7.027906854199987
3.5957397979999746
3.297040374799984
6.768473106399983
6.247334330696137
6.4643722548987
5.937359245299989
5.4112937606999685
5.84374604799997
6.000662535101245
7.787317269898699
7.4461484283038155
4.6910527739999575
4.185325653101242
6.167719773898694
2.623912208599972
1.6798010177999692
5.682334390303801
7.88836952969614
5.885035113499982
4.789530007899981
6.2646972244050865
7.0668057464999885
6.056024894699975
6.135254211405085
6.965786730999966
7.590826290898693
8.499531347696143
9.255312469339986
6.259910606405087
8.544267829931972
7.7511938583038065
8.835580282727985
9.463381097282857
5.943293653898686
8.847348066696144
8.758000645405106
8.34277124020255
7.242802877797417
9.572553384282864
7.648649101303825
5.6579909652999705
5.98537186889869
8.009393441797423
8.551437237659968
9.974385264727992
9.483328123339984
9.361949078405107
9.480610063135984
9.034229981999985
7.976297701999984
2.26460014649999
2.587130134599968
2.1515360122999683
1.754831823699968
1.9486744491999672
2.862830367999965
4.539506336999968
2.6649473800999672
2.738923088099967
2.9652953734999565
6.67585904999998
6.654025129696129
8.669708073271973
8.439509759493582
9.448917260687988
8.559309547405114
6.8554305510999916
8.440947466999967
5.719818185405088
7.488925704999993
8.527423606898699
7.570698374898693
9.359356913797436
10.051610775858537
6.144244291696134
7.510812936405092
8.69300424665998
10.375595046999994
8.946015051303824
8.229682623303823
7.122249655202535
4.58915010379997
5.224113485699977
7.619501994299983
7.8344778686961405
8.04607894130383
10.339244246999996
9.204978689727985
11.805633718999998
10.409742212999989
8.232368975797423
10.079264227212144
10.206061407353584
3.4367558121012363
6.636437992898686
5.533146832299983
6.16073596499999
7.680046926898706
6.85063903499999
6.713579183999983
9.703223683208
10.224165262999993
11.697425951
11.78957723399999
9.605426989795973
9.33282411333998
4.129587354999974
5.662820043898692
9.02235781859487
8.235468344099996
9.993238442999985
10.813593905999989
7.413954748659958
5.201407022101239
6.009487991303804
9.094639045696148
10.683040131999984
12.774754828999992
10.757741301999992
10.110233692929263
9.403849124067978
11.832488588999993
11.40865371399999
10.99878175799999
11.592739707999993
10.948357656999978
9.034466819797425
11.485706444999984
11.007793390999987
11.62950770899999
12.490517626999988
11.513955941999997
10.536785848999987
9.26652870927198
9.748845179795989
10.191536585999986
10.97570916299999
6.347222869898686
8.902507125931983
9.018168186999997
9.753349023271994
8.587634834303826
10.81706968499998
12.861140265999989
12.834671222
13.589796042
12.650987154000006
11.980144095999998
12.80256937
12.144674476999992
12.628638610999982
12.888898966999994
12.770852747999998
11.995892905999998
12.238399004999998
11.840591335999994
11.643298099999997
11.83503923500001
9.86249497069616
10.62167810499998
12.104795588999998
12.608750585999989
12.913285265
11.774377434999998
11.722202567
13.001761505000005
13.06954273399999
15.383703598000007
14.391530691999991
13.839916082999991
14.293997616999992
14.131100332999992
13.223430762999994
14.630265537999993
14.570834817999987
11.661543018999993
10.584205726999986
12.83987578099999
11.714541219999992
10.039363478067997
8.951081684898712
10.385998972999989
12.191809305999996
13.879651817000003
10.391078314066561
10.078515216070713
10.185854227999991
12.05888501099999
12.76996402299999
13.305372446999995
14.278730973999998
14.700380124999993
14.104911545999991
13.256327969000003
12.991232107999997
11.427677710999992
11.229120296999996
9.715639326152806
9.003476054405116
11.316318079999997
12.084341623999984
11.912776186999997
12.218421567999997
14.355408301999999
9.038801502999997
6.402029025303817
12.881311983999998
12.646339859
13.688991769000003
13.265174344999995
11.221880611999987
9.89186729286399
9.799465418999995
10.355917237999991
9.941939631795988
11.255848882999992
11.50895120399999
12.751235067999996
12.355030212
12.951776323999995
14.039661254999993
13.941812690999994
14.180130109
10.990867386999987
12.208881046999998
10.379033465999985
11.036959343999987
9.762215426727995
9.444534965493599
8.420930535898712
11.157786866999992
12.644970783999987
13.379955417999993
12.826668355999997
13.256029485999987
10.866527199999998
11.410092026999994
9.873252377203992
11.021510933999991
11.485910729999988
11.365625615999996
11.04848030399999
10.714112114999994
11.21337666599999
8.687924493271973
8.927558285659977
10.403017689646388
11.192685354999997
12.311237834000003
10.214249227999991
10.954494985999993
11.993024642999995
13.56698744499999
13.437421631999996
12.740969321999996
12.682649842999986
11.639005649999982
10.68771522399998
12.463995447999984
10.836702352999987
11.528074715999992
10.753230756999994
6.794115122999981
7.533422219799998
8.108150765999994
6.166627043202532
9.552375762898718
10.717793847999992
11.270499534999999
9.96880911703056
10.665898319999995
10.310164022999999
10.294744677999992
9.889705508282873
10.272940421999992
9.228628445271985
6.635421382099987
4.926049294999981
7.64261811520253
12.134677262999999
10.1048646577171
9.037803613203984
7.886612109405095
7.018365438797421
3.7456715835999788
6.067048695405101
6.299145869405096
7.460812121599986
8.804990142797424
3.8597757857999744
7.864694798299992
6.914739086898704
5.922181312599989
5.356673408499988
5.931201295499985
6.394223202499986
6.0321315398999955
5.982244691499993
4.358808633399994
3.9098471755999715
4.513859333799981
4.69876618349997
8.220319616696136
6.206702749594859
6.193069721999979
4.437976516699977
4.581464068599968
4.894911598202529
5.287497395303814
6.632266242999976
8.46101855930382
8.77192568506798
8.469910232493584
6.383234364303823
7.7957412459999675
4.882490905799983
3.186171224999975
3.0499301833999746
3.3094026015999733
3.6764774032999723
5.213870298799978
3.1598231261999654
4.2919175812025285
4.453094105499966
6.897086599696142
5.806912805199983
3.735302864099978
4.030327700799982
3.185951214599974
3.015686866799964
2.0933191863999805
1.5332641829999785
3.7731012344050883
4.2857378737999765
2.138767802399971
3.59157815089997
2.803637850999978
3.1827305968999737
3.846239619399965
3.7342427001999714
7.996385537696148
7.039108335898697
2.2833543517999733
2.0972004226999807
1.9663838866999657
2.968265344199967
4.610064915499968
4.757144694493563
4.317482284493569
5.126507844493566
5.723773138405088
7.221995342999968
8.166131332405092
8.963080960067979
7.0313541672025295
4.347904046594839
5.248542141696121
7.520223132299995
6.225768234303809
6.177381243898694
7.332895848101251
7.843322289999982
5.977823417699986
4.950221690399993
4.049061927799992
5.225767539999972
6.025001240499979
6.3836568192025265
3.298995846599974
1.9699731109999628
3.6201269027999654
4.070401658599964
5.102645375099975
5.4093654052999725
4.204322836299974
3.8171341002999704
6.454484197999973
6.121485301199979
5.660287858594851
3.762734445199979
4.297898562599983
4.109454090899979
4.8490948624050905
3.9183617324999678
5.634951548797406
6.019048019405091
8.221119825696139
2.0935654647999646
3.8368605529999664
4.713460125699976
5.720520751999987
9.393719009271985
8.93216515050639
7.569390444899994
7.990842636099994
8.571080667101278
8.462594847101263
5.026924310299976
5.330763476594858
3.5451457580999746
3.682799819899972
3.817070455899969
5.12144955899997
7.525536811797413
6.621512692303812
9.636883497727982
3.177145159899961
3.8977171630999705
8.05691144572797
9.428653939858537
9.278020663506387
8.917716871594866
8.4929320465
6.543017549101255
2.537114282199963
4.189176153599964
4.839703330999969
2.4413197555999595
2.2192247451999583
5.829241236898683
6.770099809303813
5.952540093999992
5.655061431899977
6.548785769696116
6.940027619899993
7.531300120493585
7.602040039067965
9.863990844787809
10.28281098621213
10.10853390701088
9.471878393717093
10.261520017999992
9.850101365696158
8.939835098203979
9.528114366067971
8.524549011135967
10.902079569999982
10.489311834999986
10.02482816478782
10.598232828999981
11.196855826999984
11.572133004999978
12.227946966999989
12.774325925999996
11.246387916999993
8.811354522696137
4.085327641299978
6.001351695303819
7.561819915797413
6.309581417797401
5.239806961101237
8.230665005339963
10.452105555787822
10.510917310999984
10.514673786999982
7.660421906999969
10.262532632282852
11.301115676999984
12.256937858999992
10.984288259999971
11.08060471599997
9.531111038141407
6.946414572101243
4.654699954202517
3.7108554839999517
4.5854363892025125
7.758175485202544
7.032179864499995
9.867813127067972
13.062176450999976
3.8279752166961183
7.302314327999977
9.572457328858546
8.714160285931973
10.824795357999982
11.557555018999997
10.47917562299998
10.649973725999983
13.216976439999991
13.06672112699999
13.062734415999982
11.82223387299998
10.589332129999987
10.078613025999992
10.795624038999998
12.414640365999993
12.806710652000001
7.939987901203966
3.816566014099974
3.5910023787973984
7.540100228898691
10.808093705999983
9.355643334999975
8.25151380769614
10.912770521999994
9.861943298212152
11.311162029999995
10.503133820010877
11.12667688399999
15.168533749000005
11.576824558999986
6.720900625594853
5.5183738936961255
9.141023529070692
8.577840731797423
10.319821409717097
8.667418511999955
8.07228005079596
5.630822558594841
4.02140085450636
5.299976077303797
9.79580035564636
12.994206173999991
12.087643158999992
13.286925936999998
13.487156948999997
13.195514887999988
12.838594345
13.319047745999992
7.87015670786396
7.487660102863952
10.776572895999985
11.722287232999992
10.24393300609984
10.514923081999996
10.617102195999985
11.515658162000001
12.925534209999986
14.014233626999987
13.08374783599999
12.490407631999986
11.964215090999996
12.835192975999995
13.102745925999983
12.629818879999984
11.521846903999988
9.576160597202556
11.398507866999983
12.927503876999989
14.187172658999986
11.78995903899999
11.966453885999995
13.196306537999996
13.470744661999987
12.829574390999984
11.583699038999985
10.599340464999987
10.915340355999993
11.979072483999992
13.691499396999989
11.479815673999985
10.38001926999999
10.785858603999992
11.318046232999988
9.637481913863983
10.596343500005434
13.873402308999998
11.365216338999995
10.98024961099998
9.284339646898712
12.225903069999982
14.557017238999993
15.673382065999995
15.341947179999996
14.570042524999995
11.022277460999995
13.754046792999993
13.307732036999994
13.821183642999992
10.075594178858541
12.242056769999989
12.051511841999993
13.551146606000005
13.080527006999999
14.471410985000002
15.25428151999999
15.723800147999993
15.73085569299998
16.622988134999993
14.994775606999987
13.468153177999993
12.827643317999996
11.467055810999994
13.089668907000007
12.948968723999986
13.576160221999986
11.267014522999963
12.94689179199999
15.224372996999993
14.82486249199999
14.29473608899999
16.402978978999997
15.077232412999987
15.358946993999988
14.368220821999987
13.060081994999987
14.810202967999981
13.177489538999993
12.102903259000003
10.341380987999994
10.606925860999988
9.379447569311983
9.942086364787826
11.029745818010877
11.610523383999984
12.811955347999996
13.397944655999996
14.98699506799999
15.01503324699999
13.234979064999985
14.471272387999994
13.188209142999984
13.390876792999984
12.825736413999987
12.839569597999994
12.30205084999997
12.07037876999998
12.326808948999988
12.955423113999995
11.261347359999984
10.93098153699998
12.851618653999997
12.935306795999992
11.989178789999995
9.170645667999993
13.421294307999995
13.704179491
13.482820087999983
13.709957665999992
14.84194404299999
13.274195322999994
10.251879972858536
5.056044332898688
7.77287962040509
9.19970667713597
11.42118329199999
12.118527404999998
12.530549518999997
11.509803452999998
12.079653504999992
11.334165731999992
12.753750538999988
11.292099955999984
6.760314056405103
7.055634896898697
6.942957324202528
9.138459852717087
7.365386271696121
11.075756473999984
10.315763066070705
6.799951515202528
10.011565603717093
11.880859102999985
8.148257250999974
3.696302511594841
5.671710494999967
7.811430743405092
8.472557685929234
4.2090896697974065
4.533101286303799
6.213181512506374
5.199121276898693
5.731503405797418
6.748797048999977
6.877105825799983
5.836019717399992
6.117469241299989
6.579257150299975
7.603393823135961
10.610786581282854
10.921881348999985
2.877808860797401
4.792472793599966
3.877481751999966
4.45114896389997
4.444226818799974
3.978456268303811
5.557109535199997
3.572698413099978
5.798706701696119
6.533767915303809
8.066160598863965
4.688603259303812
2.5814637161012413
2.909113114899966
3.024230645799969
3.3791197692999626
5.827846614101253
4.215622904999969
4.3086759644050785
5.37327768549998
4.360643423499982
3.5534774581999757
5.182240525799969
4.631811280799972
7.232550370797411
6.268044554101245
9.106308615067972
2.9132586486999714
9.314174644353571
7.971330943303819
7.636111350999976
8.620911303795973
6.6807780014050815
6.002306840493561
8.170200733898698
2.768220126299969
4.29750814969997
6.45198681340509
8.209952787797418
9.419403617931978
10.575269976858536
10.595606301999988
9.800299891795989
5.81433859709998
8.103543060303817
7.3506644256961255
7.4003939743038085
9.088765270999989
6.768457910202529
5.761434002696124
6.629048840303813
7.136752975506363
6.189765740999964
7.100938720696125
5.324427146898679
6.483225903303802
7.901734347493585
4.951493775899971
5.880858238202529
6.055783253506377
3.53660544129997
1.9371043868999689
3.7454475783999697
7.289166212506378
5.474455097999969
6.554268078594838
7.613762689202534
4.962352618405085
8.78454424589871
7.841583753999981
7.5733588135063785
7.0605256804935665
7.852133735696135
5.893693005405094
5.017600863594838
7.438097865303807
7.337107476797419
6.762538110405093
3.8737419631999668
2.9013167174999626
3.1730542678999667
3.4530919280999637
2.2674739501999643
3.5716927962999687
2.092001953099966
2.83530205839996
4.602166809101243
4.685639891101245
5.367489355506365
9.127429704203976
9.9904860320707
8.59131940779597
7.0817161362025365
6.236231829797412
7.847716709898691
6.618431242405081
4.222488992303801
6.309696427898687
9.352013169898713
7.351949146999976
9.679593757727982
7.795016247727963
9.073907897931967
8.681107556135967
8.497019490067975
10.191046803212137
5.730029956101243
7.69283296049358
7.96811263579743
8.82132875679597
9.068275598067975
7.673496630898697
3.5169058730999594
5.010033726493556
9.419367924353574
7.9222096268639675
3.4483651488999656
2.2073879729999657
2.6771098708999603
4.56585642240508
4.622389723202517
5.797537570202512
7.5539979476999966
8.048456224101258
6.567335258499997
6.613766448999988
7.7929674256599615
5.109751843303801
5.636545957898687
4.221009187299968
5.76775127559485
8.429151910405105
10.487387118646378
10.487874909999983
11.275214878999988
7.705124047898688
5.379077421594841
3.8183726791012433
6.012868844594851
6.315541474898685
6.449147540303811
8.301173864795974
10.948370139999994
10.311935107282858
9.581558322067973
7.3670111144935655
7.236337504727965
7.323259262101255
9.44529629514142
7.98539387372797
4.671412370303792
5.876274188202522
10.703769436999986
10.388657446212136
7.124966670202526
4.114253707898672
9.009445461999976
11.28968301699998
12.244365241999992
11.472995534999995
9.849710508787828
13.053358762000007
10.432764388999992
11.594333318999984
7.2362036178987
5.074432696493571
8.916933755353549
11.333772458999993
10.323159977787823
9.71402560586398
8.75936751264637
4.749363168299974
3.6698411788999676
4.728741801506369
3.1009221328999685
5.860870352202528
7.8769189972025275
8.706226188795975
8.982412690795977
8.769892646863955
4.889246278405072
5.077242883299966
4.490270451405079
9.378580822797435
8.81675338899998
10.848031006999976
13.355219494999995
13.670078110000007
11.931301899999989
12.549612668999993
12.71345927699999
11.366285486999999
12.254393928999995
11.278216695999987
4.871397132898689
8.018410101203962
10.529482580999987
11.455583765999986
12.695399872999994
14.043098944
13.260250861999996
10.280214259212126
6.3501751053038085
10.027763288931983
11.411909496999986
11.420244842999988
11.471684647000004
12.675415405000006
12.392480092999984
11.506498232999986
13.033794744999991
10.402031292999991
8.962101237506388
9.713967343067996
9.744189334070702
9.957134684863991
10.468361777991834
12.226921048999987
9.961714567866876
12.427770766999995
13.223850303999987
11.751089255000002
12.122890598999994
11.501424224999987
10.407611617999983
9.067260655202551
9.216155470303832
9.08886163479743
11.816729217999981
10.25075098001088
14.598215242000006
12.054563126999996
12.331467362999991
14.521999082999994
10.372115041999978
5.409419772303809
11.526963962999975
11.845069582999992
11.994626706999995
10.171760011212147
11.136171514999987
10.930776510999989
11.324962540999994
9.9303277695064
10.354320978999997
10.310941544999988
11.309205181999996
9.381387820405115
9.293172216797432
10.494272738999998
9.031134350594872
10.146504749999993
11.49237573999999
10.228449041795994
9.903866871717108
10.07742917486399
10.10933347313599
12.818182415999987
10.859940700999992
11.612057929999995
12.212978294000001
14.445438230999986
13.776722696000014
13.782832721999993
13.822255776999997
12.790898949999995
12.143558898999993
11.305310384999991
10.854005602999994
9.766771874999987
11.660556746999989
12.291159366999999
10.994855900999985
11.76446850999999
12.813969116000003
12.236785390999998
11.009569211999992
12.372624489999993
11.109432013999989
11.433129505999998
11.432860084999982
10.726299228999986
9.243763590999995
9.598025308202555
11.43433252299999
10.973838489999995
12.290819414000007
12.585046639999998
11.704626137999995
11.633724201999991
11.710496242999993
10.94069560199999
11.509984112999994
12.659966794999992
12.752249564999994
12.533674813999998
13.460985589999996
13.585316324999999
12.931638544000002
12.979556670999985
13.287416434999992
12.063806045999986
10.515657396999998
10.227540746997281
10.621316851999994
11.485993143000002
11.30600768
10.759728039999997
12.196112342999996
14.247606059
12.616906428999988
12.74147647999999
13.68419750399999
12.106266811
12.225080157000004
11.245032027999994
10.946921767999996
11.254124485999995
12.430613097999991
12.610157647999992
11.310631037999977
13.483036165999987
11.181741204999982
11.01040687299999
12.073753522
8.845108969101275
9.738744248999994
9.575968852141429
10.858666852999995
10.158235750999989
9.096570213303835
8.775268630999998
8.676742214999985
9.200368792696146
10.033399081282866
8.322725314203979
5.465482415797411
9.515937570141418
11.750262604999998
12.898035882999995
10.687798224999996
11.64287518499999
10.129640941002716
6.679214862099994
6.837363584899995
7.945406732199994
9.774188203282863
8.25278892359486
9.876783369271985
9.87118864899999
7.931918228101265
8.32104796910126
9.123840751727984
10.046832823141429
8.2908221024051
8.038228703303819
7.880303413405101
5.1705977904935745
8.736868760687972
7.605077671797428
7.430083302303817
6.526135197399981
7.229588244594856
8.286295404101274
9.066984199659986
6.600569012499986
5.748057078599982
3.7833535079999714
3.646249951199968
5.080915222199977
6.760863595594858
5.871609071399982
6.364215075696137
9.190979908863973
7.2779268447974035
7.678449137898692
7.492312814303811
3.4836948577999727
3.863031205696127
3.3518747863999705
5.921477754199991
7.55762178650638
6.540399604797416
5.506702307101244
6.6451929946961235
8.437779385271975
9.603948515203978
4.006834318499965
4.567475268599966
4.853181262202528
5.2690024947974115
3.5946462295948383
5.751150721696133
5.5440796630999785
2.5748969848999654
3.6266802413999777
2.197362528999965
2.474036517299963
5.892266839594843
4.713605546599976
2.3418558120999693
1.9534743255999714
1.5519167544282557
2.8080702483999653
3.2370085357999647
3.5276252410999613
4.286640336599966
5.934936584506372
7.034819381696134
7.546678158594851
2.9439082900999782
3.015316358899964
3.755745686299968
5.234157160899972
4.660132018999967
4.745341865493562
3.620552041599959
7.223710804696138
7.958370519999982
8.097932136493576
7.912149896202536
7.618365635696141
7.528564080797422
6.432536088594851
5.718832876594848
5.226588243101248
5.565226042199977
5.760958329797412
6.929389225797409
9.281354150271982
9.009029530203977
3.686084443699971
5.626666627499974
6.478990812696137
7.682621931506374
7.387582672101252
8.002938374303815
5.768470277399986
5.208003271506366
8.669861842303831
6.7936648453038115
7.20328445430381
7.212789186099989
6.404512745696137
7.454276495405097
5.573839790299981
6.207667541493576
7.503088989303804
7.162777932696137
3.110192344699969
6.2981766724050905
8.110172082493584
8.236855039999982
8.580293385203978
6.462744914202528
6.4167180771012475
7.2357018905948465
8.298461395303827
8.067367065405103
6.950702592506374
6.507852723696141
7.856194427506381
8.601798316999982
8.792012477067974
5.6095533721999775
7.4317773575063875
7.424504428101251
5.935150729405085
7.206252215594856
6.914858161898695
3.8211079955948377
5.499111595202522
8.170333624303819
4.4585383545063575
5.406924017299974
7.422791059898693
9.972299952787822
9.095420057696147
10.131963645929265
3.327141160599978
3.812512110898682
2.2556376647999583
1.915008193999958
2.522786244202514
4.418959342999962
3.6718924773999633
5.6613001755063594
5.977096583594842
4.1559374175948385
11.387182833999992
10.240954069646383
9.112439363101265
9.208431571999983
8.772309657303829
8.702921458405108
6.736671594202536
8.151420405594864
5.432864962797409
6.87162224579742
9.524579482999988
10.311221503999993
8.136793989594874
11.225262993999994
9.142606579594874
9.810238467271983
10.283415026999993
9.907658662282866
11.988392421999999
11.415984388999998
10.533372228999994
10.584949691999993
8.392151194797421
8.530743374594865
9.035347276203982
8.614157266135978
8.622038842797426
8.320719612100008
7.861618038898708
9.96192892
10.771307963866887
10.014575382999992
10.861830047999998
10.23786914999999
8.049494412202547
6.885909942599988
8.256978446999977
10.833516099999983
8.774926736339976
6.0181404144050745
5.250716125506367
3.6718536559999637
5.108967735303805
6.526688716101248
8.102104368594855
9.09019943240511
9.879115791203978
4.779156024202521
9.433084852583999
11.77834886499999
5.557914421101235
4.771481097405078
5.2259849257974045
3.9717084274050722
7.469761939999964
11.839259061999991
11.315124297999985
9.406215522863977
4.412924107405084
9.407235292067986
11.002439541999992
10.362269128
10.155481281999986
9.069885859795976
9.793755383212146
4.384193206797401
5.677194332898682
7.035603906202536
8.858197405999986
9.608655528203988
8.752453436203977
6.035933856202515
9.576841323931982
11.16890404099999
9.12500851899998
8.007417736797423
9.496156466795982
10.93602391699999
11.380732732999988
11.556039685
12.950327764999987
10.508785415999986
11.547294282999996
10.803941407999996
11.410928247000003
12.61397514199999
12.915683530999985
11.766301819999988
12.015864399999982
9.995375865141424
13.307238460999992
12.117456739999984
12.269600953999992
8.980383216931976
4.138185993999959
10.105867845135986
10.944731733999987
11.137212511999989
9.400356188999988
10.934859243999988
9.908951292271986
10.900543015000006
10.193012674999995
10.642028274999987
13.094792469999996
12.373128101000006
11.932118504000009
14.232062641999997
12.978554950999994
12.112959505999997
12.651799828999993
11.699130225000001
10.547059583000001
10.291840221994551
10.261876975999995
10.481566746999993
11.399218081999996
11.583482616999996
10.877109896999988
10.772631571999991
11.457438245999985
12.307393401999997
13.070827207999994
13.381915996999995
11.130296460999991
11.06796121399999
12.822565047999989
10.008452447659998
10.815110064999994
11.506847855999998
10.962823873999994
12.550983935999987
10.916999027999992
12.435649077999988
14.473256330999998
14.516206850999994
14.775981070999999
14.285150744999992
13.790763544999992
11.720163090999991
13.322737626999999
13.581260816999988
13.151902289999985
13.966233347999992
14.53603137799999
13.781131423999996
14.603594033999995
12.618301639999988
12.346424195999989
13.986881650000006
12.987971941999994
10.083129835659987
12.209152970999986
11.499254578999992
11.680421020999987
10.426245052010872
10.322853798989112
10.874065204999992
11.714646843999994
10.918617687999994
11.180842574999991
12.283756534999993
11.006298729999989
10.204682100002719
10.160525472999995
12.301652390999994
11.101960737999995
12.177242866999991
12.371386397999997
11.891680437
11.168844840999997
13.029924173999998
12.050238859999986
12.946518305999986
12.84223727299999
13.406512157999995
13.893547702
13.051346702999995
12.196686210999998
14.124402582999993
12.16204401399998
10.931747657999987
11.120014621999994
10.049803561282856
11.745083395
11.613665258999996
12.361320046999996
10.757307509000002
10.913562398999993
11.392799007999994
12.210055677999994
9.827091401795984
8.780660284399996
10.596704520999992
9.591651386999995
10.191266014067992
10.501225329999999
10.327126954900162
8.892439587405118
7.993134251399997
7.366976469399995
8.054312474099993
8.532770710797429
8.457414489696145
9.820587722863994
9.715890266282864
8.355574252303828
8.705392848202544
6.1721513015999925
8.712566160594868
8.06920041499999
10.072860691858539
9.775341615212138
10.154212029999988
10.622264487999983
6.739642738303804
7.4420496108986915
9.944194494717102
8.641479832506393
9.991185566787815
11.863711428999995
9.974188299727983
11.73454626299999
10.649195603999981
10.538342388999991
9.408290531931982
8.810622921863983
7.943131811493588
6.2808523804051
3.81671239319997
6.00926791079741
5.453252841202532
8.879642484999966
9.971863226203974
10.366595183999989
11.085733076000011
7.619249935898703
7.673053431696145
7.0381474257974155
9.699185423212137
10.57531542499998
10.26483062292927
10.3562037477171
7.303286947594854
3.6958762634050717
8.416695687898702
3.8874853073038076
5.989646253999963
1.6411639419999622
4.362341253699968
5.852088131696128
7.781490640303813
6.821235418696132
5.079483320594843
5.3591263747974045
4.682022936999977
5.636564935303814
4.083903057898679
7.356241290303812
6.467221794101249
9.223522338931977
3.9993970321999734
3.2153192183999657
3.66501891629997
6.769555302405089
9.44615340586398
9.10684622665998
9.201262084999986
8.173355316202544
7.23158737950638
7.4631698044051
6.135132163999985
3.41596354679997
3.1549382277999665
2.9191588012999703
6.7104298568986955
7.818506138594853
7.4065318938987
2.630519467199978
2.454341957099981
1.8437947905999807
3.6285769530999863
5.545970925898696
4.56297032169612
6.358886619594852
5.94736773830381
6.922355900594852
2.408657804898679
2.4894661010999717
3.9588975509999607
3.597452801493563
2.5459825026999643
4.016810374499985
4.404178234899981
4.401566021699977
6.167617962594854
4.551236462399974
4.359111532594848
7.144575978101258
3.7544018920999838
1.581439500399979
2.242785661299969
4.133203742999967
5.64132944340509
3.2056152633999697
4.634207887299982
3.955575118999969
6.020536677594851
8.405304928594864
7.0430056061012625
5.653381394999979
3.593685259999974
5.146739877303806
6.052739575202537
4.2351577514999885
5.949850042696132
8.721778033405103
8.24203850249358
6.640298825101256
6.7448187804935715
3.68082521359997
2.3913220992999737
3.4343710631999698
5.182026353499968
6.9912785233038175
7.85530991820253
7.206410462999976
6.982384707594855
7.590469100999984
3.4547225173999627
8.318521891797426
9.327289407203985
10.802753872999984
9.868876910282866
8.6698112854051
8.74796176910127
5.621110673499982
5.335744509899981
5.529751826499989
8.083765765405106
9.221017604067985
8.823367988727979
7.269338883999972
8.546507078594859
8.279678929101257
7.247631603999969
5.866103581202531
5.516943354797418
3.915982937594845
3.693373458898683
6.194745535303799
10.368484616070706
6.742034347493577
4.594970819101248
4.33610095369997
3.0715495284935552
3.31294495849996
5.396646827696129
4.720806536898682
2.8339979523037946
6.353846871898679
8.62673725593197
6.038409867898684
3.1491246306999607
6.486244528202522
7.583147447202533
7.610206677202543
7.15546754459999
6.751851640299991
8.41415848240511
8.175206530797432
9.277514584405118
10.347247587717103
10.017775857646381
4.6259736801012465
3.984363964797394
8.508365904135978
7.734577506999977
6.765815263405093
6.096253103594846
6.114738929699982
6.670917950399983
6.84106150509999
5.496470513899992
9.576123362795974
6.807470440696131
6.364726391594849
6.972911869799987
7.122522912599981
9.901093865999995
10.62846302799998
11.376955874999995
11.506231778999995
10.254080937141424
10.049101100141431
10.543237722999995
10.596896879999992
8.799835256999991
8.984426162795982
10.925782404000001
10.935179415999999
9.526773294101272
11.553535396999996
9.818330401727971
6.536648757898689
8.766843061797426
11.582293000999993
9.931365039033274
10.743108689999984
11.315788958999997
10.280057245002716
10.076841207929265
7.583065429696124
5.933120771797402
8.944754940863973
8.624492617797424
4.351943957493568
5.395554028303799
5.5776584105948395
2.6347920638999587
2.157831253099961
3.352741372696116
6.730441297898689
4.0455349654935535
3.6027782317973864
2.6785961212025198
4.873717475898679
9.759295840339988
5.380414628594845
7.097155691499987
7.585748910493573
4.428334674101233
4.13805865479996
9.352086415103994
8.0265306258987
9.725738099787822
11.488359735000001
11.128664422999995
10.983633174
10.061796008212147
9.725073469493594
12.353791898999999
11.896367821999997
12.40550473
8.169173464999963
5.845861099202514
8.312747769135965
11.28872095799999
12.013484153999999
12.272226282
12.51319919400001
13.732642775999993
13.586984418999993
11.84926188699998
10.429100750787818
6.177109722898701
4.782209590099979
6.639343370101253
11.187818662999979
9.50431161027198
9.233648818999983
8.423748530594859
9.343219886863986
8.752540634202559
10.514571364999995
10.814452953999986
12.144237507999987
11.103859141999996
12.366147461999999
12.119839011999982
14.035644440999997
13.650593759
12.170144167
11.091958376999997
12.104699238999999
10.388813135999994
11.331479213999986
13.59093245999999
12.157149740999987
12.41271508899999
13.525148191999996
13.511870687999998
12.642147639000003
13.663430309
13.395284408999991
13.244094225999987
12.463943934999993
12.626026389999993
11.51433393599999
11.734897942999993
12.645478798999997
12.385681258000005
11.325553840999989
11.437623351999996
13.072599436999996
13.080668134999991
12.190921001999998
12.245133017999988
11.342702915999991
13.303702940000003
12.554234157999987
13.346325461000012
12.200617940000003
12.023166490000003
12.994374795999995
11.725250889999995
12.593070559999996
11.215896181999993
9.54867824233999
10.72404354399999
10.255072650067989
8.47520448759487
9.355984861797433
9.710587350339988
10.179989193787828
11.54542602799999
12.470653667999994
13.126671403999996
14.245522642999992
12.813144547999991
13.235509951999992
14.21719877599999
13.85639530599999
14.465871552999994
13.361958066999993
10.851269553997282
10.731683497999995
11.289106717999989
11.464890876999993
12.582212131999999
13.683993503000002
12.531648252999986
9.272457530202548
10.610396108999986
10.720015131999988
11.407768285999994
12.060876701000002
13.249079366999991
11.935561185999992
12.099409400999997
11.687873624999998
12.87989409
14.083758403000001
12.008726799000002
11.840738158999997
11.413909238999988
12.217647063999985
10.691452802
10.600917226999995
12.771071750999987
9.197862600696157
9.546746682696163
9.976191894659996
11.78779140299999
12.050000075999984
10.75460769799999
11.107812508999983
11.081101580999995
12.039181648000003
10.445337578999997
10.492417219999984
9.376939164696159
8.074458938594866
10.451973775999992
9.93270218972799
10.123260456863989
9.186475433303832
8.532204080202543
9.294820904493601
10.698942208999986
11.755041385999993
11.385321323
10.873298864999988
11.70482609400001
9.208510591101271
8.714881620797435
8.923593844594878
7.135049429299994
6.410327734400002
6.363536456299995
7.645265844699998
8.387421798696153
10.363121586999986
11.13898873299999
8.898769326863974
7.365996403493568
5.171608282506365
10.10799388585854
8.901524359067977
11.201839467999987
10.691769719
9.018034339931976
9.527993833931978
10.94927306799998
8.321572434999965
9.925435717863989
9.65477144786398
9.12600207210127
8.739528488135974
10.024108656212137
7.137458770797411
3.879392895493562
6.426051115405099
3.3333101424999616
8.896146849070693
9.877662325999989
8.58510521699998
11.010900660999981
9.375406967135989
4.257488284299972
8.174602435303829
9.281499233999977
8.580426669203973
7.62412636720254
7.410701589999982
4.368505424506365
7.5566490143038125
6.12157687679741
3.8025043853999776
3.2309272994999807
4.664033053594843
4.651478193696116
5.964130163594844
8.359591433795972
9.074150152594864
8.77529722440511
7.49282636109999
7.21267218169614
7.1808483414050945
8.99889441993198
8.72507364027198
7.2180842163038195
6.697330718999978
4.664562922699978
7.541735725405104
5.8773203261999845
4.3170599502999805
4.902335115099978
5.08446596679998
6.114925175506363
6.4529497452025275
4.793667201199973
2.9102960189999747
2.7015579528999747
3.262483029199967
6.621754194594853
8.338195602405099
5.953020936594861
5.790561810303812
7.243068287696147
7.59097165069614
7.009485655202537
4.777095790099986
4.2107630753038086
5.452538458303805
3.2524523330999746
2.645508982799969
4.1484520690999735
3.843045817599969
8.01618536530382
8.025699667405103
8.176743951405099
3.2900811736999747
5.38283182679741
5.7757843674051
2.044124073799968
4.81415879969997
3.0034691421999744
5.767548925797413
5.331824113499974
4.892896801797405
3.003622372399966
3.6247773864999657
2.045718191499964
2.9298482268999737
3.444355566399973
6.190223165899989
5.491015289303811
4.391888668799967
6.234739320405091
9.079192407135976
8.68317022859486
5.87786802669998
2.2284015120999676
4.263450579797404
6.242828369099984
3.991404217499991
3.7769609908999886
5.685387699899987
4.9692801787999725
5.87184017179741
6.697841162101246
7.417531466696133
7.212161822493573
7.334271061699986
5.289727894599988
5.135885911599978
6.332463702405087
4.664056619303804
6.95933312379741
7.789761021405094
9.585049462929266
8.694175866696138
4.575475527999973
8.795498068202543
9.120829876795987
8.636792826797421
9.001412101795982
8.87556532589871
6.26035797120254
3.7997905868999844
4.136870524599972
3.6035219405999643
5.182156797799979
5.70791622010125
7.123806449899996
6.043177387999989
7.489480270405099
7.760295353696138
8.765962542795979
8.716797357202545
10.693526641999993
8.754654307594874
8.425512301594864
7.623225549299995
7.65656361539999
9.345179159659978
9.23580333872798
8.811002059931974
9.36338422865997
9.62942956699998
6.144188917493566
7.785625425696138
3.8320382613999673
7.453385819999967
9.075072711135968
8.619181735135975
8.021081742898696
9.781072119070712
9.272742329271976
9.921372109999982
3.432305493202522
3.3100644698986734
3.8819365265063612
9.750328480659986
10.445625313999985
10.051648396212128
6.949878906202523
9.547285600212122
10.609454271999992
11.847912703999995
9.775791665727994
11.347329969999983
6.398578149405102
3.4096899231012405
6.435714460797411
7.514053926101252
9.172753417999989
8.290723829696143
7.810725752303823
9.186434027101274
10.700426761999996
9.846660967999998
11.496982736000001
7.171092507898696
6.216907296797407
3.799975750696123
5.407443827797398
8.437865434303822
7.960268307506387
7.695835600299995
7.967786987299995
8.664257521099998
10.192922828787818
11.890001572999992
7.974475984135972
11.430298977999978
11.04198518399999
11.18504631799998
11.218778824999983
4.928383055101245
6.351902659594859
8.974969876067968
11.416383501999988
8.274164253135972
9.206063682594872
11.186116405999986
11.91327616699998
12.483673536999998
10.42430262464637
6.276372293101238
4.384426205405073
4.756210993999956
9.72867858893197
11.389748958999986
9.502096052717102
9.814831382863998
9.11027339786398
9.330362240727986
8.861395558202553
6.959912591599991
7.259809599299991
11.724772474999988
10.51739981699999
10.111623071212149
11.792347609999982
11.958243895999987
12.053845302999994
8.3176445388987
11.216400101999989
7.275321485898693
6.023785076898678
10.954161188999985
10.577818302999994
12.975171915
12.449730227999993
11.937661741999996
11.04054923399999
9.654806698583995
8.889104658659985
8.79943641199998
7.971543196101262
10.789564036999986
12.209853693999992
12.389905289000003
10.718463692999983
11.24621605199999
11.907204795999995
7.803431631506378
10.94265866899999
11.941781865999985
12.556548351999998
12.181501562707188
11.838392534999999
10.993196190999992
12.213083976999998
12.062915325999978
12.332487331999989
7.057752038594846
12.41894985499998
13.505063254999998
12.918072315999996
13.299854542999991
12.072145720999986
12.95816999099999
9.073093005271975
9.031476716727978
10.610242106999996
10.02871965793199
9.503752351282865
8.0424105788987
9.889249691863995
10.278864866999989
10.949309215999987
10.55135409393199
12.528764945999997
12.275914672999997
12.297761916999997
11.448556930999997
10.55637319916641
11.408712439999999
11.462567382999994
12.401061709999993
11.212197245999999
10.494394402999989
9.77294209593199
11.809304007999987
12.602286725999988
11.244858899999992
12.893524276999997
12.087217348000001
13.51832635699999
13.057307662999992
12.259772800999995
12.17674138199999
14.323252578999996
12.210072509999979
11.631060554999998
11.377227564999995
11.235265083000003
11.113745849999992
11.935944057999995
13.185239066999985
13.784733947999994
13.94651086
12.144218735999985
12.880531208999997
12.780499341
14.547890633999993
15.096109641999996
10.653389148999986
13.170850454999988
13.00853736699998
14.142462398999987
14.017145737999996
13.231272828999987
15.055121630999992
14.477743465999994
12.483960676999986
12.056775873999992
12.637384494000004
11.06007661699999
9.670572787339989
10.720789156999988
12.699888839999987
11.689469428999999
12.17130482899999
12.503870547
11.997390299999989
12.68293964499999
12.227408953999994
9.515082098405122
11.877131516999999
12.295884773000001
12.869174297999997
13.576872525000002
11.909545878999996
13.677867243999998
12.876259325999996
11.728676504999989
11.243134568999999
10.714560320999988
9.6457138245064
8.41737339479743
9.037068479931989
9.724724525339994
11.547593928999984
12.626568613999996
11.936278040999987
12.475345969999989
12.029573852999992
10.858278369000004
8.469488296493594
11.009655962999991
12.354340932999998
10.691012935999998
8.307527789303826
9.883159356787829
12.031891277999991
11.354258844000002
12.646022837999997
12.156761863999993
11.203990223999988
10.784222634999983
11.076214278999995
10.833161904999995
10.382769935999987
11.751791523999994
9.432362277202555
11.102304978999989
12.131804124
11.564956730999985
10.502623014999987
13.13688815599999
11.519729062999987
12.368103481999984
8.774283854696145
6.05987971799997
8.73416300365998
9.84960636733998
9.025654983493595
10.355596218999999
10.177716216999988
9.15838226320255
9.593622494493593
9.059810185202549
8.170364013696139
8.778515069594864
9.581405326858548
9.216232522727989
8.284231593303817
10.080163749787825
6.875169648699983
7.748552677898691
8.194868492101257
9.492234510863977
5.703245962499986
5.759440849303818
5.471847508199984
6.5262984131012525
7.835498646493576
8.775731141696141
8.205280598405112
7.459490429699989
7.859813906898683
6.46638937679741
6.931399981696135
6.566039274594849
9.349848432931976
9.106732784999974
10.28138749833998
8.654791781717087
9.338544393929254
9.750823222282857
5.486321968101245
7.031083210797411
7.145318890405098
7.241144424405097
6.9071193253038095
8.285971073898692
8.89011201621213
9.097266496203979
7.965455441303816
7.721777931202533
8.57968199159486
7.379843637101254
6.268059797696138
5.878778218101254
7.517488171405099
6.766656779499984
4.687261636399989
5.364772250399974
5.88792346949998
5.42390047149998
4.8057352065999766
6.165511256405093
8.891934692271978
8.32335898130382
9.81702696385854
8.839745133999987
7.293446531696145
8.562525967405106
8.628009379594863
7.436862283303814
6.7387691665948575
3.0406525451999826
4.999022570799979
4.659366746499987
5.276430152898687
9.597576728858542
7.832861894202549
7.817048188797421
7.715564916999979
7.454278794898708
4.413563735999984
5.719018043499979
7.532929238898705
7.471504843101262
6.4504879928999825
4.0622139647999935
3.6804607726999943
3.5964290297999746
5.83084921420253
7.495724670405101
6.917149395797416
8.771667539999983
8.437594583101264
8.812040756202542
6.812174195898697
6.454266899101249
7.698071037303808
7.91442783199998
7.951804963696141
9.227560322727978
7.588373150594844
7.662023561101248
8.461911582898711
8.176006761202537
8.347308006203976
8.347774964898704
6.422333755506376
7.596442127999994
6.725365190101254
7.549791886898691
7.48693084259485
8.195440997303818
7.647517346202537
7.87147557679742
7.6318109725948595
3.2003380996999757
4.65039906309998
5.953163360599975
6.256539582797413
5.27007206420253
4.917923162797408
8.70952492686398
8.643046194339979
10.007363174271985
3.6656373290999786
1.8909253798999661
5.333713848898692
8.969523919795975
7.949796794101261
8.828284497067974
10.039498072858537
10.725182387999984
7.875791998303816
3.5410266738999687
7.141888801594853
6.196181759599982
6.676518931599989
10.490739210999989
9.629935642999985
9.067066859271979
7.746083679202541
6.695464218101249
6.205311105303807
7.887630825797415
9.359036669898718
11.523311068999991
10.256461541787814
8.65311056679597
7.757288619999976
4.883060853594844
3.4708247817974
5.331167877199968
7.482469848599989
5.387971647599987
6.760137300099994
7.221194348101263
8.78225824430383
9.014535810898716
9.334341450493596
10.564215947999985
9.915289918847204
10.506811437999994
10.363640641933449
10.87403502699998
10.952443999999995
11.014795302999994
11.63504686999999
10.606066376999992
10.93598256799999
9.30711070572799
10.123243492070703
8.42347398220254
10.187323542999989
9.673175399863986
8.959194326863983
5.905850875899981
9.785866500895995
11.174370894
9.132639297506392
10.274406493999994
10.033485287166402
9.891813366795988
11.640860290999989
12.805593965000009
13.397502190999996
12.492725014
13.442170905999996
12.269029999999985
12.680010016999997
10.857753200999987
14.34678845500002
11.10848801099998
11.263809789999979
7.426125845303824
6.05997138979999
5.954941140699995
5.807573844899989
9.808063606203984
10.685412647999996
10.115360639999992
9.824844215271993
10.569093734999997
7.997831150797426
8.397283608999992
10.17150410603328
12.017225272999983
11.242310945000002
9.933737782203986
11.878177073999995
10.054234403999988
10.996506302999997
11.276885503999988
13.938055120999994
13.429667534999995
12.770554375999996
12.814647802999984
13.143157970999992
8.552928721727971
10.346674020282864
12.676191909999986
12.397771009999985
12.144540954999988
10.353847677999987
12.317887485999988
10.528640225141414
10.11452601614141
7.900423600797418
9.146827069101263
7.389014483594851
11.11926914099998
11.03388243699999
9.991873117070707
11.330604624999992
11.14223344899999
10.797244820999989
12.370972118999989
12.73016102899999
13.743469142000002
11.189011029
12.270785430999993
13.931497721999994
10.032117973212138
12.248335663999992
11.474098465999985
13.030923536999993
12.386306317000003
10.40715323500271
11.902183652
11.821242940999992
13.67832261999999
12.48945704299999
12.647999439999992
10.346471354787818
10.119480459717087
10.946222603999974
11.006930370999983
10.838835924999985
8.096841755696147
10.948688788999988
13.737186564999993
15.160543015999998
14.473025957999988
12.772328583999993
12.925450571999978
12.826571506999988
12.54969671799998
14.659992719999984
13.602753707999991
14.305854304999993
13.62463451199998
14.455960712999993
14.495149357999994
13.897209559999988
13.588150680999988
12.989218574999994
13.836025258999996
12.391520620999993
11.190732862999994
10.491082629000001
10.451685093999993
11.562040687999996
10.875041010999993
9.93181665799999
10.450605089005442
9.56753696128286
12.022390915999992
12.049578599999991
13.271803896999996
14.741354868999995
14.140110822999997
13.743373780999988
12.366226002999994
11.835667685000006
12.132688198999997
11.299398803999985
10.582412707999993
12.19476421100001
12.185928896000002
11.552420185999988
13.758394271999997
12.465658910999995
13.115636820999981
13.368296357999984
13.810392693999999
12.845826914999991
13.600575185999991
11.604513068999992
10.96522896599999
11.391786753999991
11.187688241999995
12.618782439999997
13.463787647999986
14.16260673799999
14.317084031999995
13.768627193000006
13.439811477999998
12.848031241999996
13.329740441999993
10.367604284999986
11.965715494999996
10.876963184999996
12.146895876999999
13.693508832999994
13.615171551999993
12.726288508999993
14.041333591999992
12.250247826999994
13.230053730999995
12.66100318499999
13.594062618999994
11.064062192999993
11.021869773999995
10.707956113999995
9.140559599303828
7.748051882898711
9.103483840898715
12.832037386999996
12.114323079999988
12.746196711999996
13.632453243999997
14.20653904999999
12.253511248999997
12.831355869999998
12.117222136999994
10.72246204199998
9.147034384135983
11.43663686099998
9.961938685727992
3.8968996276999697
10.510726825999987
10.706551787999986
10.630120614999992
8.504634274203974
9.39294892721214
10.690556330999994
11.231994254999986
8.845192494135977
4.04817971189998
5.645540722696131
8.06427428889871
9.675377596999981
10.13988281267359
9.388092437696152
9.410194108727987
9.120389877303834
9.011254241898715
7.693295426898712
7.293534164399993
8.569612258898712
8.780074914594874
7.1130348845999904
7.57177027740511
9.472921589795986
5.179116380303808
7.264975585898697
7.65958904720254
9.353481088212135
9.114373284898706
6.938064622506381
7.894926856999982
8.071873495506392
7.597228353898698
8.305452156101262
8.23792700350639
8.77683816830383
9.27979063272798
10.219243211282866
9.606654603727982
9.535327967863982
7.749063912999979
3.424421849099973
3.4814411223999664
4.234239543202519
3.723416168199975
2.834656953399969
3.043289590499968
4.37870293879997
6.235108601405096
7.932877995303817
6.425152996799983
5.836483210799989
4.673494833399968
5.026742408797406
7.323610771202528
4.073416407799978
2.837126133699969
5.153177912899973
5.518024919099971
7.292232957506376
5.6994195663038045
3.2390724563999673
5.079224494899987
4.541141796898688
5.2515400939999894
3.2738461745999627
3.2953403274999666
5.9143249405063605
5.280529153405085
3.925246586599968
8.952905088797431
8.56810861049358
3.420970555099977
3.1717526381999805
2.4219571822999892
3.8392629912999903
4.592685111999968
4.033693928499968
2.8453369658999645
6.154708076499992
6.5049244430999815
4.695480577099987
2.970204141199985
4.1524421554999895
5.246825392202528
6.743572232101246
2.2794563003999713
1.6983338515999669
1.4597228148999686
2.9134443114935635
4.84605997159484
4.77799960479741
5.691990548696131
6.756518559303814
6.963309387202537
5.005401240493571
3.271442272899959
6.953313975493581
6.8066114455948545
8.216293078594864
6.071532893399991
6.263264675899989
7.570413423135963
4.980504318202523
7.229358859299982
6.262841690101243
9.20040243220398
7.977098377999979
7.937240316797416
6.928518566898691
7.732933702101256
6.25422112269998
5.537781088303811
7.457437902797407
8.983132070931982
8.78905044399998
8.842134254339982
2.051550892599971
4.450016844202533
5.822551425202534
5.219405879202532
9.544084437727983
7.468029931594861
5.321522714202532
5.904050465405088
3.1519833968999653
3.1660587874999706
4.38005843509997
4.690897035199971
3.428893832399983
4.211688809199986
4.744545738199984
4.7860393371999805
4.833907054101243
6.859196336405085
6.766884928898688
7.220034602405089
7.61419372859486
5.831256957999968
8.86456847827198
5.3661190001999755
3.1929015136999688
3.9237721297973978
7.374243095405093
5.60302447659997
8.127625698931977
8.859781780999986
8.375972894303821
9.424825059659984
8.820524963271984
2.9267165877999752
2.2552644668999715
3.990816957099966
8.177439695696139
9.110881468135979
8.935246850594861
8.590676046797423
9.339139167863983
6.058538650493578
7.086473586999978
5.129313241599991
6.858469102499995
4.7521767074999754
5.477012609900003
8.407335542303828
9.43246741927198
10.271006194999986
11.368379400999988
5.137337840303812
1.9066456817999746
2.508448664899971
3.418380891399959
6.516864936797414
6.082494358799977
8.620131010271969
8.691105889898717
9.29785747993198
9.096093940696147
4.236221583594842
4.350924502594845
3.7380969207999657
4.64140795899996
4.923717837493554
5.623018832405079
9.65607129207071
9.796287872203985
7.910114092999985
5.302053425599991
6.425746102899984
6.32015657199998
7.426334953299989
6.047663565101247
7.967173759339973
6.1177666122025185
6.677177290303806
7.3612982329999666
9.094511521931974
11.166054084999994
9.599030441212124
6.426835333303812
10.038366589282866
10.051852726787825
10.299047473070702
10.499320171999994
9.54476555621214
11.229492998999987
10.27526008099999
10.184299269070701
4.267824255399973
4.843695188898687
6.850509435999985
8.161681344594866
7.93251603549999
8.442935122696154
8.426226588405113
9.46671140289599
10.202092204212144
11.137770876999994
11.191187824999982
7.097852680999967
6.672912046797394
2.1625522857999586
4.599163793898683
6.18203627320253
7.719119648699992
6.128022567699985
7.761673316999983
9.980171852070708
10.299121691999993
13.182773190000002
10.64652389199998
12.785607056000002
12.565474015999982
11.391089951999994
11.409345024000007
12.213452143999993
9.696406820787802
11.020659968999974
9.445662640282864
12.025223118999993
11.479350976999996
11.178156736999986
12.827670554999989
12.517242847999997
9.016118839999978
14.593244045999986
12.867136999999984
13.628388373999993
9.91263166806797
12.202727680999995
11.174567710999987
12.800870830999985
11.35734662499999
9.813236003067994
10.942114901999997
12.568455803999996
11.172355002999995
11.410716977999988
13.651509881999994
12.948322513999996
13.269202932999999
11.312908419999985
14.229065012999994
13.70016813999999
13.815005269999997
13.443148253999983
14.85990224299999
12.221437343999995
11.705773499999983
10.64860348099999
10.612908239999996
13.233186660999989
14.462161313999998
14.9600033
14.820996909999995
14.05394223799999
13.118187543999989
14.505867048999997
14.536767550999992
15.223386439999992
13.698360404999994
13.230138500999999
11.899234028999992
12.061487662999998
12.268513776999994
13.130227836999985
13.344076117999991
13.67019803199999
12.550753530999984
12.598403882999996
11.662574872999988
10.639295507999993
10.489653009000001
10.415710228986395
10.927839194999995
12.40270884699999
9.508719055135993
11.059693992999993
9.892691426070702
13.999602256999996
13.100999054999997
14.523254004999986
13.767169248999993
13.70609799299999
12.270329482999989
12.149985364999988
13.283763245999992
11.718681164999987
13.666915792999994
13.70699693499999
13.478175034999994
12.860979543999994
11.422353499999993
10.840356819000004
10.822784862999997
12.646964965999985
11.999327367999989
13.624055776999995
9.211335839863981
10.053855070339994
10.026761798067993
10.189881757999995
7.566226473999996
7.933481921399995
6.442414268499991
7.191450459299994
8.662770098931968
9.886193037282862
11.057719092999989
11.47087457899999
9.109551315303836
9.827243328929267
9.072719294795986
11.500802947999992
12.960010045999985
11.36799158599999
12.074641996999993
12.347876133999991
13.292975180000001
12.724146753000012
10.40794759999999
12.398409648
10.51058541599998
12.013128460999992
10.579950400999993
11.047889136999995
11.764466932999987
13.219239310999995
13.590995778
13.730630500999991
12.180072156999994
10.488015018994554
10.171463711646387
10.667984037999991
10.614073194999994
12.234463538999991
13.152201110999995
12.354548108999992
12.63516292299999
12.818331916999998
12.189404597000008
10.987998580999989
13.601427754000001
13.07841407
12.366324123
11.754998461999987
9.76472579028286
9.024249087493592
8.119833109999988
7.616841612202539
9.285355380141416
11.672415952999994
12.196889388999988
12.206469391999988
12.097042701999989
12.273405341999986
9.901841365067993
7.457943719506376
6.520691249101253
9.691210697929254
11.368527079999984
12.590321487000008
8.4507559875
7.124866053799999
7.8278594314999905
10.90323400399998
10.641198475999992
7.538803410303818
8.71551463010126
10.065653659070712
11.109957738999986
5.214485078399977
4.433464271499981
2.674695584099971
7.171561610405097
3.3850302276999753
5.1477904418986835
5.010014454696124
4.558322233599974
3.75514162449997
4.68300434719998
3.0580455520999723
2.913456785599967
2.857409857199967
2.7286150680999715
3.741671382101245
6.516969341999975
4.906817105101244
4.86059455569997
6.136312412999974
5.206410130299975
4.058269714399971
4.96445224909997
3.2846345931999705
2.1437114989999744
2.6385581711012382
5.391699177599976
3.8528520324999764
4.481245259099974
4.115410052499977
4.823686607399984
4.699184114099989
5.798861352499982
7.362960089101256
8.763729461795977
7.459801615898699
5.488098911999976
2.982089591999961
4.89628783259997
7.9589826415948615
5.556264817797416
2.1169114852999646
6.159143412797406
4.75167311099997
5.99859567569613
5.429477613799972
5.689097103898694
4.384534577899974
2.975625122101235
6.000351094101253
7.800042291303816
7.543482998696143
3.482218695099969
7.086210748303819
8.370852023303822
4.28656412659997
7.108913009594854
9.172072581339986
7.5079878585948645
9.520417002931987
10.916974387999987
9.122110440067978
9.304177745101267
8.888504659999976
4.495834066799982
3.2897100051999675
3.0153791533999734
4.865418417405081
6.4248820647974165
3.2737431472999736
2.4825146285999713
3.7288192885999614
6.095575846899988
6.854999801594852
9.23193140272798
3.8584917815999775
0.875564698699992
3.8809848830999893
4.81731297150637
1.8986519942999665
3.8615901244999637
6.996762985202537
6.8725864745948515
8.48685758506797
7.07300715479741
6.889025146506373
8.158516674863973
8.337629684405108
6.084330670202527
5.846498902898681
6.705528170797397
7.303896205101251
7.905292422506381
6.037288243099988
6.453857127399992
8.647794052101263
5.954630035399996
7.980740507493577
7.640416612202548
8.361744271898718
6.138606454499984
6.289048149099982
7.197258129898695
8.456822573898705
7.609102975506369
8.461722112999972
9.453677333067985
9.603354365659978
8.706720652863972
9.524744383141417
10.494699494999987
8.526666110202548
10.114455091929264
9.624663348271978
4.569507574499973
3.4310444228999755
6.807454209898691
7.892329457099991
7.679109149199991
7.946904751594852
9.899831321795988
9.574604255696158
10.10835731807071
10.035135014212152
8.715588784797426
9.012574075303824
9.488822689863989
9.409781036405114
11.02855502499999
10.077252076795988
11.338013456999994
8.286456651303821
6.516883380101251
5.827750408898681
6.722223501594849
6.617363819899977
6.11752114259485
6.149217259199988
7.012257232696143
8.59250830079742
9.311834786999993
7.007512429799986
9.805774185141422
8.269115238999985
7.829658766199997
8.948393736303833
9.980344578717105
7.15071488189869
8.987337110931978
10.918563425999995
11.540851479999994
5.534990714999973
5.890920017999975
6.989188838199989
6.989849456799994
6.782890234399992
7.848684995999985
10.788100902999975
11.971601903999987
8.493575010795976
10.497729537999982
6.804931085202522
3.1569462905948353
8.980626240659973
10.69203390799998
9.219885119727971
7.423077435303804
5.020437396202521
9.884138684067983
10.416809539999987
10.822185663999985
10.211322225999977
8.882187524405108
9.15145475171709
4.377471119696109
2.068302529899966
9.39073553306798
8.023824038699999
5.702283239699992
6.173671185299992
10.002538917659995
10.440748116999996
12.296401768000006
10.608167077999987
10.982007354999995
11.178020896999987
11.668394694999987
13.01629568599999
12.157091208000002
10.467086994999999
5.194087837202524
6.7725911239999705
9.122134480311983
9.760070519999982
9.948274021931985
8.566232748271965
8.41203862606797
9.901198252929262
8.349915193202548
9.278116064339988
10.02393179313599
10.81668423299999
11.63696852
11.910088625999993
10.451610225999985
11.550292907999987
11.945622422999993
10.071360244858534
8.428598104931977
9.424012591594876
10.326845566999989
10.431783930999996
9.02167502127198
8.613144535863974
9.143479025303828
8.812473626696143
10.308703221070703
8.194029562405094
10.59875224299999
10.307187959212138
10.976496351999982
9.813358804203991
9.648433767795982
11.772251400999979
13.00886513999998
14.004572718999993
13.288382859999999
10.95321025499999
13.111601420999996
8.955541363493591
11.942350916999992
8.371636296101268
10.802781075
10.159069382999995
7.069953729202533
9.322294180203977
9.618368351787826
9.721712451135991
10.271280204999986
9.257613374303832
11.00873872699999
12.81507183799999
