13.723176748999991
13.498082450999991
11.797180185000002
11.328442609
12.10913644099999
12.151739147999995
12.341881713999989
12.502097901999988
14.228949235999997
11.728313108999991
8.728811569135972
11.536890124999989
11.350540470999997
10.364656725997282
5.843684472696136
9.174794802898708
8.871938389594867
9.440350262506396
9.915675784203993
9.865102680999993
11.752725571999992
12.438810819999992
12.88435165999999
12.543690626999995
13.331616129999986
12.730844115999993
12.357803641999999
13.390934074000002
14.483613147000002
12.500387128999995
10.935599493
12.496375626999985
12.850991405999993
13.527477411999987
14.200667844999986
11.261653222999982
9.6120223250707
8.763095400999987
11.284375591999995
10.999161629999993
11.567081438999985
11.312618041999988
13.099819971000002
12.775550472999994
13.805388782
12.10418309199999
13.366078213999991
9.696045413135986
9.599453466858547
11.08619009399999
12.160003234999998
12.669830775
12.899316666999994
12.920885197000002
12.961212221999995
10.958959282999981
10.741101739999996
13.281541049
12.470027994999995
12.67428568599999
11.289300858999988
13.732981605999992
11.761789121999994
12.80811176599999
12.684186803999996
12.674031699999995
11.94727256499999
8.62537295230383
8.989613281202551
7.587292655899995
8.83881097869615
11.455775603999996
7.045566671797413
9.31835779579598
10.163578402900159
11.107911124999998
11.489215357999996
11.065626171999995
10.389889036999998
9.66500563347999
9.500994178863989
9.638364611858547
9.140981700103975
9.630482839999985
8.907083291594867
12.477399483999994
12.184993027999985
12.606293033999997
11.698188828999992
12.166709273999999
10.751808988999992
11.205735869999996
10.230121506008155
10.797690160000002
11.82087597799999
13.460649214
12.740653588999999
11.85952652999999
10.566489772000002
11.157414284999987
12.787501883999992
11.223949781999986
11.845477576999993
12.531087768999994
12.211532522999988
11.390950174999992
12.31958114499999
11.332267481999999
11.626091256999985
10.933314223994564
11.074533385999981
11.951655155999998
12.313876021999995
10.687030974
11.853577257999993
10.858200274999984
6.7918655089999715
8.150302844202537
4.261082347099976
5.759261175499982
6.987732177696143
7.896687287898707
8.447404873696149
8.074896887202536
9.429408390797432
8.606907330303823
7.997020928999985
6.489065417499987
6.326684353599983
6.790031930493583
8.147674981696133
8.196047709696135
9.226557289067982
6.528775743101261
3.1528236770999727
5.742831062303813
2.5251135955999726
6.920398551898703
5.123369511399976
7.983615068101261
6.327136576797411
7.597277540594862
5.805782894898692
6.263229167202533
5.243563548303812
2.1048625350999726
2.344275401299975
3.568256506299968
4.899870432999974
5.428040075699982
5.410235142499988
5.368647938493568
6.971827798499983
5.304600674399977
5.956256773405093
5.277229855303805
4.724306094399968
5.935444853202524
7.82632652279742
8.578029460101257
8.359577593999983
5.51051349330381
6.5211233794999774
6.457983703594853
6.689415106202528
6.73804452669613
6.197460324101252
5.808758761594848
5.006726605202531
6.0339243774050795
5.60539033659485
3.926206971696126
3.467780891399972
4.084743864405079
5.6128620009999715
6.334587257405097
5.253858544899978
6.415607958999975
6.052010995506372
3.682912258899967
4.279373324599982
4.698442384299995
4.553051138299977
5.278964169299979
8.064417402594868
7.331153645303816
6.756785415594846
4.069060171493562
7.511850459303809
10.00271282028286
7.535803504898697
6.320703510999962
4.846048464999968
3.9473238555948416
6.074400564594853
6.683831549101248
6.821234782405093
4.671840383899973
3.1669243072999764
3.3057777343999843
2.777431338499982
2.2864963729999794
3.3549329329999695
4.7913689498999785
4.051878291299969
3.3625451308999676
4.976911282303805
6.6733000031012395
7.7186675903038084
8.410384211795977
8.89511236413597
10.461592629999993
6.97343715669613
7.678561798101262
7.455693153405101
6.970914868202546
5.075888111899997
4.852241886899996
3.450566403199988
3.511524841299974
3.3689227797999868
3.9486049056999857
3.6647491103999874
4.856837907405084
4.484100849898683
7.182256951898706
5.822259109506374
3.4396187667999647
6.8456223801012515
3.2644974151999664
7.179036914101245
8.877191570999976
2.078671021999969
4.442815736399972
6.973688413999976
5.94073870850637
7.669847660797407
10.037365443271986
9.879527116271982
7.787599005101255
4.7010312163999854
2.4159605376999913
2.0191321380999936
3.367640577699989
5.608147622699979
6.897137850999986
7.962362855493593
6.469192900099993
5.424917507899992
6.657179367101249
7.8938067687974245
6.062556143199979
8.122344651797428
7.4293445846999875
5.5822842193999795
5.107695133999982
6.574148390199985
6.505028335599994
9.852397761646387
10.405398579133125
9.596757163999987
5.580695303303794
3.5911022003037916
1.9325385085999611
3.526152435303792
7.933166178898698
7.024254962202524
5.619341435202526
7.870761701999991
10.116204606717107
10.45748852999998
7.637417181405087
6.856403698696142
7.894288240101262
8.26303139949358
3.919676318405085
5.414495565797397
8.413896649135976
3.8170991179999576
9.300790899787819
10.647991102999978
12.524579722999986
10.690159768999989
11.813619784999982
8.64337751172798
8.887365673863982
9.39315431513599
9.190937689135973
6.066274645999964
7.579905927999981
8.467383639659971
8.567915690594866
10.513169354066566
9.408414834594884
10.398900953787816
5.484529721101237
7.274551699797403
8.48344835510128
9.785780779999989
9.940526446659991
10.038675079212146
9.701046685863986
9.551070262067991
8.374383189405112
10.217608424133116
12.432803599999996
13.103279706999997
11.133117640999988
11.677604120999991
13.092150873000003
14.388462346999995
6.664131629898695
8.13782125240509
6.600092372101247
6.949662585399981
9.988115492141423
9.002541812101267
8.663678675797426
10.70484544199999
11.140293470999989
11.379268427999989
10.241714671212138
12.003815867999986
11.432063598999978
13.817923781000005
14.374515687999999
10.657671673727984
5.796729194594842
8.120854911863967
11.823891421999994
10.613596157999991
9.13116047679598
8.847380082795969
9.777605889929259
11.780685724999998
11.874595749999987
11.311825953999987
11.089498105999986
12.008778394999986
13.715470661999987
11.446416584999996
11.099567063999997
11.789976615999988
13.835837317999983
12.541520624
12.801268396000012
12.75478814199999
14.296355608
13.186879840000003
13.35473514399999
12.90109963499999
13.351790151999989
14.248132857999998
13.57722426799999
12.140124354999989
14.542542769999988
11.956575165999984
8.802501547202548
10.379450911002719
12.891275017999993
12.765366269999987
13.801490099999992
13.138416396999988
13.643397898999996
12.45423704199999
11.698510831000005
13.997060158000009
12.151754453999999
12.11657579999999
11.259915328999996
13.005864816
13.060230596999993
11.606047255999979
13.089915845999997
13.875545857000008
13.798589049999997
13.778855997000003
11.865130469999977
11.721064679000001
12.40102702299999
13.726381293
11.440486602999997
12.821462116999989
13.022715622999993
12.299310538999988
12.898331170999988
10.922960382000001
12.467046017000001
12.969706432999995
11.216045331999974
12.201833046999994
11.993095579999986
11.494683234999991
11.176811774999994
11.33941709299999
12.992081551999993
14.471305892999995
14.035248461999993
13.435097642999995
14.25972214799999
13.055725821999987
13.237311109999986
13.642687276000002
11.88212737999999
12.142184394999992
11.384934530999997
13.339349514999993
11.980348433999989
11.401880709999983
11.514332140999997
12.256021125999979
12.817270662999988
13.27795642399999
13.363193207000004
9.830879351863988
11.765334419
12.240636512999997
12.451183225999989
11.980806353999991
11.755095978
11.334751401999988
11.543331164999993
12.795142478999992
14.064134801999993
13.146116299000006
11.298134652999988
10.336721052999996
10.682240786999984
8.869259158303823
11.354171259999992
13.371215129000005
9.90948672927199
11.03090855399998
12.159184275999998
11.716334166999994
12.800282885999987
15.386374430999993
11.83358600899999
12.175657278000006
14.612221299999986
13.842617776000003
14.117865793
11.458257474999986
7.161691099493581
5.6285157058999795
6.3559045044050935
10.458410309999989
9.859957942141428
7.942360140999967
10.893747652999986
10.757104773999995
11.107011402999994
11.970721760999988
11.403677569999992
9.705689256203975
11.871868499999984
12.62882938399999
13.707518674999996
11.862640958999986
9.45418103793198
8.171572439583969
10.526842875787818
12.131199634999989
11.428737218999984
8.71398194585853
7.964883047506369
6.423857789594857
5.575711022898691
5.390199697898689
7.7253117217974205
8.981242204203975
9.304295423931983
8.339152737405108
6.911465949999988
7.691223568696138
7.437745837405096
8.09298201749358
7.821741778594853
6.471577316299983
4.995868136599982
4.684830085799973
4.478834486399968
3.5383942489999667
7.391175820898686
9.010524931303834
6.349992210399993
8.342686396797415
9.860468914858535
9.336771142717089
10.989606740999978
6.849108807405099
7.987822732493578
8.113705506898718
6.1394757018986965
7.767855407696145
8.038936444067966
7.9680688127279655
9.273276026929251
8.563536863795973
9.894369026141424
10.896408259999985
10.363812513787819
11.152077131999981
11.63151423799998
11.73009073499999
8.68360180206798
8.830199977067972
9.401184664931979
9.378378012067978
10.413298731999983
7.916995988506382
5.055964187599977
4.237116697696129
2.0126421645999684
1.5152261535999627
3.775827654999968
2.3276198134999677
3.2700613128999705
3.0900847350999685
6.674372997999984
3.5116430602999706
6.076361889594852
7.328614134202543
8.752491882203973
8.115742465202542
8.25248983759486
7.566717959594863
8.237098495506382
9.480430889931986
10.734095572999985
7.559232104506378
3.936845510899975
2.656960351599975
5.456326539594854
5.842932739303815
7.838754963696127
5.6030554443038145
5.000382057202528
7.712001254303808
9.366795585717094
9.175897645727973
7.62917673650637
3.6126843429999824
2.348784251399991
1.5892028090999872
3.645017401099988
6.348510743696128
8.371641151271973
10.193544041282859
8.31309703213597
9.611027818203981
10.139370153858545
8.320938653594865
7.384766827405101
7.352148072797424
6.346339208999975
5.479846386699985
5.552763796999976
7.022112506101253
6.010832405099977
7.167764338696138
7.346370236199986
7.485017425493578
7.6210897887974145
7.010746115101258
8.53172553099998
5.7043773865063745
4.392481999202519
6.83167619479742
5.8673643325999825
5.500341848797413
7.894702067594867
6.529988752699986
6.506283012399988
4.849192959599992
4.043469592299989
4.4647249877999675
5.3451099120999785
5.837442724594839
7.381036804202525
7.438837806696134
7.078755447399986
8.41369816286397
8.695600257898706
8.173338014135963
6.408792195101244
5.58636669310125
5.230396997099975
1.5218280135999689
1.8486411010999648
5.149468667594836
6.274003729202536
4.666465905799968
2.9891234221999623
5.119948525999978
4.9132787459999925
3.913117958099974
5.397019775399968
6.502871278405091
7.359451353506369
10.088557568282866
11.06964923399999
3.037032913199969
2.4312470168999742
4.410218527199979
6.5843589034999965
7.650567300405107
5.9767907242025355
5.002728623999967
4.266976867699975
1.4948966826999863
2.871458514399965
5.216089022799978
5.205416508506371
6.521457273898692
4.6765470046999775
7.030013639799991
7.456348663299994
7.816451435898696
7.193855998202537
5.703873919699981
7.66446621093196
8.392334631203974
4.2964615905948405
2.771992944303798
2.704590629594837
4.271629637101237
9.625948855717095
10.336354499858533
9.333698510795974
4.674908833303791
9.990298490931982
9.115993064929253
10.053551469282855
7.489962144499996
9.064706506203967
6.8898073242025175
8.517657864271971
6.434577212493563
7.114755633493563
8.108037451135969
8.562039642203969
9.83360460672799
10.442874204999987
10.852816387999997
9.205924891795975
9.18222690113598
8.04792716072796
9.56701987165998
9.022263139203984
7.896496876659976
11.303235912999991
11.496604630999984
10.28492277985855
8.561000173999979
8.272409378067964
7.444148287999967
7.691126313797418
8.186098062067972
6.405234252898686
9.353240803646383
9.733283373999965
11.180699640999983
14.149323691999994
12.851838503999995
11.676985869999987
13.101976418
11.702367606999994
12.435357775999998
12.289391936999996
11.47272284699997
12.631215903999992
11.997893418999988
13.274449221999994
11.693830379999993
5.863222453299999
6.85075696559999
5.390144975299991
5.58686762239998
9.843105563271974
5.414019154405078
8.828239096101264
8.918583047506386
10.752861475999994
11.478091625999992
9.698788948070703
12.683239240999995
10.205540681353586
10.816832009929255
11.70228966999997
13.140208222999986
12.465287517999991
6.557925645405104
8.905212824999978
7.95221434779742
9.455435639999994
8.821781797863979
9.657049589646391
9.891869993717107
9.85276858679599
8.022192896999977
8.714605107101264
6.660171267699989
9.412980841067984
8.229348211696145
9.685126281696157
10.481099698999989
11.16506291699998
14.36686090500001
13.189284127999995
14.360938355999993
14.806497655
14.425831169
14.592754253999994
14.548745218
15.091561472999992
13.238177514999984
14.730284593
14.906482033
12.639316158999998
14.064030340999999
13.624960402
13.651842812999998
11.096724849000001
8.968676681493593
9.662558619696153
11.987538671999992
12.544452119
14.171468115000001
13.37507384599999
15.402599963000002
14.69132974399999
14.426315891999984
13.35554000499999
14.530874744999986
12.847529636999987
11.328226766999991
13.504245844000001
10.62737256499999
12.041006652999982
10.890995847999996
8.43690501399999
11.58437839399999
9.669963561999985
10.193884122008159
12.948677657
13.421310961999989
14.221144898999997
14.250583323999997
13.028921757999994
13.234814606999992
11.539803454999984
12.808410201
13.916930555999992
13.21591101399999
14.212499489999992
13.64091460099999
14.420858373999998
13.801044957999995
13.520823914999985
12.782559121999986
13.92199223599999
14.586734754999993
9.237837443659982
6.340572724898688
11.462723655999973
13.121078599999995
13.807097793999993
13.498397721999995
11.679319034999983
10.979758413999988
12.833428684999989
13.34514135599999
14.451353613000004
12.066832821999997
11.892288073999989
12.877993743999994
12.894985436999997
12.896890088999996
11.818170023999995
12.731138378999994
12.218172594
12.706529998999995
12.747564190999991
13.081525724999993
10.756868532005438
11.138331055008157
11.530666825999988
10.602253626999996
10.741116063
11.369109446999985
9.782666775646366
9.256568708863966
11.62422235600001
12.539017087999985
10.68157660399999
9.557230023135993
11.051749358999999
11.124215705999987
14.192447965999998
12.407964300999991
13.219221937999984
10.521670871
12.38364110699999
10.378468017999992
11.979907763999988
11.705886490999998
12.981947262999983
12.512726581999992
12.095802060999988
7.775597439594855
11.101834401999982
11.982679432999994
12.805955912999991
12.765269071999995
13.354909096999997
12.156042943999994
10.543639905999992
4.74255312039999
4.305874081399978
8.91046530759487
12.363264376999988
11.570772403
11.368676894999991
11.20812712099998
12.736137905999989
11.484518284999996
13.129717060999997
12.126446835000005
9.601484820594875
11.755000086999985
9.476518341067976
8.46429675127197
14.285844646
11.730166747999986
11.670385975999997
11.916286487999988
11.469266030999995
9.956035359136
11.526724385000001
10.779565740999992
10.587211722999992
8.734952157594861
9.192865882931983
10.621631484999988
7.654652210999981
6.530763635303819
2.8244381881999705
6.1057302902025254
9.314321379067977
9.980474615353577
4.31498331599997
5.485747807303812
9.624987893795977
10.202038861070696
7.972203617898694
2.9308825911999605
5.012759123199968
5.590322628799976
8.613543415863978
8.064691722101257
9.478694778271977
8.964744103999982
9.306340824929256
8.624006442303827
8.080783689898695
7.873274562101262
3.6521429672025203
5.868279286202528
9.67027223065998
9.000304841727983
6.166467791696133
10.342541307070693
11.046642766999986
4.63610706019998
2.710568495199983
3.4568716659999774
4.153884304799971
5.357237280303807
5.979922473101238
5.610442336999965
3.9302080916961173
5.531890382405087
2.75540643619997
1.9552917708999693
2.4350298064935614
3.2247300964050725
4.862838342303797
3.220060040303794
3.445931295797387
5.690250401303803
8.410596420203973
6.322702520797409
2.704147282405077
4.5534782180999684
4.8198350066999724
5.217830267299976
6.096611135899983
7.505949844405105
7.729270616101266
7.214861750799983
5.713364840696125
7.31798101040509
5.168814096101248
7.6535674346961295
8.021918069339968
7.413436273202532
4.678796252405084
4.859735067696104
4.868189236506361
3.3699367873999697
2.928468627899969
3.790117216506355
6.817512147493568
8.248197317659972
8.654251075795974
3.976538476599974
4.310969760101241
6.853125591999972
6.750953430202532
8.071031768863973
6.072077424594854
6.722491638202534
6.946971813999967
5.596397642499988
4.01006796259484
5.18968604279998
5.086920155299976
7.82612191620254
9.038163883999985
8.263428610202542
8.402131129506383
6.133945092799982
2.976281094399968
3.562683407599983
3.1209040221999658
4.438247088599977
3.484739289899976
2.0044234191999775
3.7731189849999685
6.289638691696134
6.317043592799988
5.206083669999976
4.517219741799978
4.299075552399982
3.779605412299976
5.458129945399984
5.480350903299984
6.545535752898692
7.420458103898699
10.215454293858546
9.128211141999978
7.5050575424050985
6.625245661898689
7.717458105506367
9.794557708795981
9.28745396585853
9.496837048212136
7.483331634493573
8.20789072269614
8.371337092594867
7.928879367101268
6.950874616999985
6.372231034898689
5.200820371999963
4.886930215506358
4.767080836506362
5.892937948594845
7.548589891101248
6.051711012303805
8.140961480795957
10.219071299999994
9.58206697528286
9.886075048858538
9.449869384858538
7.461431152303809
9.354045179795984
8.790138474999974
10.345355509999985
10.12468298193198
9.709951449727985
8.421736514303815
9.693773152135984
8.375950440999993
10.504617196999991
9.89737469927199
10.555115656999993
4.752716097999969
7.991733891303815
8.361941554303822
7.358716703799988
10.11505677935358
8.108642962594852
8.224849464271967
10.003211155795993
11.511618909999985
10.582537817282855
10.97081860399998
8.65751541599997
11.380686706999985
10.926817463999992
11.368820829999994
11.714419663999994
9.529765492141415
8.528242808493584
10.132866026212147
9.954740383931998
10.619025484999982
10.558834983999997
10.598423360999995
12.702860788
9.712687991311991
10.670671020999999
7.922452404797429
7.731536602797424
8.1490971558
7.0761070937999895
6.085905729699987
5.7368038497999905
6.01935822299999
6.972405871599994
9.473689660727986
9.967888769646397
9.988913322271998
10.654107898999982
10.815778214999991
10.247103470989115
8.51677518620254
8.852409260594868
7.010262008696138
7.5916303618987016
9.633237896795976
5.56527654269613
7.587925758405086
9.906290957866874
9.366618237303832
10.81852958499998
7.325616879303812
4.452330981399968
8.210206129499994
4.392617057799985
6.687000160199982
10.873348642000007
11.140607616999993
11.586358289000003
10.310495112717096
7.801635777303813
7.448718962101263
9.531081701787821
10.706182244999999
10.969209893999995
11.408133779999991
7.984300770727964
3.458621858202522
9.093059408717098
9.603185237070697
11.693815737999989
12.106800866999986
11.848799000999989
4.903667182898684
8.145126119999976
9.94848811964639
9.20082890786398
11.269273151999988
13.473625051999992
11.506781095999974
11.085065592999987
11.198513025000002
10.277104035999992
11.103289963999996
10.752502768999989
12.803179327000004
10.575376046999997
11.657998162999993
11.04081620299999
11.201097289999993
11.122387304999991
12.398819056999997
12.678855639999993
12.28297472699999
13.873827086999999
13.429241234999994
13.133282145999985
14.107272932000003
12.465385273999981
6.285182540898687
12.257896383999988
13.81025410199999
14.452824648999993
14.732789263999996
11.345405817000007
12.650280332999992
12.793210025
13.920649026
13.839775304
10.991088251999978
13.243159694000003
13.258599100999996
10.07396421672799
12.565901055999989
10.728777468999992
12.776821957
11.622065638999997
11.434590256999986
11.98486458099999
13.292704760999998
12.377324544999999
13.393304925999994
12.952464583
8.56143945306797
13.218426711000001
11.797320167999988
11.816165561999995
12.483688166999997
12.734916027999999
12.07439526999999
11.079513141999987
11.205120278999988
10.460116259999994
11.095479070999987
12.450342281000003
12.302965387
9.912886019895996
13.227634081999998
13.368141820999998
11.608475615999987
11.500288022999987
10.376842129999996
9.80913745113599
8.28203509669615
12.013833768000005
11.184429574999998
14.270886935000004
13.46184320399999
13.01929663799999
13.753669746000005
14.641649915999997
11.979961104999994
13.357529030999984
12.629101365999984
13.415949370999993
12.322873917999988
14.97084736300001
11.530465445999981
8.349471052594858
4.996973034696131
11.98271415299998
11.616714931999988
12.056541607999987
12.642637101999986
8.474804817202548
9.858872509863994
8.503547578405113
10.317395115999991
11.037377553999997
12.009792797999987
12.562124479999992
12.08397444599999
12.014893529
13.650133796999988
13.046963808999985
11.942854482999987
11.814783144999986
11.656995852999989
11.485287312
10.845617893999988
11.04749623999999
11.361064541999998
11.445179113999997
9.740558251999994
8.930999793999993
12.295804897999993
10.353784890787827
11.831193076999996
12.582695743999988
10.734224700999984
10.356167893999993
7.808300479099998
10.0615049270707
11.237894640999993
10.144473251212139
10.976075843999983
7.062546928405088
9.833982731727978
12.489279770999989
11.060161875999986
12.703673534999991
13.731784726
13.02933898599999
8.634009599303822
9.03350575099999
13.07739830299999
12.829359707999995
12.449971901999993
11.555463582999987
12.35108270399999
11.684945487999988
12.50117907299999
12.204122184999996
12.014850689999994
12.246487937999994
13.105324550999997
13.023262356999998
12.811836587999986
12.749014593999984
12.293092043999994
11.17603359099999
12.882687253999988
12.159402326999986
11.062734614999993
11.221743535999996
11.435253505999993
11.569162940999991
12.760983025
9.468699958863985
10.203443919282867
9.24956938920398
4.69890205989869
4.377610784898689
6.146863268999975
6.127232383699977
8.943261257898714
9.551928674212137
10.452548668999992
10.185659226999995
5.4121607803038145
7.791361677594861
8.30731742710126
6.772917536898696
7.629989645405105
8.602000370797423
9.86886007827199
9.69066153713598
9.10073211513598
8.79668054672798
7.972501249696145
4.840995581101252
4.3996051543999695
4.752855358899971
5.556811773696127
9.893493838659996
10.32364403221214
5.496852445999978
6.209879316699982
3.8912315017974066
7.024932316594846
7.259400682101257
10.057970422282853
10.302101249787821
9.127676840135978
5.907468478405096
4.586437066699979
4.368744522099983
3.510527168299981
4.4905286117999825
7.362467716999975
8.912014181659975
6.040132673594852
5.368983778399973
3.589521209696125
5.519785012797398
11.128329679999979
9.157197309931965
6.663654032898695
8.164044416797422
6.995564771999984
6.553269164999977
6.24790142359486
6.675314440898696
6.7902293029999745
7.230724175999977
6.908575347898696
7.9467131286961425
7.311114041101258
5.959031161506367
2.533833448799971
3.345399420199959
7.008065559405093
6.04661739199997
8.665694621203972
10.602040281999994
5.361417262303816
4.6912565246999804
2.9276323272999885
2.4926830169999814
1.8199657241999794
2.268961640899972
2.9867304305999727
3.282919627399965
3.074674894699964
6.094012504594843
8.221024404898698
4.811323892199978
5.005101054405088
4.8705396361999735
3.2368709609999637
2.7898207625948315
7.353793173202529
6.369136402898682
7.631519959999968
8.353545846727975
8.254640039067972
7.688220579493575
6.814791674797405
6.080708587594855
5.509552008099991
5.003636022899968
4.786973171999975
4.791166932699969
4.224216006506359
6.593599868797406
6.261276319898683
3.3301808745948422
3.6058778579999635
4.740279313696121
7.681509970101266
3.649253753699959
5.107215957599979
8.799277084271976
10.279590392999987
11.083233854999994
4.461215966799984
3.799761994899977
6.539399266101259
6.733985339405103
8.18141870569614
8.166258541931969
8.613030947931977
9.030371867405112
6.872216526797407
8.531570622203969
6.908599847405092
5.682167231797406
4.806778631594841
2.3108702483999632
4.758978163099983
3.6527263686999896
4.488551660199987
4.557773606899994
8.947420498696152
9.682296485898716
9.199838375931982
9.17360610499997
10.247559550353584
6.004957252493575
4.765627033999982
2.978804640199973
2.3457344115999628
2.7170924605948357
5.846439565999963
5.0117688399999585
4.134180833405081
7.573358831797404
9.932652458141419
10.550076126070701
11.225190972999979
9.335719128405117
10.836760325999977
10.55065406492926
10.891050867999988
10.286619593999994
11.623224145999986
9.965013687070694
11.237158257999994
9.382290499931976
4.575570248405083
6.806457575999973
6.800166480999952
9.158914744727968
7.77545896465996
11.277009748999987
12.320351232999993
8.861412571795977
7.254373033101261
5.774604537999986
8.905273612999984
7.359296600203962
3.7445658858986834
3.7812037765948414
5.677302928202519
5.410851632696122
3.3982693771012333
7.000520259067947
9.660295609999984
7.55075503230383
6.252223539699994
9.066507626303835
9.89945835578782
12.535657932999998
11.669466759999978
11.111130119000004
8.814723152202548
11.745180004999986
12.99836454199999
12.27217696499999
12.29529046299999
14.033736611999998
11.73636485599999
12.36821696800001
12.12408959399999
10.898961446999975
12.825107308999993
8.937379998863973
5.7042043868986845
13.012947591999993
11.73058941799999
11.868780814999994
11.249892817999985
13.017876003999994
10.429725390999993
12.27032126900001
13.101733059999995
11.605013751
10.414655285717101
11.76172606699999
9.031757655303828
5.1139097335948485
4.955166201797398
4.538157258594845
10.015229214339978
9.43837176978781
9.92690661172799
9.422160003795993
10.457714472999992
9.815861022931989
11.740370005999996
12.49717565499999
11.960833234999999
11.737892995999974
11.185958745999983
11.04897304699998
12.362967666999987
10.67605945299998
10.89370166899998
10.34479215399999
11.401819086
9.210707179303833
11.760271891999983
11.256537987999986
11.63990683299998
12.247390404999988
11.016542882999971
7.457513076797404
6.397773591594853
9.852387805135994
12.221701691999984
13.537765313999998
12.110799907000002
13.106441074000001
13.836636448999997
14.962582928000002
13.055318166999989
13.163458364999999
11.595665325999983
14.722255241
14.259473012999997
13.528045063999997
9.78067270199998
9.987310737717113
10.97551040199999
10.220772608929252
8.847367172135971
11.656320949000003
12.241760300999985
10.753076182999985
10.88532098199998
12.335798618999991
14.552119554000003
13.994421065999992
14.222735935999985
13.774577700999995
14.456855267000003
14.321403881999986
16.433876907000002
8.91895046827197
14.262287774999994
14.414972518999997
14.674588959999994
15.327007891999996
15.012631807999993
12.179558686999982
10.300786379999993
8.03528586269615
9.726979185339996
9.934533552717095
12.054754851999983
13.079794922999975
12.653539144999998
12.732899485999988
14.782534536999995
14.347420116999993
15.15005412599999
13.701427828999991
13.803268151999987
12.987077369999987
12.931421718999983
12.362183208999992
14.613577746999988
14.62975376699999
16.076807495000004
13.620587374999985
15.402914389
13.00723130199999
12.130916014
12.402405266999994
11.596401295000001
12.088731124999999
14.475568459000003
15.039664139999996
12.921109261
14.08795924399999
12.955350484999984
13.99506220399999
15.010355410999985
15.27945653199999
15.859174942
16.220775709999995
14.221479937999986
12.201350680999976
13.321646334999986
12.14635426899999
11.166754993999984
12.99717238199999
13.128919941999985
10.965204058999975
10.81694753414141
14.480425699999984
13.169668310999983
13.604698023999996
14.011088181999995
14.889374584999997
12.211648487999991
12.994753322999994
12.380699358999996
10.765887224999995
8.682501332101275
7.215035803199989
7.1966028380999925
5.467430471799991
11.184390816999995
11.833450818999989
11.801874148999989
10.608581928999994
12.415942516999985
7.144703251594841
9.747260501067966
10.281078619282853
11.455335973999988
12.599247374999994
11.408231203999994
10.064755038339994
9.833059173727992
9.7646047790707
10.818338323999987
11.539429726999995
10.25096322178783
11.25222278299998
13.508725874000014
12.423431523000001
13.058884034999993
13.17380128199999
11.560507737999986
12.97535781599999
12.728021955999992
6.931625485202538
9.689972172646382
10.614337485999977
13.580350522999995
13.14397242299999
11.374048406999993
13.094270052999986
11.272762128999984
12.454556873999987
12.094571691999981
5.241947659303812
3.8806258681999712
4.384913931303809
5.330742692594843
5.2458698470999785
5.146172967493579
5.527124172999974
8.280395004303822
7.310123031594847
7.451158676099995
6.609818748506375
7.802354836999975
6.773120239303815
6.266584349101249
5.871163182101252
6.084013211101257
6.723260739101257
5.70379041899997
6.7134026809999785
5.89762329410124
8.589140475339976
10.975015276999988
5.291723606898676
8.430384223898704
5.629417106594849
3.344996211202521
3.3008741027999706
4.581631144696115
5.656268983506376
5.497470521493566
6.941678196699985
9.617961248858535
6.531215394594845
2.7225333877999645
6.524245881696133
4.471890318299972
2.912681314099977
2.7686263198999663
3.185656997699963
2.89625240329997
3.0316830306999667
2.6495820678999653
2.9672715973038
6.551314515696122
4.983914327999964
5.197791848797408
3.1173822326999674
2.720870541399971
7.381470402493577
6.407280084202533
8.79679241493198
7.214858227493571
8.733010287339978
7.977211262493575
7.695473887727967
6.848908013898697
4.483040280202524
6.587776347405094
3.7493432052999673
2.7695889998999705
2.3279922759999714
3.644577680999968
6.398271957405083
6.404761190797407
5.610866805999959
6.262404492202531
10.072019032212143
7.094292474405095
6.397758256493569
7.8802369614050916
7.279626888999969
6.989249981696133
7.454565652506366
5.517970664999978
6.284288445999968
11.634654105999985
6.29311481020253
5.0729330108986925
4.718059170493567
3.5200645492999647
3.660505461101235
5.647468691999964
6.54724075620252
5.571258592202525
5.862981718405069
7.431551925696131
6.764481962594851
8.830524806202542
6.718432366898697
6.341031669594853
5.656572714199979
6.014146331799978
5.08042166139998
3.2151428162025226
4.898205166594833
6.772636494405094
6.340026295506376
5.3502574172999715
4.267629052699977
4.528811299099973
5.751135353099981
5.266928802499968
6.133961773696123
6.5953816787999795
6.640709559594844
7.773768510405098
7.22677285920253
6.029026228303805
8.132080955659967
9.205477818203978
7.371267301898704
6.669397518898692
5.696993652303811
5.61726625210124
1.5948601577999637
5.783793891898684
6.187702465799988
6.0950801558986845
6.062741368101248
3.8469787674050835
8.41236655730382
8.35714317320255
8.01479387820253
7.719926504493568
8.927418701202546
8.42540770720254
10.244613737353582
4.407838029499978
2.2747643905999704
1.9358734038999748
4.607438359101238
5.470690086399979
9.911567314067987
4.974187284898688
6.1134710998986925
3.972127375797409
4.747029487594841
5.26193820650636
3.4311108550999636
5.964283363299976
5.020789161699989
5.403312826499979
5.241910021999974
6.257182165499984
6.399964669797401
7.907381433101264
8.597441494863977
8.391291593898709
6.0453102111999915
8.310776454135972
8.626986964271973
8.10624092249358
8.287259249898705
9.321774391202553
11.378646813999989
8.236084793101265
7.8578207153038235
6.099861437999987
7.023881492594859
10.067632881141433
8.506045988506381
9.98893602765999
11.45475466499999
9.771840803646388
9.052538365141407
4.224532246405077
2.838436001599962
2.0538280120999577
7.463455313101257
9.631847769141423
11.221061313999995
10.639861066999988
5.99164109040509
4.070117294303796
9.463307789727978
12.03123735999998
11.636471523999974
11.443083210999978
8.251731782493573
10.255270985133116
11.444238445999996
9.491883113067985
9.705193160999976
10.211987085999988
10.921814450000001
10.282050508070702
10.972779326999998
10.540123514991835
9.997792497212147
11.240131098999981
10.806342734999982
4.947781364405077
7.956007034303815
6.829592959594836
8.26769969793197
8.13598694309999
7.895268589799987
8.738554099999991
10.33208873
10.357558111717102
11.941702327999998
12.427094626999986
5.426541946405091
6.624234905999958
3.0256075484999596
3.0262045669999527
2.432434222405078
3.244091458101231
8.036287095594863
10.327264088282865
9.292292681898713
7.288556852795959
8.859426574795975
10.20944397286398
9.97333717799997
9.965217704858524
9.008167210271983
10.257139555282865
11.63817617799999
11.195500768999993
11.54454613499998
11.56397059499999
12.063529540999994
12.553831304999992
11.830855102999992
10.866196071999994
13.059091324999994
14.463697177000007
14.030712813
13.78328958299999
9.14454724720398
6.715621305797405
12.167342058999989
11.444085637999985
10.268163610858538
12.244879639999985
10.82416402399999
10.995121552999988
10.593905277999989
12.424208394999987
13.344616796999977
12.253244157000005
8.02862817379742
10.935536286999994
9.785332038931998
10.323155869999987
10.746946520999996
13.703908181999994
12.593125121999991
14.210533782999983
13.696484967
13.697590067000004
12.792615510999992
12.746587244000002
12.026394736999995
11.76897330799999
12.40754209899999
12.19190023199999
12.797634679999993
14.803098424999996
14.642202132999998
11.948629611000001
11.154130787999986
12.201307732999982
12.212378699999986
14.014857813999999
11.768252778999992
11.511790532999994
11.62172636
11.418356939999994
10.060375610282867
9.58520313106799
8.39274953459487
10.241532249353586
8.851127934203975
11.912752099999986
12.891301885999999
13.84523060899999
12.01375489699999
11.414653623999994
11.059455472999986
8.926133329797429
9.682414016795985
10.716626151999986
11.269777892999981
9.371807539271982
9.82269564207071
11.081307020999992
9.907421037212146
12.318159162999983
11.536698274000003
9.828832446203993
9.474790649271988
11.07254067499997
12.533931375000002
12.355392968999995
10.18356174006799
8.010136602797427
10.115208566212141
13.96479619799999
13.128709171999995
13.247209658999983
13.259021567000003
11.810533735999982
10.683910784999984
10.566745136999995
11.128276543999986
11.198663241999986
11.728760793999996
13.238345850999995
13.340981717999995
13.485881238999998
14.097039081999993
14.586943984999989
15.049439249999997
14.520093763999999
14.173188936999999
13.440141527000003
12.835912720999987
12.647382981999996
13.186928454999999
10.472275254858541
8.856475901797433
10.21405745093199
13.991373363999994
12.757467987
13.826935377999984
14.237814539000002
12.040883834999994
10.592613427999984
9.334481281999999
8.066138392599997
10.067028173858535
12.326109412999985
13.410811718999998
12.73895289299999
14.272736966000002
12.692149695000003
11.861845517999997
11.153240162999987
13.539926668999996
13.83310266999999
13.730457929999998
13.652892882999996
13.467908114999995
12.51410979899999
7.518089234898692
9.835818434070703
11.348570749000002
11.961400498999984
14.089255120999995
13.360637877999995
12.796376806999989
13.14136769999999
10.413474656999997
9.437551359727992
8.469405982999993
9.23482421569615
9.71912873386399
12.055029506999984
10.650920032999986
7.350200601202548
5.896438119493576
10.137937843203996
10.419468084999986
10.312203686999988
12.878001058999992
5.713634738199981
8.70037848979597
11.360133593999999
10.211411956858536
11.318000030999983
9.56698072065998
7.8416385756961375
5.293395393405085
7.282297845506371
9.004588085931983
6.645059208696133
8.174602818303821
7.569455143696138
5.524947238202524
10.715117202999982
11.42185015699998
11.108179810999975
5.4986473708986825
3.172893568405076
6.204951124594833
6.333133950797396
9.942670288070696
8.365329530303814
5.605815762303819
4.027892546101245
4.919885749797408
7.870993656931966
11.43337246199999
11.156759301999983
11.398392536999983
11.298014013999977
11.231471338999983
10.281336718858542
11.495988447999986
12.42124012099999
10.82612246999999
4.690345806899978
3.1883224578999676
5.696056500202534
7.181457929999973
7.068291758696135
8.505455276339967
8.505066995135968
10.190856616141414
5.887098715202539
6.338497828696128
7.014923170506372
5.101546447799978
3.1014072387999665
2.5032440169999615
4.311476747099967
4.651226045199971
4.164834866299972
1.9996295409999714
2.8922300277999584
7.973668409696138
5.9068308761999795
5.705111875898693
6.086191871594847
6.643760588101239
7.403740479999974
8.42471160420398
4.779758418303804
7.8443602585063745
9.844109231717098
7.863805674696133
8.971103865067976
9.417954244999983
9.428917323203986
5.284376325999982
3.984422163399971
3.958724778699973
4.762398619099974
5.860871404999976
2.9537161956999705
3.4379444182999666
3.4615165053999895
4.714041270399993
4.003469322199969
3.8939026244999786
4.784288456696118
2.8283816223038003
4.425328199797394
7.310267750493576
5.813396998599978
3.169476504499968
4.668436898799971
5.212808468599976
5.117130528303805
2.5629946029999595
5.484694876099975
6.273336498999972
5.052834310899979
4.959544848599978
3.9624093429999827
4.2893243972999775
4.902051271101245
6.054589916999976
3.3342863006999632
3.7613668594050766
6.405788793898695
6.054504278594849
5.553432829303805
5.555981513999972
4.354212898303794
5.545745638999962
7.398233926405095
5.343062551898693
2.8836210692999686
2.2351045028999708
2.3622793152025157
3.082173004202519
4.444127667202524
5.450671794101241
7.714192832898686
3.8518980103038034
1.470543298299979
3.565922793599959
5.621048088101255
5.121432919303807
4.7002579453037985
8.141096850727958
7.069325955202527
6.753290824898689
7.9713570708987
7.33908177029999
5.12631139979998
4.80224647669999
5.9725437835948565
7.593221617101267
8.447118423339974
8.5697051254051
8.37877761230383
8.40243841706797
8.982091738931967
10.038749752858546
8.38894986879742
6.118055876202531
4.612320103506363
10.78459896699999
12.142761553999987
10.968767522999984
10.25452726428286
10.806597226999987
9.954215524212145
10.998306498999991
8.229664645405094
9.332301844863986
9.739844831858534
10.867515731999982
10.481453686999986
11.157005553999989
8.38084963230382
6.999059852594849
9.184920855795978
9.101080644135983
6.261011784405098
3.5632367003999703
5.031502679405089
1.801651512099968
1.4480298598999721
2.9581136596999653
5.731813024899983
7.644337234506383
6.971681518594863
9.387770950203986
8.758612722797427
6.773925468399987
6.284241099499983
9.914920527717104
11.41399748399998
10.637689705999987
11.960990305999983
12.310810756999985
11.694586635999991
11.673930491999991
10.709259107999994
11.369182944000002
6.948883309898691
6.597153517202528
8.75246329665998
8.37443478550639
9.694991970863997
8.68422826999998
9.428502444339983
9.781091613858532
9.96933357227198
4.120649755898678
4.933572288493568
4.738721873506357
5.752629887405085
7.833479750067958
10.581461283929245
9.98205834199999
12.014729101999988
10.414135364999987
10.004043827858537
7.094102911405084
9.375847627303832
10.224346119795984
11.63015303799999
9.210165292405112
8.19697785340511
8.503764359999968
11.608957112000002
13.251347162000018
10.009153553858535
7.024904780594841
7.76325204313597
4.656422787506357
3.4431698165948363
8.66790304106797
9.034987408405117
9.866483111728
9.375513792271985
11.37315663299999
10.534228264999989
12.90206666399999
13.170775565999987
12.593676555999991
8.62089654833997
11.20740570999998
11.55065672099999
14.116689467999995
13.717191855999987
13.932863146999994
13.84952229599999
13.157845833999994
14.128507805999995
8.60908955527198
11.559248609999997
10.145726609858551
10.486461681999986
10.047045780931985
10.179324991005435
7.236304640199987
8.629014349405109
11.030346039999984
11.862834447999985
11.756930275999991
14.246013680999996
15.630064935000004
12.145219709999985
10.989145510999979
11.570673362999994
12.372719388999995
11.614131783999989
11.040198557999988
13.606172706999988
12.816401008999991
9.235661808863984
10.80050051599998
12.32218514899998
12.501997220999996
9.688953979339997
12.866325562999993
10.321641390999996
10.716531713999986
11.663920701999992
11.40092361899999
11.442971752999982
12.865193671999993
13.176414492999996
13.577827869999997
12.545973800999995
12.84473142699999
12.012535921999996
10.994354665999996
12.74173696099999
12.324002703999994
12.393276020999998
11.865903689999996
12.250464911000003
11.720811324999994
11.572426044999988
12.16916590399999
11.057733982999988
11.047989030353568
14.955511889999993
14.663395066999993
13.223887658999985
14.213358717000009
13.856191079999999
15.055788834999994
15.141632102999992
12.844703730999987
10.429241884999984
14.081795535000001
14.413508793999995
13.591790747000001
13.186884270999991
13.719510136000004
13.710896212999993
13.842431891999986
13.168619417999981
12.667163198999985
11.794379474999989
13.170697916
12.04308904099999
10.70531769999455
4.847375729405088
10.33469727621214
11.731943072999982
12.727890270999989
11.177207754999989
10.805205229
9.842763973999991
11.468374784999996
11.485659508
12.084140944999996
13.788278298999995
12.738980071999995
11.328380039999995
11.286103709
11.893242792
12.279431162999984
13.339435290999988
14.397248389999994
13.480182613999997
13.984284160999996
11.795928716999988
13.826595360999987
15.180509276
15.41605063899999
15.29752562599999
15.056481720999995
13.94330174599999
13.550210895000003
11.204596471999988
13.928946364999991
10.185608052070702
12.669542071999995
9.832079305999997
10.828734727000004
10.822782375999987
9.901364533999988
10.180451721135986
9.757090847863982
8.015187783863977
8.193704139696141
5.486313226303812
6.937167091405097
8.667622473067977
7.869772186303819
7.785520402493582
7.008382684303811
10.159713674929266
10.285736496986406
7.936116809101268
7.405705894499989
5.234152230799992
8.353704989594872
6.035314112899982
12.721808799999987
7.640628489696148
6.6625173003999825
8.752626728797429
7.839529032898702
7.883976621999985
7.057338723797421
7.995327464303834
6.777059567299991
8.352143839999984
8.440500167791981
10.314909162999982
9.978491584858551
11.281451426999986
11.659589748999988
10.202647873999998
9.170640029931977
8.505292794797423
7.539936398303825
9.006218951271974
8.475513543795971
8.763484445135981
9.678513310141422
9.366613754212139
7.640763413999978
8.062054728696136
11.493153620999982
5.212841471898684
6.492415867594849
5.901763664202527
5.902073687696117
2.7576386336999645
2.532660191299962
4.02347262119997
5.430897532696137
3.0649684676999627
8.081149899311974
5.284151864599977
4.286551824999965
5.541012893696125
6.481902824405092
6.945687844797418
5.252718009898689
4.826995219405083
6.405449444594847
6.294466435202532
2.234557528699967
2.3363202727999623
1.9597262130999669
3.813659973101237
8.975076007067962
12.339711693999996
11.000872147999996
8.576863621493574
6.8682754989999815
8.202861157202536
6.817135971101256
9.172254165727983
7.9034451446961445
6.708244448899993
6.409715171797412
9.889497912717104
7.71323203430382
7.546624694797417
8.27395643920254
8.139521185303817
6.928785160799995
6.069083534199988
5.633294705199994
5.343617904699994
4.816463789399967
4.802837225303801
7.416827828999974
6.17211785579741
6.08345350040509
7.029784312405091
6.228606234696129
5.472565441898687
6.102110067696124
6.11623089899997
4.472428065499989
5.872601356493558
5.05980606689868
7.344731745898695
5.843153916899979
3.279499748199989
5.170194084202517
6.294276174898694
6.8283689011012605
8.921442761135978
9.423701925795985
8.67844243469615
8.741627076696151
4.832788949599981
7.662308987405091
7.07343179930381
8.861002226303828
9.460280744931973
9.350251257212145
10.338126970999992
6.306405139199985
8.591596798696141
7.048770391797412
7.534071351594849
6.798686572303818
6.376028073101252
4.8365708587974074
4.310460298199973
2.869928684999968
5.442739851405087
8.683093731795973
9.555712380999971
8.92825522779598
9.950142552141413
4.712397621199981
3.5180775969999707
7.251892210405103
6.283586523405091
5.03961738589998
5.526827700799977
6.858833775303812
7.388246694898699
5.635976994303807
3.83865532069612
4.4058924193999704
4.36808776249996
5.110092658999969
3.5413101211999636
5.877589752202523
8.782046267795975
8.72495348813598
4.14207103269997
2.7461697371999763
2.6223482543999643
5.43667051239997
8.041450608797419
7.341727812202535
9.441883430339983
9.348946153203975
8.53800101313597
6.740219435101243
4.692214367696132
2.184119946299971
4.466300021399994
4.609218200699972
6.030673158303812
5.365515792799974
5.987503541594852
6.616389288299986
5.217787550399976
6.107301473999975
7.928675830067971
5.463165055797406
5.4409369155948415
4.082672978202515
8.20661170199997
5.755891754202525
1.4434157631928901
2.79872706909996
2.592414977999959
5.734953474405089
6.828103665199988
8.803481703202557
8.146497358696148
10.288751180999991
9.230435494999979
7.412762947067961
9.217748564101267
8.746669177202552
4.264375877405083
4.683943354797407
5.78975027009998
8.597261239594868
7.269276200899995
11.022062217999988
11.474762551999984
11.404918348999992
10.24749885399999
8.225233842339966
8.712727947999968
9.465858033863976
13.192966598999991
14.062030347999999
10.378669103999997
11.734378280999987
12.700241607999992
10.70963943185853
12.825046317999993
10.750922245999998
13.203959493999994
11.882355222999996
10.63177243299999
12.031584630999989
13.04682494699999
14.603063212999986
14.565345670999989
14.096889516999994
13.18194594699999
7.929404919405095
8.530876055898704
8.160977532999983
9.288551718103987
11.481604398
11.379031057999981
12.069268876999988
12.310392505999992
13.12704376999999
13.566366605999994
14.021163947999993
12.325958908000004
10.36490706320399
11.291365944000017
9.116875994931984
12.645015702999984
10.19842465371708
12.205027797
11.48595375099998
12.99007478599999
13.202044782999995
13.047681093999994
14.332831594999991
12.557723778999993
12.960026409999989
11.451589444999982
6.736085595696121
10.412312257271983
11.134835836999986
11.584993755999989
12.901853075999991
13.036526749999991
12.786543857999986
4.998675016797406
5.126963018797399
12.180225747999994
8.142540432696139
3.880099781797404
6.9861180023038045
8.960311476101275
8.879751046797427
6.48418294369999
5.51666760859998
7.146160183699986
5.801534069799985
8.69222482133997
11.428999680999981
10.102104074070708
10.17408398728286
12.336178379999998
14.055419523999992
13.236373914999984
13.286168866999992
11.546135882999993
11.988043249999993
11.954567818999985
12.212123455999997
11.695147849999994
11.884687935999986
11.251957735999998
13.831386810000005
14.205891780000004
13.156765382
14.131362558
12.062585743999996
12.862756989000001
12.744265964
12.72110678899998
14.348027947999984
14.148005610999995
8.435071859696139
6.808731243898694
10.958791645999991
11.78604703099999
11.635355582999988
14.441123066999996
13.986887771999989
13.188412868999997
11.54312096399999
10.860690400999989
12.128874347999988
11.047361193999985
11.355350907999988
12.740130634000003
10.664886272999995
8.670187353493594
11.092754195999984
12.31170976899999
8.907130168135986
11.651519205999982
12.595315171999992
11.921993007999994
13.558972111999985
12.749252973999987
13.55366641799999
14.731561597999988
14.531938358
14.338107644999988
12.490549047999984
11.860415365999987
12.81116099199999
11.04316065799999
12.856758210999997
11.771552088999991
14.418021065
13.728571827999993
14.484733118000001
13.973371293999996
14.291905091999993
13.877319875000003
14.075671364999991
14.917557125999995
12.56966713599999
14.065795377999994
13.860792305000006
13.997745746999989
12.413496323999992
10.86783796799999
9.690242382858544
11.249641570000007
11.813183774999981
12.078005556999992
12.875043174999988
11.040124173999988
12.104452540999988
13.24596740100001
12.328876559000003
12.510354542999993
10.13589400486399
12.943669147999996
12.06532781199999
9.064399653594867
10.52994729799999
11.83799692099999
13.107901160999988
12.90884899
13.42354659299999
13.670098646999984
13.210804882999994
12.328155117999984
13.842860816999998
13.805023676999998
14.142443434
12.648607728999995
12.933608860999998
11.115641997999992
8.23158137969614
12.052809109000005
12.524240690999989
11.489723969999982
12.217751896999989
10.663311991999988
12.411820431999988
12.344747904999995
13.928852616999992
13.664071489999992
13.285486677999993
12.561484583999984
7.93034494020254
4.944513473493571
7.830278378303819
11.329250016999998
10.849870125999987
10.470810111999983
11.70489589399999
10.643635206999983
11.915771068999998
6.992938143898687
10.364119251999973
12.217811529999988
11.12224852899999
11.293524659999987
12.369602431999992
13.402150724999997
11.964078499999987
12.58944784699999
11.414847696999981
12.097539461999991
13.156695290999973
11.788826653999994
11.559043052999986
8.037685845898695
9.321406933583985
10.160215179282865
11.274205747999982
9.997479162717102
6.299087918101256
4.817044009405085
8.52804739069614
11.569511707999986
9.54096536572798
10.406702923717097
10.615921824999987
10.4639122390707
9.406872203070677
8.869189359999973
12.51344005599999
9.688252992135984
6.976722094696145
6.329171319599984
4.272988954199985
3.081646522499971
4.192887660202516
6.295923574797408
5.761107754493568
6.071982568405078
9.392421842999974
5.907194874594855
3.5788644484999628
3.8068059691999707
6.392331619303803
4.304613679493564
3.873825297493552
6.257826438898677
5.300441468797407
4.154566722101229
5.672845484898683
5.220140092499974
4.429788418599962
4.147630067399973
3.130207917799995
2.1996650313999866
3.61043985599997
3.9192187270999623
5.673413668797402
5.36425082240508
6.11376486820252
7.709193302898684
8.931081130999962
9.963388217135988
9.97713045499998
10.164532647787818
6.765153803999977
4.6345134337974
5.385565724199972
4.6972842528999905
3.387326106299989
3.284336080899987
2.7760204757999856
3.9843661101999652
3.262801032999969
2.350602091999972
4.099692126506367
6.010220315594851
9.439535575929254
8.312375886493584
6.314404362506378
4.721733792101251
3.2017029494935523
3.0603922591999657
7.858140434303823
5.761240502899984
5.3051342589999715
4.533881913799992
3.063936276199986
2.8485878463999783
4.258885836799967
4.26267593689868
5.676153752101244
5.893576567101246
4.745988223303803
10.151565849212142
9.999881837353579
8.439610713202546
7.853099159202537
7.798573657202541
5.092412943999974
6.187902191202526
8.564357292202542
7.50017515110125
2.556600724799979
1.3949063888999755
4.944454081699971
5.497126133696132
1.911669805899968
3.909174610899988
3.0828420684999736
2.900635330199965
4.65469191440508
0.9055076374999773
2.7994106307999767
3.2614978927999823
3.2180179412999714
4.315579299899978
5.273629823303803
5.21942387389868
6.415100686594847
5.1556341034050766
5.116752801493559
8.45728418730382
6.857086537202545
6.802297964499988
6.108485180696138
5.447577081303802
4.773059414696114
6.326532157898689
6.884188384999983
6.167288395696128
7.066662419101261
7.798369796797421
8.894769461067982
3.4057545638999667
3.740655911299974
6.670052661099983
4.694709695399978
4.401269477799975
5.069849272202527
6.136011341898689
4.712114771999965
5.0407194061012355
10.968437884999995
10.874707290999986
11.244877222999987
9.916167904795989
10.199627171212146
9.84312209178782
5.4296283889999515
9.613675556929245
9.915641044717093
10.368439570717099
9.740644203135984
10.303509072929264
10.841554999999993
7.261621562199996
9.279725334135982
8.647437066795964
6.292362754797394
10.348937835787826
12.884688610999987
8.377059138506386
6.120945529199987
7.403635436999983
9.15565249927198
7.758041213999984
5.45516928249998
5.330514910899988
5.016919930999988
7.216811849999977
11.19185313399998
11.407071970999985
11.12782288499998
10.892341689999983
10.971365999999982
7.499684011797414
3.520004214499975
4.785666812099984
7.0621596831999875
6.781909722899991
5.010701705899994
7.094362019299986
8.316999626202552
11.284423165999986
10.466326116999987
11.173481916999991
11.863086475999996
9.458786984203986
11.42554742599999
8.449331895271971
5.35281665340509
5.9068506209999665
5.690950775101245
8.20552624510127
8.528620249898701
9.150446639999993
7.357112254299989
8.070813046299994
5.636941159099987
5.7094606383999835
5.983910026599991
9.007802473405112
8.15557465059486
9.486357910135986
11.478345015999988
11.950989460999988
12.991171961999997
11.579611901999993
9.680227610858543
11.021996532999994
12.400263906999998
12.673647788999991
13.085737998999997
13.310517577999992
14.345475637999998
10.95392311899999
11.155967293999993
10.503573923991834
10.271978139999991
9.621441834999997
8.365641461202554
11.050955596999987
9.662140109311995
12.263931821999986
12.672403805999991
13.713596793999994
11.05396484999997
9.202637568795957
10.58457225599998
7.191829411203956
11.54611678500001
11.15119801199998
12.954408732999992
13.182560725
14.605976520999992
15.185136078000005
14.042078307999997
13.77204163999999
9.562409886135988
12.00757047999999
12.252887929999982
10.870406112999998
10.615072297999982
10.154231377994554
11.705536173999995
12.029812040999985
11.461859411999997
11.287095949999989
10.93465441999998
13.12344278899999
13.815975275999993
12.452050452999995
10.278071770999983
11.608719979999991
10.131981764141429
11.273986724999986
12.096840612999994
13.556927025999986
11.438516340999989
13.514567794999996
14.489097904999998
14.299091964999992
