14.084510361999994
14.767380898999997
14.064134847999993
14.060033866999992
14.130210279999993
14.476876679999995
14.570157161999992
12.443412784999994
13.232839678999984
12.951579117999982
11.163554392999986
8.816853488202549
9.452411648594879
9.696184020999995
10.938606736999992
11.688931766999996
11.953526762000005
13.433572649
11.31533220199999
11.302229680002721
11.711423929999992
12.451878932000003
11.386208356999994
9.820214166203991
13.199586759999995
14.718473841999995
9.942796868929266
8.930860731493585
12.70629034099999
11.950891993999996
13.316567731999989
13.496375965999988
13.113776476
13.154533344999994
11.64446355699999
12.027424045999984
12.605539974999985
11.49450536334719
8.287369761699994
8.270871870399999
4.7217742812999965
7.028707783499987
9.086213429303836
10.92130645899999
11.324464028999994
10.510818714839987
10.872044765999998
12.998297196999996
11.036750837999989
10.642743493999987
10.94425689499999
10.86242042499999
11.458448354999987
11.03505456999999
9.75610093693199
9.03882275699999
10.437203856989113
8.025828250101267
8.415002081303834
7.786438041696143
8.8094971954051
10.41956913599999
9.521397679067984
7.9668628707974225
5.187134747303814
6.272267851299978
6.31773308720254
6.457285528594852
7.19402439269612
7.414019528202545
7.405569091797422
6.742446720899987
6.741043055696143
7.64246010740511
8.050987658696144
5.145188812299977
5.691856236299978
7.150369068898701
11.997126809999994
7.41106665649999
8.118060940594859
8.837528108202553
11.487863762999996
11.309364588999994
12.128363538999993
12.851302636999995
12.994500698999992
11.455028533999997
10.829751344000005
11.176760180999988
12.25611641699999
12.08976627199999
11.442978464999992
9.732604084863995
9.073670230101275
9.478951524415994
7.8043927108999975
7.413696760599988
4.951795867899984
4.596996520999982
8.664948294067978
7.380385209696146
5.218292315699982
6.48670165099998
9.734439221202559
10.741709803999994
7.971610655202541
11.038536190999983
8.683016059898707
7.760196623202545
8.00527171940511
7.818215856898704
6.025395577999995
3.566584118699999
5.404840168797413
7.555850431797426
5.032201747100005
6.4445576522999914
8.97073353730383
9.235305854797437
7.441285687303825
3.5234738616999772
4.300315495299975
6.2167746231012595
6.359238120999984
6.4750819655948515
4.023384527599975
2.5145269027999797
6.000246240199981
5.260646388199981
6.5664713013038165
6.379278787199985
8.328749262999986
11.03221163299999
2.794463474999979
1.0090407227646239
1.506619883699992
2.732415641799989
2.826665133699994
3.408175637799975
4.349635566696121
2.0572387603999793
1.684029486099991
5.877061350999984
4.466615716599985
3.5953075423999867
4.60656757509999
3.3641259139999917
3.286670754999988
6.174809022499987
6.559901449599986
4.7418548827999984
5.8009983521000015
6.028116223099982
2.6021923812999876
2.270753724699989
2.5826804290999763
3.448107791099979
2.789120922899985
1.8799842498999813
2.4229216659999753
2.078772726399986
3.2363505095999727
3.517609593199985
2.249174668899987
1.724124229399983
2.5619405013999854
3.2913990279999914
2.63583819119999
3.2253674270999744
3.6620360488999806
1.6567768477999882
2.9913775481999716
2.336722856099968
1.6987436660999862
1.4766556670999915
3.638107746899971
2.1163842772999892
2.2097878921999854
3.108850262499986
5.960207270799993
4.559074264499989
3.5066468169999996
3.0353854660000033
3.497853260799983
3.0088088378999953
3.812103871199979
3.370053787199988
5.528181759599981
7.2027846542025395
4.477836596699981
2.489471847499987
2.410390286299985
3.5235387145999884
4.70917916869998
3.7116438735999835
4.393027606199981
6.4783978454999875
6.479781135594857
8.082367243999975
3.0715529754999773
5.960283387797418
5.775377325399989
5.596504582199979
7.687204807999986
6.147214677399993
5.649390261799978
6.634374171405104
7.192492132594857
5.164080700699985
1.9366723525999736
1.3874534180716924
0.829398669813592
3.6663369750999695
3.7666872405999743
6.34817022859999
4.641721314999978
9.176687722797425
9.511773350493597
5.96833908389999
6.497022944594865
6.598969218405108
5.115796546899981
5.939635435499989
4.586847169499983
5.421573382599982
3.8794447631999813
6.866163546797425
7.060498403898699
3.068193853799988
6.482770550493561
4.207770924399974
5.314147421299985
9.243958377067987
7.689231845099993
2.7757832198999854
4.6511152404999825
4.712576400797409
4.920713520799983
6.252478295898696
8.172937669405105
6.655572645599986
4.088281812999992
3.373140444899983
4.503784056099981
5.376277223199982
4.818864288299991
5.976229997299989
6.928430717499995
7.855708586099996
7.805848026999993
7.340008053594862
7.9268894852025475
4.542220538299992
3.355156234699999
3.106130715900002
5.037411469999987
6.891138621493582
7.101634501594864
8.592732241797433
9.264324438506385
9.156937446727978
8.561264993303826
7.533811393696145
7.7730522857974265
9.712989419594882
8.488896496594874
8.992638400303823
9.249623387101268
10.109891001929263
6.135837087999989
7.753386027493591
8.92913606869615
6.678705053699995
10.117521238787832
10.569851713999999
9.601253716999993
9.293026156727986
10.753777910999993
7.91866977689999
10.0904426057171
10.87555747199999
4.743108721899982
5.680788725299979
7.996469444303827
7.81607067410127
9.520321542271988
10.453716370999993
8.782370089696153
7.6774357314935875
9.29255151210128
10.224105248999992
6.307141262799987
5.4870820953038155
5.932318957499985
9.229199374271982
8.737109405493582
8.526829322797418
7.828640956101257
5.822235665899986
7.397791180405103
9.775918458734385
10.979516158999996
8.660619222999989
5.46356684419998
7.277565380898699
10.170347311282866
9.933562145999986
5.880753118899983
4.95447121119998
7.952644126898708
6.8514465912
8.073188763405117
10.390934989999998
11.086348697000004
9.764126721135991
9.445610891696155
7.122005976899993
12.344710206999999
10.88681524699999
10.285961220999996
12.25841461784
11.310897190999992
12.24318622599999
10.269260054159993
11.350384765999994
7.523007627898698
9.959144360271987
9.288956245415985
12.879901791
13.053317095999986
14.073361100999994
12.39486211899999
13.006972269
12.58364457099999
11.939202500999984
11.26013117999999
12.553381881999996
12.12246809199999
12.926245729
12.980434252999988
12.152149351999997
11.605299074999987
10.451383159989115
9.582316311727993
10.742616157999993
10.880596413999992
8.781538552931979
10.520918998999989
11.720548198999992
9.713437757931992
13.650362848000015
12.023841825999995
11.257281252999993
8.935866165202546
9.250517242405117
6.566121725499986
5.54650840759998
7.939928704799998
9.321889004493592
8.67521172179743
10.947216016999993
11.895070502999987
11.476789940999987
11.493213119999998
12.939188959999997
12.429157122999992
11.490362075999998
11.301538776999989
13.093155596999994
12.538765168999998
10.553001032999996
10.107036627135985
8.846636419700008
8.503051236000012
8.464884712200002
8.246273933405114
7.173092236299997
8.931719883696152
7.196957757599999
7.137891412399993
7.7887962447999985
7.578961895799999
7.5706416045999925
9.83682432399999
9.70723184506799
7.397053776599993
8.490163572700007
10.036666299271996
9.749142272931989
10.22005180799999
14.585580564999983
11.772234850999988
13.512289798999996
10.985825191999993
12.179464784
11.065713927999996
14.432240659999989
12.100298805519984
9.815802175931994
10.304968494008152
10.335873678999992
9.797852517696162
10.07786198893888
10.563426200999984
9.988421887141426
7.853786686696149
6.750272947699995
5.7942664993
8.0665953781
10.620471933000001
11.007571663999999
10.804595333999988
10.320657709991833
10.269664643999992
10.245090137008157
10.568278426010883
12.220108420999999
12.348263538000001
10.787711092
10.862388615000002
13.063364696999997
13.172711556999992
12.204595369000003
8.799581448405114
9.74596812120399
10.398092702999993
9.422267332506397
10.538197248999989
10.03330924078783
8.189719093303825
8.340153497303827
10.801950688000005
9.465232183800012
11.534938768000005
10.59568986399999
11.449088767999994
8.165469929493593
7.295095658898704
9.781141886931989
7.126474752800006
8.6040597504
10.050322714141428
7.988011318999983
6.4798461959999845
6.634947737099989
6.951334486399988
8.412033731101277
7.131663351400002
6.408597711200004
4.992888058500009
5.456846060200005
7.68874426269615
8.04955924069615
9.620376705898723
10.068676397795992
8.965672921797427
6.585588868696138
9.578021321067988
6.055891429099985
6.785720529200006
7.927510966499999
7.606265428200002
7.844077560399993
6.3552730971999996
6.362148275800011
10.735887555999994
7.118783633399992
7.466716345199998
7.075909605399993
8.081275389101272
8.42502224269615
8.72169707489871
6.537335310399986
7.651093122898706
5.125700233499979
10.241239575141424
10.51714757083359
7.622761723303824
11.044848310999985
10.942935563833588
6.396413583399983
4.851915000899987
3.6733289901999835
6.055694731099984
6.411637194799997
4.307539161700011
4.018391952499996
4.8697278777999795
6.9817690093999865
6.277236097699987
8.435946841405114
6.992314062499987
8.30647214510127
9.59372581320399
9.337902865727987
9.61518133093199
8.410644618202546
6.959720672594863
8.24138543849359
7.064023228499987
4.44579424289998
7.4277199996999945
5.071260043299986
6.522984762599994
7.082316812099995
7.637139544699992
7.922211305202545
8.793163769493589
6.3096503386999885
5.096691477999985
4.181612336699987
3.141176913499983
2.4995047164999917
2.610111776700005
2.932636762999995
5.590559909099988
2.7169133819999853
4.748860014299992
6.020225109899992
5.8357717254999875
4.854519244405094
5.029440928599986
4.870127792399988
1.445739482099988
2.0742879683999824
3.8149782622999906
6.366002755699986
5.9625161742999815
2.5933720183999815
1.375483312999991
3.1296799376999935
3.2219215941999964
4.557390046699997
3.7657077437999837
3.9302298964999864
3.501962705999991
4.639272589099987
2.815334834299989
5.948776676899993
4.952058781399981
3.2438201431000007
4.971542510999978
6.645817863499987
7.836983586101264
7.668434474199995
7.299468237303825
5.902334623696138
6.4045793793038195
4.727096316499986
5.944269068899986
5.238818052699988
5.5301966247999905
5.739037249799982
6.0449199096999795
6.01716186829999
5.30227145839998
4.579891680899982
3.3149090102999894
3.8390121703999847
2.6701452010999813
5.020623289499981
4.233833270299977
4.685995280499976
3.1240729354999743
3.574688728299977
6.051318691999976
6.217144985999982
5.770235366797414
4.239880696099984
6.870095413202549
5.769040002399988
6.294964036599997
5.924858505199996
5.913506954999994
5.880687515299992
4.75069960939999
4.104398556499985
3.257629763799988
4.172331423999993
2.383822700499996
1.2245485727991836
2.8020851577999855
3.8951624221999865
4.7517990645999975
6.127055465699995
6.013740032999986
6.24267158049999
6.686401827999992
6.826953372199989
5.083438674899977
6.894870518506377
7.117935020405102
8.008853692594865
8.427116064506384
7.431004907202548
5.537948657199984
4.985602526899989
5.626905900599987
5.544652140799987
5.428011970499983
5.379464536999985
4.686974839799978
3.2941079940999702
3.7156367171999753
5.139664408899974
8.5764158264051
1.2658259232646158
2.552357284499982
4.334408282499984
5.612558000199987
7.703529287696147
8.02507967830382
9.339552494863987
9.971521813999983
8.2695170028987
9.135645440795978
10.964029355999989
10.650540967999989
8.953336473101267
7.983381944303823
11.05252817999999
10.855791138999987
8.955908695999977
6.602713859599995
6.165658897399998
8.757217843594875
7.629128150898707
7.764096700999996
8.76046685030383
7.988555570999988
7.159613133200007
7.364367359900001
5.775566430700003
5.5787810119999826
8.070616139202555
7.915546484405109
9.193900695863983
9.548200460797434
8.05987410740511
9.278739219696162
6.2894045578
6.90665012659999
8.594867486594874
8.004352352898714
9.254263140898715
8.506209931898713
6.544588020299984
7.2209045775948635
6.751392431599985
4.45122340549999
5.2670148650999895
6.898755558799987
9.415530400061582
6.442438548303818
4.278515171799981
5.722136363199985
11.422148908999995
9.721693051070707
10.047850181727986
10.629004914999983
10.500267852999986
10.008624183795998
8.568835165399998
10.172237899863994
9.162508843999987
9.71527328340512
10.844245247002721
10.24630769333999
8.341036936999995
9.177977658101272
9.033649519303824
9.360925056333585
9.520758679129596
7.400525628699993
9.43533931113599
10.237049738997273
9.824622643999987
12.221110169999989
10.365476713999996
10.487700789999996
11.602606655999988
12.788782010999995
9.732459690931988
9.138317819135981
9.35525627576559
7.686535005202548
8.555200146506406
11.6764745496464
10.256825474659994
7.015717317202541
6.510354647797411
8.596644407696148
7.185426577799994
8.00668837889871
8.752441982999995
10.303299102839045
6.864796289099988
9.525003691067992
7.107935902399996
10.592524164999995
11.842443650999988
10.52303913099998
11.69316607999998
11.600522309999986
9.714893557795987
6.937002529899997
10.85521229699999
9.871851966970732
8.308229095499998
10.943684014999981
11.681442670999992
10.166608778449268
8.4394574036
9.21332201230384
12.317960033999993
11.154671514646388
10.34846537465824
11.806844082999989
13.717563266006396
13.103525025999993
12.801841349999991
14.099342507999989
14.102768796999985
13.775591308999994
14.654596743999996
11.09083645799999
10.225556717002723
11.450012019000004
12.033184055999989
12.99794307099999
12.010362489000004
12.71330287
12.727883684999997
12.435923288999994
13.489033161999995
14.334206920999996
10.281236522999986
12.460795264999982
12.918504334999987
11.092207624999988
11.13132677599999
12.099714420000005
12.492310156000006
14.085369549999989
13.823684734999992
12.256242727999991
11.140744186
4.739216194199998
9.905671328908323
12.054608996999999
12.103655546999994
12.812631670999988
6.422971284506374
6.729967159999967
10.263670837282858
12.422240514999991
12.259542612999992
11.867645623999993
10.052903230212143
10.727285691999988
9.533680230795992
11.056709629999993
10.835718068999991
13.534057403999991
13.286598356999987
13.481671947999986
13.457688778999996
13.075771604999995
11.244865485000005
12.38389529299999
11.798999344999988
11.726651825999989
10.857682490999997
7.556634092699992
6.9968208817000015
7.468117900100001
10.081472830135993
11.119410382
12.418980003000001
11.867402935999992
13.426180094999996
12.689140142999996
11.627045089999994
9.3953768845064
12.231238157999995
12.886559845999983
11.826420149
10.461120183999988
12.901274567999991
11.684335196999985
10.427492357999986
11.01556239499999
12.296459437999998
11.273083051000008
12.1053369109936
13.933575923347194
13.982710515006398
12.744826638646398
14.176470645347193
14.663045472999992
8.477619509898707
9.023239604202548
10.06549081413599
9.850831430067991
9.536166799931994
7.6546575805999915
7.819060656699996
9.058147517398716
7.210864132699999
8.665940774493592
9.019635783398712
9.238593827797446
10.688663582006393
11.935469877999994
9.197358666839984
10.9722535676464
11.302283544479998
11.924878298999985
12.938995077999992
12.327037302999992
11.327424058999998
10.959475059999995
11.702275361999993
10.818327262999988
10.961629903999999
11.973067426999995
10.16709066920399
6.5909867263999935
7.479715396070667
9.38480160820399
6.573526405299999
8.267163650499997
11.235340706999995
7.077710098303825
8.2229498458987
7.96294550479742
9.958942082141425
9.654611987212142
7.562462103303825
9.943338244727988
6.880036454799987
2.988123025499993
4.189858555599978
6.279651762405101
6.637985984799989
4.6541898467999845
6.002649484303818
7.859671133399994
8.487888011196146
9.122361279303824
8.718127619898702
5.761242878699986
10.15927171470399
10.92667061199999
8.969285845898716
8.586151408399997
5.00657413939999
5.1625371657999874
7.248916941799999
8.397520886202553
7.729101460303822
7.096419055202533
5.5885428390999845
4.946987684599987
4.323329331999988
2.9158608123999925
5.566167442299981
6.3478195404051005
8.584209936493588
3.971234458899988
5.977064625493563
6.855987351999982
8.339431663493581
9.878830197070709
9.211589712493593
10.003211149728
6.813655245999985
3.889903202799979
4.845708114594847
6.4453045760999865
2.9890894134999852
3.5992157027999987
3.9672680114999874
8.61505034030383
6.947742980999988
7.071009234594867
6.290159802199988
8.549542588797427
5.884432025099989
2.592373159799988
6.007447842399981
4.286681327799991
5.15665523379999
5.600528486599992
2.119630934099983
1.9250505660999875
3.6838065978999888
2.5187182433999933
2.6912945891999946
1.8693145934999829
3.4711632796999856
3.005250726299982
5.41422924959998
2.0895002776999956
1.9457073348999967
1.513682504299997
1.4553366790999906
1.3595578185999875
1.6715127746999847
1.4310365824787639
3.0110373794999834
5.1905413375999885
6.149599705499983
7.247795849599993
4.949570265199986
4.657003738399988
3.277470227099989
4.907117573499991
3.68990157929999
2.05666342929999
2.447081001299986
2.8010030761999887
3.4399019057999825
5.1207888869999785
4.623187020899989
6.468391418499983
5.628435343899979
6.230505577099987
3.206909527599986
2.158205187999983
5.922051362599989
4.213863040199994
8.251083001696154
9.295722570863989
6.745739880399994
5.043439598099986
3.8050998504999876
4.012638767999985
2.303766950999988
1.6231756392999843
2.5283997039999844
1.5748692855999924
1.9729385756999946
5.825017631499982
7.023455375699993
4.8609894942999885
3.9023994674999813
3.567525314299973
2.8929749709999775
5.42924857329998
8.478798388696147
6.253491583303821
5.298069355797417
5.1507740935948565
3.7842786879999664
1.3608496614353438
1.4732693206999872
2.5497820571999825
3.991919273399985
5.262386848400005
4.523367495699998
7.002433201594866
8.89566179199999
1.606828999299973
1.491153707899979
2.32380528259999
1.5353146193999991
1.290441634487206
3.798350276199982
5.768762277202541
6.985556944303811
5.962374928303799
10.35366441199999
9.53315923172799
8.65661157840511
8.001787846405106
9.766559652687993
6.814173939499988
5.473552989199987
4.946047016899987
4.994680749499979
7.424142718493586
7.992872248797421
9.463214376858543
8.035308053594868
9.089000534101272
8.437372465493578
7.799461875898706
6.964893307499987
8.389974060101276
8.276846276898713
9.047469428999985
9.262928726135984
8.70331524349358
11.11939171099999
9.259475953795983
10.970684952999989
10.214782320999996
8.81026464540511
5.131580258199982
7.783902136202545
8.962110314898709
6.374349815399988
4.316941825899975
1.8368854949999853
2.350574089099976
4.506861250299977
6.112636720303822
5.954119097899983
10.148627730999996
2.726647349493557
4.800891575599984
6.729397759999989
3.1531110290999678
3.454592842099975
3.76857268219998
3.8955104308999844
4.82398744809999
3.9072973311999752
4.5405255019999835
6.6676820572025415
7.016631487999978
7.996815377800002
9.396891683999984
10.191655591991838
10.07617180792927
7.801899610898707
7.914447940101274
7.644806555199993
6.934557051101261
10.635720128999994
9.683605287135988
8.347576281696142
7.238003668199992
7.4408151703038214
9.71839038833999
7.587851498405107
6.382532676696143
5.587001692199981
6.168866616797426
7.47022825930382
3.3998040069999726
5.767162594599988
4.1202000487999895
7.538459655797425
8.62686197810127
9.674403427101277
8.970807305898713
8.184263499500004
10.991718039000002
7.865242867993579
9.471496173237103
8.209174623101259
6.095176075696135
6.256318200696124
7.921416842699993
8.395867556797432
8.488111244196151
9.115615708938389
7.504257263199994
11.025574045005438
7.377917001299993
8.109543240405117
9.15427404789871
9.083006040999987
12.446653092999997
13.461744138
11.860729500999984
12.900617212
11.925055112999988
10.371255178999986
10.725092240999995
9.964244679212145
11.492810611999987
11.963942342999996
10.710067100999979
13.830198918166394
13.833593613006393
13.602417926159996
12.811163417353592
12.47340752399359
11.303914569347187
9.980677282802388
11.759600005999992
11.452377674999992
12.24380559699999
12.155487444999991
10.287076836993593
12.609993392486386
12.863067930999998
13.017533577000002
11.721116163999987
13.003082667999983
12.258932956999988
13.193547951999983
11.814218703999986
13.63877190883999
13.610592980999987
12.554630376999988
12.507355893999994
11.435443462
11.43337945899999
13.509956116000001
11.458726806999987
12.323636439999994
14.087411661999994
13.479789603999992
12.548908013999995
12.511539466999999
12.858059386999999
12.612435134999997
13.702910073999996
12.426499271999985
12.775041393999988
11.252120867999986
10.955210544000002
10.171830302469449
9.366502712999987
11.290709708000001
13.412306952999998
12.292722378999992
13.865848222160007
12.712280321993584
12.548501728486388
13.514072718646391
13.360450005006392
12.224013936999992
12.127247307
9.371816261303833
8.719481779506395
12.050636106999992
11.815995748999985
12.11645306399999
12.90139614899999
11.934406883513601
12.424407967000011
12.396153937
12.961892260999987
12.77974725999999
13.702650153999997
14.128064577999995
13.983421802999988
14.553624781999991
13.449528788999993
13.444504389999995
11.639423845999989
11.539852773999986
11.632668934999987
11.561559822159996
13.066847459
12.279727822479991
10.614901773
10.236547304991838
12.474377962999982
11.447738971999993
8.926616807594876
10.105688851929267
8.806696603405111
10.914534720999994
9.933058361863996
11.221851156999989
12.505540209999992
12.909583704999996
11.965793468999987
12.254229029999994
10.852534214999986
6.887090977499983
9.723464730797438
11.642371334999995
11.994168149999997
9.360317086797426
11.563097747999993
9.517831603999985
10.735921030999988
10.50976115399999
12.542739960999986
9.310671800135982
6.944396882599986
6.816112187202542
7.846969267303822
8.123618711898692
10.71812521099998
11.655572915999999
9.899069560058571
9.453946774303846
10.741507996010876
8.493988728300007
8.34915131989871
7.575028979506385
10.374568624999991
10.743875307
10.214185010999993
8.788529504271978
10.723488116513588
10.968159066999993
9.650167315795988
10.788400315999983
10.431070527999985
10.83779398015999
9.140555816696152
9.271277935791987
10.348886214999988
9.53033166499999
9.29281429899998
7.861592954999989
9.13423502199999
6.258460395799996
7.5277609314
10.094361367933438
11.82109582399999
8.685847730999994
6.884353475999984
7.233337199399992
9.82725919027199
6.845618365499993
6.682695861799993
5.558491607699995
4.1405563156
4.483795465099986
8.226823628202553
8.892802758797437
10.707518862999994
8.582724746696153
9.346118635727986
10.474493618646392
6.484760357699991
5.392667239399988
6.9124044754051015
7.144288574199988
10.270435048989123
8.76891854399999
10.129578529271992
9.403379858405113
8.139139334100001
5.715129151900011
6.839752989199992
4.979093144199979
6.674279194599993
6.259538114898694
8.134477120999982
8.133812904405113
7.342043225099992
6.0514609740999905
7.532431449899993
9.842228858931994
10.059814643929268
7.316727076699988
6.866053236405092
1.4103850585999897
3.334681687899986
2.3600362517999898
3.154490396099983
2.533240312199985
3.3924591384999805
5.510473451199979
6.13593461
4.556438474999975
5.111717945899981
8.397673219303826
8.974310366863982
6.6810276183999875
1.7156512145999874
4.280954629499974
6.319079101599984
8.10943850559487
4.575640252699999
6.736584437599989
7.998580277999996
6.052513430799989
4.116677975499985
2.958323838799983
3.938771934499992
3.608849256899983
4.041674008199993
2.778794836399986
4.435378442399991
5.757258039899986
5.840211793499982
5.144687982199994
6.852120175199993
3.0241306807999897
1.5386562758999933
2.0168024016999886
2.0492795821999814
2.3809375991999877
2.850681242399984
3.345292637599988
4.8951083968999765
6.049005271898698
8.147211943101258
8.672057720898701
6.742566775499992
4.2422389281999795
4.914688584899994
6.617285748299989
6.632648779303822
7.895935296594855
7.142835244797415
5.720086889599984
6.55459752349999
7.355821003696148
8.551084551999994
5.432929739399993
3.9325803039999925
3.239473400899982
3.717601568599982
2.3114144164999844
1.9661744780999915
2.828740014599978
1.5305845962999876
3.4810062636999866
6.005239782696139
5.1933994277999895
4.568859272799987
6.448746557599987
7.754732984898704
7.8291598998987055
8.141694454999984
3.9841438506999767
3.8926026595999845
4.657695126299979
7.019655738797419
9.059668116797424
6.242109226999984
8.518107548493592
9.016326882898705
7.882673152202545
6.5912424956961395
1.9250627364999826
3.7272490325999703
3.5430614394999793
3.5043306014999724
5.059325770599982
9.206875659202547
5.385811541699976
3.3697404235999766
3.084431047099984
5.606162387099987
7.456069770799994
7.231108335898698
8.126159390303823
6.505492835999978
8.387982029696136
11.07213032499999
7.960982504303819
7.538611546303817
9.433544825795982
8.717640252696139
9.935528454717105
9.948132342646387
9.382492810067983
10.270444457999991
5.046209725999985
7.609704305999977
7.184399200399988
8.162688194303831
6.822686222799987
6.734426455696142
6.4462417525948625
9.05708926093198
7.32278453520255
5.9864031585999795
9.809775814858538
8.89464858872798
9.482679583795985
10.391419593999988
9.673792861931991
6.6588333221012554
3.136172853099972
6.115459832799985
6.343414126599984
5.3405950729
8.960513314797437
8.550278555303834
8.052247668500005
6.914568388399998
7.336763725299993
8.607277653493597
10.323416295002719
10.680214226999988
9.912659506141422
5.869160053999976
6.406307072405097
11.55680167499999
9.265761003101272
8.984393205303844
8.945372608898714
10.712639290999991
9.506525817898712
5.542368630999986
8.978366247594874
10.726128682999995
10.659091587999988
10.703702215999984
7.712608663898708
6.467958648699986
9.931812208727989
9.932564031999998
12.270800684999996
7.572498490898706
7.331924536101267
6.8455186141999915
7.620882224999992
7.573856625405093
9.602112126135983
10.763204038999982
5.989712043797399
6.980435931405098
3.096292259199968
4.146449612399989
4.275323892199987
5.677095451405097
6.4286151046999915
5.988648022499987
4.509241323898679
4.5953312331999685
4.989637356594841
4.967554023696106
8.01748204799998
8.006655638101263
9.171547511203988
7.952031416299997
5.008167294300004
6.011403750600006
4.973840949999995
4.091746949799989
5.721339202899999
8.710111390700012
8.904499726900008
9.822531840833605
9.534648290999986
12.483932922519992
12.608955346652783
10.988227830999978
13.124567737999985
11.913672576999996
11.900149846999994
10.966059273999994
11.092228928000006
10.760982030000001
9.942406141908329
11.296394467000002
11.673081794999995
12.86416976799999
14.207039529347187
14.271189817999991
14.137184881999987
12.562134151999985
12.13390307299999
11.59992599199999
8.951159765594879
6.381683276399992
8.585366462696156
9.372093557696159
12.661265158000003
12.951813201999993
13.24328618799999
12.250792417999994
12.797579276000002
9.905433090135979
7.90887972410126
6.718532836898699
7.213335104405097
10.380600749141422
12.440918700999994
10.346431812013595
11.542175315999991
12.214128838999994
12.121823907
12.437294890999992
13.853126745999992
13.89585723
12.400100893999989
9.682311799727987
11.102295237999988
9.069831605493585
11.352948475999984
10.855137107999994
9.240643304271986
6.211956138594861
9.060708782999983
9.820685009863986
9.030095935067985
9.525882498135989
11.170293772999988
11.385468847999995
11.297912385999995
11.751351717999995
11.725960210999997
8.623802041594866
11.22349535500001
12.437550025999995
11.390385756999994
13.126360908999994
13.837776552000005
14.047981238999995
13.007691942000003
14.258683014000006
13.996605334
13.543934369999999
15.04039729799999
14.522576241999987
14.56944946699999
15.801346720999994
12.461194503999982
13.38070552699998
13.257708848999998
14.555916385999991
14.215613408999978
15.28303436699999
13.174926589999995
11.669393987999992
9.466782130405118
8.633408966101264
11.756916819999992
11.098891605999984
9.022889045696155
6.660297633399994
7.694631179797428
8.220772059594871
11.116930523999986
12.313697680999994
12.685148205999997
9.96470946364638
12.227365726999988
12.867669414999988
11.464718825999986
10.914462974999998
8.310942297400011
6.544150680499984
10.931143184999987
11.393752385999987
11.113703177999998
10.278391006353583
9.06654867099998
8.906784464999989
11.889510404999989
13.142601449999992
13.551524599999984
12.786620841999994
12.085770724000001
11.365521921999992
13.319625318999991
13.623730884999997
12.826117038999998
14.475076584999991
9.848739065727992
5.171149006699982
5.349165367099982
9.354119477863987
9.295514321898711
9.14739965520256
8.448698490898714
6.492692370599986
6.1779937255999915
7.263186035199985
7.171016896101265
8.169841494799995
8.932316822797425
6.6610393142999875
5.176944221499991
6.288473556499991
4.5949353377999795
5.602659294099992
6.926485203594859
6.4153995682025435
6.437776464797413
6.629093336506381
8.821090771506388
7.038926087999986
9.103287306202546
10.136063973999992
9.110352552863985
6.915884339898704
5.837824917599985
7.539307884202542
8.754460572797433
8.204466821303818
4.720808129899983
6.155679782099991
2.087990325899981
2.615885868799987
3.78563926699997
1.2125254776999848
1.3917768249999958
1.8166663421999854
3.6936491988999904
4.043669154399992
2.5715502776999877
4.443112396199981
8.03314346920254
3.755803425599978
4.504379429599986
7.364385224898702
8.182809815999992
6.107161059599987
7.722553092999984
6.715972920202542
5.500201936299988
7.491261651594859
8.393525729405114
7.35266787410126
9.177662876931988
9.617869941696153
9.96752739878783
5.659566538999983
4.521619216899982
2.4928173324999765
3.086137737999971
4.275782411199983
4.881461120599984
5.150974000499984
1.552327937299987
1.5536815535999904
1.331862872299993
0.9336231912594876
2.973564665199966
2.1492456695999866
1.7238771071999954
1.3249813231999883
3.0139588775999915
2.123682864399994
1.841568394499985
3.119717124899975
7.730895991493581
7.424370552101253
3.1538496398999882
2.6247292342999886
3.316310118099984
3.406370030199983
3.047402835099995
2.833177069099993
3.222570075999992
2.9240473571999805
3.86351119839999
5.4936718520999825
4.416987689199974
4.910905830399984
2.5340178023999904
2.790284565699987
4.341030992099993
1.8498457747999943
1.5343661879999941
1.4390013442999952
2.943317907699988
1.9963894576999905
2.174615818799992
1.3409505965999944
3.6373068038999863
1.5026071364999876
3.9679694793999745
2.147330862399989
1.9939504088999842
3.5660932982999913
5.154160464499988
5.4257414748999855
2.673451255799984
1.5643950255999792
5.396284956405086
7.545957467696142
4.3964559905999785
4.880056513999985
5.492177027899988
4.001001907299988
4.254051367199985
6.5201626754999875
6.510541630594855
6.732962870797427
6.857203961199991
6.67612676089999
3.0644233169999753
3.655763058499976
6.823585522506383
5.3063492537999855
6.7545918533038245
6.7322109267999855
3.6781106292999786
6.246603062399993
5.458491905199983
2.7540637404999906
0.9142970120271903
2.7694981078999756
2.4621389693999873
4.021152419999995
5.049922099299987
3.6496811156999835
3.9180286742999804
7.737621691898703
6.012646292101258
5.038682757599972
2.355080458099972
2.4145758437999634
7.37927014159485
9.831158555727981
11.040167705999991
9.895112121727989
8.28415982820255
5.134532192999986
5.074373854099988
6.9631652313038295
6.726108485405101
7.644601271101268
6.273489382899991
8.350969247405112
3.6850738204999876
6.748788081400004
5.529775915499984
2.7859943007999854
3.007535852099985
4.496916979999981
5.096315774499984
4.324873550399986
6.015436997999989
7.1646645019999795
9.294526390067984
7.969290516696148
6.808352325399992
5.264242674299989
7.579321592696146
8.423523278797434
7.268810433999992
9.047799816898713
8.089044584696152
7.967309646594866
7.301763000506387
7.0536887908987005
7.1865499771012615
6.835262312303817
5.985570600898702
6.264428182999982
1.7358314712999852
4.422570948797409
8.380982232696134
7.446303175405089
7.167777891493577
7.912913073696144
5.552620527599985
5.750740106199982
8.02868057859487
3.603163644399971
2.640791273499964
5.552066313202529
5.147412202499978
6.037657655299985
7.483926626600007
7.353233883699986
7.588284011797425
4.604430541999986
5.63649504549998
5.575998028594852
9.226515235931984
3.8331046889999656
5.403706327803799
2.8512308089935585
4.24207678989868
6.626292196696139
11.230624068999994
10.871382113999989
7.822586843898705
7.036532690399989
7.5814337524051085
5.7124571547999885
5.689808703599984
5.6330374740999805
6.727359852594861
10.138274839858546
9.810512374931983
6.198298089600001
10.783131069999992
8.469753402795977
7.109623710594853
6.71273438109999
7.481830906696137
6.981845675696143
9.067709080493595
7.767155279493587
7.601802992202549
7.50177983250639
5.724078817699976
4.996737339799973
6.798795173594856
7.542461642506378
7.472555323797426
10.356326336999992
8.598566815202554
7.024563149999981
7.427967645299998
6.98830604399999
5.982346409599984
6.4507552703999815
7.672336010699993
8.93420097050639
10.420287540008163
6.658969763202543
8.050957049599992
8.66870409849359
8.606384355196148
9.978726603796
10.50898548599998
7.459341445899995
7.87433177340511
10.464791663997278
9.068986347999994
7.60018144989871
11.306820633999989
11.008782021999998
10.993863828999988
10.396519791994551
10.812259592008159
9.77142319640512
8.864132946800009
8.090430487100013
8.212624174500014
9.767271606282852
5.563853492696133
7.681383061202541
11.077336735839985
11.342185360479982
10.645970374
10.956439502999997
10.59626714499999
9.510270515405116
11.793582733
12.246717438
11.65118342864639
9.043676089333584
8.80224364330238
9.918566656513585
9.049677583363984
9.27614859470256
9.776858485438389
9.946973194622247
8.280593034399994
9.098988394202548
9.64269324493199
9.217785169999997
6.803011070299993
7.063513909900007
9.461655566271997
12.474779299999991
12.07974968
12.223709646999996
10.961670861999991
13.086093842999993
11.861518204999987
12.193427665999995
13.688377675000005
12.296588216999995
14.267588401999992
13.103862940999992
12.960689312999992
10.887710337652788
10.350189359999996
13.336294435000001
10.319149320999982
10.709493410999983
11.693519832999993
12.32342819816639
12.525954795839986
12.879183489999992
10.312445646787818
12.171148037999991
13.873185781999993
12.609543229999995
8.311178660594866
8.638455133101264
9.756939198212143
11.325865716999992
12.609165099999979
13.519476152
10.708681459000003
12.58374479399999
12.097617803999993
13.238453145999994
11.967188439999985
11.565925635999985
11.217989193999994
9.44705845186399
10.892304970999984
10.46402636899998
11.81288621399999
10.411357295141418
6.142805027797412
5.356352432299982
8.41423570099997
11.197813244999992
13.197823281999987
12.424230951999988
13.01973422499999
12.808661741999995
8.247496375999994
11.703552514999988
12.163363839999993
7.458719856303819
11.838528580999988
11.08375866099999
9.485413682727987
8.289795164506385
7.685172254898687
7.833489338696138
10.376899436999997
9.246594587696158
8.203857516506387
9.784425489703988
6.375683465594858
9.293491366594877
7.593766975405106
10.185632262008161
11.185068809999988
7.115870820594861
7.8421652068987004
9.048453184493587
10.090275442646385
10.809235285999995
10.522000998999992
10.139992291212142
10.227730804282865
11.225537737999996
9.50934053799999
8.603446086101265
6.347977795399988
7.116750099196145
8.498472897297425
6.184002841199985
6.567603042594854
6.761681108099994
4.226761340299995
5.653332449300011
10.560208726839994
7.415683326696148
4.805046406599988
4.699233772299979
8.440801472506388
9.001870271303837
9.54934242549359
11.407964071646395
7.570101379399997
8.423712542696151
8.266403147905114
7.206371276898697
10.430729522999986
9.332174221703982
10.069249749858548
10.240073568787825
8.175975848271973
4.925365550199983
2.7461005234000004
4.517993756100003
4.430034426899991
7.105754077099995
6.826934838899986
5.545066009499981
6.5451212615999905
3.4766681106999835
4.737571919299978
7.661623934898704
8.340194412202534
8.898044006203978
3.0258568068999825
1.3743140960999956
2.947111851499979
3.1252630889999775
2.997850845299975
4.730153922999989
3.3848580550999876
2.837788012699994
2.4935013793999774
8.742910888696148
2.796501336699991
2.199225888099988
2.465193398999986
1.796441007999979
4.22498336029998
4.776598066699978
5.522115133699985
6.538829643202539
6.113290548699978
7.286988818405101
6.9148897170999915
4.980817773399987
6.180152270499994
6.985253057899996
7.948976386999987
5.1300307021999885
1.8318214705999938
1.4640870788999945
1.6719596999999884
2.606277453599985
1.5629512481999932
2.3230074935999823
4.801274981699988
2.170410398899987
1.1834423830999914
1.4926381728999816
3.803224830599981
4.45516275019999
3.418434796099988
4.553734667999978
2.477038691699984
1.7623078612999898
1.4538544539999878
2.1459555175999836
3.7245440703999897
2.645503088399997
3.808765415999996
3.4393487700999836
4.8954767791999805
5.695083123797418
7.03936322020254
1.713050950599989
1.6992990401999795
3.9440193526999754
3.1740314635999654
2.9166659713999863
1.8651566146999852
1.9856840056999887
1.2221244535282743
4.250204653899976
3.6974499007999886
2.709481230199984
5.708386263999984
7.27324455110126
8.37072201079742
6.788784153696143
5.736627198799983
4.76826388549998
2.2093713195999767
4.422428555299977
5.386824311799983
4.757753236399981
8.52666612089871
4.706143157999972
6.918364370696135
7.994207698101267
4.511614590499982
5.692667387405094
4.694323863199985
1.1750198302212085
1.5994291976999853
2.527622492999982
3.175530499299983
4.700336979699981
4.607463487199982
4.629402676399979
4.588233135999982
7.499991633594865
1.5659780211999863
4.171258380099995
4.107544389299986
4.7738856170999915
2.902509352099989
3.4609440383999837
2.976077152999978
2.720454214499982
2.803877342199979
3.1010152801999915
3.7786915038999696
1.896348861699979
2.8926040496999903
2.031404658499992
3.419685435499977
5.198503495799979
5.385829255699981
7.064522218299991
6.243759391797421
6.9696129562025355
7.974219105493582
8.433391848797424
8.400773113999985
9.972007859863988
8.92987139279743
10.84715157899999
3.8741450362999816
8.987748693797425
10.135610696282862
10.326730001999987
3.8596586806999804
8.414611154202547
1.0542196535067938
2.64180416259998
7.746989854405098
7.672410769696145
7.101692222599992
10.311153849999986
4.494000132799985
4.723566448999982
8.581218203696151
4.2393069274999835
7.617947230493579
6.9250491272025485
5.373529981999982
3.038838917499987
3.8215531783999834
2.7177927062999894
4.927024168399981
3.9619760131999793
5.707752638202538
3.698772112999968
5.688199690202521
7.264080340594857
8.71626430065997
9.515341839727984
7.827205284101259
7.12144951170254
6.804768502797424
8.724172254898711
6.630921586594864
4.554113961797402
5.559993731699988
7.673175028999982
10.733433788999987
11.30474020399999
11.271187137999991
9.220062327727971
7.014040318299987
4.691367463699973
4.248332588199969
6.671233012405102
8.662125340303822
8.702424825999982
9.341494042999992
9.117220738202546
9.148306057696148
9.121623120101267
9.53258702533999
3.848354420499984
5.394425385999989
7.671279013101257
9.389515263405116
8.675171580493595
7.720397531100004
6.828761868299994
9.157333689905114
7.703425929303821
9.91203224186398
6.849628012094867
5.893468580599991
9.051705049103985
7.279719326797428
8.186307063303824
8.9389264267
6.775375649999986
9.34699424427198
5.6540290833038105
6.893043168594862
6.563039349405103
9.828892236212145
7.18212054899998
10.581249848999988
7.695183032199998
6.6097737456999885
7.154817318700004
10.477673630999995
6.264063163799991
7.308413221696133
6.74299009399999
7.523272924799993
8.788041653400008
10.840330290000002
10.40029253099999
10.34653608564638
10.527876708999997
10.757469443000003
8.279338850400014
7.7057721924000075
8.435336344900005
12.865644257000005
13.285284379999993
12.15499987499999
12.502753394999987
7.951195812999991
8.90904660950639
10.628768339999985
10.228953911005433
9.629769189339992
10.501475586986395
10.809395862999995
11.939722102000006
12.637006257999994
12.286258423999987
12.175562645
10.084900038070703
13.128073222000005
13.126776155
11.266558494999991
10.728692566999984
12.122926232999998
9.992625558339986
10.469262615999996
12.588792933999999
10.568017426999992
10.322173389999996
11.149045455999998
11.930244463999998
11.402042087999996
12.112525731999995
12.340200040999996
13.888971081999992
10.457087502997274
10.352384324717102
11.885807860999982
12.011661718999987
10.751619599999994
9.606972265727984
9.438394053727993
12.006843546999992
9.141627246101274
11.60315521500001
9.809459379727993
9.37727602230383
10.528010366999998
8.984579345696156
11.99251145899999
12.290523142999984
13.448088391000002
12.277724180999986
12.212217611999996
11.694200004999995
15.029040320999993
12.555574042999988
12.091943015999991
13.934056052999987
11.212590008999989
10.373433986999993
10.263298202833601
14.378862754999984
11.385800556999987
9.842211476070698
11.348508623999981
11.319546671999987
13.416506576999984
12.170697016999991
9.754146026717104
11.120158948999984
11.892830170999988
12.701337760999976
12.962134772999988
12.29789601399999
10.278794245929264
11.525618381999985
11.369405938999993
10.365715403787823
14.109708602999993
11.515375467999991
12.036610645999987
12.00747559799999
10.730257691999988
12.032938025999995
12.721663680999988
12.226633170999985
13.669667696999989
14.349229468999996
11.980375054999996
11.989721806353595
10.39944962899456
10.723601562694382
10.133164634795992
7.942875367696149
7.086255833405104
5.687333732599992
5.523359223899998
9.592679463135994
6.9337167525999925
8.395090852405108
10.123902938863992
8.181229560898716
9.546451417659988
12.477857450999991
10.219810903999992
10.962224616999992
11.765729061999993
11.701112195999979
12.86879652099999
11.30683161199998
13.100270812999995
13.233043541999983
10.573893793999986
9.469232246271988
9.620104997203986
12.296010232999986
9.91137065113599
11.164527247999978
8.645570442135979
8.54934107510126
6.249989935299983
4.069334896899981
6.480498405506366
5.704457432594851
4.19671491549998
6.200858329797411
6.747237414594857
6.767323289499996
6.206546757499999
7.848042835999995
7.833950787399998
11.117258762999993
9.006893547094876
7.80307266690511
8.971973713696148
9.7740779250707
11.629428335999973
10.18983575592927
4.757976101699979
4.325039926099974
7.831339190696138
8.496870048493586
3.0481083007999934
3.367146920800004
2.1757588393999985
3.2295820311999983
7.770302929696153
4.506893176299985
5.923864933797416
10.919290259999984
10.893679691999985
8.55332846830382
7.263650236493586
6.936867016594853
5.867628634594853
5.772888525399982
5.140939544699985
2.3786053313999735
4.7706715851012484
5.060005726594848
7.935659397898691
11.648951354999987
5.032875480699979
4.6233673964999795
6.490682122799986
5.79458902889999
6.312107408099985
6.644739569099995
2.0639719315
3.5268970641999746
4.03467093809998
2.1134727508999873
2.4994731566999824
4.202482232699991
4.633995405599983
3.8174237822999846
2.102570342999985
4.209869486999971
4.611999163799985
2.4301452941999915
2.0625379439999967
2.9745195830999895
3.509030598399982
5.12265799869999
3.6384908858999854
1.99634883879997
2.315563455199991
2.7400359710999864
3.5872936126999844
4.91037613069998
3.8859249434999703
4.826369723499976
2.2350361587999825
3.441044906599974
5.771665782199985
7.219773466506376
6.559242062405098
6.243072195399986
4.049493510399989
2.924744854699984
1.773673600799985
5.282814213594842
10.233565672212142
10.260571443141426
3.034947747799985
3.0151371963999667
6.0624860764050865
2.6159209793038016
3.5370391738999847
1.841227879299985
2.1628095580999793
3.119016497799981
2.512070649699988
2.250386260999988
2.0211306960999917
2.6989455626999934
1.522657925399999
1.3643596405000011
2.3456640273999843
2.140558662399987
1.498307807899991
2.5014329131999675
3.850600353999974
2.0592618880999853
4.724665516699983
8.67871458130383
6.134695799299979
4.424896186799983
6.122870883199985
2.5791041305999864
3.3779387389999607
3.8639446242999753
3.666530261199982
6.9159492598987065
6.9052175536961435
2.6012485656999775
2.6707337096999804
3.2944542693999765
3.916271604898684
7.98824918059486
3.5196306457999733
3.2308551360999695
3.8872579955999838
0.9536862177858427
1.5720596511999827
3.871548924299985
3.8093202834999813
4.289396093799984
5.379973620599988
7.626571447797427
5.9861770324999855
4.253980647299985
3.7085378066999724
5.046856930499985
5.559449528499986
6.872590774493586
9.606043196067994
6.595934612999989
8.220792103594867
6.254973477199983
6.476308177199993
6.638938226299984
5.006027909899977
6.565540614299985
5.159891290299989
3.920354643199982
8.212486065696147
4.128491545099978
2.72395836489998
1.3307946251929152
1.8805325072999728
8.068214244101263
6.321171292101257
7.101476699797428
8.77967632289871
9.588453758135984
8.14955890810127
3.642252918999978
4.65650783389998
7.890031280493584
7.81216121369613
9.178139782795983
6.553537115499986
3.4635142150999823
3.6031493575999938
2.2103322738999878
6.7552367080999876
8.58668571010127
8.691785646101271
7.8083489304050975
7.157598110999977
4.431934857199981
4.77237610469999
2.4084411316000005
3.881149554400006
6.029603025797421
6.077349275202535
4.504626747099982
7.413306932099993
7.825126705900007
7.889776362594869
8.684409010303831
9.735163812203988
7.175564654499989
11.07194348399999
12.71328631399999
12.161776381999992
11.778238016999993
11.936047448999984
12.112230321999988
9.525061209067989
7.78649683689871
8.671521174594861
8.313214434797429
10.442792101999983
10.384808534066561
12.314140165999996
10.043023097135997
11.378311364999993
11.921622999999986
11.374067186959994
4.057368740799987
5.221523687699982
4.282240789799993
5.75951012269999
10.467129519999984
4.3596346419999845
3.886354347202526
3.2595380950999737
4.426215565499973
4.353610110499975
4.297806401099981
6.927234164399994
7.733287381000012
9.826917027203994
7.246263195797423
8.410753224202546
8.630089160202557
9.978465986717104
7.766192436202538
12.153990067999993
9.32817025759487
5.207829263299992
5.4524528854050756
6.371803428599988
9.983850648152803
12.458031168999993
12.002347605999985
11.354313761999999
10.952490082999994
11.189050869999994
11.946195405999983
10.518697159999983
9.557622973727993
6.274394605999994
7.083763714600001
10.919749747999987
7.842046383696144
11.094338491999991
13.988917330999984
10.117216581795988
10.391370786999984
11.517606055999995
7.777590292405099
8.415801698203971
7.726795877101251
14.000062206999988
13.631440571999985
10.33716083199456
8.843453091405117
9.526842985853618
9.310119633500017
8.81146326900001
8.734105964696145
9.649551245101284
13.011524824999993
13.832769259999994
14.377683903999996
15.523357075999991
12.188160625999995
13.67189289099999
12.505436579999984
13.25653067299999
11.496184914999994
11.704931414999995
11.551614063999992
11.52210512399999
8.339513140898704
10.347385548282865
9.518453355271985
8.780548533594862
8.359182107493591
7.747030953999989
9.879431800863989
11.741979802999994
10.591721743999988
8.800130441303818
7.058577091999981
7.6719193816961475
8.619975768999987
8.912191499303825
12.419859557999986
11.057032621999983
10.15537274178783
9.698969311659985
11.742560978999995
10.402866603070699
10.188975503659988
7.1537951125948585
5.150004615799974
6.852243778999965
9.350552537659985
6.566525022898698
12.360761968999984
11.346024688999991
12.023989683999995
10.155303984067993
12.057835914999988
11.413500289999998
10.726646396999993
14.258718024999984
12.730728969999989
11.721461344999996
11.013123265000003
13.578133466999995
13.631790705999986
13.642130175999993
11.954407670999986
11.319254581999983
12.912786690999983
11.62749492499999
12.830574021999997
12.272801424999983
12.684353194999987
13.374052561999994
11.630245003999994
13.79454127999999
13.431058521999988
14.17605678999999
10.699480547999984
12.415317707999991
12.60506477835359
11.141186487999997
8.181434896898715
10.359332311999987
11.22851621599999
10.234893627999996
11.490711239999992
12.624753216999988
12.98772164
13.881965153999996
12.650182963999987
12.828149260999995
12.807398325999994
13.671665577999995
13.103362372000007
12.029314048999986
12.151189246999996
12.421159199999986
13.121499338999993
11.735593216999982
12.551459377999986
13.247304052999988
12.54540144299998
13.376245647999985
13.104750023999994
12.863364197999992
11.141572967999986
8.279859970101262
11.866830668999988
13.10517267199999
12.104012897000004
9.678538708339989
12.87726204499999
8.904583029202549
6.455298063699988
7.451264268499991
8.597719505303825
10.776627140999999
11.781463283999992
10.164012855999996
8.540037052898713
11.665992902006392
11.421168183999997
8.173039782696149
8.308701113900007
9.42447938840512
10.119363423135994
9.947359475795995
9.964822404339989
8.176621633898705
8.225820304898706
8.818571163898714
9.612534901271982
10.940788698999995
9.695704420339982
9.526641975282855
9.811986439659988
10.113118658282868
11.595700046999994
11.52205260147999
10.32234212983359
6.1050026565948565
5.129677339199984
6.275612576299986
5.7999480361999805
6.543977185099987
6.550593148803825
7.667427714493591
7.406883727999984
5.624281117199994
6.7819849227999995
7.952863447594865
9.46437728720399
6.663195140099982
7.163067596399991
4.394904811099984
4.115423904399982
4.245881457499995
7.434996754506388
7.866096198999994
4.439150143400006
5.206582771299993
10.754676911999992
8.030267121898707
5.424834481799984
8.813863464405106
9.889209170646383
11.523544584999984
8.664996884202555
3.082692279099992
4.040287051399977
8.656870376594862
9.869940527203996
7.194802995303816
6.511872929405099
7.205758178696141
7.675991256696145
7.657736816405102
9.884590855271982
9.599464076135986
7.978336360202543
7.856088938898709
8.532609890696152
7.56236330409999
4.233446377599998
5.995832179303801
7.243417422506377
10.040122135929263
8.723032569931974
11.578177782999985
11.817727599999996
2.6173450088999966
1.5344241454999914
2.379465818799997
2.9773302108999897
6.045522479199982
10.791194736999994
6.355013771100004
6.360108056599996
6.925285877999985
8.728938307202553
3.8252940291999846
2.5721072417999635
7.7353418075999905
6.382837165799988
6.346571281405096
6.36792072599999
5.98101631009999
5.571868165599989
5.051910661299987
4.793488406399989
3.2328324096999825
3.541754548599983
4.758726933303813
5.379374665797417
5.496437414599987
8.252121533202546
8.952545115696152
4.193986936999987
5.573755935699989
6.675706570399987
3.7103279311999895
5.654999189797415
4.464740376299993
6.850056327797417
9.163638958795982
9.676074041795987
9.01321157069615
7.040444717405101
1.5178296443929153
1.8354330031999868
2.449345851099982
2.208477076699979
8.336349117999976
7.020455924999983
2.9868946273999843
3.6134547927999883
3.594067623899983
6.7179052504999905
8.087017120405104
6.933916726699987
6.399017304999982
7.095502143898699
7.869448165898698
3.31406574859997
3.176524314899972
6.849373139999978
7.653347766099998
8.131434735101273
8.028853405800001
5.4031776900999935
6.938552964799994
7.299447836303829
8.680411422696148
8.776803761303825
1.7283924132999826
1.6696500487999868
3.6618049270999737
6.494683789101261
8.339882650797424
9.129319006303833
5.076385923799977
3.5734438811999834
4.791543846099979
7.499615508999984
8.97217193599998
7.592688081405106
6.337158392299983
2.9986865905999753
1.2349462922070618
3.856294587699979
2.250345268199979
2.356058456399981
3.607216058299981
6.4663359634051005
9.99767561028287
6.3255380797999825
6.802746519499988
9.09863792413598
7.132236141999977
6.312254054303818
6.10981168520254
7.0857558288987
7.630861050405106
5.251823335303813
8.02753163299998
7.481934863303824
7.507989878797418
7.951661364696144
8.851265792797427
7.387568102999983
9.078456065271977
9.98449841778783
8.918425578303834
7.937209197999986
10.512757801999992
4.417386456299996
8.117019288594872
9.147076129202555
7.373896125799998
6.1731663848999965
8.393607086199998
9.924792640795994
11.588987913999993
10.475647677999994
10.678979023999986
7.839251052898705
7.176674825999983
7.37325578159999
10.166897692999994
9.068637808202547
8.674842947405105
9.403611798101274
9.55183153086399
11.296544626999989
10.718606597999987
6.331514625499987
7.992884307899994
8.424212252797425
11.257942640999993
10.737171297999996
8.220560494999978
5.621975057999978
6.10322992399998
7.924238079797423
9.016800714101269
4.767776826499979
4.372822244299976
4.994948356599986
4.360430291699989
6.23542725369999
4.405853521700003
4.443680342099997
8.282330534405116
10.270846625005442
9.884684635969444
12.592039573999996
7.902868221999979
6.76355505369999
6.55664472349999
7.766441010999986
5.088220849599984
6.7504407256961425
8.80798655227198
4.844381703199973
6.56461615749999
9.75781849985854
6.916105610699987
9.154188598594866
10.129722869929259
10.890547420999981
9.614754519795982
7.085013201898709
7.6635898865
9.97558187879599
9.739086729415988
10.68688936483358
7.855638209493594
8.4228210739051
10.632130922999993
9.04161667479743
8.33696083069615
8.385706784101272
11.280616402000009
7.898804338101279
8.586874313400012
11.841838804999991
11.025455222999994
9.401751570067981
11.134663926999973
10.49679453999999
11.056386123999992
11.78580671699999
11.690739373999987
13.026241746999988
11.592871230999993
12.66758143
11.920971580999993
13.002947484999993
12.166859292999986
9.199053829999981
10.837349209999987
10.284573783929272
12.517268392999991
12.462621584993586
10.275598847999985
10.39753362278782
10.675980071999982
12.13032385099999
12.432393523999995
11.627507274
9.684137155135991
9.112021136500001
10.092131969008157
10.638166212146398
11.318222362999984
10.811440736347187
10.900612913999993
11.141883831999989
12.137908156999984
9.89277587593199
10.374029890282866
12.360210965999983
11.952125605999996
11.221278114000002
10.798406125999994
11.435004173000001
11.951431206999999
9.74796225589872
10.622466415000005
11.752500447
12.567045740999996
11.550206478999995
10.927838305999986
10.329140963999997
11.299699636999993
10.39485497398911
10.80668586399999
9.185532340999991
8.853203425594861
8.114325297493584
9.587441731212142
10.25298124835358
12.29817777599999
12.244134034999993
12.730161928999994
10.33431493099999
6.782805891399984
7.3300427901999905
8.073706649797433
11.346524338000009
12.085039451999998
12.245682546999998
13.921332346999998
11.878935537999986
13.09122043899999
10.577211591999987
10.89472873099999
11.900287755999996
13.209098363000004
13.056732905999995
13.558626017999996
13.924411223999986
13.122168570999989
13.418868165999994
13.185079229999989
14.214178704999991
14.413238213999994
13.099336004999987
12.43187575499998
13.965822759999988
13.495276450999995
13.09515931499999
12.93958548399999
12.279296048999988
12.396297620999993
11.17542111099999
11.16305871699999
9.236836630202554
9.938540341061126
9.604129630999998
10.255157485999993
9.267595216405107
9.51631302627199
10.74424000999999
12.05410689399999
9.057463406271985
11.629949926999997
11.542737102999991
11.506517435999992
11.145270059000008
8.939341085863989
9.92096828779599
8.695529266405115
8.203122030600012
9.230448231500002
10.456857007989123
9.037569073500002
9.631579241931993
9.50451508486399
11.866914466999992
10.653053568999995
10.301068194999987
11.75118530999999
10.173320698999992
10.733464029999995
9.769073060727987
6.516250094599982
10.233939833067998
11.068875882999984
11.360598661999996
7.253254499797429
6.901817045599987
7.394280474898703
8.798918640100009
8.338648498499996
6.5235289626999835
5.801040042099982
7.522089359999976
9.041003854405107
10.348465243999993
11.297509913999992
11.322224287519985
11.12575025199999
11.345085273646381
7.318442306493585
5.278521803303811
10.617799523652787
10.069006330931995
10.537732614344478
9.559627710006389
9.771698666271993
8.76147116849999
8.887284773303826
5.253968571499971
4.247626480101247
4.533373483299979
7.843757368506387
7.3816956466999955
8.465017095898718
8.26618794710127
5.364464181499991
5.903121273799995
3.9860304793999948
4.234940017699997
4.068969909699993
4.520024006699995
1.699667365999993
3.604648496999966
5.762168331899986
9.258933679202555
8.695639767499987
8.781377380405106
7.751795698499988
9.61440368027199
11.060782834999989
10.201634575989114
6.259195927399987
5.822051168797414
6.845939807099994
6.4311989058999925
3.7699816955999905
4.4183950744999905
4.315629536399986
4.025757951399981
4.867890463299982
3.76003646999998
3.507312341299988
2.802373472599991
3.012344633499989
4.251739080799986
3.067124063099986
4.215539944499985
4.1992385085999775
4.4674678161999815
6.915241332999974
8.913272198506382
8.24856618350638
8.37536230769614
8.882141873202546
6.867295361303826
5.642772541799985
7.645516296405097
6.087492082199992
6.652664501999989
6.416897152696136
6.390585865797419
5.113714822399989
4.238135755899985
4.467996404999984
4.967718077099981
5.706418189999993
6.960954554696147
8.075804528797429
4.703295320099977
3.5612865096999844
1.7797862441999883
2.345855094899987
3.4729555983999876
5.434182838405095
7.040547911101268
4.605156600999983
4.694379347202531
7.023063059999982
8.724991445898711
4.845491007999978
6.214888711499988
5.686088246199986
6.149425382999994
5.218601100199986
5.319148161299981
6.1301615676999885
4.499641447399988
5.344466719099984
6.106593025199982
7.707452107202536
3.6479639464999787
2.4352104934999868
4.855557043499976
5.327481570399979
2.3437381911999804
2.6991540618999736
3.714912081899976
3.6556220595999824
6.1699223876999865
5.021490377799992
5.468908471699989
5.65237232059999
7.790831091303831
8.625739536999987
7.208345095797422
3.7049920608999716
2.0806811782999803
2.6038737716999814
1.5408836959999885
3.1483230376999867
7.570944299303814
5.105394110099978
4.793055462599975
2.573028039599971
1.1270423835858459
1.5388430434999878
3.051840341199976
2.925646668999979
4.374479861499978
8.143478277594864
5.199133419799985
4.929525094599984
7.0619526778987005
7.24242452389999
8.259285885594853
7.587180979899993
5.863825230399992
5.559294793699992
7.88448455959487
9.061187922696142
5.356816081199984
4.577111790499973
4.90179276119999
2.981345149199981
3.548837425199979
4.186664387499969
3.6171886001999747
2.3989058227999838
4.93828934169998
7.182486987299998
4.05045468749999
3.672902558899981
3.7008461547999776
4.122857987999982
3.220421287499978
5.442406887799986
8.318627891493595
8.855122520400005
6.38095511019999
6.029483328199991
3.6605616088999873
2.7301243331999845
4.210823985299971
1.1735101523282738
3.100748242199973
4.367796656799988
5.046921162399998
6.793779534898707
10.776019925999988
5.492627865599984
7.465450328101257
3.0531743270999696
2.5117617507999817
5.902243505898701
4.6640687102999765
8.792424063101269
9.308801751795981
9.469645657203989
9.10367352910127
8.797162387101267
7.210739608797427
8.074633895898703
9.250809587101282
10.593229642999995
7.885735008200015
10.121195028795999
5.711641465797419
4.187528962696131
3.7391047073038064
4.694392961099973
4.860873225405077
1.5253785251716823
6.420870948797421
6.3495978469999725
5.959245440696133
8.843730956999979
11.443339103999994
10.442436233999992
9.729643574493599
11.554739784000002
12.507190206999987
5.806077987699972
6.482783723405096
10.392374629141415
11.436978808999989
8.063344140599996
8.682175805696145
9.275468600500014
9.63605316920399
11.014570678999991
11.464019481999996
8.96708618620257
12.439794173999996
11.254319515999997
10.493040227000002
10.135229341070707
12.03408421
9.077831631506388
10.538264628999979
11.767778711999993
11.998288349999989
8.040216552696146
11.056450617999992
9.641270869271981
7.66993859710127
6.638841770898702
9.141530587863981
10.518187873999992
11.676484379999993
11.009381522999997
10.679376447999987
10.751376539999985
11.860974257999995
10.032179440203997
10.809579368999998
13.35331196151359
12.804157793999991
11.648532700999985
9.533166555863989
10.396982892999993
9.845757002212142
9.965734994479993
10.067115872066557
9.388202288863983
8.558819473303831
8.978958155797432
9.39938833306799
10.046405367999983
9.303075402863987
10.457222683999985
10.381557482999995
12.142361257999978
13.489744962999994
14.168200257999993
11.740709726999984
9.4854529907878
9.684674829070685
8.68094182286398
7.855616381863952
7.951103987101262
8.863621313506385
6.413695532199987
7.075094360405084
6.884188301101259
8.99731292886397
9.180023057717092
12.16904269599997
12.811179958999988
12.228061713999983
12.370521595999993
12.75894879599999
12.459722817999987
11.543379979999994
10.882406615999999
8.601997547898709
10.614368777
10.028612200929258
10.811455449999988
12.443253870999992
12.935464686999994
11.509888564000008
12.495422432999995
14.51697089799999
13.329987443999993
12.238837192999997
13.15339529599999
11.566747965999983
11.15571103799999
12.530301790999996
12.348180797999992
10.065730961727983
9.26820338899999
6.807254528799993
5.903418746899993
8.531695043898711
8.970079038999991
9.618729350203992
10.931056267999992
10.39689148099998
11.605793189999988
13.633915832999993
13.448024178999987
13.630225522999996
13.51632313999999
12.267979340999986
12.15871486699999
12.136356882999983
10.715546592999987
13.150229340999976
13.764969655999984
13.910819301999993
15.495879999000001
14.608519661999999
13.945669362999999
13.746778267999984
13.820623086999989
10.05012294172799
6.2941945251000035
7.944212489299996
10.014654905900159
12.688519256999996
9.251588641271987
10.438239336994565
10.444638930999984
10.216745779271989
9.800804191727991
11.274362233
9.617947976696158
10.640492360999987
13.984287147999995
12.178301688999992
12.037861498999993
11.120382602999994
11.594755985999985
10.981631647999988
7.115534835797425
9.059805783101272
10.448758167999994
10.548818682999988
12.42530824599999
12.645395705999993
11.83155634199999
11.583917751999985
13.658871517999987
11.18432491499999
7.667664862101267
9.090497538797436
10.010849883999994
9.544330041847214
10.360669598282863
13.436662209
12.989017411999992
12.212578863999992
12.720085422999983
11.688312716999988
11.694526427999985
10.0692104127171
11.144317193999985
11.775215387999985
13.78012235399999
12.275987531999991
14.13188471199999
9.239171610999978
11.775044874999994
11.469211635999988
12.984673881999997
10.941697326999995
10.64817242599999
10.994119230999983
10.56193072399998
11.586226395999988
12.324159940999992
11.09555938599999
10.386272964353589
7.577800472999977
5.477613221699986
9.277689236339986
7.764676721202546
6.499837042202541
5.978684916699985
8.015884464999996
10.041566647212141
6.56781210629999
4.061917889399974
2.444624450699968
3.0754199843999777
3.5448167190999733
2.91008236389997
2.0793630141999815
3.475183232099963
4.248783607499987
2.7261849746999838
5.65338559269998
8.1806001755
7.929821734594873
7.142411810299993
3.039021986399988
2.5998151290999765
7.022154457099989
6.342714678999987
6.707088732899982
7.070033671594866
8.949890202303829
6.22319572599998
3.948944134499975
4.184553819299973
3.6592303374999737
6.6135256104050875
9.839295236141417
9.568650958203978
9.819092497212143
5.142704661599986
5.730446932999963
5.659362139898686
6.920480636594857
4.001987652599983
5.91377539669613
10.474768209999988
9.648334574929258
3.7514912261999718
4.587443783599977
1.515201113899991
1.6657261016999938
2.8550545882999754
3.9864565154999823
4.047265644799983
4.494720501699973
3.9088872848999774
4.269093724099975
3.123232650799972
3.642673797599988
2.50379597779997
8.089249346931966
11.059813176999986
11.457226966999988
3.302620507799984
1.4526115310999914
1.713625518799996
2.0311173552999984
1.7294147704999887
2.4201819320999816
2.432054429599993
2.433154959099988
2.5080735747999836
4.437927293399974
7.041022975202537
8.707960198999979
7.550525624099992
5.099333045999986
4.202997260999989
3.528654103099983
3.650079481499988
4.1051921615999865
4.523133137499984
3.926836204499985
2.210411193799984
1.0433516662999964
3.308353932199984
2.0850610991999896
2.702531539899977
3.515745010399976
3.4586120070999837
4.625620431499996
3.517104923999997
5.721939674399982
8.508313217202545
3.3071586348999844
3.042690559399976
3.231965539599985
5.39336099549999
4.83163744349999
5.360676745599983
5.536106935099981
7.586756654399996
4.832136602799987
2.5244118316999864
2.3820528136999837
2.9435460799999773
7.896885311898691
6.613800881999982
2.5520967330999937
2.4723133452999826
3.418175192299974
2.2859519347999706
5.089886358599977
2.984461926299987
3.2909709319999925
5.0136311095999995
7.447480367999987
5.273894668599986
6.527927946506381
2.9796424468999825
2.0345884414999813
4.147936907999997
3.9127754363999903
2.966786689799997
5.641292648299989
6.211415714999984
6.698897830202541
6.428102761799992
6.929263685594857
5.677909312405095
6.415742309594861
8.263390992696143
10.306529432999989
7.373680363506383
1.7567205504999788
3.2706889770999745
3.9261722762999756
9.035098232999996
9.879663349931993
6.201948564101253
5.090078424099981
6.056964291405091
4.060267294299973
3.187058908099976
5.260799879499976
4.685193304399981
3.892131164599987
4.962678578199985
3.13832879329999
2.6540025390999897
2.4277369658999923
2.488976020799996
3.4344466872999986
5.818481021099996
9.414771513405116
5.581813110405091
3.2335630813999723
3.380139292899973
4.140592797899987
5.010529035899981
5.325407569899981
4.584850044299967
3.161533868399982
6.4435076721012585
8.620584291101267
4.7137484725948395
4.2883740859999495
8.878023364303823
5.762407667499981
3.257993366999991
5.377660778799983
5.284187544299987
5.887193516493569
7.924676847797413
8.995012771594864
10.563515062999995
10.632269362999988
12.328905263999992
6.242538192696139
6.940548300202542
5.611679106099994
5.869754585299983
8.625658799696145
6.130014973399983
9.421571287659983
9.84520219886399
12.221049378999997
12.086943554999984
6.426158879101253
6.830936508202532
6.557512759399993
5.997428538499982
5.9612493957999915
7.924923911999984
8.752246821594866
9.329665011594876
5.4053122437
5.4400601273
6.555336532599998
6.5023144974
7.639690556300002
11.119714692999992
9.605817272931983
9.657225601141423
8.119780682405109
10.416042389999989
7.278090202303821
12.777702929999997
11.415114977999991
5.965041165199996
7.552179345696147
14.794645101999993
9.524120237696163
11.064164388013612
10.101551434203989
10.229863809141426
9.060005151271973
10.09794454193199
11.679467583000005
8.142942295797424
10.675082854999983
11.75259885099999
13.376841224999996
11.078002712999993
10.570185961999991
13.060176583999992
10.280786369203994
10.946035755999986
9.924664138863985
11.451077721999983
9.60300293279599
9.382704252717101
9.35189051506799
13.813030332999995
9.576687513795987
8.428236534101261
5.079333200099969
4.021743885799969
6.532892884797416
9.769102728212147
10.957282459999982
12.166841672999984
11.108040523999987
11.911158617999995
11.735400297999995
11.45727126499999
13.358755785999998
11.695195101999985
12.666499782999992
6.927035772696138
10.593465278999995
12.220758175999984
14.301609728999994
12.049348177999988
12.444419037999994
13.006429674999993
12.010277131999988
13.426451381999987
10.49039993999999
