10.84238427099999
12.115155346999998
13.433025844999987
12.833850400999989
11.637669301999988
10.415312479999994
13.227153411999998
11.100272555999993
13.458860490000003
13.657599990999993
13.215674755999984
14.064675199999996
14.177720728999988
14.398196573999993
13.41434788099999
13.049363913999983
13.881234264999994
11.783972707999988
13.555733228999989
13.308968714999999
12.971912182999993
9.780668244931991
10.25763538506799
12.46687848699999
11.423252006999991
10.67467097500815
8.895388751135984
8.633646189898702
7.563404009999985
7.7733686264051105
9.805750797999988
7.677664353898707
6.990473506202542
8.422104304493574
8.217176519797418
10.13664545099999
13.25152800099998
12.736310682999989
11.185137519999998
6.157052886999983
5.031705874599984
9.82313384565999
11.549037020999988
11.671888144999993
13.74917173799999
12.485201536999991
12.446001900999983
12.345623043999991
12.119917815999989
11.612583913999988
13.540398137000002
12.910430190999989
13.81301786999999
12.431381957999989
12.249358610999993
12.776479073999983
12.265594393999999
12.069374309999993
11.695877625
12.181227276999989
11.417698092999991
11.576263201999993
10.39814587601359
9.939640019135984
10.535761547999982
10.96345054199999
12.860791074999987
10.855526560999982
7.623218492101257
7.876023350493578
9.316659786999985
11.015934769999996
11.29322630599999
8.466016900594866
8.11586189120254
7.919626870696143
6.651094749506379
9.238571433999985
8.498145224
9.940609283271998
12.27437493099999
11.154638485999978
10.58044357299998
8.13013767849359
7.959978202799999
5.986792611699994
7.309771664405098
10.301299679717092
9.049752246067984
9.47326828172799
9.023491468797427
7.883543150303823
10.513794822999987
11.131410352999989
9.56143658433999
12.186594689999993
11.248296602999988
9.265013113271982
11.779954955999987
11.328769074999991
10.078811141999989
6.627795762599984
4.819594689898691
8.491445286727954
7.478842777999983
6.268809399405098
4.474418247999981
5.747501606799992
6.374845010399985
4.682437847899969
5.102205345202526
3.9515350799999704
4.1115325927974045
6.7771330582025335
8.644232138067974
6.634109239202528
7.227030184898674
11.475078257999982
12.164565375999981
2.735929554699987
3.7022626937999843
4.594155546599984
5.6707842804050905
3.8737736968999874
3.183493899499989
4.793434713699993
5.036482138099979
4.424910389699989
3.903304873699983
8.793015530271981
7.906352381898706
9.685559616067978
4.838168859899984
6.497837904405093
5.8884095946961335
4.455068553199988
4.021274809299996
4.299191589400005
4.1962610489000065
5.243965525799979
6.494048782299986
3.9606718947999853
4.22621640319999
3.16866071619998
6.5219627166961365
3.362665359499981
5.836485244797422
6.728220301797418
2.726982931499971
2.3245278838999686
7.577308554101251
6.141238661202518
8.022967362999982
8.404377728303825
9.863798147717107
9.161734492339983
1.4452057113999948
2.011510760499985
2.474614385999981
5.294191769399976
2.025207958999983
3.4204378463999636
1.9516367751999857
5.028049909999999
7.655595701594865
6.701118472303823
6.4250637833038216
6.978273963899986
6.936852946506379
5.317424743699976
5.157338041699975
7.385921627797419
4.279638307199973
4.778689187594854
5.846565389999976
6.522432118202541
6.717155818202544
5.965938145399985
6.526652728303825
7.780641018696128
9.026131181203976
10.54658757014142
11.735226560999987
3.800968850699982
3.8934296004999784
2.4965276854999883
3.0525596724999895
4.451757067899984
3.9958852660999873
2.293672781399991
2.1211645370000007
1.489208546399998
2.6871896026999993
4.433672608899992
5.488954563899986
6.041521125797424
7.7826521285948544
3.653957171599969
6.622526023898704
3.922691477999981
3.3201482604999772
7.104348634299989
9.51522757879599
9.113653333999991
7.767143737799995
6.251102209499991
6.0703140288999915
5.1179458846999815
5.9414541366999805
4.48749977869999
2.6486042083999832
4.316758839399977
5.066304710399976
6.017267263797409
7.177624018898701
7.841337113999985
5.6515324035999805
4.304602221699987
6.516443260199985
5.6865243270999875
6.58426472320254
6.891307157898708
1.8591224639999957
2.7445778045999716
3.2412013930999812
3.489371157799984
4.386949082899983
3.099628401199983
3.6855878966999835
10.632215153999988
4.174937953202521
6.204079309101254
9.531846147135981
10.39583474099999
7.9701395049999935
4.007837191799989
7.175643627898704
9.4408161040707
5.803643972799984
8.673007600405114
3.7614274001999846
5.2478765685999935
5.777363438399981
2.4426251616999792
7.194810496493568
9.119010797067983
3.787168949899972
4.007060035699976
7.245156085202544
4.733580122399983
4.7791724914999865
8.738390710405099
7.933203437797425
5.14612895359998
5.632626164202533
5.348075764506369
5.389782318101244
5.681465675405082
4.6090723694050855
6.861223590101271
1.8808433822999824
2.0641943480999805
4.311685513299975
4.964157667499993
6.697949211099986
4.703609483299993
5.4655495041
8.839360005202542
8.267362531999975
9.395283418203986
3.0086343749999753
5.158308550999975
6.91573959809999
8.990202627594861
3.7690828017999696
3.5058789153999665
3.7943389983999722
7.009180244405104
4.221066723599984
2.0440379592999873
6.37699938349999
7.62191491849359
8.042832144202555
9.530918560863988
8.975380589203978
11.503930358999984
10.899223305999987
9.961548049931991
10.739951369999988
2.943437918099985
5.776513951101258
9.805182975858548
10.749996451005451
11.309041437999994
12.362186583999991
10.97550005599999
10.116166820991836
9.890034385787825
12.309486533999992
9.540369293135988
9.132094729727983
7.807857043506378
8.590927564999978
5.118851927199979
9.186383509858516
8.223790901202545
3.0440622344999757
3.882945915199969
4.169471400506365
8.146626678506383
5.1742624633999865
6.0369825042999885
4.329959751899976
4.116629522699993
5.369901411405098
6.463600366199989
6.798878111299983
9.171456808506397
8.364349912999984
11.651659514000002
10.859605890999985
12.271861362999985
10.709011820999981
11.677308652000006
11.431222135999995
8.135047567696141
8.773838058339978
10.962892708999986
10.894803922999989
10.137999517863989
12.965689731999998
12.17422480499999
8.441329452493584
8.882073298594872
11.609685077999991
8.479436151101273
10.215233282353584
10.218208846999987
8.70152877350638
8.159844114696142
10.073039584282867
11.748048652999989
13.588979117999992
12.75923010599998
5.050657264699987
8.678183407727966
6.879969790599987
9.323048075898715
8.538947012303831
10.046450723203987
13.649959467999992
8.084512898303824
6.570900036599991
6.667695182799988
8.156825120493592
7.178852427699992
7.045247132899992
8.310274934405108
10.505481069999991
11.708674984999982
11.665813466999989
11.659557386999987
11.439299481000006
12.75595052
12.303411554999997
13.846308849999994
13.325400048999992
13.065889684999993
10.459597144999986
12.802760965999992
13.466266817999987
13.976720521999997
11.287109856999983
13.506080994999998
11.246882758999979
12.53566266299999
12.315065346999996
12.522880309000001
10.524142682999988
12.76389235699999
12.021461712999987
12.283646935999982
11.798762845999992
11.744399131999987
10.635116228999998
12.40364782
12.29312973499999
10.594477195999996
11.944212772999995
12.484623511999981
13.347917769999995
14.218084728999992
13.89591841099999
13.089378702999994
12.492434189999987
10.693067359999986
10.820927982999995
8.747080898999993
11.12020212099999
12.51655916099999
11.40025999899999
12.031123510999992
11.035185488999996
10.709474256999986
8.66811300672797
7.270231858797423
8.676312812797427
9.77959968106799
10.773398418999985
11.628855289999986
10.25828631593199
9.530255128339988
8.831506756594868
7.321803774999986
6.889663526899987
7.042021169999988
10.318623343999988
8.407139135696148
9.32915384379599
10.42010909999999
10.935081315999996
10.830313726999991
10.238478207282865
9.643146514931987
11.259430079999996
10.902460268999993
11.02279194899999
10.570014826999996
12.795022722999985
11.611470461999982
12.063545602000001
12.87544327099998
12.602573404999992
10.124240923999992
8.043579096999991
7.665839865101269
8.265260826101272
7.677734672499994
6.0963298935
7.254476638799995
8.666857466101273
11.673383390999996
12.32794523599999
11.458281974999993
12.588632544999992
11.385169228999992
10.297454874008153
10.801567849999987
11.391877270999986
9.535228498863988
10.468022037999985
11.504413843999986
11.287214467999993
7.07305666349358
10.897173157999992
11.93313286299999
11.082393978999994
11.934971490000002
11.980429294
12.264264190999999
14.545351972999997
13.098256276999997
13.739214872999995
10.929935972999992
9.745261950787821
8.985290347303831
9.981459364203994
7.825846993999992
10.956355002000008
10.876360398999992
9.055549674999972
11.685715877999995
11.947583419999988
10.230246097999988
10.920035920999988
12.49356421699999
9.032897749212138
11.81004398699999
5.755012829599985
6.841895172099993
3.441379879800002
3.297160641499994
4.776843498199992
7.1405778961012665
9.858322799795994
10.883759858999998
11.470127372999995
10.698171232999986
6.588730749499993
3.428956010399999
2.8833175384999894
6.670706129499983
3.1842420775999782
7.191385209696139
11.08006710699999
11.113086748999986
11.356524141999992
7.1849681014999955
8.398542752101275
6.756282907101256
10.10272397606799
1.7655736632999823
2.803941801500002
1.9971216278000026
1.908804348800002
2.750076083400001
3.8896317931999986
4.657228671299988
6.937711447101263
5.660265769999977
3.717585049399978
9.209524348405107
9.997997611999981
10.657927764999995
9.975381814727989
2.2118531798999816
3.819670767199997
3.677454428099969
3.504962287899989
6.5558145781999935
2.3472150847999935
1.6236291640999831
3.021454241899997
4.151277864099985
6.864640969797423
8.939270968594862
7.949836729405103
4.362854641699988
5.287574691799985
6.076620556599993
9.552483550999993
8.471858758493592
9.223129710271982
8.790217375202543
2.770898637399987
3.3993239502000008
2.3227355544999986
2.699254164100012
5.341341197199983
5.451253118899988
3.7942721648999718
2.3642348800999806
1.7988696837999856
1.52174354399999
1.7630803786999953
2.747641626000003
2.774541102600007
3.87808894199999
7.074117581202537
6.0142965072999806
7.967179043594849
8.971293978931978
8.53570585169614
9.968544253659987
1.3684380660999904
1.2809267257999915
3.583532054099969
5.903312890599984
4.987467347699972
4.8845964141999785
1.954552207899982
3.0439053344999887
4.430018392899985
8.168784606898708
3.908875630199982
3.30466209869999
2.4382967957000004
1.9061461699999964
2.4864036713000024
5.001863394199998
5.958514025899995
7.117804415899993
7.308818052699992
2.6098006240999756
3.3359408126999783
6.891728912405097
5.721080145303813
6.3694279876999875
3.613753564499974
2.2073963164999846
3.461034094199979
4.262548979200001
3.090414605699995
2.0550583251999957
1.8894599854000018
4.042461524999993
5.742804733303819
9.712058492999978
9.336093754727987
9.353406187271988
7.54251211239999
3.988665750099981
3.667294369499987
4.547769689899995
7.897448803696148
11.288259235999991
10.567083027999992
9.647345436067985
9.724662539795988
8.266265399202542
2.7782202270999834
2.7290697890999898
2.779438908399991
3.4563650756999937
2.7537964507999924
5.306965065000004
4.657635919199973
8.666960807797432
9.204211529659984
9.471974555999978
7.797418862898709
8.358551031506387
5.783466876199987
4.654692521699992
2.8438836272999937
3.4321831710999935
7.081201127594862
10.554036274999993
11.826986702999998
7.8816662491012695
10.846643715999985
6.432386425799986
4.4859145568999885
4.046620667999988
4.891828379799987
7.282767903101269
8.191948123202554
9.02865366520255
10.257848627999993
10.927297347999996
11.737071498
8.819032344101263
7.27354184719999
9.570476747070705
9.113592417931985
6.6125794692999875
4.223413838199994
2.637119393899983
5.386463857999976
7.155541090405107
6.617066621399983
9.460134004135986
8.930723928797427
11.526137516999984
10.910978754999984
10.957886681999996
11.958604467999992
11.643254979999996
8.008468173202537
8.031950030493592
10.860239658999992
7.0607607924999884
6.50109976959999
7.839154588303821
9.145919657898716
10.596455721999998
9.661617611787827
12.334614803
11.814662711999993
10.40435959899999
11.310834252999996
5.963212141399982
9.005839622339982
6.81293789369999
7.41815763550639
8.258940284696147
4.799940113799987
4.865539567599988
7.91749043120255
13.32114215399999
7.622951100202543
8.580337860067976
8.25132038120255
7.914381826797428
8.522598680100005
9.169404162600008
10.835748473999999
12.47881247599998
13.05588718299999
13.013376392999987
12.872405344999986
10.32260173635358
11.561852405999982
12.965236672999987
13.565315569999987
10.32136532899999
8.962207350135982
12.195374093999975
11.109370898
11.122703190999992
12.513194817000004
11.204871576000006
12.482199712000005
13.165531969999996
11.221265754999983
10.888355991997283
10.821407581999985
11.395272330999985
11.90452238199999
10.092289684013599
8.397639948999984
13.290772329999987
14.18962773299999
13.551213377000002
12.270772719999995
10.165209458931988
9.318468810999988
12.320452611999983
13.867446241999996
13.661105406
14.160755159000006
13.962017574999994
15.210976552999993
14.31312249
14.537426426999993
14.044843772999984
15.109463164999992
15.524361600999997
13.72167704799999
12.01546798399999
11.570196628999982
12.31020068999999
11.680172620999986
10.850021261999984
11.429938286999992
12.227841504999997
10.570281165999996
14.822386687999993
10.051756172135988
13.561791741999977
13.725374505999987
13.591416800999994
14.398541309999999
10.60320961799999
13.54207743199999
12.739688837999992
11.590936999999995
11.207811418000004
13.562706685999999
13.382961150999984
13.530882934999989
9.945089703272005
5.4250170577999945
6.0705134276999955
9.622894816727992
11.9230431
10.823011995999991
10.952534289999994
11.901626992999994
12.367854343999994
13.105295228999996
12.69862701099999
13.122920751999992
13.195162443999997
15.016066614
15.490263260999994
13.210158359999996
14.509352447999992
14.409270868999991
12.822445514999998
11.503257009999992
12.014920934999992
13.096851288999996
12.432189768999995
11.425102030999998
12.114141873000001
11.215620987999998
10.27155783499999
11.51795152299999
12.01408711699999
11.33731005599999
13.334164351999998
13.589617151999988
12.758815917999993
12.570330069999992
11.813266306
12.390048211999993
13.481140777999988
13.213831048999992
14.364972259999988
14.409957616999991
14.288000649999995
11.036131510999988
9.729763360727977
8.97230736527198
7.807916612202541
6.705703704797422
10.517510773999991
13.641922173999996
13.387303382999988
9.70617012621214
11.517390563999987
11.78169121199999
9.519915187101276
6.783038563493586
7.563819357303831
10.728680462999993
9.598192169141429
9.303126451101273
9.267577044696155
9.939047587877761
6.8875403732000215
9.824701498415994
12.209356333999999
11.626218412999993
11.58545565899999
11.321321787999992
12.966320728999994
12.720108027999988
10.207749867141422
10.630930837999978
12.699981623999989
12.520409034999991
8.903124519303836
9.886165438797438
8.37075891569615
11.037221889999994
12.097744512999997
12.659924509999987
10.789270220999976
7.577352606202544
10.403479789999986
9.575069174202552
8.090762046797431
6.737131330898699
9.667999169895992
11.47916873199999
9.023243823202547
8.946959533696154
10.537946360933446
12.549270221999992
12.81783370399999
9.998123994271989
9.98243456113599
9.621968821795987
9.085438629135984
10.883940735999985
10.586522867999987
5.520795509299982
8.62194746399998
9.938226463212144
9.777828236271988
12.244477889999994
12.691469282999988
11.73381170799999
12.487012209
11.756303412999996
10.131852335997278
9.944588345212146
9.936110543863988
10.148154259991836
9.267594103999992
8.146024673506389
7.333407606499996
4.028825140399994
7.335200924696151
9.702239182999996
10.891411774999991
11.118615367
7.804399687202538
11.168656937999986
8.002609736594867
5.8254845077999775
4.220018894999983
4.658586692799999
2.2606759537
2.248996467600005
4.7102450530999915
5.308488008099981
3.786618487499987
3.24389342799998
4.325066314699978
7.118834098797424
4.407143728599983
2.2975637526999884
3.530429339599981
4.545763752699983
6.402700793499987
1.9370937621999802
3.61431268309997
6.045231823699984
7.606366490202543
4.319139578199985
6.334667806999988
4.860304800399981
2.7482097121999876
6.08932986449999
4.123454870599981
7.028842680405105
4.543172581499974
4.372943374599985
1.8277419204999972
2.233777331499999
4.879966892999986
7.039141975399985
3.654308708199983
4.309314349399981
4.690478741499987
6.188313658101258
9.083661131303833
9.362314117405111
8.726045239303831
1.3339898162999924
1.8086516860999917
2.454685958899975
1.2288303954070647
1.9598301619999685
3.7856809310999857
2.4222484817999894
4.647601657099985
6.4298622574051025
6.171647416699984
7.988429348797427
8.157361579898701
8.241372825594862
7.764800993303825
9.032931129506387
3.809661453199975
1.681821327199991
4.138143223599985
7.616736041303828
5.167113360599989
2.4306940444999756
3.8448896071999856
6.45037972559999
5.3960896865999874
4.572317924500003
2.812196893300003
3.6623888458000033
4.598826618999992
3.2845069411999948
2.9072876296999954
2.420247613499987
1.3557091134999866
3.5510305832025177
3.720394245899987
1.1530640765141305
2.2767160689999772
3.43028925169998
4.142876373299975
7.908547164898695
8.091576844797423
7.613303541594867
6.602386077898699
6.56682188420254
7.362178684999982
6.33010840449999
4.152945036299982
6.185302769499984
8.274854725594867
8.227132519493582
1.4022172032282778
1.4376668566787678
4.41340064849998
3.9006395446999926
3.019891722099982
5.31265682219998
7.696757832299991
6.634087763999984
7.489577644303826
6.461785285899991
4.394232011399987
6.8543278914999926
4.403345953400006
4.826244543499997
3.2304775207999956
3.2165101272999936
4.091494696000001
3.9197916992000015
6.027425585899984
6.712505750999991
7.864122128303835
7.612165159600005
7.345489747594868
10.329757532999993
6.81057675169614
8.320016032405103
7.686679704303825
8.828802285797435
6.306648890699996
4.5142725692999885
4.9249292556999915
6.663300869799987
3.512551397699991
5.4987117020000005
7.7731474044999995
8.574528535506388
6.263030216999986
6.151141476405087
4.785475517303813
8.752418046727982
8.485408558696152
7.890700683594871
8.093023356599996
7.914410412599991
9.440440016135987
10.958155485999994
9.03796096040511
5.33515689999998
7.0450099349999915
9.058732789727983
9.77355898899999
10.021559593141427
10.321299833999992
10.206137062070706
7.159315455594857
2.173776373299974
4.649517698699985
6.552277052299987
7.2344452880999865
6.799905799898704
5.961977410899996
4.973842166099997
5.598672976700002
5.0113327681999795
10.085143972999996
10.80170338599999
10.300530186353576
10.611788964999992
7.086466174299991
6.369320210299991
6.374379882799999
8.798178277594868
8.285071292101266
9.427594409135985
11.01675540299998
11.759840851999984
10.174904367067994
10.55172493099998
9.22650964199999
6.945533721898701
8.024851248135972
6.319599143999981
11.853576859999988
9.243462582271986
6.411001457199987
11.109263415999985
12.557029668999988
10.21480373085855
10.113019322135992
6.094678013599983
8.882860417202545
9.432808984405124
11.566802559999994
9.702816178931988
10.180430760135993
11.943599406000004
11.224031078999994
9.197729942303836
9.809128916931998
12.02101536599999
10.735545075999982
10.215866978353576
10.68992304099999
11.979601832999991
12.32115645099999
9.735873570212144
9.720091281067981
11.737211182999996
8.29952216340511
7.093893162499989
7.73552789459487
9.03111004030383
4.438943788099987
8.757388755797427
9.556115780727987
10.470823913727987
10.730780549999999
13.907716280999992
11.472670411999978
7.342245750271956
11.19191927299998
12.196643384999987
11.630711236999996
11.615582606999988
12.11476078499999
14.579538397
14.623610152999992
12.48539876699999
13.398524773999991
11.872238794999989
10.27449899299999
13.231759475999988
13.495083457999991
10.593963778787815
9.774902981727985
8.316244848727958
9.16877733913597
12.054471862999993
12.149198168999993
14.544256325999994
13.22587230199999
13.462396995999992
12.491835575999993
12.733690684999985
12.471381641999987
12.83980917699999
12.58953847399999
12.647011527999995
15.244966469999996
12.868624502999984
10.83853143799998
14.105675907999986
12.855456852999994
14.004342811999994
12.896198069999992
13.950573551999987
14.56562008099999
13.666066215999988
13.363692881999997
12.122807044999993
12.718043622999998
10.464613656999985
10.187407378999993
10.010933343999994
10.495728945999987
10.673918168999991
8.945557212797432
11.793096711999993
9.125367134101273
10.731319184999984
11.889273821999991
14.240286512999992
13.713292919999988
13.11156694799999
15.146400062999998
9.13484616227197
8.55318950806797
7.615044741797403
7.938348580898701
9.634867977929263
8.468124743795968
11.209835715999986
11.002423249999982
10.765683132999982
8.262522383101258
7.977675395135972
10.644740911999985
9.291784715203976
7.711562174999965
7.712398562594863
11.744585572999988
13.681659992999988
13.058689737999982
11.406680160999985
12.34061683299999
11.803313667000001
11.385774643999998
11.850905681999993
12.689245824000002
12.52318242499999
13.743233019999995
13.604646528999991
12.784624367999996
13.016004662999997
12.342208365999994
11.905374724999987
11.76116174299999
8.758996308898713
8.97196578520255
9.709852919
10.92581644596673
13.658718477
11.797433260000004
13.46740939499999
11.795237501999994
11.573415723999997
12.247895014999987
11.053902842999989
6.369905781599991
8.663373980696152
10.84905611599999
12.041982694999998
11.606679706999987
9.086666953999986
10.902102557
11.441462349000005
12.701976233999996
12.630369948999995
10.646943604999992
11.42945062299999
13.286866215999984
14.25907520899999
6.700689024399986
13.621500757999986
12.093071526000001
10.95244184999999
11.804148150999993
11.10150034899999
10.001888606203991
9.573818131999989
8.824234394797426
6.706111003099982
7.424922169506386
6.301274632303807
6.816696401999978
10.717125252999981
13.510569910999996
6.906029762299997
10.772889679999988
5.7704196731999815
7.627553401199999
9.573142581135984
10.379144984282863
7.217859001202529
7.394416812101252
12.21725709799999
11.717131634999992
8.864036520405111
7.372122668506392
7.008330514499988
4.793001843299984
5.248661903399989
4.468031082199988
3.554934599299985
3.998087681599992
4.624828324899981
9.265417459067985
10.60421700399998
7.568236390696144
4.712550953699968
3.572964102199981
3.5690128798999674
2.5413129180999845
2.4161682342999815
2.2408463805999856
4.7521987105999965
6.460433700599985
7.491708544898703
7.8216463698986995
9.00314506989871
6.465701690699984
9.980214161787828
9.112725381339981
11.708064937999985
9.22763361979599
4.328966429099982
3.0522017394999854
2.004900492899989
1.8699000091999867
2.3210726836999878
4.937344280999997
4.509722964499989
4.156933901999983
4.5452426909999835
5.989903230299985
3.0223103560999913
2.536768006899998
2.434840493799999
2.623717144799997
3.547211595199996
5.0276948073999925
5.003817178299986
4.931172436499983
6.186318937699984
7.535291180405108
4.182614654499975
3.735787956199972
3.715483630399981
2.942813900799981
4.4343436568999905
5.376845542899987
3.879510713199986
2.317658111599982
5.167935726898694
6.592496609506382
8.553656597898712
7.813588868696149
5.757267669699978
4.073368043499979
0.5590361315699972
0.8205294863699989
3.2631192733999805
1.7223403563999826
2.5453683028999894
5.046395181299978
7.30409131320255
7.449402868696141
7.9408595839999805
6.793859617599992
7.373503242506388
8.48041739499999
7.055068373099989
7.4059248687974275
6.749537033101258
6.177665257303819
2.3898666594999787
4.692406669599975
5.330380104099987
5.079773022499983
6.895668888898704
6.404675097699986
6.573329777493576
10.192890164141424
7.524471600303821
5.784576097101252
2.5704382674999744
5.220138778699983
4.136308543399985
2.407478057899983
2.084363961799983
2.406343485999983
3.124119232199981
4.16572319639998
4.299172720299978
3.834361511199978
3.31913437499998
5.988611482202532
5.85500885309999
6.139067625399996
5.184456214899983
4.786951477099968
5.055077984599982
3.4170344573999825
6.19159358369999
5.081694598399994
4.092491372699983
6.541694723493579
7.972618641696146
5.967170324696135
8.234140026899999
5.474912947099984
5.700572125199987
8.20658491969614
11.102247526999989
9.450712864795987
6.727997541799988
4.768595252999991
3.822776344299986
4.030136065699991
5.358317108199991
4.654982330299997
3.416572930900001
2.4083192108
3.0463303177000016
2.7843751755000055
2.2415755035
3.7807443191999917
3.794888159199996
6.0784659775
3.760396426399992
4.655657888799998
7.057212860099992
6.4182909881999946
7.340894360399995
8.082368543999998
9.273031379795984
9.854200129787824
11.245949880999992
9.567680969135992
10.317510485999989
10.594676938999987
8.122869840999984
9.48215605479599
8.513167787202558
10.438122936999987
10.78919510199999
7.134932727101262
11.207018529999981
9.891910021999998
6.929579707303819
4.199971389799983
4.230220773299991
6.817254409797426
6.1012033889999815
5.119586407499982
3.6847749954050757
7.142363771101252
7.296880035405103
6.605603784199987
9.113912853999992
11.117273169999992
9.13937853699998
8.575144421405101
4.073349632299978
3.708205038499986
4.384214529399984
7.619016477999981
7.723429173303817
3.8242863112999794
4.844707975799981
4.013217861899973
8.534440377863964
7.106150569202539
5.828671081499986
6.250562454199984
6.554105721999992
5.616972355699989
4.473735154699989
7.174278956594865
8.046636624101266
6.420740301499989
5.161305819700012
6.3032106353999895
5.605613259899976
8.101950326493593
11.240371917999996
13.329447179999992
5.6151391982999685
4.520898321499988
4.135854487599992
6.018150775099995
1.9587489365000004
1.9443439879999926
3.0962518325999877
3.502268559299992
6.372180215499982
9.479411369203993
12.608246664
11.655082586999992
11.520513166999994
7.105587213101262
8.529672415202542
6.009257008399986
3.8101561767999987
6.908537087999986
12.584523969000006
11.956214770999987
11.218679348999991
10.293601859999992
12.446588448
11.842915067999984
11.379041482999995
10.1999324950707
7.340120556594859
5.566471339405072
7.75726107186395
7.024188415493583
9.633604162717104
9.67388772120398
7.828147344999987
10.629680462999989
12.33793931899999
12.157273871
9.853493940787823
11.727347883999988
10.888819526999987
11.680040525999983
13.636391457999984
12.325419759999988
6.8228962569999725
6.209357694999971
6.954103549202541
7.356631776405104
8.621338789405112
7.899258213797426
5.060399241599979
9.158039504999982
8.392750518799994
9.923721476795988
10.612819565000006
9.508556945797439
10.335222718999988
11.142894855999991
9.942595945795993
10.71057580900816
12.914719419999994
13.042201668999994
12.434557592999987
11.479647977999983
8.28168238069614
9.014093708797429
11.612721314999998
9.68640239879599
10.098444842659992
8.559376486202549
11.162223215999983
8.45670357510127
7.770377389493583
6.463387322999978
8.248249266101265
10.815546594
12.963991886999997
11.009444892999994
10.050057495070696
11.87514246499999
14.023412740999998
13.28479496599999
13.77068046699999
13.19156568499999
12.973468342999988
11.607065268999992
10.473519167999989
12.235374078000003
11.773436039999982
12.740766038999991
12.660213948
13.610840694999986
11.01644129199999
12.796073151999988
11.910092380999984
12.63603140399999
13.092799379
12.839188485999994
13.107755338999999
11.741552259999999
10.819385810999991
9.69418584427199
9.38291183314142
11.612510772999988
13.155898714999992
12.086122713
9.950879344061123
10.482171363999987
10.263858764877764
7.309408030699997
9.092774511696158
9.11382824549359
9.666218629353581
10.167689417999986
10.079974760271991
11.088713146999998
12.683204983999993
12.06634305599999
7.718861535594861
12.783950710999987
10.19118539113599
11.940997452000001
10.121118487833602
11.176948966999996
12.025006475999996
11.829301494999987
11.595343805999988
12.011857535999983
14.460977489000005
12.452123145999984
9.797696821727984
9.143342922999983
7.728321739202547
8.844545735202551
10.411471596999993
10.042278091271987
5.84747133329999
6.537240628099987
7.429681587202543
7.214379545599989
9.341976184101272
12.37760046999999
10.889270041999987
9.984924903929267
10.784239042999982
12.762587661999996
12.32109749099999
10.927210808999982
11.536396782999981
12.179581978999998
11.919889957999988
12.012786002999999
12.04714293399999
14.431146195999991
11.775793404
11.322109431000008
10.522338463989117
10.551800576999987
9.695164427135987
12.06717542399999
13.168491686999989
13.511707589999995
9.997693752013598
10.275796241933442
12.857242394999998
10.768482728999981
10.760967130999992
10.336172616999994
11.182337487999991
11.791173589
12.063140348999992
7.65667544249358
9.377134799141418
9.057463941999988
4.914210722399987
6.794298719799995
6.600022763100007
7.321154020700004
9.345723440594883
8.132271629299996
9.683780541999996
6.021663851899997
10.39812622499999
7.237632980303824
6.213352456699982
6.2402280486999935
10.493755057999989
10.391036536999989
11.493514724999997
9.962829296931996
10.33428955399999
10.288522589070709
8.482875254797424
8.325832972699995
7.826825624101267
5.400919784499981
10.562240355999984
9.203385861202557
5.30781928249999
7.7428353118987046
7.81163997799997
3.9069515731999767
4.763625848399978
2.264825895699975
5.718653295899982
4.103654498299978
5.479970147699975
3.198036473099977
3.0321866622999756
7.980837860101249
5.49146393429998
2.5850074813999866
3.759710099799989
2.7538071471999954
4.590153422499992
5.685128156999988
6.70018204959486
4.723297888199989
4.186434994499985
7.794958453405107
5.048999197399985
3.965522466999987
2.8922447844999972
2.9677569153000003
2.364415904199984
2.4224572768999932
2.8322445571999992
3.238006436199989
2.4577585616999884
2.9477341552999805
4.310297462499985
6.020686270101256
4.091159002699979
5.074262435898697
8.570048808303815
10.848638794999989
7.897542198202545
5.863515478493577
8.242082940696147
7.760117855797428
9.55938956599999
8.560069062797432
7.145669868506378
1.3105736123999892
1.1624740992646267
1.0455082052141293
1.1548160319991816
2.941937219199981
3.9977523330999847
2.297294262699983
3.2289392028999844
4.0138681746999865
4.634845317099984
5.623819174199985
5.71831255649998
7.43797248840509
9.26848134779598
9.392482893271987
5.8508996703999925
3.7334076858999876
2.805949322499991
5.631794322199986
5.437337733499992
4.761969430499989
4.7814624817
4.167672605899986
3.492632655299976
6.780358615101258
8.606983875999997
6.246058918799993
4.5938385009999845
3.8004802825999846
6.177426321399988
1.8013618224999874
2.376982890299972
6.94416213530381
6.6880136001999855
4.8067277938999915
4.440065153500001
5.509878675799991
5.2873111343
5.065086100799988
6.10973520359999
6.514410685696144
7.610447869898701
8.265099592594865
7.622537603797429
6.9097711806961435
7.255789982599991
6.631757717898702
8.698961218303836
7.945632986506386
6.767791889999983
8.723218974303826
8.866780125405114
7.8547513900999935
7.880967233303828
7.126397044399988
5.001205721999988
4.987877897599985
5.354961216699986
6.188827160599989
7.6508215012025484
8.214739624
8.015144845599993
8.2687635268987
10.670094536999988
9.843549401931988
1.5888021865999877
1.5069893660999967
1.523266776999985
1.898363328599984
1.5373391927787632
1.530709913528265
4.092375154099967
3.3748576674999806
1.4613897551999875
3.8266977035948417
4.444401870699977
6.705646401999986
5.548804537999983
8.204498913594872
9.550439208999999
9.849007563858551
6.9560181381
7.630866508500005
10.549291445999986
4.83912200469998
6.966427368199994
8.97738636469615
4.398718635599981
8.618795974696143
11.351512424999987
7.242928568999974
7.42841163020254
9.083811294594868
10.73672874499999
8.310676330594864
7.34350673830382
5.038064813199977
2.623121997099982
3.5611620101999852
6.614819506799998
7.470178814696148
6.829441595499987
8.93403774259487
9.212555188000001
11.501025226
8.993712503101268
5.996787895199985
11.37616290699999
9.85976931299998
6.424535707101249
6.231766827405096
3.738558453399994
4.380217352299997
4.629131365999987
5.548867921400004
6.958681855800003
10.718447695999998
8.374355842594872
11.116118114999985
11.600914936999992
9.650479028303831
9.393348762659981
5.01210101930381
4.893690328999986
7.849063725303828
6.862201821899999
10.94071282499999
10.150621075272
7.036750244101267
6.5479269988987
7.288070532202539
9.35009018565998
12.283518371999996
10.633804189999992
12.02873657499999
11.533618471999983
10.758361156999989
10.522046245999988
10.990286818999992
11.403592901999998
11.232700142999997
11.175017617999984
7.618800768999987
12.54724293999998
10.237490768282866
12.303157079999984
13.124835009999991
10.720684214999986
7.560880479405107
6.538895255999978
11.85686136499999
10.653502738999986
10.62400573299999
5.829679899599988
7.683156175202546
8.30984042359487
8.222585787999993
9.740945487999983
13.017266219000005
12.040090749999992
12.824441144999998
12.613975226999992
12.795015304999998
11.893856806999997
11.413885517999981
9.465632981931986
13.041466530999983
12.609721813999988
10.327049221858545
11.479758109999988
11.793536117999999
10.958397480999992
11.581777642999993
10.456998801994564
8.161656053202552
10.829884255999996
11.721475122000003
12.36053548
11.817942706000004
11.406211185000005
12.156708476000007
13.112340587999997
13.032624616999987
13.724482740999983
15.062657102999987
15.219543229999989
15.507148783999995
14.642496624999996
12.843723343999995
14.36708584699999
14.934015854999993
10.015440026929259
10.453744677999987
13.241352674999995
10.729832348999993
10.752466797999993
9.442669761795997
9.560755522135986
12.445989055
13.360570591999991
9.307792459101274
10.33681147599728
10.69386813199999
12.012702990999985
12.968625390999993
13.917039493999996
13.362647628999989
14.888452202999995
13.836913617999988
14.338017816
13.140893221999999
10.649996918999998
10.58979404099999
8.767383166500007
10.010523773136002
10.697781641999992
13.63999361999999
11.778036640999993
12.153724767999993
14.150117292999987
4.936558734099976
8.848246501135977
12.411473255999995
12.05789005899999
14.144628815999992
12.712229593999993
11.036469404999984
9.611116502271983
9.931507397353588
10.828280341999985
9.51336674333999
10.992648321999988
12.060260143999995
13.282517627999995
12.698236991999988
14.435860455000002
13.56201535499999
13.801412868999998
12.291857589999994
11.816193177999992
11.54849636399999
10.832840996999984
11.44116968699999
7.822230088797429
6.940594792199993
7.93610312499999
12.681308677999985
13.26534317199999
12.261339782999984
12.679879293999988
14.130227686999989
12.675359229
12.387527518999995
11.158430359999995
10.11424676978782
11.300544335999984
11.381727675999995
12.250351671999988
11.728287145999987
11.830468839999993
9.275163468931986
9.682519187931986
9.281642854203982
10.51467128099998
12.215811535999995
10.553989667991825
9.223578718594869
12.409920728999994
13.672010113999997
12.978376995999987
13.467663897999993
12.82800625599999
11.587099679999987
10.934000002999984
12.596157764999989
11.194698235999985
11.19156377099999
7.753097607399994
5.682732069399983
6.2380352279999975
4.7594594528000025
7.254846980299997
9.115694831797434
10.138713140931992
9.464672033795987
9.562734454303834
10.469011127999991
9.981527999929266
9.370465789863983
10.407697484999987
10.571027013999997
10.027709403999989
2.457459828199987
5.466018414299994
8.09558337399999
10.868964979999996
8.419592483493588
7.04616225739999
8.904836534067979
2.9170712508999785
3.640963032499981
5.370117649799987
5.691235356099986
7.446746353099993
9.13462718806798
4.005908206202524
7.6871741683999915
4.488725523399986
3.6217815780999936
3.0764341475999957
5.463845478799986
7.377425701898705
4.199766822799992
2.8977904160000003
2.5569520858999977
3.699785467499992
3.3374314132999956
5.187356034899997
8.123357034303828
6.686559352101255
5.748120666499981
4.820162046799987
3.8465693389999904
5.281699336199986
5.627610879499981
7.157093983506378
10.801869678999982
9.679428996203987
9.633270736795986
4.878526014699978
9.814012890727982
1.7275764785999854
3.485798037699984
3.5047854690999882
2.1674477508999863
3.564793876599991
3.9487857024999897
2.9239140716999916
3.947283309899987
5.455332577493574
7.2591188979999846
3.5361980605999697
2.81557447809999
3.885599058499987
3.5253008742999854
5.30032229310125
1.0061029750858406
1.3502198729999944
3.992543366999987
2.055134881599988
2.7593721709999715
2.1082697371999792
2.413511921699989
2.645056288099993
3.542884265099979
3.061465702799984
6.992124827594852
7.704737977594856
1.3947016079929129
2.178586471599985
1.7226533034999805
3.3258265075999955
4.298641386405091
6.2812060394051
4.978830732699972
5.993907270799981
7.903056397999972
7.823472535696139
6.599452912899986
6.473663082899987
4.332551356499989
4.634832940699982
5.106593093899985
5.148535905499979
5.673148245202539
5.278831144699987
5.8930036208999885
6.598003025799998
4.159301882899999
2.6359570540999973
3.219263809199992
4.261134652699983
5.2153577834999885
7.018652287303826
3.574857882699979
3.635416995199972
4.936583747899976
4.627804652399974
5.844309986898695
3.8487391356999874
2.4235763427999863
3.6063527617999798
6.1383703811999855
6.461324919099989
3.5141175887999863
2.6364957412999863
3.701378343199994
3.311306961099995
3.917601544199979
4.93190454249357
6.710532797202535
7.886659834303816
8.740779603727976
3.3474637847999715
5.155313839699973
3.059856507899989
4.530099076799987
9.467349235659986
7.821868862899992
5.467114836099995
7.630496734599992
8.409140692101273
7.313785281405105
3.230053909299991
5.645311939999992
3.4830789321999878
3.9261333861999903
3.958816659493572
5.121928164699978
7.002265156594853
8.504370342999968
7.549610101303829
2.720713960299986
2.5681052077999804
7.090648396303824
7.34349995569614
9.64016553040512
8.484237086506395
8.001928437800002
5.874527136199981
4.110436857599978
4.977081521599981
4.279535032699978
2.8104121413999774
1.9876305266999823
5.381584011799985
6.154145033299998
2.986727749600002
5.314579235800003
5.3276393905999795
3.9352678558000003
6.062078395099994
6.370366349797419
9.724900118999994
9.979755747999981
8.453309109506394
10.547561220999988
10.067567327969439
8.776514829999998
9.591113574135983
10.81081527399999
11.067468024999986
8.564111238101257
8.867425511202551
10.713988463999994
10.313677316212141
11.295612380999982
12.884190946999984
13.212498821999995
12.701755137999998
11.154420394999994
4.98260217740509
4.621024627699983
5.241394325299988
6.0854674956999855
5.809566198699984
6.325284019506379
6.964130635101255
8.972736062594864
10.257077738999993
8.66535392459487
8.115107237202546
10.614879073999985
11.163044721999988
12.14734941299999
11.329360634999993
11.688975915999983
8.580735806303819
3.4808873534999725
5.6030514953999875
3.6014195357999745
4.039191935699963
5.496221229599986
4.8819616958999985
11.121789173999984
9.888149082929258
4.9754556182999785
5.306196456899987
8.269696176101254
10.026969197067993
9.595749211067986
11.260859325999999
10.148353370787824
12.110680584999999
14.564764823999996
14.23994762599999
12.797457384999994
10.199049430863987
9.310496548339984
9.137054148898706
11.276646648999996
13.425509307999997
9.849602038728
6.349806953405087
4.179261665299992
7.325111096202531
6.46431006159999
10.531929737999995
8.649247628797422
7.992221560696145
9.834218571353583
10.827164847
10.973945106999983
8.01183001099998
11.175008091999992
14.323931887999986
12.269163570999982
7.0486849517974175
5.988272619599986
7.8327942244935835
10.341444907
8.02282957310128
8.713619523594863
8.777180726727975
5.709366329999973
6.425399121067943
5.386306417799979
9.438971955929265
13.959391530999987
14.504299141999992
12.94466860199999
10.549877691999985
11.316018564999986
12.156253275999994
11.107516984999997
7.452810697931959
7.87171501010126
10.538905224717096
11.565445138999983
10.61985883599998
9.918384620795985
9.728515602067986
11.194937526
15.489010843999997
14.719919002999998
13.30374736799999
12.417724508999992
11.882218853999998
11.669882058999999
9.210561851479987
7.734442559797429
10.074345733717099
7.374473339799989
12.344040439999992
12.175520412999989
13.324552375999986
11.123054766999994
11.820820005999988
14.129904403999996
14.930734131999994
14.117085273999987
12.773938305999994
10.675695888999988
10.65847236193345
12.616009204000003
12.283685477999978
12.165184078999985
10.49037751899999
8.623477206405111
10.430308410999988
8.496771472202553
12.468162961999997
12.265345543999992
9.553525241101275
10.909140172999994
9.917387989863984
14.227958759999998
15.286234779000008
14.77285075999999
14.556849697999992
13.381302898999994
11.250655689999984
13.980537382999993
11.85554282099998
13.231575957999981
9.577481037931973
12.195047045999992
12.197023038999996
11.287550066997285
13.35553269800001
13.041610853999991
15.602866485999991
16.074965809999995
15.14392048799998
16.45544399399999
14.898448189999993
12.649630179000004
11.483562805000012
11.221661368000005
11.017251984000005
13.511170583999997
13.670448723999987
10.460686631858536
13.530245092999987
14.985128138999988
15.250675641999981
15.675755714
13.115112868999983
15.332195556999986
13.343617875999989
12.61322349099999
9.768361932282856
12.891198209999985
10.937610535999985
8.145351318405096
9.67465408486399
9.760647843931997
8.184143188499998
7.017826185594867
9.812398336863993
12.10218322899999
13.997657917999996
13.645562838999988
14.667157364999984
13.831582960999983
11.653102135999987
14.58230075799999
15.61321435099999
15.897107595999996
13.039503953999992
9.538765034353583
11.222491848999981
12.203745949
10.38157113799999
7.608644930999979
8.275118969696146
10.286277090339986
12.389623202999974
12.698934657
10.605140619989129
9.37276947179598
13.845177266999988
14.417229363999999
14.541118389999994
13.57890120099998
14.324955974999988
10.355936435999983
7.351358987405104
7.29019458159485
7.172852009594866
8.642385980202546
9.406467916931977
10.04290820171711
9.81326058199999
10.693654444999988
11.528468545999985
11.569775744999994
11.794908339999989
11.275671732999982
5.972783593797405
6.09977758479999
5.720111148099988
6.393772503699987
4.23871567689998
9.861600085282854
10.091573837203981
6.624573274202544
7.937545393405104
13.426317450999994
7.970829623405106
4.129499432399983
6.703790608202529
5.252405293299988
6.510574134799994
3.248312252799981
4.921947012299989
4.25464433139998
5.349551081799984
5.588070326199994
4.9902282073999915
4.689243447899998
4.518390635699994
3.6793747787000037
4.711030769299974
9.62806893472798
12.408130666999979
10.152502389646369
3.079521815499962
3.7419347320999794
3.436265641799984
3.3785692809999857
4.02083428959999
3.4034438109999874
2.5273528061000037
2.8310224410999867
7.394152119405106
7.270060264594861
9.420990438858539
1.9662063506999854
3.872165403696116
2.5874823333999886
3.039516514599976
4.395664224199971
5.047485578899984
2.7299353454999857
4.406943205299984
3.6584377700999946
3.1965524460000077
2.4191975387999918
3.631501065099985
3.590308073399979
5.366442687999983
7.0888258788987
10.374606954999985
2.083358924899981
8.811132295141409
7.190190245101266
7.49663982999999
7.385843003797425
8.015779510506382
6.0563577468986916
3.5021966582999853
3.801874323999969
3.6397819365999857
4.93880585779741
7.048544738797419
8.33033164979743
10.266783564858546
10.48235329699999
10.293035689991838
6.076224732999987
7.675685935999982
6.6019543838987005
7.21014898679742
7.066624356099993
4.941038207999975
5.060485429399987
6.001852200299989
5.643450225799979
4.573720629899989
4.985553236399986
5.812334413099983
7.424397546405088
7.533749369799994
4.511752090499987
5.4112518920999895
5.377420745799986
3.319702900699988
1.8325947127999873
2.486107554599984
4.771211679099979
4.064697616599987
6.37472759089869
9.225961393696153
4.094482545499987
6.799204711899991
5.572612316899989
5.444486706499984
5.194143112199985
7.291213235506383
5.05829588169998
4.443520159899972
6.354276293899995
4.834333297699986
6.267520645099987
2.6613020797999747
3.4820861098999876
2.1278375930999864
2.8766443572999862
2.301551922599978
2.928304434199979
2.45860055539998
2.43806458279998
4.527684745797411
5.78868051610125
6.411866209405104
9.020623210067978
9.352939549203985
10.68505885499999
8.113758016999975
7.531060148594856
7.522688594101264
6.667871981797418
4.17380355989998
5.803796807899985
8.092630947898707
7.561954750101264
8.754232336405105
8.61671568759486
9.616295802203982
8.926481642135974
6.425713537594864
8.275227139303828
5.6542685454999875
7.735569770797428
7.4026517838000085
7.659669377101269
9.654809962339993
6.208031852699983
4.612185485799978
5.519063288898696
10.207141145212141
7.192012002594846
3.0501712127999676
2.233983065799963
4.013227766399973
3.836198718299984
4.24988584139998
4.975871897899983
6.516659170499998
7.558785920699993
3.6361484604000056
5.444816029399989
7.298148847999969
7.756554273999953
4.925539361599983
3.632036419699984
5.965012289405101
8.413167755101274
9.79405482486399
11.065239015000001
9.152507966594866
5.831221958898695
5.890579383898665
5.273488439898676
6.362157495101259
5.426967922999986
6.144588490299987
7.079104388405101
9.301406837353582
8.46263925930382
10.789747582999986
6.194423075898695
6.959897244303811
7.848925190696131
11.341283306999989
6.430605454999981
6.3155948409999745
5.634714997899981
10.889250812999974
9.452077383271988
5.4640064132999795
6.248967309594844
7.948422390696147
12.161720673999984
11.363912806999995
9.524046000795986
10.211376725863987
10.240537642999993
9.724155032212145
12.363117324999994
4.264593446399975
6.774741961696138
9.209359919795972
11.211532528999983
12.288759984999984
10.123604159646387
8.595253129594864
5.315906141699981
4.374992031898685
3.160284086599961
3.7717456176999806
5.644443017599981
7.75686358949999
7.238272027594869
10.04728369292926
7.336024249303806
7.471173675659954
4.682181765699965
5.207730528303815
8.608458216898711
8.026797401399994
11.657867084000003
13.305202350000004
13.90936749299999
12.127078655999991
11.225045554999994
12.300588382999988
12.65583427
14.148901711999992
8.500613755797431
7.572826136863959
8.878400968931981
11.561499260999991
11.862863733
11.529020588999995
13.788775356999988
13.220920067999995
6.733615536506362
9.29364955733997
8.392582705696142
9.867793849141421
11.501139971999985
10.598800333999991
10.712571865999994
12.540027418999996
10.50214443507069
10.694306832999992
7.564062737999997
9.484016929594882
6.851719525099994
8.721090211506391
8.900435819999998
8.974570578000003
11.257080353000003
10.333951779066567
12.877318346000008
12.995118979999996
10.676469179991841
11.826333620999991
10.14957259820399
9.228294712797434
7.035361573799992
7.9385472473038305
8.180187857099998
9.163557476863986
8.25624146120255
12.172983492999983
11.473294788999988
13.056536718999986
14.644342479
11.436997770999977
8.720223294101258
10.78676509999998
13.021872883999988
12.102809948999997
8.784415263405101
12.00481632799998
10.72708905599999
10.958542882999987
9.054806458999986
9.851183283999989
11.14749348399999
10.604904198999987
8.55024650879743
9.796059826795993
8.38222741699998
9.534629807999998
8.774484666405103
10.630008388999986
8.680196885696148
10.55846391599999
10.19195686965999
11.019194468999988
11.76721003999999
9.66674257349361
11.181794280999982
12.757705822999997
14.037276020999995
12.678110553000005
13.879750934999997
13.021555408
12.40223453799999
11.77761538199999
10.079053729135993
9.754217576727989
9.980725352339983
11.148280756999993
11.700130535999989
11.044386463999988
11.753632616999994
12.127344275
12.125429520000008
10.63293645799999
12.02512607399999
12.234142618999986
10.448262983787822
12.01201545699999
10.941391961999988
8.713157896405107
9.02418149879598
10.927821508999994
11.324825739999996
12.91272686599999
12.19534843599999
11.563827515999984
11.07327420699999
11.171266730999996
11.113194184999998
10.684670911999996
12.998375112999986
13.521083652999996
11.616466121999988
14.142135513000003
12.355924636999996
12.15192817699999
13.355252237999988
12.725296470999986
12.422774514999986
8.416119847101275
11.01430462200001
11.287541942
11.801860152000001
11.130345677000005
11.036612674
13.497225316999991
14.269014084999995
12.561550348999987
12.90251363199999
12.940598943999992
12.174793886999998
12.775059949000005
10.941530164
10.115229204991836
10.832821761000007
12.2604312
12.58958451099999
9.358131101999987
13.21213724099999
11.60358048699999
11.19486608399999
10.66232672399999
8.458639506493604
9.055617268400008
10.569745456999991
9.227926229898708
10.242981878999991
8.904050732400007
7.0596546326000045
9.32239293813599
9.767257060202557
9.084538737339985
7.76888460999998
5.542167141699982
9.748298876999984
10.914707743999998
11.424644246999987
11.036983213999997
10.999382903999999
8.0177444397
5.832173783900005
5.163916992199989
7.9871072342025515
9.220431828203989
7.508374468999986
8.890186138898708
8.60124407350639
5.986342863506374
8.752397033696141
9.897556288067987
10.344183700999988
6.391282844499988
5.9903501739999845
6.017811624099988
5.189129428099986
6.870364132696149
6.758857141099985
6.216247518899986
4.93394798739998
6.422706092799988
7.715708271797428
7.6176688704999895
5.586930497699983
5.869102943399985
2.142053581199986
3.981874583399984
5.338414353899988
5.2713301238999914
3.879482191499996
6.860421444699992
8.225937678493592
7.862661401405106
7.777652278101253
11.224687159999988
3.228043373099981
4.848162857099979
2.422852058399983
5.44243398589999
6.348708448799989
5.09633255159999
5.365320718399983
5.809157231099985
8.060524560493585
9.525171789727988
3.5905056914999856
3.732919758599989
3.7922073729999854
4.8352055053999905
4.772295962499972
7.427883508303828
4.612987811299975
3.2797076720999803
2.6432977675999885
1.3216217772999896
2.7092578567999777
5.013619267303814
4.4180696532999715
2.8954897948986784
0.8200190408787538
1.022136170007064
1.805118055699986
1.9789336059999842
2.655034895299977
5.073590873699983
5.49705282289998
7.0252620177974165
8.196882266202538
1.8555049788999887
2.5972819488999717
4.696308662399985
5.38686484379998
5.208459272799978
6.189745852696127
4.590763954199985
7.432527777101269
7.832212428299996
6.550929750101261
6.800769775399991
6.438510081499985
7.3900412627974275
5.4461782546999835
4.789901196299988
4.622927442899983
5.7246525191999815
7.092461547898699
7.549283413696138
9.194281436135984
10.18032459879599
4.033397117599985
5.492270927405096
7.182395011899994
7.769724638405109
6.53970729979742
8.176927583303826
5.389817669699989
5.37150835419999
6.272205306999995
5.465481930499986
6.552344216899988
5.766845574999987
7.808211715696153
6.611109121700008
4.972171815499991
5.331440548699984
7.22994678799999
7.890493849202546
2.4714776900999786
6.118940824898695
6.509380575599988
7.988273287999988
8.51523080140511
5.906411489899989
5.734521545399985
6.427861927797419
7.247466825898708
6.614864750699992
5.79925833129999
5.160603407299994
6.64834994049999
7.526438621493587
7.531401757799992
4.092982708699993
6.115344769299985
5.755910620099986
5.403342158499979
6.932408897405105
4.354475352499989
3.5194126891999855
6.104539897202537
7.995193539405108
4.751260996999977
4.210073294099996
8.034058828696145
9.068146362303828
9.32227372130383
5.67414401249998
3.367800147999984
3.8889854918999864
3.2332390975999705
4.068154493699967
5.493911161797398
5.107828852799982
2.9568547393999824
4.972975665299993
6.245667114303824
6.420772820999972
9.34386856840511
9.340692394999984
9.608391952659993
9.387429450999981
10.287488226212146
7.4078414612025485
6.201624438499992
7.900110629299991
4.306392645299982
5.685625253303819
7.823663752696147
9.259674673506394
8.329616197202547
10.773330662999996
8.182989410405108
9.053266676203984
10.541201942115851
9.746128254795988
11.502509441000003
9.117402070594878
9.829985063202558
7.750468106101268
5.927320823699982
8.600255978405114
8.507207165493588
7.5033797272025415
8.396577848797431
6.426171081499993
7.21179389189871
9.837229081795991
9.918913948101286
9.631345178135996
9.194535389696151
9.08257365420255
5.869686827099992
4.727796498099994
7.3296128891012575
10.971435729999984
8.248248500101253
5.872539456202513
7.836314811696136
5.882284716797419
5.620088188199991
7.257108016999982
8.12735157779742
9.041884466594867
6.855857963594851
5.024360613999985
8.956368214405112
10.651317350999983
9.20480208893198
4.961730088799976
5.912526748699988
4.24223042449997
11.242591779999971
11.42036964299999
11.186689751999989
7.967109477202548
6.384971633898701
8.961410331795983
10.262102616999998
8.484665298506393
9.389468127271982
7.700116410797429
6.525392118799994
5.132134510797417
8.253534828202538
7.037136907999989
8.753774851999985
7.6132053298987135
8.19281618649358
6.0848155990999855
9.207388844303827
9.784922105271992
7.6948957305948635
7.760161691303823
9.438306489594876
6.520289558399992
11.076376578999993
10.581531037999996
11.295217702000004
9.77585129393199
11.877799067999987
9.77990959621215
11.393582761999985
12.41812214499999
12.388245669999993
10.759703017999989
8.934952685493593
8.429218084696142
11.623470095999982
12.515636677999986
12.132093752999992
8.551274948067972
4.056376753199973
10.937754052999983
10.842959726999988
8.543224877899993
9.942636564727989
11.478662099
9.122639289898716
8.643421763594871
11.369251798999986
10.853220604999988
12.432216825999994
11.478971220000007
12.648443085999984
13.619369242999994
12.739360239999993
11.692561522999988
13.832953568999999
10.036159452999994
10.917227520999985
10.130616554203986
9.426353724696158
10.472198787002718
11.85563089299999
11.082743418999998
10.511711023986395
9.814969630271994
10.736525168999997
11.920795759999997
13.505706156999993
12.490951439999996
9.229855932594871
11.028379065999989
11.882068804999996
8.259424148600003
9.82987066189872
9.247610325594872
10.239104573067992
12.100249939999996
11.014731516999998
13.627977312999986
14.218617672999992
14.442157604999991
14.396681565999996
13.981111786999998
13.32504281899999
10.14577035700544
12.622056544
13.982943760999987
12.875294057999993
12.811814695999987
14.151644852999993
14.46137404599999
13.454451552999993
11.360592817999978
13.39651541399999
13.687246172999998
12.47041559599999
11.558606000999996
11.850328455999987
10.363194900999986
11.803678600999987
9.380959902999988
9.980922999727994
10.895191387999988
11.726171880999988
10.088001287863982
11.211414031999993
12.93402615399999
10.756424152999987
9.251557459999992
9.556783593797444
10.718514770999994
11.356714588999989
12.493538526999993
12.246704338
10.445862804994565
11.304432570999998
12.240354888999992
12.409014272999988
13.41716045499999
13.497198296999988
13.597495069999997
13.582051105999989
13.221017267999986
12.025483739999995
12.465821143999994
9.83949111321214
9.696700500339988
10.965626378999996
8.95776370999998
10.505280742999995
11.459660311999993
11.368855242999993
9.844364962863994
9.974810305863992
11.765445196999993
11.464587604999991
8.74771790620255
7.861898878500005
10.029841841067995
7.127890924099997
9.177015064999996
9.278001486200013
8.749457983400006
8.55908405149359
8.110154365493601
7.5089601410000055
7.9117841537
8.136147111493594
6.398835957299991
8.977717581200006
9.454539851405114
6.05802733609999
6.503379519699991
4.308792277499994
7.8250508895999955
10.060404240122244
8.79663964693198
8.201152476493585
9.771640551863992
10.992799479999988
6.749966697699989
7.927736375405101
8.270166044594864
7.943662513699998
10.89287864699999
11.21287664199999
10.377332277999987
10.02369621114142
9.26372548686399
10.49956858099999
9.248063742101268
9.363062542696152
7.490195114099993
5.695385259999977
3.782000303599986
6.642511965898694
7.075395774797412
8.417782948303818
9.95261289378782
8.78175618589871
8.992799472000007
6.149979940799992
6.141155458100004
5.917286125202539
8.461915093999984
9.053559912101264
10.45752247778782
11.514585981999982
2.782798455799978
4.764740846303802
6.990587036101259
3.957873037699991
5.79681795809998
2.5483180175999833
3.728802032499984
4.5568718673999875
4.960625033599985
6.45722174529999
3.8939881103999845
5.2469574294999894
4.124350814799995
4.806019177199979
3.7723242614999837
5.538571713299987
6.429139285299987
9.454439547795984
1.2727916517212017
2.5181655456999787
4.538541599999979
7.089564358493576
10.924213048999981
10.505600710999984
10.591261181999986
9.752032229594876
7.183195877099991
8.530745533797434
5.436201588399992
3.404716007999988
4.041526620499979
3.6286859054999803
9.016621363863978
9.720736791999991
7.272831748999982
3.2969761367999997
1.464127313199997
1.4129355529999934
3.1848407683999844
4.61983946079999
4.816791429099983
6.6351231597974225
5.866608790599983
7.496413140898701
2.5262646468999774
2.6978491363999844
3.499883827199979
3.406073849499983
2.949220141599976
2.587962158199988
3.5245439208999985
4.086565254199991
6.0364282836999905
5.0741774733999785
7.42369423520254
7.658952911405105
1.0152253059271892
1.1801337430999816
2.9962465774999893
4.9502301391999834
4.7218154052999814
4.462121174599974
2.970392164599985
5.45176605829998
7.602944894405104
9.163165866101272
6.335651658599984
6.274325456202535
2.235814031999975
5.1214570495999805
4.796326745599988
3.8126834578999995
7.205889987202548
8.24711686549359
6.573007372999988
5.319752845799991
5.8012580840999854
2.050060790999983
2.695053909299986
3.7147053023999757
5.074455435199987
4.752463748199985
7.054093875101259
5.43631483309998
6.239747877493578
5.158066737399982
3.245861169399978
7.711931629898708
8.681706549101271
9.22669061889871
10.427944394999995
8.573654667696154
9.801389283797436
3.6853952041999904
4.098545501699994
4.512096504199998
7.3666621185000025
8.404813101202555
7.66837343599998
7.377855271899993
7.713832943696149
8.009710453797428
9.891942732135986
7.379475639303818
4.272201357999976
5.859956895405094
5.096214340202528
7.939831571999979
9.153129611135983
5.787874766499978
3.950644013999958
2.9784638717999767
5.077339381399987
4.123184410099978
4.180175706499972
3.8489596374999735
6.556061802696138
9.193253236405107
9.530614520203983
5.2364765731999805
3.7886811248999748
5.105588146999983
5.688515753199986
5.4786441405999895
5.443729350300008
4.743547206099997
6.280549854999995
7.621597259493592
7.911756170699995
9.870451620339985
11.022731349
2.28688895419998
5.025161532594841
7.194704714999985
5.870533053599983
6.34814458009999
5.28659958039999
4.2160997024999896
5.758987757899994
3.704696377599993
5.516831864899999
8.12353172449359
5.917470750399986
4.906487660199986
4.711175910899999
6.970157418799994
10.138391440005433
10.564612172999984
10.882725388999987
11.174319220999992
9.805635324067987
8.935129716506392
9.579414306727985
10.448159414999985
7.404586334202544
6.346396685799986
10.143545733877765
10.22661883100272
9.417014842135986
10.94122094599999
8.024633634898708
6.569534231599983
8.026344010898704
11.90599583699999
9.203996163898717
11.638223662999986
10.608949988999983
10.04535991979599
8.379648646493589
6.207242256202536
6.766127979999979
10.728820972999975
7.015439234899988
4.93211214449998
6.838436897303819
5.862510359202537
4.242668643199969
3.856912591599972
6.502791245999977
5.403761682099974
6.396346246303809
5.811861967506365
4.873323588599971
5.71084094850636
7.9476893676961495
5.669048413099987
5.4966127761999966
7.588567987099996
4.973351419101239
5.916773770101249
8.814851164202548
8.167118821696139
9.380876057405116
11.581596277
11.716568487999997
9.210804370067986
10.343360303008161
10.456620924000003
11.263819585999986
10.94564683499999
10.301818249999998
7.3198561538987
6.607584388696137
10.110215817212142
11.114237620999987
11.312356853999999
10.997864420999994
11.567928974999987
12.27667172499999
13.875205549999993
12.399851517999979
10.600103349212132
6.040023786898686
6.949795362898691
9.5987764190707
9.301070268202555
11.769233579999993
7.371785678099991
8.102200028999993
9.862941169696164
8.003723498500005
11.960664002999993
11.534292302999987
11.009406598999997
10.551598191999988
13.36064333
12.232617096999983
13.442606815999994
12.78821404599999
11.301033521999987
10.853638440999998
10.701389930999998
10.034815261938883
12.58764195699999
12.99203710499999
12.52897146599999
12.351481725999992
14.505450265999997
12.617577634999998
13.308880351000004
12.73847492199999
12.921261544999986
13.000858845999995
11.70919543599999
13.086983643999988
12.260853480999993
12.272614258999988
12.505177976999995
9.748891432135983
11.459228722999987
12.165025895999987
13.16374350699999
12.880206733999993
11.654541637999992
12.752185669
12.467444687999999
12.354150547999991
13.003510666999999
12.901753491000001
12.016147876000002
12.925140339999995
11.225863313
11.12821469
12.120598076999997
10.106604635727987
9.238799911339987
8.673675375405109
8.157594973799995
6.526337211599985
8.400729161100006
9.037077624493596
9.042575524931983
10.706321016999992
12.859192591999989
13.403340133999995
13.879325359000001
13.115752071000001
13.669468523999987
13.93205795899999
13.895248317999988
14.40498663799999
11.475267283999989
10.302591039013594
10.840461869999997
10.832438170999996
13.040194597
12.727011814999997
12.533096283999987
13.255467412999987
9.792927720727983
11.844454339999986
10.956500031999985
11.121687285999998
11.634275765999995
12.890475333999989
11.77464963099999
11.599742702999997
12.456810372999998
13.319664003
12.910565880999997
10.892504669000008
11.106525893999995
10.889590188999993
12.007077233999986
10.77069820099999
10.807967138999986
12.46862959599999
7.943574160799997
9.281800683594886
10.12708613409168
12.774667879999992
10.483402030999988
9.461697732659989
11.314245987999989
10.948131564000006
10.95945330399999
10.857066434999993
9.193204589797428
8.018961735493589
8.73495449830383
9.52386875459488
8.554786457797432
8.983047671493592
7.08521146549999
9.399809977696153
8.033827111800004
11.247672394999976
12.656812967999999
11.388474747000005
11.249408956999996
9.269487120101278
7.914516157493591
7.63551237340511
7.147343138100003
4.811870101899997
4.670057684299989
5.360967597999995
6.140881274400008
8.77739163059487
9.815940959202557
9.183597828696152
7.730187715101264
6.840293730202535
6.676570495594854
11.566536478999978
8.864603324898702
10.252276595999993
9.836733756999996
8.932020062303826
11.966570186999986
9.002480418405113
7.073522195405104
8.263257916303832
8.00612038120255
8.04611166379743
9.567890122999977
10.128419195727991
5.344726080299979
2.086954836999974
3.9503950728986843
4.044606040999977
11.757144732999986
7.147308410594858
9.600849304135991
12.421783382999989
5.141731152299985
5.270969802899982
7.4365604125999925
8.982246684303831
10.10070619364639
8.154502792405106
6.064490295399988
5.200515199299985
8.237851957696146
6.761343254101256
1.956618283099989
2.820886482199988
3.294578277599977
3.858854370099982
5.558049555999981
7.372142333999985
7.058703691099991
8.223162486300005
6.094288180500002
6.367966307099996
6.690607765202541
7.581504705797427
7.123864744594865
6.684049439999986
5.898555961599987
2.9117301589999913
6.5856389464999925
5.1444979308999965
4.153160821499992
3.127582704199993
4.284122340399996
4.941730711399978
7.901950227405096
4.960552857999979
2.269596546899981
1.366872099299987
4.014791972399983
7.3434045013038265
9.29201007389871
7.119537138399991
8.49890134430382
6.488443582199983
6.962567536899993
8.76032717289871
4.289770443699981
2.7046486968999885
8.063943801898704
3.13862558749998
2.322116519199976
4.12018729249998
3.6480077392999792
9.204281614795983
7.018190724199991
8.13842618559487
2.2760767501999903
3.8384972472999777
5.938658534199979
2.9810382369999746
5.1437348388999915
3.8145711776999893
5.994071252405102
4.577811256399987
5.346930499299986
3.4026127471999814
2.854870954899984
1.5838053939999874
3.2335632858000047
1.87534538569999
5.076837000999991
4.446933050499981
4.3785503936999834
7.114810913101269
9.834747445795983
8.178869428999988
5.093079200699986
2.0138216842999808
3.672187390099976
4.406307060200006
2.2197143523999965
2.392781603999999
4.771740121499996
4.097657939099986
5.091445759599988
7.3232968903038085
7.05373488769614
6.9129768554999895
5.817578622400012
4.530770317099991
3.974450355499986
6.858079481493584
6.413364857506382
7.645726170303825
9.554945143067984
10.627742319008156
9.432818542353582
5.63076824799998
9.846033866929268
8.496581082202546
9.20488836359487
9.081947950696152
8.491812782303832
5.857170919799991
3.156195362899987
3.211522007799984
4.399586987299985
3.698135845899993
4.990477375799983
5.1582010924999935
6.01549022669999
6.988892570499989
5.64288120569614
8.364864233405108
8.296620552101267
9.151821803303843
6.801788598600009
6.638523045303819
5.780464457700004
6.31144421389999
7.1347092788999875
9.07966711120255
9.588275614929263
9.221815641797427
8.005044683797427
6.328324145493566
6.985585668898705
3.7061201949999876
6.322937960799986
8.135371125797425
9.588863108863983
6.443213394199984
10.061679204005436
7.697366172797426
8.861278616303828
4.110365774499974
4.254106137101242
6.276152320898697
10.036592813070703
8.135344749506379
7.908912983696153
8.28230451969614
8.370266288797428
9.872497686858546
11.126171859999989
10.508154072999984
12.229268270999988
4.509421823099978
5.454941139202529
6.158143528699983
6.008054551699982
9.811466458070703
8.977824244696146
7.482219528202549
8.276398706101277
8.11937875520255
10.103432270858548
7.780202481099996
4.6795818282999795
5.574652398699984
3.9672818969999897
7.9618024032039685
6.893890830999986
8.674421061696156
5.668348245199989
5.80893226779999
6.92986040949999
9.266451649519986
10.83782889299999
8.258477596999983
10.359423109282865
11.006430414999993
11.505989655999983
11.282404680999988
7.818376977493581
5.578471833799987
9.485072100858543
9.48767039628286
8.014656120303826
9.213627282696159
11.730938716000002
9.438928666795983
11.622310598999995
8.296767930594866
6.446248149101259
5.593655773899987
8.085375607303822
9.561442628339986
9.65125118259488
7.104153356898708
7.177197572303825
9.201629037339984
5.746984786999996
7.990032075493587
7.372744722000004
6.031492309594853
10.995716172999991
9.826127961795988
10.491366782999991
12.833191845999998
13.712525701999994
12.382884490999993
7.286747441101268
13.478929644999988
4.7892628235063635
7.232219856303821
9.87112331999998
11.659914149000008
12.031289766999988
11.614083277999985
12.375488631
9.582736805795983
7.094865377797422
8.929308001696144
9.041804115303835
6.074313755799994
11.214781882999992
11.84654016999999
12.117160740999998
10.307635082999996
10.884060543999992
9.992519705135988
9.361603245493592
11.772263965999981
12.302442351999982
12.18895795099999
12.214139794999987
11.479984228999987
7.888319757101266
10.566251914999995
12.049784611999993
12.831460326999999
8.77321828913598
10.17600571592926
12.56753585999999
13.303216432
10.818500924999995
10.377729262999985
10.584742260999988
7.672689039594868
5.555460852099979
10.13562104492926
10.426319867999988
7.477453976405106
8.640820773303828
8.346036335797429
9.886873458929264
12.559106674
10.615750355999992
11.993248635999993
11.878522545999997
11.85471851499999
9.616131546000002
10.198063139091685
10.872530849999999
10.731789928
11.748905903999997
9.981053372066562
9.030775042700006
7.970132711797433
11.382547684999997
12.34657137799999
11.177570122999995
11.806697194000002
13.331377736
12.679529012999987
13.273277857999995
11.751267278999997
13.231804424999984
14.47297032799999
12.901380230999987
9.945177064646389
10.71694977099728
9.36571651459487
11.535910341000003
12.827421616999992
13.116386364999999
14.108744887999993
13.651803618999994
12.471057073999987
12.921719985999996
13.479261520000007
14.713754989999993
14.636705791999987
12.358821050999987
10.372391210999995
14.03545906499999
13.841904114999993
14.739462584999998
14.872012880999993
12.508185500000002
13.220091300999993
12.502425609999987
11.870521030999988
12.407067235000007
10.446132783999996
8.63127250669615
11.945904845999992
12.376135724999994
11.487719869999989
12.241531809999989
12.900550391999996
11.164026960999985
12.32301141199999
10.637549930999997
10.124572485122243
11.574111736999999
12.611044214000003
12.282350355999988
13.078538878999995
8.55077452999998
12.805322905999988
13.234833719000001
11.409540845
11.103813776000003
9.467665068067989
8.747708241300002
8.826241343696148
7.506227487202546
9.652932287594886
11.84078274399998
12.84773461199999
11.502623084999984
9.985364421067992
9.973120014999996
8.956691478000009
9.718880264203989
11.766701180999997
10.622028371994558
8.797011634800006
7.348941044599999
10.943214487999995
11.311747252999997
10.643272072999999
12.959773955
12.153656992999991
10.43779649399999
10.788095392
11.327905919
11.00031881
10.298619361999991
11.769616517999996
9.185930119303825
11.19024162899999
13.251265459999995
10.286693234212146
9.792905326863988
13.301046923999989
11.852808883999979
10.821530741999988
5.809829879799987
4.863253475999984
6.599538769493579
8.097859641999987
7.653501263405112
8.955461514303835
10.870485625999983
7.653283880594865
10.065976681646388
7.970723736594866
6.627078321797425
9.117416123999991
7.64901964110127
7.4731870392025455
7.4992147903038155
11.415763411999986
8.382231596399995
8.411051341199999
8.224863308699996
8.466820057696149
6.4178606276999925
6.446188745101257
4.078244114699988
6.084685691799989
7.211183235202549
8.291710783405113
5.681381796300001
7.151516073600004
8.586936187696157
7.869423844898709
8.264791372696152
8.990528742999992
10.194024249212143
8.752198039202547
9.24245513610127
7.138392274506381
8.287064428696143
6.704898586999991
5.0816974853999834
5.477095465099987
6.1208544997999965
5.608982205199984
6.869408802799983
8.883146014271974
8.168260891696145
8.682765563999986
8.624050598101267
7.183907519493579
7.989273422202547
8.219150582898704
6.5364565612999845
6.822813590999979
7.272132649202545
4.6457567840999925
4.015307348599994
4.631119654799991
5.121642338599988
4.88949194639999
4.6902692489999875
7.398292407202549
10.334495542999992
8.41835241240511
10.019139395067986
7.729864593493589
8.145115675405101
9.036205410863984
7.907474777202542
7.755157090797417
3.175117779499983
1.646455839499978
6.208287374899983
3.3533733138999833
7.5160333374051
9.84727666013599
7.108346426399993
8.231343092303828
8.959514163202547
7.68236320649999
3.9156399108999977
6.240985801699983
7.253220658898706
7.2814763656999935
5.166323284899986
2.4486738311999927
2.547763691699991
3.306619416799988
4.499413175999988
5.504644355799979
7.567548696898699
6.323451129199987
8.061911657696141
9.98814455107071
6.970403138699991
5.84998580929999
8.584912611405112
6.748852801493575
6.657030693099992
8.698501228303835
8.586970631405098
6.174600552399983
6.944816657999999
7.1256137206999925
7.151159440599989
7.7332467467974215
5.834800025899989
4.735344221499999
5.543163655099986
6.85960779109999
8.625890399202547
9.400630726594873
7.628630639594866
9.946345530787829
7.054038159199984
5.669913586399984
6.261051644898696
7.36378369899998
6.45563877409999
3.9544643462999853
5.121847592199986
8.253666926594867
8.978991174303825
8.945861822659982
2.53274911349998
4.016470513899973
6.188329588303813
10.631068984999988
8.677467513999984
10.27888137099999
11.559075367999988
10.842943340999987
7.2543433334051
4.521219047499984
5.8246168380999865
5.316127874799991
6.903076232898708
10.922655642999988
9.819634683207994
10.62815927599999
5.203043682899982
6.516742571999974
6.645675695797419
8.307932841506382
10.650247436999992
11.01152482799999
9.038940949999995
8.197556907696137
7.613596122696148
4.943087269599987
6.350977644303813
5.3712355056999845
4.4991741776000005
5.976389241000004
6.259535191300007
6.018507952899998
7.548900387599997
7.3755555450000045
7.273686241101269
10.483407497010875
8.993103855898717
9.518438806202555
11.153721982000002
10.22766603499999
9.294251930135987
10.839680552999997
10.700303235999986
12.624172229000001
9.71315733328286
8.403889245594868
11.811964292999996
8.156452947999984
9.393078677271989
9.836926426795985
8.462361592101267
5.806426419099988
9.040120452898716
8.435296353101268
8.337558897405108
9.6589490265064
8.896729464700014
9.563655450271987
11.623394193999987
12.349321085999998
10.671467350999992
12.049328637999992
12.447681124999983
10.60237539199998
10.233987271067994
9.893086509787823
11.046768046999993
8.498277258303835
10.066415458787821
5.786442613199997
3.838179586799998
2.1986492553999972
4.234356216399992
9.930533137659989
9.499708177141422
10.310673487999997
8.842430320696156
7.072951274101263
7.348566987599989
6.9139373076999915
11.201422322
10.599244629000001
8.371449906898713
11.453664172000003
10.149672898931993
9.470196224999986
10.053854558005437
12.117417540000007
13.655097396999997
12.646066172999992
12.108739080999992
14.490941173999996
11.737732345999984
8.886818202135979
12.53392430999999
13.072460051999995
13.594428550999984
15.078142566999992
11.199823688999993
12.50413716099998
9.51890339979599
9.49395441727199
10.224025019858534
9.69532216799998
7.440637547303829
9.379596379067978
10.28254981199999
10.986511616999989
9.945705139141424
9.580810617067984
10.381931663646384
12.153546766999984
12.915665172
13.559845108
11.153700525999986
11.640632306999994
14.511735361999994
9.71288288279598
9.89730153035358
11.246390275999984
12.603702129999993
10.494391247877774
10.563312946997273
12.907603492999995
11.930245426999992
12.81043333599999
12.645248647999999
14.257100757999986
10.776484795999975
9.936438198931983
8.525512878405108
11.258029552999977
8.655285191303836
5.6495486464999845
9.926829975931986
13.052071186999989
15.28797203699999
13.91771450699999
13.413597805999988
11.95108685899998
14.032347905999982
12.429893006999993
14.831972390999988
13.93191676599999
14.860061791999998
14.784004775999993
15.158479793999996
13.788060068999991
14.128541269999987
12.330887687999992
13.660961899999993
12.98120539199999
11.596377393999987
9.43412203986399
9.971274948067995
9.7399347884936
10.747558148
10.354494994997273
8.68334441679743
8.859388114898714
10.39790756999999
11.929716414999993
13.590405749999992
12.675672904999988
13.526511281999985
13.30288165999999
12.187426864999987
10.521018406999994
10.402172202997274
12.177913260999992
10.40084115899728
9.754240354931994
12.985348282999995
11.412745186999995
11.521588359
13.795732738999995
12.420610650999986
11.783291097999976
12.618788997999992
13.978378914999997
12.657876310999992
12.15288769699999
10.914211837999988
10.525555213999986
11.056201937999997
12.121245791999995
12.786895173999994
13.389281881999983
14.366898543999996
14.289601255999989
12.746168589999995
12.828795487999995
13.445581955999991
11.82272481799999
10.040700031999984
12.274723214999995
10.778810286999997
12.669279659999992
13.249516163999989
13.759869625999997
13.378776708999988
13.309979358999996
10.476245949999988
12.75644316700001
12.67414036599999
13.099863927999987
9.614052400202567
8.986591114797434
10.29995395401088
8.547765446506386
6.996305723594856
8.462282733202551
11.729880619999989
12.549789727999991
12.998982863999997
14.295176082999989
13.529882465999997
11.884690013000004
12.09478488799998
11.347605875999987
8.687430694594859
7.619636071799991
10.098904882858545
8.5880700134051
5.33341072240509
10.46641988799998
10.508967223999989
9.673236712594878
8.41477408599999
8.922300465405113
9.679384190415995
11.917160154999994
6.735808799696137
3.5259816192999858
4.94238254089998
7.449882302898709
8.345767329405113
9.192199378999993
8.824759426898707
8.851771279898715
7.336226396200005
6.977174752800009
6.151277265899998
5.673749020399998
7.084417953499993
6.577680279500002
5.127345780900009
6.655604388405107
7.809743119797429
3.956641349799988
5.623100474499979
7.495501315303826
6.952728300506381
7.11529069979999
6.196582934599988
6.615918559299994
6.507036785898704
7.786133480797435
8.184675015303824
7.710407792696155
6.871038708499998
8.965724078405108
8.614785125696141
9.618018122929263
10.282920973141426
7.483553529405109
3.0897078551999857
2.699275572199982
3.621151438899973
2.7024010756999823
3.067296061699978
3.21885328829998
4.2674981780999754
7.03021828920254
7.985946128797434
5.119560925299988
3.6239204025000014
3.531068359399982
4.8789679900999925
9.514814891067974
1.8963812560999855
2.2382617934999933
4.071704959099989
4.692787077299981
5.995808956899987
3.814363157699993
2.82163300629999
4.653648574800006
3.2374742431999857
3.1236155411000017
2.8261225799999887
2.7879388610999833
3.512194735699982
4.677761257899973
3.0503423888999808
8.627420136999993
7.42556419829999
3.482613282799991
2.660445112599992
1.6952624481000007
3.5401061905
3.877064227299985
3.3359995116999817
2.103940492199982
4.754706951899997
4.740409518400001
3.2553477386000167
1.7205431487999998
2.8398767150999906
5.31903234099998
7.114242250101264
2.878258720399981
2.260708869899985
1.2504214552929134
1.975377957199978
4.831104432696131
4.272589453099981
4.729834039299987
6.118688803099985
7.290588574202547
4.89540353089998
3.6167839675999796
7.9042592208987035
7.290073765594864
6.8502829848999855
5.227099429299992
6.632822395299986
7.521889031999976
4.757903350799986
5.157767068499985
6.779174784898697
9.657663047863982
8.639495951797427
8.46623758699999
8.595130781594872
7.951491670202547
5.196071058699991
5.374292332499986
7.593489970405099
9.888985554659987
10.250001507717108
6.322762831101258
3.2074143203999714
4.689577085898692
7.666227004999981
6.589995129405103
9.50085652306799
5.842445121799981
4.507694703699985
4.648484477199986
2.85858359829998
1.9352252822999931
3.545770458999982
3.6491054656999835
2.2562342986999995
3.3706534882000065
3.988284666400005
4.382303656000005
3.9738648894999877
5.606758216898697
8.112488447594856
8.424229760696143
7.21825191189871
7.095551620506388
9.737125111271991
4.873629969799985
3.272050640899984
3.7125437942999824
6.840980856303822
5.777057891799979
6.555590052799989
8.043639929202552
7.062154573101266
9.242036343405111
8.724799552898705
3.576659161399976
3.891155328399975
6.27761684269614
9.299693391405109
11.214898263999993
8.615448448202546
7.819040838594865
8.807214076202555
7.068176095594864
4.974294206199988
4.1290331374999925
4.217973860200003
4.390306562799991
5.2898046616000025
5.965937271101257
8.0276433594051
10.398817566
11.524031452999983
2.4135795180999793
2.855017704799974
2.794499830599985
4.625466760299976
6.569879225199983
6.689283966099996
8.108905166594868
8.426947204594873
9.861449494931998
7.402939948999989
6.053464874303817
5.149357095303801
4.873406722999982
4.967477107199994
5.223601016202533
7.332542872594855
7.255842843594859
9.202708155863984
5.729925866699995
3.8703092116999978
3.3710444411999894
4.056568775899986
6.918501727300007
6.012135678099983
7.433756401101265
5.512906826799986
5.7916212630999855
6.402157667493579
8.659057461493589
7.34646208039999
10.23948618478783
7.245309973099989
11.167634014999988
9.229213577303833
11.548037978999997
9.599904550135983
11.518277598999985
10.695821816999983
9.718765565339988
8.864750085405108
4.32235486599998
4.805247631799983
6.5124016402999905
4.723704774499993
7.872177754200013
5.854220834399998
7.658902349898701
10.250820490013599
8.599541747999979
12.081861693999997
9.88940224165999
7.5689095916961415
6.924724218797427
3.729872038303799
4.915887295493569
7.292695745799996
6.571029154999998
6.013883715799991
5.6585724471999885
7.95341811369615
9.665300472999999
11.014111298999994
10.180999792339987
11.806377697999984
11.121270371999994
9.380526423594867
12.242077460999994
12.824092273999995
8.87159521479743
8.146477394101264
6.655020902999991
9.455405012646372
11.766894413999994
10.114786435002719
11.10999577599999
13.640593001999996
9.114347381727985
11.002006826999985
13.109734228999992
11.868637082999992
8.30253255769615
8.557851832594865
11.647807996999974
12.198628000999989
10.13844206527199
8.316821224999988
10.253864227099843
13.591210461
9.47186589049359
11.709137793999991
13.36149810499999
12.181206962999987
14.690127010999998
11.383951236999984
14.679675768999994
13.360896163999989
14.252271250999986
13.775660154999985
14.54165060299999
12.322109870999995
13.000976626999991
10.832766213999998
11.65218935199999
13.844669983999992
13.803549312
14.978490206999993
14.341802076999999
13.872268702999992
13.318946943999995
15.20404763299999
16.159499225
15.236926696999992
13.05042762499999
13.383734145999997
11.133101291999994
12.076660235999993
11.346432017999984
13.996467275999985
14.518472367999987
13.793682226999993
12.185199019999986
12.338452630999997
10.99704611799999
8.434479682898711
7.400348580900004
9.354890486101278
9.468612348898715
10.792275861010875
9.773395255999993
10.17246255492927
12.328100770999992
12.442129870999988
13.339406540999988
14.070148479999988
12.85493693199999
13.83689148699999
12.710836863999996
13.540533010999988
13.186202520999988
12.112110780000002
13.600030794999999
14.142544359999997
11.728281928999992
14.035759753
9.300613122727983
10.140312831067991
9.80909795520399
13.080601987999984
12.129439203999992
9.695928904795986
7.458943374599989
9.316060615493592
8.466319825696154
7.954016653400003
5.103711160299996
4.382032853699992
4.452084025600008
4.223211506699996
8.897751142898711
10.592496193999992
12.358435222999994
11.094179998999996
9.334258462493597
9.874273547271999
10.123605659339992
10.30907416827199
13.414024048999988
11.649346220000002
13.125710998999994
11.206546073999988
10.189407461646391
10.430083002008171
10.28658660586399
11.826012203999998
9.528087867795994
10.79369420899998
9.084806130999999
10.097661628795988
12.831656139999989
12.77110538799999
13.841008410999994
13.76603673399999
11.48500885499999
9.927302658067982
9.77989322979599
10.207686626994555
10.911811117999985
13.466319954999987
11.270797764999992
11.176170786999993
12.959784378
11.814517479999996
10.099084431152805
11.322877500999988
11.739461703
10.382015146999994
11.901291106999995
11.234911965999995
9.776948545863986
6.542630448899991
7.3354914412999985
7.982398866303828
8.630350801101262
11.20298468299999
10.790192435999993
12.606170124999984
9.857882907070705
10.635925655999985
9.03526214599999
8.488438339202535
8.537891976898706
9.619707289067982
11.609023786999987
10.313134854
6.5954129013000085
6.15625480650001
7.3635689331
9.265719026202554
9.657091625999984
5.874335693399987
7.663631448405102
9.171975208999976
10.636374520999986
5.4404889052999845
3.2809190062999836
3.3833424468999858
7.188295429999989
3.6448617522999838
4.678363160699986
5.1577205520999865
2.67070430299998
3.607439112899975
2.4469776137999824
3.2572935561999863
3.267610273699987
4.240907919299987
2.119500183099989
5.0608020797999895
7.094340467799989
5.939419468699986
5.46558579559998
8.592902830659977
6.969491491699986
3.7013250380999776
4.408038014199986
2.697720463599987
1.9588042769999907
3.3452990066999764
2.77185521549998
2.9450056136999887
3.538189608799984
3.3884716750999906
3.611696989400007
4.061777841199997
3.9639336211999807
7.06957429050637
10.174416734212148
7.031319180299984
3.63975789949998
4.474753778101248
6.057306596405091
7.7481794646961495
5.16776440119999
2.456058464099976
7.645143728594871
6.204682585099994
4.695954318199985
4.6166725829999855
4.639290200799985
3.2173734725999803
3.602765017696129
6.300793376202541
8.284561294594853
5.6230167785999825
4.023085797099981
9.091971731727984
7.489326336696143
4.430544558699986
7.0130964951012595
8.165885443101264
6.354877395599983
10.417634321999987
8.25063616030383
8.837021626303825
7.755300797999985
9.971907368339995
1.9405280303999908
2.2809619643999857
2.130936398299994
6.235983375493565
6.559668516499993
3.381464681999987
2.785337907399991
2.95240795289998
4.113138388099979
7.768929267898702
9.877598091067988
1.6166760161999922
0.9266676630999943
2.0739827819999985
5.008753074599987
2.7005900420999724
3.3282678328999813
7.54108471220254
7.260162911999982
8.833888159202543
7.845258779898706
8.390385263101258
9.053303866727978
7.364756564299991
6.653350805699987
6.228061450202543
5.88223556669614
6.5850326904051
4.470670948799986
2.9250111281999938
5.169592965699989
8.259745039405107
4.430503584299992
7.323357063299994
6.728958900499994
6.4458352141999935
4.49565998989999
4.807681501799989
6.533601650999981
8.041571923797424
8.259733583101257
10.023914108212143
10.270681080717104
9.264419979931983
10.023677055282867
9.390091921999984
9.155959367405117
8.763953474405104
10.464247436999988
9.595785148727987
2.4827339446999814
4.653763720699982
6.009989976499985
7.080344845599993
6.588589988700001
7.691009353594874
8.69234495540512
8.096754884300003
7.896104591399999
7.808327169797428
7.8262139937974275
8.211713661202552
6.06808165739999
8.59704757389871
9.932180705203994
8.647515158101267
9.170978076135984
7.995587258899993
4.467572398399986
4.511369345099985
6.955189170797428
5.466006123399988
3.8981748839999852
4.583911839299998
5.272503166199995
7.768770669594868
6.843025309799994
4.817918965099986
7.447348873900002
6.549052835099992
7.211319293200001
8.448096476700002
10.281353908991836
6.1897209914999864
9.708153732203986
9.037246984898706
11.108214791999988
5.0354489058999805
5.3729023162999825
6.544711529499991
6.032137263500003
5.834824288900002
8.64717065889872
10.762230892999987
12.674720510999995
8.193767777999986
11.06403937799998
6.470236268594839
6.235879841594835
10.189256430070703
11.417953382999992
9.28607541365998
7.079329167202534
6.753341917405094
11.691337787999993
9.125297515898712
11.520314362999988
8.571338705405111
6.781210002099986
7.145900491303804
5.913451582303804
3.609729577599974
8.37042355959487
3.6177066193000007
3.028652703899998
3.6325860640999923
9.340460728506399
11.448992250000003
10.571419319
8.87958923189871
10.506635651999995
9.488220745858541
12.483553525999985
13.192080578999995
9.397010790999998
8.174865806594877
5.107029649405091
6.614560742199989
6.162995863299991
10.801981450999984
12.083516770999989
8.735933811999994
9.114252943282859
13.06715504799998
7.3022364822025425
7.27781533199997
8.808429034405107
10.135194632999992
10.54266235499998
10.644800808999989
10.656693210999986
12.506423034999996
10.569329891999994
9.397279739271985
9.672798496999985
9.24538151699998
9.69347981406799
11.432613803000002
9.539860758999987
9.005037617506385
7.620556075999993
9.247514592000003
12.138767710999993
8.875378855898708
11.08177474499998
11.705827035999983
9.483213742067992
7.589659223899995
11.431585596000007
12.955054349999996
12.607795891999986
12.47254714999999
13.40809381999999
10.353943601999985
10.908120711991836
8.830051699797435
13.68942590499999
10.967471975999977
10.696807535999978
10.519787986999999
6.884718012999982
12.588647645999988
10.385256997999983
10.493738973999989
9.95074551699999
8.822421462999984
10.621723905999987
