10.671560093999997
11.06242092599999
12.808759891999987
10.71099520599999
12.056486931999988
12.419780221999991
9.277302090506389
11.552680692999987
10.658614449999986
6.884474993899995
10.714907239999995
5.645606312599979
3.6545247298999786
4.301273455799978
7.838203782696142
12.347177436999992
12.566951807999992
11.89000924499999
12.807059160999987
12.934574749999987
12.978181171999998
13.476345698999987
10.216326961999982
7.769418971303802
6.075728373696141
11.81823194599999
11.141517045999986
12.23591953599999
8.938405406202543
8.91690371250639
11.800166569999986
12.011827370999987
13.267963805999988
11.150056519999987
9.56927765499998
12.68544767599999
12.210642145999989
13.10014682599999
12.796986699999986
12.084041280999976
9.658053137141422
10.967464570999985
13.608755486999987
12.644330018999984
12.431015017999991
12.482432670999986
13.975245986999994
13.282601748999989
12.90489837599999
11.117842911999988
13.527703855999993
8.98534988559487
10.332127231999989
13.450423374999993
14.00681750199999
12.488121448999985
7.603898841898702
9.667344538931971
11.91059262399999
13.580724872999989
13.11361945499999
12.216678296999985
13.94765934299999
12.117806022999991
13.345498777999987
11.644110679999992
9.565792793303844
13.858209453999992
10.238567185999985
10.287088738999984
10.646758550999989
11.029166268999989
13.297182116999991
11.132263536513591
7.762885417196151
10.753843593999981
7.2798302383038225
8.135930621303816
11.237933996999988
12.446190618999994
12.100675372159992
11.319034624999984
10.817181849999988
9.534909629791994
11.065216729999992
5.713530985999989
4.943868269299975
6.326732540898696
10.63506305499998
10.17165998220399
10.598974456999995
9.803491400067992
10.208920486339988
11.41611688399999
11.980694251999987
8.484318655405103
6.766546774303822
6.643280827303819
6.888612362696144
6.121401260399992
6.367305093399987
8.706605177303821
7.683519378699991
10.652781124999985
12.608067763999992
6.28790335389999
8.53388500369614
8.846166896101266
11.031369394999999
9.311561611898718
9.560849055339984
7.515783871506391
8.240685781898708
7.373612716699992
10.591030906999992
9.661329487717104
9.754103796271984
9.797069561863987
7.517329032898713
8.226691351303822
12.010393953999992
10.574393809999991
8.744847094696144
8.23299308469614
5.812387327599982
8.132110584999975
6.289564369199992
6.276784526101252
6.561644010899987
4.757848472594852
6.087418472299981
9.205894091797425
2.1786097671999913
2.157335768099992
1.6387458343999957
2.1082129058999883
2.8852282134999814
6.685945951797419
5.893716555797422
10.92128960299999
6.970541181899995
7.979405538898703
8.906302386506388
3.4816590911999974
4.065795219400005
5.919376101699996
6.123240531900001
6.897101383999997
8.37155184330382
2.4904952529999984
1.3641999618999905
1.7707203170999763
3.068636190799985
4.784727287299996
6.111437496899993
5.368579345696138
3.828718902599985
4.117384515399978
2.919113915999987
2.554145289599978
4.6326031020999965
1.5551180602999988
1.4966714629999982
2.7745255889999907
1.4647865798999944
3.3308394805999804
1.6472284148999927
0.5456563646299987
1.4559698485999968
1.0669207693029295
1.7688848174999883
3.793264294399972
7.957846118135967
7.904556472797424
5.007950921599987
5.041098406999994
3.286147720299992
1.4202623352000021
1.4601559524999992
1.1056879578
1.1916526246999897
2.2014573028999878
3.3418449813999938
4.972396739199983
6.064983540299982
7.885662043797426
3.1638246413999895
4.506855258202523
6.294923269699992
8.673237959303828
1.1019355514999918
4.289079142799984
2.0190351760999863
1.9138674544999887
1.318634809700539
0.7108040897399991
1.2005667643010876
1.5735012679999958
3.2629941848999797
3.0430334594999904
3.5512751571999863
4.923014457699985
4.40705862729999
5.938713702405097
7.847147761493583
6.67433055269999
1.2905980498999963
6.914699381999971
6.895988159202545
7.4921753432999925
6.163959446696138
7.3240697509999775
4.633967480499989
5.665800360100001
6.756238859599997
1.5065290999999974
1.4025645461999954
1.5035847838999994
3.471666963199982
6.544206266797421
4.167420550499991
3.3478319518999866
4.0698658339999865
4.648463445999988
5.4765055129999896
4.2656473922999725
8.5791712814051
3.672224359099984
1.6834855117999903
0.810815150272797
5.201557519499983
4.780084614599994
3.0036771895999848
3.9541970611999906
4.293233335899997
4.326258914199998
6.057006812999983
6.461818638599987
4.488458811999994
1.393265118399996
3.755704573099988
8.48661766659486
6.747792361506373
5.024829499799984
1.9982597915999776
2.5167295119999675
3.835983793599987
6.794529276999984
2.97303912199999
1.984909028599988
4.497628515599992
5.656416015594855
8.41134734799999
3.152160267599979
7.119151351898699
8.59278167420254
9.51777900240511
8.786168484506398
8.706587919594874
8.87990588989871
10.986666869999993
7.257879872101251
5.527362919594856
10.379478628999987
11.271319878999986
7.257483575405109
7.278705320696145
8.574716995202541
2.256294464099994
1.0958538300000005
4.8881701186961335
11.310017618999996
7.087756417799989
5.835582328797418
7.262057101405108
1.0816988255659927
2.430816218599994
1.9393146102999979
1.4521376011863918
1.276049253799995
2.518918722499985
10.066735067787826
10.591115204999992
10.50215825983359
10.69604531099999
8.654494586202544
9.28756739810128
10.18349398665999
8.747539559898708
5.54979659269998
9.904240815787823
12.096247359999989
11.24046633099999
10.38637537499999
9.57012209163599
11.139954331999993
12.682042590347193
11.999437304646392
10.845091095999985
9.575813888493597
7.625471278405105
9.693929974282861
8.072623237594856
8.57407583619614
11.260843136833584
9.870265481550705
9.539263561999995
11.645469237999984
12.045949975999989
10.127125793353587
9.824142369070708
7.363160830696147
7.398016856399993
9.535151554898713
11.757932450999993
13.866917530999991
11.496372323999987
6.284843795799986
8.356568667594871
9.517396699659994
10.971437291999992
12.806327204999992
12.19880587199999
12.704695035999984
10.943012119999985
8.751993778999989
10.793392438999987
9.257192176797432
9.600936048931997
10.040311222863988
11.72491644099999
11.833670093999991
9.658165441931992
8.132989706405114
7.545594026202547
9.035616656506393
11.757489435999988
7.452931143202545
10.924064135999988
12.422405637999985
11.59293853599999
11.303822252999987
11.938919304999992
10.526735068999992
9.938483047339993
11.252678321999992
12.196677889999993
12.84969968899999
13.122037885999989
10.96674092899999
8.926705276506384
6.523746978799988
6.539229290797423
6.257400602699987
4.463811849999969
9.583140008646389
11.288493094999989
11.480198633999985
13.011234788999985
12.318466065999989
12.89091966199999
10.777334163999981
8.0837324844051
13.343946784999988
13.23943212599999
11.603286289999991
12.37772490199999
14.063228692999992
12.40258624899999
11.530762967999985
12.96854345199999
12.851522721999993
12.818612118999992
12.72141557899999
12.765394010999989
10.177831724646381
8.716795992993587
8.022812838696145
4.532362014797405
6.642337914999952
9.410957856863984
11.662668810999989
13.32698263099999
8.683367546103971
9.281062240727982
6.538906645202541
9.482944926339972
12.457078701999988
11.758605442999988
7.2564877945063735
11.589232535999992
12.01357998199999
12.924036701999993
11.346820315999988
13.14484251099999
11.504574291999987
11.609149050999989
13.097709418999989
12.13318647599999
7.853132614099992
8.884657197594876
10.419511592159989
10.709796251999988
10.357359739999989
10.429446653999989
11.640133800999992
11.626439345999989
11.529971467999992
11.85434068635359
11.572220978999988
12.57135732099999
11.945071431999988
12.24085732099999
12.410404664999993
12.29528925599999
11.19869980499999
11.406994463999999
10.333307735999988
10.256605668727993
10.267520015986394
8.898595823696152
9.683564118999989
11.980616334999981
11.565943238999994
13.343237198999999
11.109220086999997
12.512889922999992
13.664917339999993
12.52928250899999
12.020672773999994
11.537027576999996
9.329124278303835
12.26365801099998
12.81904247699999
13.350564153999992
13.637538390999993
13.346501566999994
12.306098879999988
13.980890220999994
13.597884691999985
11.092629342999986
9.930253797929264
9.182129530212137
8.872750872791979
5.35694092709998
7.913848181202537
10.901219623999987
11.318571991999985
11.78205278199999
11.298036281999991
11.181999102999994
10.626837893999996
9.354628651405108
6.327922131299991
10.266214820929248
12.733972294999987
11.415181101486388
7.720213632199995
6.763678387499995
8.183628364594862
8.863747027727975
10.262895394929261
11.16134954699999
10.90689587065279
9.440266700787816
9.70723626572798
9.710481724646385
9.544176185727988
9.480185215797432
4.186614921599993
2.335499203499996
8.79942592469615
9.022265350303828
5.365124528499993
4.262018649299997
1.5666393082000019
1.5292471161000007
2.615471331799995
6.180795712303814
9.23809554599998
10.55058380699999
9.519743543999992
8.374492919898714
9.09109389799998
2.9858487319999933
3.4100552718999775
4.3219330840999834
4.520069480899982
5.176354971303804
4.040882041899983
2.019477151499989
2.3157432479999986
3.6400025115948496
3.995967857399993
4.176967326399993
3.060122392299974
3.673283550999978
6.3823596328999965
8.154363259898707
1.1046647487008159
2.402004362500003
1.1473096068999993
1.1660399741997272
3.8876542403999865
1.256568790233992
3.104095803799974
4.684326116899995
1.0868795189931957
2.033022039799978
3.827482925399983
5.220103666699991
5.581191818199982
8.39588690189871
9.503574952795981
4.986075878899985
1.1969649962999955
1.630444290199997
1.8913803055
0.6956075877199979
4.9635919342025305
6.379432076999974
4.0973164199999745
1.3174324492999998
1.3273447814999966
4.105378735399971
9.924952476659987
1.5864994720000005
2.4185753997999977
3.212393040499991
3.9848686492999916
5.2313119780999875
6.396996284506381
6.431071540799985
5.772333711199991
6.03500054469614
7.663941285696142
7.369815020797417
8.540458261101271
7.911763488797417
7.916907580594858
7.841463142405103
5.308988796999981
5.003379553202529
2.1684972396999953
1.9998302077999985
1.627161373899999
3.153735798599999
7.391415937797426
7.792104798898702
7.191098998999985
8.375543890405106
0.9770011725117138
0.7973261907599996
2.6324064132999787
1.432947026099993
1.3116646789999984
2.1318908446999867
4.071503881799995
5.2667518538999865
4.517355436699984
2.4871325179999917
2.8650860915999807
4.152759054599983
6.111075306696141
6.409995693999991
7.524774932898705
7.885226278696139
3.6439917403999926
3.395509466599989
2.3213296477999963
3.028780358899988
3.7130586165999975
3.1996073638999913
2.7973934981999897
2.7369063125999977
3.6313748519999893
2.656083290099992
2.7312142319
5.62357030639999
8.360789297506388
4.2830887694999875
4.0603028960999765
2.4505922271999974
2.4192046204000017
3.2238761062999925
1.3298255711727942
2.9020404189999924
0.7835861998600003
0.7853196131795975
2.4638618178999856
3.7366831695999765
6.119340502898695
4.013879396099994
1.6668259185999943
0.8532227550659985
1.3789878280999954
1.1256782592999923
2.9563299178999958
1.3980993789999963
1.5463303710999998
2.7458465270999963
2.869323400899978
8.887541986101265
5.766632153299989
4.690282713299985
2.4793456496999977
6.837357934594865
9.315132475203987
6.188580299399992
3.3203615203999903
5.468170255999972
6.976567719999984
1.578675083899996
1.7189410903999884
2.6500319106999957
2.847454922499987
1.4480805358999982
6.382646531699982
10.298495745858546
9.064177888506388
4.053840130599968
5.111104176299985
4.21948847049999
4.234622553999999
3.0125169097999915
2.3292087798999943
2.6718635375999944
2.797987565599994
2.719962513700001
1.0364433175070678
2.218424806199997
3.856718904099995
3.2750823836999965
3.6841727569999945
5.595963626099987
5.671959591699987
6.222262417599994
7.603460551506388
7.058185469099992
5.673527661100005
9.86232327586398
9.519642352203986
1.7671807387999974
1.2763660665659913
4.538957250999989
7.2331004500999905
10.069924743787828
7.573102046202554
8.230393067898689
7.552255197101266
9.349552261271992
9.420947628863988
8.711954156506385
7.38112246089871
8.622583505202538
7.321523385599988
5.8658311477974205
4.6320156539999875
4.351170454399989
3.2317993621999728
6.171007185399984
6.440976649506358
10.049373745787832
11.611634174999988
9.009565393101262
8.131206808506379
9.196790000931982
10.472325852999985
12.032065909999993
10.934267416513594
10.30361993599999
11.479296051513595
11.023155051999987
11.248927854999987
11.323655253999995
11.41818138099999
12.001535759999987
8.508579879797427
9.161488162135987
9.346109034696156
10.308499500999991
9.226149893202548
11.777760964999993
11.90734135699999
7.018959965493583
8.867098734999965
11.165011124999996
12.58581629799999
11.842334936999995
12.415698873999997
11.393813816999995
13.464246871999991
13.34573889799999
12.907765198999991
11.56284750699999
11.881277154999994
12.852050905999993
12.56414733899999
12.835271116999985
12.394194095999985
9.270940225135984
8.383713975479967
6.990725868202538
9.29959780421213
13.24827201399999
12.948633936999983
6.276482847599984
7.822722877479975
12.66305567299998
13.74170242899999
12.661522753999993
11.056377880999989
13.72793118599999
13.18358592099999
10.82712111199999
10.634125301999983
8.583114977999989
7.099162528999974
8.695191526797421
10.63882822099999
7.60320539549358
6.588115798999983
8.074914186101266
8.702750350999986
10.732936278999984
7.594707852202544
7.442605136101263
7.903519619797426
11.034166924999987
7.8049689315948605
9.865298956203977
7.462236746199996
9.261557618795992
9.73950445572799
8.03708759920255
7.242276025399991
8.169315211506392
11.787714569000002
11.889874532999983
9.89549192035358
12.518627584999992
11.872701990999989
8.728698690797431
9.460017170795991
9.718183967727994
12.271391363999994
11.650073896999988
12.072521843999988
10.757175474999993
12.551055596999989
11.730411001999983
14.830014832999991
14.294525567999994
14.801650684999995
14.89337321299999
14.732461939999995
13.49892409799999
11.852765478999995
13.874378615
13.926199479999992
14.388102241999992
14.452987778999992
14.236720687999991
13.75524462099999
12.605143189999989
12.688562253999988
14.981244666999997
13.992947226999991
11.638112787999992
12.036070608999994
10.998244800999984
13.914060830999993
13.288620402999989
14.161662337999989
8.773823356727972
12.19267505199998
12.541905924999979
12.829278653999989
13.257653087999984
13.468043108999987
12.788920453999987
12.807897512999986
13.122522938999989
8.651407975797426
9.794295405717103
6.73357516169999
13.503506948999991
14.75160469099999
7.889339370696138
13.353629706999987
10.666325402999988
11.191145435999985
12.076965406999994
11.016181133999988
11.703685782999989
10.73646880799999
11.91033599499999
10.812655723999994
10.766892579999991
11.29543156899999
13.16351971999999
13.75183563499999
13.78068288099999
12.834403229999994
12.900253078999983
9.151549951202547
11.000166921999993
12.938651018999986
14.245466996999989
13.804531258999992
10.456624016999985
10.949601984999983
12.554734093999985
10.589843734999985
10.624021543999994
11.46339461699999
10.529863613999986
11.00813079399999
12.652935970999982
13.83657717299999
11.857541100999988
9.02967509920254
8.43521878659487
9.346144015659986
7.981877033999976
5.250667398099984
7.316261091594861
7.1330573654050955
8.535184210207975
8.870365531898715
8.977526332101268
7.1866876357974165
9.629549755931988
8.74931302489871
8.711875804101263
8.64415284420255
7.46854074250639
8.27975137789869
8.010937310797436
7.1317374099999995
6.057406759599996
5.332813604699988
4.965842994699996
9.729747808858528
4.301929038999989
3.1193674605999915
3.8972672606999925
4.646897714199997
4.8416222885000035
8.0020097
6.7527456116
8.161862977594872
7.28185058589871
6.839488330101268
3.0001567763999866
4.091378381299992
4.240546000699995
4.267304176299996
4.710317518600004
7.266976769999982
8.519797146594867
4.4098489928999784
7.210503808594866
6.236364794899996
1.5149976729999797
2.7766861953999764
5.431715800506362
5.216541137696121
5.745169975299991
7.581232495101271
6.670324145499992
1.6018774719000013
2.280871519499977
6.619347955299985
8.112114158599999
8.343230679303833
5.829130049099983
2.778842277499996
1.8527608764999985
1.4191273192999982
3.1302196898999806
7.755172860696133
9.301656686271984
6.665191035499989
1.456355604599997
2.0509963363999986
3.105442184399978
3.645312649499997
3.565663970899989
4.065363868699984
4.244754734799987
2.744144441199994
2.23405735169998
5.457193484499983
3.342802047700001
2.9043789687999935
2.759494680799992
3.810043243399996
3.8156634276999783
4.3870105285999905
3.8317885741999937
2.1210328461000008
2.1878182509999995
1.732230255099993
2.684305355799993
2.4876761291999925
5.005156120303811
6.076715254199986
4.805745104999974
7.750526827999988
6.6025193603999845
7.048250079299991
8.330503886405106
5.643849664299991
5.235979363999994
3.899918569899977
8.253688967898709
2.355429225199991
1.9089860824999967
2.1845216430999974
4.410885798599995
5.6203385131999966
4.223826635699994
4.635377944898684
3.2272909560999805
3.051143051099997
0.7213397976899989
1.2847609084999954
2.4345002044999946
1.8612702407999895
2.635300518799994
2.333428048699987
4.634548597699981
6.12719396209999
3.7445362838999983
4.100678324899992
5.702320962499989
4.890272666899991
5.3107860687
4.138626574700006
2.0493873626999934
3.564417408799987
6.891946171599994
3.20580469669998
7.855087559493593
4.900171148699983
2.4631150603999785
2.592975450099986
4.892442317199979
5.205673120101255
2.7432912307999877
2.7825337203999774
4.258330017099985
4.670668737799986
6.59446497649999
8.590053468303829
8.192994840999987
5.6983154738999815
4.879706904594852
8.28409201349359
8.776115943898708
6.794736393699988
3.1344261336999892
3.8138883071999823
8.696135717797421
8.34794859159486
10.351882955999992
6.348526789898697
3.0415793044999715
2.5094258635999718
4.712637245199988
8.021411819506387
8.464134751898703
9.28681451720255
9.810360505787825
9.532140684646386
8.506768273898706
7.426488581797423
8.470407727101277
5.104104774499995
0.6688708666799974
0.948903125293199
5.1954517791999875
4.108954338100001
1.329652456699994
7.50523241579743
9.903252915999994
10.237132192999988
8.748641207898702
10.63211228899999
8.86567378540512
9.486597280898721
7.3702343903038186
7.604991760299997
7.0855870635999905
5.979889315799983
4.039614732399992
1.7353165832999902
4.358607241799978
5.79697282099999
6.4054023314935815
6.620384078999983
9.857029701135984
10.562753936858536
2.2481162856999766
1.3039505792716979
4.603781954999989
6.323091346699993
7.302221551493586
2.232825601199986
4.0813117156999965
8.06178125310127
7.533891477999985
7.115077465797427
2.6275294463999845
6.722077001999971
6.4513409667999895
10.548550011999989
10.42317882499999
10.128915829339984
9.78199113171711
7.8175146987974165
10.467583178787823
6.3195427734050975
7.727802482594859
6.748912402303814
9.574456195070699
5.338260682699984
3.6123078582999777
6.618135732999971
9.183303263931982
7.508436984203971
9.527667820787821
5.163755126999991
4.060929264799993
5.275957530199987
5.11159574279999
5.311520252999988
9.03732515110127
7.1732945723999935
2.3927733809999774
4.458475395199975
4.780822132899974
7.566014817797425
5.4918695647999884
6.917700431797422
9.15470314940511
9.63670936431199
8.910749856594869
10.34252032934544
10.502976694999992
9.312996037303835
10.211889423010875
12.005065830999994
11.287571172999993
11.02902292499999
11.816892817999998
9.582289149353576
6.295139614898706
7.924768638594864
10.48227692099999
12.041473945999993
11.716332071999991
10.806533422999989
12.72199586299999
13.30829477999999
9.493858264135985
5.109384620699983
5.6798817412999885
9.305001000999987
9.779566044727991
11.95900478999999
10.96981716299999
10.769988486999983
8.697286169405107
4.276306832899979
11.423955404999992
11.914813862999992
12.39559267699999
12.875018392999992
12.94841213699999
13.908594968999994
12.695249795999988
11.630371602999984
12.735242312999988
12.790767676999986
12.81226434499999
11.165418578999988
9.946120814646388
7.894788468899993
9.908875633135988
12.096337789999989
9.817548510795984
2.599596752899986
8.19107851720798
11.192445272999988
11.874420861999987
13.375885038999991
11.343394105999991
13.836053293999994
13.091650236999987
13.647222220999986
11.91983244199998
14.424168464999994
12.374159305999992
12.712084511999992
11.59175350599999
12.289381774999988
13.180003113999993
12.779802801999992
12.003356705999987
12.705250966999987
9.837081295863983
10.780817661999988
11.363189916999989
9.955548178070709
12.785296415999989
11.098282352999984
7.271937768594862
7.724306852696143
12.28852753399999
12.070991800999991
12.56432275199999
12.336243537999989
12.730076932999992
13.489775496999993
11.78657621799999
3.1264935241999865
4.794291024799972
8.143777520797421
9.573889634795991
11.443353898999996
11.88223585799999
11.767035288999992
11.762990827999989
13.061923148999998
12.360916346999987
12.39591149899999
13.25928994799999
12.960079699999989
10.15593545685854
10.878713186999976
9.613464878858533
6.435941256696137
6.715894428999983
5.030046296699993
9.797627653646385
10.954912691999999
11.268553335999991
12.808764960999989
11.21172014299999
13.00063888499999
13.611307657999989
12.923922002999987
13.970196114999995
13.367266741999991
13.598086335999993
14.912725286999992
13.744520934999986
12.440645904999986
13.705598803999985
12.17002046099999
10.629264907999985
11.573141964999989
10.449562952999988
11.913181144999992
13.866521055999987
12.515314469999987
12.01752969099999
12.15582082347999
12.812750303999989
12.93806441999999
11.931538271999989
11.92220642999999
13.11782125199999
11.73371292699999
12.212841086999989
13.34011194299999
12.144631627999985
13.267799909999995
12.668529952999997
12.455922948999996
12.746276780999986
12.427628911999989
11.244287348999986
11.329598150999987
10.85355827799999
11.28356185899999
12.420036086999993
13.15051317399999
11.072241306999986
10.462972863999983
6.147704145797421
8.898773310898706
5.5752249161012575
7.835871481303831
4.356122795099988
8.276119061203971
7.226001077303825
5.59213187409999
5.86248426359999
5.5481677260999955
7.153836495999988
4.955471411099989
5.037653768899985
4.365384408599986
5.772175947599986
6.5294488631999865
9.389683087135984
7.71095921330383
7.055346549999987
10.154874068994554
10.446777901999994
10.856280890999988
5.405026216099985
1.8958154738999928
3.501120683299976
4.195609704599992
4.0650281646999895
4.248073634303815
4.386127595500004
3.420605352799993
5.049386390699987
4.924531547499999
8.292779919405111
2.5767211563
3.0885768828999987
1.7023222747999798
2.1677911010999837
3.3680041763000004
2.5510495421999893
5.531298997499999
3.621147143599999
3.586653979499972
8.509224116493575
8.735852398696146
2.427799624599993
5.303800373799981
4.138698875399994
3.846724182099991
4.352192361499981
1.3053381576999972
0.8174940768200012
1.8782265777999976
3.323773504599982
2.7526488067999786
5.247973826599997
2.5739935242000005
2.7937800033999998
3.5145649917999977
3.9492379760999907
6.772945181303818
4.896366224699993
4.2593508956999875
6.481363476599989
6.789116070599996
7.385036907999988
4.39851920619999
6.179205900599985
7.7865379822025425
9.66014311686399
0.814333711909999
3.1123255843999864
1.3535253890999988
3.0548411773999864
3.3392212676999935
0.9449166542033284
2.112583561699987
2.969395877099994
4.733764247099998
5.260047299199994
4.709155036899993
6.456545735202529
5.853200620999984
4.042804768399991
5.902847434999983
5.195712356599994
6.980177738999978
6.881174923699995
6.02510301059999
8.325636187696146
8.742240502898712
5.70593024439999
6.140724673499982
3.4778913100999986
0.9439557416900008
1.035054254621209
3.440373754899984
3.950275451699992
6.480169485499992
2.7181195189999956
3.866637327599978
6.0981334365999835
5.633649218799989
3.5707742141999836
6.652456707797412
3.2195845305999917
1.1188203185999983
0.7820749795000019
2.1218157515999705
3.1540191100999913
1.6940119583000004
2.3106558166999998
3.819798356600002
4.794284219399982
6.4697085097974165
6.926600140405099
3.5755865050999893
1.8538602050999922
5.6728411345999925
8.801452326999986
4.649960325599996
3.617702955599995
6.645332566799987
7.481480798303823
5.012087843299979
1.8563828033000005
3.5451850890999856
1.6689205611999962
2.8394346374999744
4.535074980199985
6.930278010594865
5.050758184799986
4.843246049506372
9.618479278727982
7.708042349202548
4.719043080099984
0.7427834239000011
1.6440619765999993
0.8583180230070674
1.396596595799996
4.271171359299982
4.550235278299993
3.105760356099994
5.123622996499989
5.788986062599992
6.466097030599987
4.283606349199992
5.557929672199997
6.569196472199995
2.827810696399987
0.6018106423399979
5.183339886506365
4.113306921399978
5.2784699874999905
4.589620706200001
4.015515879799984
2.481175970499993
5.5174769317974155
8.859923547405108
9.658148588727993
10.728749524986398
7.318634817499996
7.218893647797422
9.803379911858544
5.582838589499984
8.0287925078987
3.7833153014999845
1.055400299100816
1.8381145278999815
0.9255682246200004
2.223431042499997
1.0159970656271977
1.079887092599999
0.8902387293858408
3.0921273299999914
3.82252296599999
7.463709165999978
9.74572232072799
4.409455996699993
3.599213752699993
3.697958833299991
4.862508250399981
7.25706768949358
5.922373454299981
6.368918484506382
2.48488433689999
4.708943859899979
12.379336154166388
11.683639248479986
12.132293551652795
9.491578587212143
11.354133201839993
11.25893346999999
11.133030440999985
10.631552256999992
10.981740026999992
7.994306581101264
7.7143137618987
8.73363207699998
10.002342219847197
9.309635128797426
8.71161368710127
11.737970403999997
7.778124644506373
7.953690386999977
8.299520440696147
7.504452040101263
10.20562837685853
8.290316949506387
10.812461580999988
10.653221314999993
12.034072291999983
9.893435229339993
10.88008800199999
10.101374024999991
9.549270533870386
9.173524351493587
4.789777426099974
5.787414866599985
12.353668857999988
12.56104768499999
9.417043273898706
10.210970385787828
8.731634623696147
9.296100091594871
10.564420667999984
11.125332955999983
11.516115571999991
9.778633608999996
10.616454841999989
5.853199079899989
3.4866191604999845
5.212074534599997
0.721444968313597
1.433984961213589
4.984257205199986
7.832667877202545
8.837274620101265
11.750578586999989
13.172917988999991
13.35776166799999
12.692840568999996
12.270438357999984
13.377007125999993
11.046003922999992
7.9624805953999935
11.699485952999998
12.28943108999999
12.575571503999988
13.344294455999988
12.898117754999992
14.756638347999985
13.215197773999993
10.84724512299999
11.060648232999991
10.765322782999988
11.520230590999985
12.91937385699999
12.566599997999992
11.766232232999995
13.001940903999989
10.593566248999986
8.287588423202543
8.11533383479742
6.853291680898701
9.760575508067989
9.143593122905108
12.26315230899999
13.123334772999987
12.483949520999996
12.530864631999997
11.94288643599999
12.955049642999992
11.417132920999993
7.7060745102025505
12.259904011999986
11.30296683999999
6.503721119699992
6.420561148099997
9.810914326339987
11.515965763999997
11.199237021999995
12.22326294099999
12.077989177999987
10.95465282599999
10.566246164999985
10.284020429999986
8.854916570999984
8.661081422405111
7.239092629999983
10.074775077858543
9.16224223630383
11.139731659002724
9.899169343727985
11.705261155999995
13.96717173899999
13.471120693999989
12.335505230999988
12.54616179999999
12.025321053999987
11.926624717999987
11.877767866999987
13.481003588999993
12.719155152999992
11.980316338999987
14.110010164999988
15.007229255999993
13.148788819999993
7.7624482482974315
5.726214982599992
9.966433285659988
10.21818535779599
10.68489212799999
10.486520188999997
9.654119706795994
12.51820544999999
13.048641860999986
12.171425118999993
12.802195107999994
12.499138491999991
12.590295225999991
12.494630463999991
12.16479700799999
12.155875409999988
11.712946685999988
10.783412594999987
9.692544642727986
10.887189127999983
11.709635753999988
8.326158236696154
7.377094026202543
8.03221472630383
12.342354581999999
12.254511414999989
11.435061124999988
9.556912744067983
10.73394068299999
9.860613828999973
8.228079870583965
9.71451181492926
9.465853779717106
12.81461583099999
12.78889499399999
12.65765521899999
13.317161767999991
12.717139770999983
12.510059864999988
12.350412745999984
11.937355582999983
6.824627038594862
5.788389979594845
6.442470896898696
11.028501143999986
10.330759572999996
9.296869206135986
10.455538888999989
11.362622709999997
10.863970595999996
10.01836805106799
10.422273371929258
9.526507310339987
9.409887417594875
6.13223538669999
4.593926863099992
7.5596239746012674
6.884200456199993
2.066393084699996
4.96606282959999
9.836059484929264
9.93504956678782
9.094841821303834
9.887469824135984
11.479060665999988
10.481053365999989
9.68999575665999
10.054422074929269
8.539182798797421
6.9846325499999775
8.817903881797424
7.154380285594864
7.188505219999982
5.96620938869613
9.580759355135987
7.436394016999984
4.804062820399994
2.5757795501999916
5.921577548199983
10.193623023999983
9.546674000646385
7.822000161696146
5.561905476399988
3.2850380675999875
6.0165801818986875
8.589961175659978
9.025040585303827
4.748526319899987
3.0206369414999985
1.8970052566999978
3.2418324904999944
5.770400747699987
4.976762950099984
4.068985221899994
6.534778977999977
3.286306043999995
1.8693190841999938
2.7815500838999783
4.711141609202534
3.9053898635999977
2.7038869094999907
1.5329697799999922
3.3141696685999746
5.485877757299982
8.468950834696146
9.75079173893199
5.43233055729998
1.3403082152999963
1.6275263762999987
2.7934233993999866
5.888861521899988
5.442240991202533
7.09983215789999
7.16555490569615
7.083291836500003
7.14159993130382
8.156568466202527
8.107723052999987
7.767618534898712
3.8072311081
4.088617683399999
1.437835009799999
1.4036874190999955
2.488274121099986
1.9281439055999976
3.3337001403999977
1.9722015578999972
1.5661579834000006
2.8740178710999933
5.057364236499979
4.893871423299977
8.739517355203976
9.195212387101268
0.4992235438299997
1.128500005298912
1.7238802932999928
1.8319547851999953
1.9238433104999817
1.9066357665999776
3.132543182399987
3.8981276565999936
6.650239630101259
6.986266853303824
7.304719758594867
7.1076060317974195
5.500729870599987
1.5920315535999934
1.1744132615999987
1.366310894799993
3.555750776700005
6.769346897898705
5.4905064956961365
8.1644593108987
0.8863449335100014
1.6707185577000034
1.6925606018000021
0.7641099138300009
0.6034664724311937
1.3202942092999996
2.4470060698999774
4.905014736899982
4.803135017399984
6.1802789153999935
6.635826577799985
6.513876353506385
5.154533633399988
6.1145485825063774
7.119283428999989
3.956799322499991
6.152923765594864
3.4322387618999994
5.351975053399987
4.626365736399989
5.582979418899989
4.918287062101256
4.823825340299991
5.608716923499994
4.045571583599994
4.628747657797398
5.8916384293038115
5.910509818999979
5.193257430999994
6.518155104101265
7.477812573202542
6.167475505099983
1.5936209792999951
2.243144641099993
2.511261352499986
2.5409985229
4.417486881999985
2.8816071471999956
2.322696682699994
4.661120503199989
3.5348315551999745
3.2951347381999754
1.888384493999997
1.304107479899994
1.909707714799987
3.673598971599986
5.545530865499986
3.3597802596999866
2.393707531699987
3.463242594899987
1.757842440799997
1.3297216445999975
4.4141290282999845
4.762243965099981
3.325214541599989
8.23876838840511
9.197303517135984
10.819077640999991
5.213928092999985
7.130018473797418
8.843981310999983
7.683031994594862
5.347096090696134
9.050014439271981
7.976242671202548
6.575397605899985
7.430014997898704
3.2961553237999945
2.9403637755999665
4.037183782999982
8.467780354303827
8.319362536594868
7.233760745199994
8.507189410405097
7.829575639303821
9.048564741659979
10.436175646999986
8.29545490720255
8.43906482089871
1.6866417495999817
4.998795317099985
6.617554600493582
9.002041896101266
9.730770262067988
10.274460560999989
10.163024716141427
10.798466533999989
3.0224612990999886
6.7844553679999775
9.514884112659985
9.97039358378783
7.984363047797423
8.562072880594865
8.201276267999985
9.128678024303833
9.007299323999993
7.601537379506392
8.61866175840511
3.462743655399988
5.799911990399988
6.368498002599989
4.3272388656999885
8.933164802594868
11.630824218646394
12.038038692999992
4.208828826899986
7.682736271696151
10.368478519999993
10.219203269839987
10.82420882548639
9.610380236863985
9.756232672070709
10.888667391999986
10.070990003999983
5.93937025909999
4.089281780999989
5.472112297099993
6.76462341309999
6.662691903699993
10.759599209999992
11.84395667699999
10.53491305799999
11.71263950199999
8.815246192905104
5.811204144299979
6.375051869199987
6.975385909999997
7.562125953696145
7.915725624101271
10.910642060999981
10.453334994999983
10.917345664999992
11.19148470499999
10.562706397999996
10.599647521833594
10.405308892646387
8.90177523665998
11.464382726999988
11.485513462999993
11.367549656999996
9.72092177720399
7.450946490499989
9.34339362933999
10.85214053350272
9.38607788850639
11.459247066999993
12.768477330513594
12.055253388999994
12.181258977993597
11.971180853166391
12.285513854999996
13.595071207
12.470482468999991
11.080640952999993
10.597446014282852
11.815764934999988
10.789554101999986
8.971102389493591
9.098091276727978
8.263803965797432
11.052745600999996
10.540196422999978
8.963473872405107
9.891863473659996
9.711855880787827
10.811410750999988
10.613166919999998
11.850174271999991
12.483092571999999
10.734526273999995
10.814897689999992
12.15413350699999
11.973559498999993
11.97504427599999
11.475157834999992
12.089235824999987
11.55982245899999
11.94053005399999
11.95756649299999
11.352505776999992
11.693314945999985
12.330377170999988
13.784159255999988
13.733609287999991
13.022322783999993
13.408801363999988
13.284301554999988
14.06695290099999
13.187366578999988
14.079959409999992
13.615821073652793
5.724063201899986
6.176196713297401
8.405707499702554
11.01752251115999
10.258819395271994
10.253969558629592
12.343538505999991
11.052819379999995
8.831386683702553
6.9986259078999895
8.407913102702551
6.278164782702538
9.647272999723496
7.7749314117025445
11.927339165999985
12.566952463999995
12.31357072899999
11.572529864999984
10.209274262999989
10.452066593999985
13.52758653399999
11.66884392899999
7.281106309499989
8.20072177279743
7.901746678202553
12.21520052599999
9.70036371778781
12.939853655999986
12.491185378999988
12.50624652399999
11.139581962999992
11.194038447999992
13.197940360999995
11.851643157999982
12.664786265999991
11.121017893999994
8.625444816594872
9.376885081506394
9.15838563999999
11.804895560999991
12.840917435999993
12.15871270099999
13.08660140999999
11.918880251999983
12.641401563999992
12.016609397999988
11.481641218999991
13.053408977999991
11.981972954999991
10.49798727899999
9.00427593230383
9.772421920863993
10.51085218799728
13.489158059999989
12.346086680999987
10.80535755499999
10.948709702999986
10.949719336999994
8.704385543797429
10.700306504999988
11.909884281999991
10.250870939717108
9.97859497820399
11.551537197999986
9.59762043165999
8.717910363797426
11.824926767999997
12.181136408999986
12.459038183999995
2.882890643299988
5.716962443493571
7.749756477405096
8.329579701196144
9.479954869234392
9.42265599530142
9.456786950696154
9.696778810101275
6.771739242601264
3.1494507995999896
4.705180212399987
5.348411270101253
5.645715670799996
5.128258625799993
6.733278826899997
7.230701478594873
12.175845937999991
9.217185699506386
6.713794689898707
6.949211628696141
9.710023588727987
6.266347035199993
7.766300610405106
4.00882088779999
4.895176658599993
4.112259304799994
7.145449795499992
12.058347635999995
9.552590458795994
2.285221380599996
0.9576919978033285
1.8920046066000002
3.5862138961999843
2.7182230086999883
4.724621838399985
6.408380424506356
11.010908779652794
6.165640776101262
7.880774890101265
7.797293516499985
7.865560053999995
6.901338699300002
8.267922897303823
10.475054858519988
7.725889700299991
3.8744602492999936
5.30593038940509
8.232318843101272
9.56569833220799
7.7522567093038255
1.5556883834999977
0.4474343896900002
1.8797920363999976
2.561436625699974
4.77792668759999
1.783611698899985
2.3855348006999857
1.3537685988999981
0.8588656890931966
3.038559226999996
3.1786110778999905
2.3147453521999934
2.141351412999991
2.2404896728999932
4.32265482939998
8.242633779898707
6.889419244405088
0.7802550668700012
0.9043759888600021
1.9306629958999924
0.6508332323067959
0.44040810919000023
1.8759194076999934
2.9249715316999825
6.2699077484050925
5.440880374099982
3.928913699299986
4.66673845519998
4.673758029199977
4.533632195999982
0.3995215226200001
0.8899323770499998
1.185410972199728
2.3789688415999746
3.0870340774999714
4.889859417699979
3.4465106093999918
3.154963073699973
1.4555848571999972
0.7915570520400003
0.6415357095700001
3.2205272338999795
5.451627120999994
8.352754042067971
8.471581904594867
7.8040261124051025
7.741695431493594
6.265776594499996
3.3163823852999967
2.746998170499995
4.176016607699999
5.859183819599986
1.0287272094999984
4.18792698209997
6.559871258499988
0.5773345790900009
1.2598238997999882
1.4101665710000022
0.8925828250929239
1.432157560699998
2.544430305499993
3.850406079099998
1.1601163456929127
5.307481431594853
6.4965517470999865
4.271906814599998
2.8757635863999793
6.234858332797412
2.247189318799995
2.0288411315999824
1.141051665206793
3.095643910199971
2.1178328536999773
2.841245480299982
3.0665042510999903
1.5132275161999986
2.572403128099996
4.210796858200001
3.063785679599998
2.4548442519999956
1.1804058080787767
3.587302198799978
1.4638268035999937
0.9045579729067941
1.3409791228999954
2.1045693832
0.4358474341399993
2.2910383407999877
1.99961167759999
2.0368376312
4.148961973599989
2.7114004729999914
3.5861481017999797
5.345712847898695
7.760914771999981
8.875457354696145
6.073463864099985
5.495647331202534
6.520774583405098
1.3848267150999942
1.9484765334999736
2.8181061065999957
3.7358244735999904
5.998087455696144
7.201584371898701
5.5881358108999875
7.20678446809999
8.41819359740511
4.729923557999993
1.0983864989999947
4.378776034499977
4.902892201199994
6.720705729699997
7.008287525898704
6.763261775199987
6.947727517699993
5.639679408299991
6.2376283248999975
4.402657235699991
4.058609509299988
4.9094879027999925
6.196449731399984
8.441363926696143
9.622500344863985
6.34165631869614
8.760965476999983
7.609363209499993
10.50445778799999
7.878565708898713
8.88434255679743
9.29869388120255
7.346481249999976
9.100870022727982
8.875592231863978
7.261246359303819
2.0725720916999895
2.8590649001999746
7.888641096506379
9.171155020101269
7.294574201999979
9.15581359099998
9.195758599931985
8.939330769303828
1.6049288604999967
2.4292204375999806
4.426693923999976
6.912729374696127
10.259306280646381
6.571296931499988
5.9077428649999755
7.403503048696151
7.114499569696141
2.9020948974999867
2.635689535499969
4.214356744399984
3.6890986251999887
2.225783230599965
7.908616705303823
3.580985591099985
3.138522581499991
5.911487510699995
3.6790814452999823
4.26383298799998
3.2908230651999886
3.9088095427999923
0.6652328211799982
2.913950866699989
0.7278179128594853
4.465441667199981
2.978770060699989
8.112252165202541
10.913081989999988
6.99530513310127
6.039344624299985
5.683462206999984
6.398432696493583
9.414630448898713
8.650094438200004
10.42159312899999
8.566591735797434
7.644359570303827
9.308702008101273
8.701813120999986
9.839567275999988
9.666213447717098
8.47165645899999
8.068965280202544
6.83361257630383
9.23149748070398
9.145729446405117
6.074530635101248
5.126438481099986
6.3114988022025384
9.854460441727994
8.736766743506392
10.661756307999987
12.009066109999988
12.501736867999995
12.472017756999989
11.80702953599999
10.336826411519992
11.00961149099999
11.26967089699999
11.373822560353588
11.719548836993585
10.041760961931987
11.556047567999991
11.34043325199999
10.956884469999988
9.988905960070701
5.527938319399985
7.021320887797426
11.483212873999985
11.804783828999993
10.300983173999988
7.137673844899991
8.635998414600003
12.014666501999988
11.160919195999988
13.114203242166392
12.935348250999994
11.288898507999988
9.52604777069616
11.42372484899998
12.00475904099999
10.499390606999992
9.999515412931991
10.570181037479987
10.229442924347191
10.254683536991834
11.809799116839995
13.183364483999988
8.1779783615
10.031967076070691
12.075556463999993
11.671698203006388
11.827330507999987
11.17762642999999
9.59525710433999
9.293509652795986
11.386270166519996
11.865626774999988
11.572451475999996
7.388050848399997
7.009782051101254
12.143947034999984
11.903178370999989
12.50760041199999
10.31857299299999
10.314104784999982
10.48793443599998
11.096685987999988
11.057586567999993
7.650672721899993
8.436887719696154
9.68651515199999
10.757567228999987
11.847603217999987
12.046222687999991
11.07434808299999
9.98701621233999
8.717904669202547
9.027974348405111
9.639963178999988
9.200079812594877
10.067042394999982
9.73422659606799
7.732599070699992
9.193379270898713
5.076298075899995
5.7725888518999975
8.528673593094867
12.169426093999997
8.553950224303824
9.816302706931994
10.834739220999992
9.633195344659988
8.205861146493593
9.070134175101266
9.015933781405112
11.457271664353588
8.757943722493591
9.000077169797434
10.301317373999993
12.688275469999992
10.442004442999988
9.72628204664639
8.636560636898713
11.245760395999984
13.204952530999993
8.730068577594874
10.33301388099999
9.018540560898707
9.188238447594873
7.3832919265999895
8.417646165500006
11.825807192999992
12.829939426999989
12.235128763999986
11.656214658999989
13.910246145999992
12.896234111166391
12.514968178999986
12.035381461999988
12.13712306799999
10.533279781999989
11.512146724999992
11.71459080799999
10.429512351999989
12.217857165999988
8.225191746493579
4.518963806199984
7.509570016506371
8.031913175999993
9.823565141203991
7.27523437810125
8.152445404103965
8.573936444101255
6.2825528214050745
5.932900144999967
8.08865762179742
9.576658816646386
10.992404603999994
9.864468621863994
9.488351161141418
10.396280929999982
8.464877754202545
8.56914726559487
7.938591714506394
6.4484395111
8.637916943405106
9.810745521659983
12.526212290999991
11.131707630999989
11.03007865299999
9.604590650931986
6.581292465202543
2.08944252319999
3.717325926199991
5.761984576399989
7.216870442202538
9.132531402594875
10.737115403999987
6.938047187797416
6.648242361506379
7.957112538101272
9.337194747931983
2.0944184936999917
2.8551677245999763
6.663892105099998
8.520549403405106
9.186938482795977
8.458969058202545
5.484030357405101
8.188978408797425
4.133086779799991
4.525467320299975
3.8309658324999867
6.971728085303816
10.593471709999989
3.0303262999999916
1.4665994521999992
4.006687910499987
1.4438502410999972
3.194310650599998
1.4251600814999958
1.9239685576999959
0.8139389950863977
1.037256969465998
1.0930664551005438
2.70798696899999
1.4378171172999936
0.9332716885594875
1.5904385467999995
1.8312276488999997
1.7434056808000025
0.8300996477100008
1.5170816680999988
4.266904554699997
2.889594071999997
2.361718400599997
1.1193621773795965
0.9241243365300001
1.2169581272997274
1.5174210296999995
2.7428430037999734
6.966419897506386
6.380458335898698
5.48562175899999
4.407471609499984
4.038317036399989
3.002777140799979
5.3115278488
3.752018203699997
4.452239982599978
1.2473988159000005
1.8708701842999882
2.7294399749999916
4.145411726399977
5.267736898799991
6.263764097599986
4.89462899169999
2.0776951904
3.0079565155
4.5287886795
2.460923075899998
2.1881283874999977
1.3062001967999997
1.741843733199985
4.40335249939999
3.3817449264999953
5.478552098101252
6.803068530303818
4.98505394129998
3.9227160399999903
5.927186813399995
5.7780402251999945
7.59570757899999
6.831767321799994
5.895386698899996
4.171904151899998
1.1722692093000016
3.545915270999994
4.791362757899981
5.118788877899982
2.1526688690000015
1.9779957915999977
4.961257823199987
1.1190821665005448
2.658628314199976
2.5949255446999837
1.5598189147999977
1.1669204206013588
0.7658102679203955
3.486591274999984
5.321030076599998
5.055504351799975
3.9352101134999984
2.680025207499993
8.236181211898716
4.708059286499993
5.572085858199996
7.7912432953038175
8.20368055730383
2.784448449699986
8.263396470594863
4.323481108099992
3.956228880299994
8.655167669696144
7.152141743506384
7.596201713594866
6.143767526199984
5.556940818799983
3.9894408767999736
4.293009161399991
1.681769265699998
4.532552186599988
7.566441398594865
6.299024591101258
6.700267434696139
3.835849648999981
5.365345298799986
1.0160948241999985
1.520174342299984
3.4234241347999856
4.4257609389999875
5.200502758799986
4.5722574462999885
1.504153663599988
1.4003320296999904
1.7237416732999884
3.6808404067999767
4.129434446699982
8.079033373999987
3.7033645598999856
6.420643879696142
5.965349496499982
4.387647753899985
5.356878146399987
4.723984193399981
4.598526388499979
7.544991686999992
4.817027244599971
6.354553930699985
6.112484995999981
8.771306077727976
8.941793258696151
4.236217710899987
7.803022709696139
10.015683212212148
8.491238207999984
7.1201486083999885
5.156153832999994
3.9484130629999856
3.5609765181999897
7.220920098899998
9.275485191303831
10.001210736067991
5.554022109999991
1.9325373641999812
4.81138745569999
1.822829170200002
5.444395094299979
7.8558967269999815
0.7675217377696146
3.7605973556999825
8.423262454202545
10.60838353699998
10.277163415646381
8.787802415339977
8.585481384303822
8.63419413599998
9.268493768305584
7.802797637898705
11.084134335353585
10.326957435999987
9.59652933806798
11.896290626999985
8.67437169189871
8.498658743303826
1.813552267499998
5.220533801299989
5.667010703999997
3.4885945785999843
5.799028773499987
4.346556759599973
5.356936097699998
8.125468191493589
8.846171267696144
4.756395982399983
9.931620065203962
10.880182013999981
8.012288792405107
7.1198716750948625
10.157523684486392
11.703014265347186
8.149511863696137
2.385701675399989
0.856475822820392
4.985283213799986
9.282725578363982
8.212079292303825
6.161834942599992
8.03994881899999
10.767510541999988
8.414212841797427
7.712356332405107
8.033439332599993
10.053190856931993
4.547237814299999
2.7268984801999885
7.250671340899987
8.34508692630383
7.023139536999977
1.3023940716795932
0.6367110507999981
1.7659937789999822
5.681932759099981
1.4507340651999794
6.215774085999977
6.4036567962999875
9.426247506696148
8.231497151196145
9.04596808010127
9.873876165863994
9.60810078586399
9.001393045166376
10.49808503699999
8.011317936699992
3.9586188872999926
5.517778231799981
8.726660882594865
8.607256578101268
2.9569784423999765
1.7260995223999869
3.1630544417999853
4.010249255399982
7.991280249000008
10.192242243999987
8.270137472493593
9.411035189797433
9.675143023795988
11.211748078999992
10.47533583099999
10.27783821713599
12.712393090999992
12.78096471099999
12.61332925699999
13.047503957999995
11.873788906999994
10.275856511999997
11.535762595999993
10.62764689799999
11.963297535999988
12.857998421999993
7.798110629303803
6.7889027678987
7.749452206405105
9.302033340506386
10.708979162999984
11.657741100999981
11.954421517999991
11.615789165999983
12.711812061999987
10.889443453999988
12.017696724999988
11.981479989999993
13.013701244999996
12.492482863999992
12.749980730999987
12.173980369999994
11.40412831299999
13.254185453999995
12.35718482499999
8.869511842303833
8.262322592202546
8.357449919101269
12.212850945999993
10.719780565999987
11.859893245999988
10.27735829299999
9.616813500999985
12.291175933999996
12.568560984999989
12.674880723999992
12.763998015999992
12.03006012699999
12.84591514299999
11.854152965999988
11.845908263999988
11.139988521999989
12.279244349999983
11.935364710999982
13.233787919999989
12.553027466999996
13.924166804999993
12.793781441999991
11.595880675999984
12.324998000999987
12.494132972999989
13.378064507999992
13.113567774999991
10.87371605799999
11.519162987999989
11.174031765999986
11.942865389999987
10.146360101212146
10.861675393999988
10.90625401499999
11.440710303999994
11.82106885799999
11.580493410999987
12.74574635799999
12.044288258
10.291169546646387
9.945063066067993
11.954265435999991
13.300403190999992
10.777464385999991
10.132645170717108
10.677622345999987
12.075538893159992
11.206755951999993
10.623526645993596
11.688254995652793
10.232518501345432
11.081276287999989
10.532889348999989
10.093498164265593
7.977917797898714
11.23242187799358
8.681253126493587
9.71403627162142
11.674348766999989
11.628817885999993
10.177711966999992
9.887418336353583
11.507196862999988
10.006586440999982
5.611331619299983
5.6707367722025275
5.962259930399983
8.053663388101267
7.882453497303832
8.646115801999988
8.551398066696153
9.3402048920064
11.91242623599999
11.467018010006386
11.654623937999986
10.362641407999988
7.108476878405105
6.854186988797426
5.6077535644999905
7.2542558104999975
9.857040599067993
6.450222758506377
7.879123208594859
7.876379515101254
4.5085723189999865
3.089272276299988
4.114381785599986
3.991144479399994
5.369939408899984
4.111111059599984
5.298745698499995
6.048643006899991
6.993998144493585
7.340102403303815
8.424085258506382
3.730540039099975
6.585982443202528
1.9502395400999863
6.5912941375948355
5.961410333299986
7.883611994898713
8.562021513405103
7.959510365303823
9.376400497271979
9.806179780727991
2.545647758499991
2.561946878099991
3.094425479099986
4.629436814899986
3.770936901899989
4.229789559899982
3.1823425826999907
0.8446136286700008
1.5018597884999936
3.516649278300004
3.9444934784000014
3.4907953170999897
1.3796163283999943
2.353156097399982
7.961977275101258
5.412639736898705
7.572203164696129
7.439226048303817
7.058330920405093
8.997234210202542
8.99832123879598
9.238149464271979
9.573065992795982
8.823731506203979
7.880486102303819
7.028057951405107
6.959197547898688
11.933098247999993
9.806200234999991
9.344917132594873
8.239772331202547
5.755344589199993
9.833385263070706
6.999185446202544
5.182707740799991
5.812158874499985
5.280619555699988
5.228024304199987
6.598444264202528
5.231925291405096
5.285470579499994
5.731098161303815
7.199033894303818
8.207074281303827
8.55071473850639
4.170999241599992
2.1097412658999937
5.613236744699985
4.426574060099994
1.4942741393999996
4.662421853599978
7.18003677519999
5.1045762420999905
3.722943719499998
1.8627746627999993
2.2669359557999873
1.115682557699999
0.9970362337067984
1.6997473479999943
2.2993074738
2.0340666412000017
1.4089543334999999
1.3416974135999993
1.6997339325000003
0.8164202849405102
0.7122703914599996
0.9918443018929259
2.5741165130999937
2.493721443199997
5.91295413969999
3.395376445000003
4.439604290800003
1.1757972305000008
0.9614997028400011
1.1787907089000016
0.855456994913598
2.363332588199999
4.172612072800001
5.8460296066
4.5158420882999915
1.8878167130000012
2.1343565352999967
3.4845765944999942
3.924286001599991
2.6163951781999946
2.0287561171999906
2.982514111299999
2.331888526899989
4.153781237799986
5.24160163569999
7.91955008999999
1.8684473571999958
2.0259502945000003
1.2571342345999972
1.050653164392926
1.5190863120070397
0.7115439527659971
0.8896100229300004
1.9628745422000013
1.6160365798999974
7.276842396493587
3.324358148199997
4.66465417019998
7.295229408303824
2.7317274367999773
1.6417651336999934
1.1311011886999993
5.123181283599986
9.323863644405112
7.410390832493582
5.98032536469614
6.720623388696145
6.4795531280999965
6.153008689899987
7.593081394999992
5.36345774539998
7.0818155441012625
7.160996670493587
9.044065061999989
6.512365846299984
4.893302276599984
1.7453963347999935
0.70285695581
0.8080523614899998
1.0451133484000004
1.0882786694659976
2.1830948272999793
1.790450137299991
2.4132221358999755
5.6009110703038125
8.968771484405107
5.85505673219999
1.0230456626931992
1.1136766400203961
1.4517473632999984
1.985319992099988
4.089691146899975
3.8879542281999857
5.837430322303807
3.588716870099999
4.3525130858986865
7.4603846664050995
1.2674974563999981
2.3102844680999834
0.7938490476717013
2.3593863799999646
6.516583834797424
7.898840631101264
7.638805142202555
7.783681616199995
8.404417507898712
8.371200714101269
6.952771855200004
8.185656341599998
11.16381727899999
9.665609434646383
8.288968293797428
8.076656190506375
9.242590315135985
10.788404815999986
10.564626917999986
11.585208639999996
7.651509928899997
7.985086247303816
8.226316192594865
8.436508042899995
8.739462419101276
9.640331162999987
9.193270748931987
7.7192759552025425
6.161150917099988
6.997183691399987
4.71891038359485
7.5183596496961425
3.447332240299994
1.401017522521201
6.41310563809999
9.224026464797427
9.841451452727982
9.891927552863992
11.758296735993593
11.762285175999985
9.073125370797426
8.955944564797425
7.426836779797421
6.718222741696129
7.079060551506381
7.684575697303819
7.073041348299992
3.984549720799984
6.276524838299985
8.02911653750638
7.910546467594871
10.763239045999986
4.820322338899988
4.029351211499977
3.119602308699996
2.9236362899999886
7.092183254999984
5.697755851696134
5.908874021899987
9.665393467795992
10.582235109999994
5.383445724499977
6.8115263184051065
3.765097019999975
3.5133463180999756
5.575816928099984
5.297597048999986
2.4866321502999944
5.741351434303814
4.925391828898693
6.6915639098987025
10.126780265858544
9.919370193339995
12.25302602999999
1.7442962051000017
2.986688209499992
11.15025951099999
9.481108132898715
11.019184467
12.202563172999998
12.842563039999982
9.908610267727983
8.145357836898699
10.676919607999986
11.851463256999992
11.26972437399999
11.12379963699999
13.435404819999995
13.73794925999999
12.841855381999995
12.614545249999992
13.960580198999992
13.01838187099999
11.154761045999992
11.951727036999989
14.023081705999992
14.745041672999994
10.030192503271987
13.081706955999985
12.46392475099999
13.260790499999993
11.46970087399999
11.752852874999984
12.105169323999993
12.448070463999994
12.128312203999986
11.985820958999993
11.191661058
13.06292205199999
7.87020025179743
6.780063667299994
12.011240677999993
13.669937360999993
12.783626383999996
13.591356847999993
11.106549903999994
12.224328382999992
13.093585048999985
13.840849029999992
13.19128123499998
12.39468081099999
12.684600887999993
11.304492017999973
11.250025358999977
12.57876597899999
10.792162514999989
9.915417620858548
11.287064756999992
13.70214579499999
12.545844625999987
11.13985483699999
11.505529017999992
12.76464103699999
11.826274535
11.982859470999992
13.301523597999992
13.578997971999998
11.025329642999989
8.869410276797433
8.203261527999988
8.827927636696147
11.94751108999999
10.91341283699999
14.493359546999981
13.250158294999984
12.58207800899998
14.671050019999992
11.145966746999987
9.543369322141414
12.056164344999988
12.847830100999989
12.406892484999991
14.649403994999993
10.491928930999984
13.388684733999987
10.747440307999986
9.39462354586399
7.782278515594856
8.461663050797425
10.179405252070698
9.464206343067984
10.856126499999986
11.13924559799999
10.285148033070707
11.09173877099998
11.538342167999991
13.084977482999998
13.12756459199999
13.903699944999993
11.248173409999989
11.830326780999988
10.871850104999979
5.28512120820253
7.648911840797423
12.854379101999987
12.12938935099998
9.096542007405104
10.693168789999985
5.787273719799983
9.766046264717097
9.959839378271997
4.569103576699993
5.458567349199988
6.241486904899998
9.828998799070696
8.708194213898711
10.828030304999977
7.6103877502025385
10.804031528999984
8.409751171898707
7.820560681202551
7.787658894303817
5.23952087859486
5.5921483077974115
5.376630129999981
2.592027975499998
3.147203996299997
2.1045316039999924
3.87774557339999
1.2624814514
3.551074279797404
4.594101142899978
7.464491513101268
4.013813317899987
3.10378917849999
6.072073420696121
7.117747177101267
9.283070161405105
11.213523993999983
11.689759940999984
10.683986936999988
9.353989376863987
9.687936628795994
5.488396849099991
6.025290112303822
8.214969444203964
6.855333288599988
5.33207627719998
1.3531429608212044
2.956855186499984
6.06104169920254
4.690092205799994
2.2406061629999976
2.798448060599993
2.8792649306999953
3.9407840346999903
4.213952217101253
5.178711799599992
9.740216650415984
5.373353236399988
5.448528033399974
4.946863819899996
2.4061474502999927
2.3347970565999905
3.197510383599988
3.080387623599981
7.330897831696149
5.599559175099986
3.4919442306999975
3.443244657899989
1.6971373382999986
1.5740972518999987
1.5737829314999956
1.7496832457999973
1.5825055999999995
1.584991717499995
1.9766806198000004
2.762007731600002
2.390352194199998
2.7810826691000026
1.8111201660000023
3.0994564788999894
5.845153326405093
5.679647947696137
5.8029001281999895
4.315715573099996
3.772629989599999
3.8217537429999915
3.937453434800001
3.563940882899996
4.134542549099981
5.526163450599989
7.2621746979
2.3344634842000014
3.7599384643999936
7.4193884368987
6.99155517879741
5.938504338099991
5.016982232700002
3.5044749741000034
1.5696110671999939
3.7788457122999977
5.0721937316999925
3.8689780806999883
5.63460210720254
2.339995472699993
1.1562472196727964
2.3031908980999773
3.2896290069999954
2.6092485854999876
5.870721523999963
2.8244263427999914
6.52861667940509
5.9854732131999935
4.188097138999994
2.3157952209000006
1.6641226638999942
3.144939407299974
5.361244520599979
5.277634457399996
6.865621697999977
3.8051820098999865
4.218484352099988
1.128185912099183
1.0427770410659982
0.8839119266500011
0.888764200886399
2.9304659911999935
3.094953962699989
2.207994866899997
1.5276222777999944
1.6296970656999938
0.7197179299405093
2.0073766723999724
6.509463395696133
7.24132949679743
7.47882659149999
2.8530872695999876
4.240904640199989
5.727314508099984
6.0259813140999805
1.2409392608999985
0.9067553604067944
1.4802142746000018
1.033982502699999
1.5448861709999708
2.2673388228999656
0.9212422077200002
1.8701611434999768
6.4499059798999845
6.479960461399984
1.653402502399995
2.3536895034999845
2.3598992310000018
1.3651870742999903
3.3688401107999937
2.197740072599977
6.418245411696132
2.492691952499986
0.7630243150696128
4.064278999299977
7.91843912050638
8.591966532898708
2.3791690459999923
2.1290217742999915
2.348680319199987
5.419313107299996
2.997153897099989
7.893910685696144
3.6237606444999813
4.945419981399986
4.857010549899984
4.497167205799987
5.999490936299993
3.098988624599992
3.736270544399994
8.854081106727982
9.514621977135986
7.72626426540511
1.3953134398999985
3.472622247299964
8.056451600594862
6.102264105199998
5.096481240799997
5.971747413599985
5.619862527499984
1.6178859527999951
3.2185719787999942
7.462878330999987
8.073784336899998
8.796853652999985
1.5760181685999854
5.864999227898689
9.210802372696149
1.3784196792999994
4.198763651999979
9.523002996863987
9.33335188899998
9.523974412493603
7.435851396200004
9.287714711
8.331523144493591
8.041716545101268
10.359310896212143
11.55780798299999
9.142038349898716
5.879633451799986
10.440101892067988
9.887583872999981
7.820108242797409
9.259489414999983
3.5095056441999692
7.144450071696147
9.135505398727975
7.9635395004050995
9.743528211999983
11.024081965999981
7.72077980649358
6.947713432303823
8.887239820898708
11.01641723299999
7.0368066909999705
7.849484753405103
8.873672761493582
3.5651405959999796
5.702257115199985
6.176954266405099
5.615872914099987
5.896112655594859
9.357489456135987
7.687211680594868
4.702327011099985
7.682887190202532
1.762442088299986
2.3995352813999986
6.229809535199984
7.423678208898694
4.799968011499996
4.943278988599991
9.347678472905118
11.33658856499999
11.854676165999983
7.8149688979935785
7.7545251724051125
8.46301149750639
10.655024085999983
11.755071274999992
8.576811508135975
8.891486561594867
7.064086009199994
8.120895027202538
9.511365588271984
9.85502963879599
9.735892776339991
9.40795082399999
8.083048040800001
11.206457415999992
11.341052787999994
11.811940572
9.838637165797435
10.662054778999988
13.14163250899999
3.075211097699998
5.940747607405097
6.495962867699988
5.127114213594851
4.359866297899992
4.546873190299983
5.958675910899986
7.8556701446961466
6.612493064899982
3.6200966216999886
4.78216766199998
4.25817284550636
7.654529023696134
7.797025381506376
8.580990028405102
9.028162831101282
10.189199999999996
12.084883837999977
12.688329567999988
12.865833338999993
12.491826381999992
10.394527999999992
6.87311897739999
10.132634139999999
11.259967267999997
13.42223981316639
12.495561178999997
11.496611448839994
12.884017701999992
12.505595270999988
10.477288592999987
10.415631554999988
11.33210681299999
10.169064274727992
8.858787564067983
8.984659638999982
11.23045710299998
11.827116755999981
12.98839716799999
9.679241722067992
10.132049356067991
12.079831467999991
11.425809153999984
13.252960486999992
12.654568685999994
11.992173154000001
12.71050779299999
14.213694379999987
12.820422719999987
13.563044823999991
12.80951692399999
13.880581605999991
12.506961477999985
3.0727385146999944
7.938772726405109
6.268025103799991
11.523119410999993
13.789246540999994
11.85156600199999
11.740945733999993
12.98463551299999
13.003131946999993
13.035309963999993
10.82355882399999
8.874198216202553
10.024512310863988
12.390310814999996
13.935845104999983
14.443444761999993
14.071660502999986
13.500620643999987
11.94470975299999
12.740980153999995
14.146715449999991
11.527175968999988
9.733713502659988
11.198143664999984
11.50737556799999
8.57509256440511
11.19641707199999
13.649591083999988
13.14734034299999
13.150643412999994
13.23705071399999
10.181886430282868
9.466753070067991
8.412024662797432
8.652840493797434
10.93027203799999
10.766576645999992
10.896461223999996
13.094103992999996
11.02585649899999
10.705855550999985
11.687775261999988
12.718757293999989
12.406798765999987
12.96244033099999
13.949167888999995
14.192715133999993
10.99268194699999
10.720058466999994
12.31165119799999
11.782292179999992
13.831327379999989
7.692231144696145
6.659543131999971
10.86099959999997
8.739015086405107
8.506673706101273
7.888901170303826
6.949824777199988
5.296004867599988
5.684822994999985
6.400785052506376
5.722336508202531
7.4124355042025325
6.001731349199988
6.220651194803822
8.022021935999982
6.951207324202544
7.3921997069999765
9.125934657303828
8.697180628999977
11.015258024999987
9.728638363717106
12.251053872999991
11.427990366999985
10.854489632999995
10.125960980061121
10.519668741999995
9.182629202303833
8.997731732202551
10.681577190999993
10.352622298999988
8.382899293493585
10.349961413999987
10.53196908099998
9.532657743863988
4.506782717899986
7.168131431594839
6.771591659493583
2.557629177899997
8.90067893520255
3.5230242553999953
3.7100794311999974
5.610025346405089
8.224176939271969
7.569231108101263
5.687170529199987
6.734900502000006
5.160332981899987
8.377012687696146
10.35450077399999
7.614503544599992
6.925736080898704
8.90906382293198
5.428115122999991
2.942879275499985
5.236396136499994
1.7919932037000024
6.594214848303814
2.787691613799994
2.9020764449999965
3.9457910842999877
8.2732971527
7.353495725999995
4.825363392599994
1.7972568192000005
5.261973316999994
2.322838146999994
3.4537583878000033
1.3181529738999973
4.393185113499991
5.8850308166999845
5.355909924299983
6.568275714099989
3.6982924164
0.9076828272799992
1.0664707717929238
2.168646005199988
2.9855082274999685
3.046779305999976
3.7394697570999784
7.261056048599993
5.428296234099992
4.277156521599991
4.471634701499987
2.708412794499996
1.4081902968999904
2.9539447112999877
3.379959094199998
2.3803275055000004
2.01812742
1.4143565719999942
3.9478774322999763
6.342969711303821
3.671984182699994
3.3460807448999934
2.106987853999998
2.0376503509999977
1.892037577799997
3.1111095534999844
3.8602648574999963
5.804672787499986
8.538752632101264
7.337269961499992
5.829732928499988
7.488557102999989
5.57612283939999
3.4938149657999937
5.096051571699984
6.46015183559485
6.3693401824999905
3.707948274199997
2.002471342499999
1.9142760360999977
3.248325476099981
0.8242210066863975
1.3182221252000008
2.7740431182999816
3.04775756069999
2.0940781647000017
1.4525146484000024
1.885621601899991
2.3209023773
4.145828092999995
8.285234979135979
4.962686378506376
4.448727741999987
1.191900578399997
0.6750363856299987
3.761139881898678
2.1483648177999877
3.189727522299985
7.1766863769999825
6.330278710899986
5.552609396399993
5.451655357405092
8.93755659940511
7.5068269012025315
6.836697207594865
1.6376427383000007
5.544426153594849
5.331315493799992
6.901565954594859
7.431341166696148
7.142586669898708
7.501933267202539
8.081350057999982
7.522888795499993
2.046869856299992
5.049351101699994
1.1910037369
1.7221753966999986
0.701101290889998
1.6211569777999935
1.255203094292916
1.7328753844999956
2.2836201613999827
3.713705960099991
3.2017338073999912
4.24779367829999
6.005814234898699
5.9099374648999925
8.72776954799999
8.029816171303825
7.300538879405107
7.373328465303824
7.075289549303818
1.3022580489999949
3.0200539077999826
5.816749235499979
2.7519313750999967
5.35041678919999
1.2882739913999968
8.833942932067973
9.08297987820255
4.500046786499986
3.5500594771999987
3.3983151153999915
5.581637397799982
6.10818876039999
7.50610908510126
6.378287408399986
7.0165719971012654
6.857641363499992
5.401311555499988
4.689755670199994
2.4030027282999966
2.84204270319999
6.8887807891999895
7.5325135222999915
9.566600686717106
3.0919158248999934
5.324449143999972
3.7382390212999725
7.182924307303816
1.6405682403999917
3.3234369124999836
4.922245146199977
4.40482452849999
5.340008567799986
6.221408006303826
4.245461375399993
4.372921818499993
4.0461632583999965
4.864622640999989
7.255963934299987
7.2299397597974275
5.379201112399994
7.7046068389999895
10.552069402999988
11.252150910999987
9.281868240282854
9.713069663999988
6.723676487696125
6.614804511999979
6.2948692916961395
8.696257694999977
5.797239688099986
9.116544229067973
11.181059061999987
7.4613111098987
6.9639304854935835
5.686798042299981
5.785539233399989
3.442888688699993
2.019845005799993
3.409305277999984
8.182018244898714
11.061035756999985
4.830440245099994
4.8533249373999885
4.2867933425999984
4.437723734999984
5.132785813899986
5.676009782399988
5.990648162799991
4.783301393099991
4.170696020499994
9.08038531340511
9.309488555898712
10.532868548999993
5.043304190099993
6.10781481479742
7.957595048493595
8.853666955594871
8.456739746101272
11.913195714999993
9.769646035863985
5.507357824699985
9.411045062203986
10.191002059929268
10.695749256999992
11.079103373999988
13.35870515699999
10.699226198999993
7.273851901202551
10.087965632717108
10.977319455999991
8.901185908493593
9.990626650999996
11.801486428999995
11.732633570999988
12.061480872999992
11.12715689699999
13.639099865999997
11.489801954999983
10.633738256999983
11.663390105
10.693800208999985
10.849742368999989
8.80580040279743
11.376849012999987
10.013758209135991
8.07765965579743
8.954498179594875
9.851493885863997
11.421342760000002
10.45953103299183
9.476998501594872
11.697853724999986
12.032120115999989
11.063974000999988
9.657816163727992
9.801302691795987
11.19016353299999
12.459107825999986
13.206553213999992
9.88414015806799
7.521543637101271
9.199956985506402
13.980021244999989
13.50671191399999
12.519103893999988
