9.308280683898712
8.82456049649359
10.104139962858545
10.787115445999989
12.996927953999993
12.701803399999992
12.657005124999985
11.512400202999993
9.545934028727993
11.960970073999992
12.405124531999988
13.055596258999998
11.222945339999992
9.404427424717097
7.7101066665948625
10.161095078999985
11.185080562999987
9.097518217339983
7.578040666199991
10.988729323999994
10.041605035282869
11.032109575999996
9.160228997800003
13.330101789999997
11.762068310999997
10.547771033999993
14.360741584999994
13.669418404999991
9.996080790795986
13.324686879999996
13.661056811999993
13.56852881799999
13.770582560999987
13.71698570099999
12.395054566999992
7.224837940999992
9.19328933879598
11.291561381999987
9.227270040898711
11.398764571999997
11.499009549999984
8.718322549405105
9.506593695070688
7.5264994171012685
10.764055634000002
11.738439437999991
11.962094852999982
11.03118773799999
13.02213116799999
12.784645223999991
5.416048194899991
3.936063912999983
7.6034779434051085
10.248506397999988
12.972132863999995
9.946943373070706
7.757034364303829
8.94322693789871
11.252470109999996
13.658693366999996
11.084793928999991
9.361384797795994
10.068744361931993
11.081361814999992
10.97820882299999
11.393479744
13.127684986999991
13.173381688999992
12.871402296519989
13.903141775999991
14.388442129999994
11.68447495399999
11.487950319999992
9.604758154203987
10.417574517999993
12.88352787199999
8.112085787999987
8.756820529202543
9.47609542086399
8.915691447405113
9.467466444415988
7.892648182696154
11.328712089999994
11.515257903999991
11.777876751999992
10.836233652999983
9.826107905594876
9.556973016271984
14.402869228999991
10.032892057858549
9.911475610282864
9.181446861303831
11.076247216999988
10.805392505999986
9.534871430999985
11.09895219599998
12.06679349099999
9.716057145795995
9.866031944212143
9.835444215282855
8.837540100101268
8.804165637141415
8.638605499303832
8.155211480795966
3.7937173690999697
6.37724869540509
8.927203453101267
5.727723297101251
8.790695577999985
8.26477890930383
6.113290615799992
6.742088835099995
5.531071801799996
8.030198614493592
8.466657311999974
8.40908367159486
9.370768035898712
8.68054980930383
10.95357342399999
8.598094346594866
9.967101751787826
6.853917445405103
6.185127360499982
5.707326042199982
4.633892002899978
8.190454003898708
6.82877146759486
3.8329399108999738
4.947401167299994
4.370550309797404
10.04850968621214
11.182189776999985
9.14601215969615
7.693041722101253
7.39192256320254
8.094691882303824
9.311169740203985
8.31048691559486
1.440201988200002
1.3601477401999975
2.4186041411999937
2.7983187056999994
2.717501289400001
3.572582852199999
1.115900786886398
1.686858079499999
2.5712173247999948
2.641145533799987
3.393371571399979
3.931716668699987
3.459517636099988
1.7125836089999862
3.602891180399988
4.566653953600001
5.878128662099998
5.090163032499998
2.7301403655999916
2.1601536269999966
2.883595437599996
2.743975096100001
2.100159286499992
6.909216847202545
5.264873565699992
6.291242774999999
4.758826684599978
5.584003269999968
6.445431477405097
0.8400979208931963
3.0504572097999807
4.445774542202526
7.73103817899998
6.300600599699985
3.1406167464999957
2.5616235869999913
3.2108482863999996
4.058758142100004
2.7073805481000015
1.234497970599997
0.8468796775799998
2.5081117156999757
5.827490940899996
4.760120938101248
6.507115315199993
0.7312001805303826
2.5990500137000017
6.121541867101249
5.489586929299984
4.209456793199976
5.065038409399989
2.225350517299997
1.9314063018999947
4.104680807499976
4.399933535799994
6.1528382065
1.843948396299999
1.8052072158999974
2.040801850899987
6.788219399999967
5.607408854699986
5.4523588531012575
6.370610877999988
8.201250190696141
7.972547941599994
2.9519796677000008
4.815487728899983
6.871411520399992
6.5513054366999945
5.637968673699985
8.105170761101254
6.38075354459999
6.025764186101245
8.459415357999983
6.544832662999975
6.274620643599989
8.059603935202542
6.412363462797409
2.5844472121999846
3.901599523899984
5.34250972289869
3.780142839099995
2.183450129699997
1.6496634551999916
1.1987586410999949
1.7363021697999994
3.708765322899999
3.8489374328999824
5.78074117129998
4.314971635399996
7.555459149202548
7.69990608830383
3.287974682599992
0.7032761976202533
2.5040911834999755
1.1544727883991834
1.7247410140999837
2.0834197844999878
5.161267977898677
2.8540599471999832
1.8955244948999963
1.2284981551999994
0.7399741620999998
1.3146929552999878
2.5852979735999884
7.549697305299996
1.8359342620999861
2.1821346953999927
3.810910650599978
5.684359789999982
6.5523071654935805
6.096875761399985
3.437358985899976
2.723473628199981
5.754592114303806
6.285761047405098
5.218407420299988
8.571316772506385
9.808542974931985
10.22717302235359
9.597040139863994
4.852983077999998
4.505187634299991
5.013134283399993
1.7099445922999772
1.7597018660999817
2.1441040221999907
3.73987635959999
3.5868699782999913
6.821653584303819
6.4082445327974185
6.232950442499988
5.054875256303814
5.35164175109998
5.559226325999975
1.177152618399998
1.60101218719998
2.2855433196999795
4.697966181899982
0.8480385025999991
2.3151947066999856
2.0384714873999776
0.9778622518646167
7.173660301202541
7.403624604797415
6.120230474899992
5.768846940594855
6.770755894499995
7.875086964400001
8.058523684696151
10.199142713931995
10.939744341999988
8.911454295303825
11.55680075399999
11.74754575799999
7.107555767797424
7.114400843797423
7.367949751303824
7.049507928506382
4.302393856799989
6.531575099202527
6.406967362999985
7.363699999999987
6.058027851899983
7.2297555266999955
8.611191229202547
0.8143508118727942
9.914600723212146
10.301508098999987
9.678842350863992
10.21090814813599
8.143159907493585
2.061703219599986
1.8765804076999666
2.0264599944999873
7.338917645303815
9.631760411067987
6.144657258594858
4.558708769199983
2.865811045799986
8.1916131408987
9.173107725493594
8.96000111389871
11.353208443999986
12.38255085099999
9.352525799594881
8.39325555879743
8.367646409594867
6.152920785493568
6.423633880599985
3.160680329899982
5.171464712499991
4.616063651999985
6.5140305083999905
8.221781562797434
9.130311537135983
9.229779249727978
7.8426417282025485
8.702250260898715
8.799320300303837
10.86911129599999
9.35108035586399
11.067855890999988
12.530017087999996
12.977180608999992
10.08297179578783
9.266721560795986
10.729420995999982
9.238193014659982
8.41369117579742
12.260868482999989
10.573485874999992
10.678104035999986
11.594639754999989
13.647394832999996
10.603736538999994
7.054110592696149
10.122713697999982
12.41993389134719
10.508730030646385
10.76883161799999
7.590564456199993
10.529459710999992
11.56942535999999
12.18043021399999
12.413005071999992
9.870805110141426
8.619412963898709
9.329031831282855
8.991745710858533
9.437268327303832
8.386427239999986
8.331471917696142
5.531084402499988
6.6733095015999915
7.584580502303826
6.421955386405099
9.806877317863988
12.215926508993588
13.049051560999988
8.74437462620255
8.82245286099999
8.186447969101268
8.694476815797424
13.216575985999992
9.616775779795988
9.047381375101272
9.377804048202556
11.971780105999992
11.412420083999995
12.201260987999987
12.163629793999986
11.91121260999999
11.963017470999986
12.18123406399999
10.79558973399999
11.274884807999992
11.76687824199999
12.617485445999987
11.528233741999992
12.61130132748639
7.624582354696149
4.623940454099993
9.129795634506394
8.007995225499995
9.696952525203995
11.663651565999992
12.08043042099999
10.922997468999993
11.132567324999993
11.99320520599999
11.34663196999999
9.664030699135994
11.853156176999994
8.50435163120255
9.427712686135989
9.612045674067986
9.89441533806799
10.79196107499999
10.267843973999993
11.265727871999992
9.133224127202547
10.205436867999989
9.176457357797428
8.827778124999986
9.88701936493199
10.288375059999998
10.053870810986398
10.661799740999985
10.876296879999988
10.034106709212146
8.95022164459487
10.669613875999994
9.666254215999986
9.415752841207986
4.7970126220999845
8.738588713103972
9.124070996067973
10.277140847858526
11.06656911599999
10.362875537070709
13.00981010999999
11.283671715999997
9.11619245449359
6.344172437999991
7.935586781303828
6.921207337999989
9.807287809863986
8.139233502202547
10.614440502999987
9.49460428306799
8.621392584202548
9.536834603931986
9.284339100561581
8.974348834202555
7.049023939499989
7.612054008506375
10.1414085557171
9.684864938271994
8.096093156405109
7.184239910899988
6.7137440108999895
5.807235781900002
7.611739706399994
8.807159789999982
7.148795320099994
8.238653848303821
8.859962918101262
9.193078228797432
7.376419825696143
7.135459435999988
9.570247720303836
12.538331009999979
11.50116381683359
2.247747404499991
7.73391763920253
9.360809800795982
11.83676650199999
9.334711393795974
10.177807145787822
3.54448479769999
3.9576830840999917
4.1923315978999955
2.411161576799993
3.367929650899976
2.6787516555999886
4.773147157299985
7.039910317999987
2.583551380899993
3.114150508099973
2.7982006545999907
4.133088496399996
1.3642018050999976
3.7058967177999977
3.231579017599985
5.052298281899984
8.158040345797424
9.207001663202554
8.4290713089
6.406284434500005
7.638743899499994
9.014602021797428
10.424680907999987
5.757024452199987
3.3764641541000033
3.541874903899974
4.102229806499992
6.719949438506386
5.600485421799983
3.5419348723999793
6.166561082499999
3.2348534987999984
2.1722659194999903
3.860236431899986
3.201307420299993
2.4975044707999925
2.324264651499997
2.0094250885000005
2.888375689700001
3.542549276699983
8.059275346405105
7.70540378569615
1.3679133239999925
1.7905261809999884
3.9341054412999927
1.521987606799999
0.45218281136000094
2.0971355422999998
1.6254599227999975
1.1806416367000006
0.8043453309100022
1.5228972488000019
2.0401331313999957
5.025551711999968
6.845940808099986
4.689019128399994
3.3626045730999947
5.363660609399983
8.99881328120255
8.073283425898703
8.304086685202542
5.974652825899996
5.426807078599979
7.626927571101264
5.290872111499991
7.047664128099997
8.531680879202554
1.649738865699999
2.4974495315999774
3.424954450999996
4.530679374699998
0.9560616410099844
0.49387941771000055
1.8680265381000012
3.580548916599986
6.189044787599985
8.917275678999994
7.8315890578999925
2.7989651641999926
1.7662961837999889
8.626093655271974
6.478645098899984
6.7866140075948564
8.299270977797432
1.5340275481999956
1.588322048999999
3.938717617799999
1.5025834548999952
1.446259519999995
1.9515136275999865
2.419854264799991
2.4621692916999827
4.401302993799993
2.412539504999991
1.0702659980863958
1.7911006270999996
1.0465031681999981
0.7982268777800007
1.8348504242000003
3.1313504989999794
6.49657116239999
1.5100690154999987
3.0932029952999835
7.3931891464051045
8.069472250405099
8.504895825202546
8.002422651696147
8.189168359405093
8.943062028493586
9.094757296797429
2.226060475199996
2.6716590285999753
2.7475932540999883
1.9191984618999922
1.7609316451999937
3.4357048858999906
5.800245072899993
6.879840919506379
6.349972521999972
6.620570623797415
6.533597308303824
5.818160177599983
8.562696363863973
5.072075462299983
3.332215064999993
4.249631169099982
6.279766070599992
4.710021990999996
2.222276672399988
3.0744469542999884
3.9656959670999843
3.2897173522999865
4.084804565399997
3.6582281127999763
2.9578282958999957
5.375061079405095
7.033432148696137
6.824394258101254
9.394609658863983
6.956799542202545
2.09964277649999
4.149667069999978
3.0737273437999817
1.3260423439999998
1.494531634499987
2.4870231780999945
3.942435406499994
1.6720203658999973
1.3450461577999933
2.39243380579999
4.922782350199982
5.4114151656961385
5.612257855202534
5.792157440202534
4.043045631399977
4.393163760399987
1.114180199999993
2.0151904418999833
1.5200226699999928
0.7877903612100025
0.8230332724599992
1.3416888198999988
1.7394379088999887
6.916058508303822
10.151077777070707
2.7595946564000005
0.5773349546400008
1.2741601973999983
8.240955219999991
8.501180046101263
4.970191006499983
7.457209207202545
7.211673565699994
5.46337297669999
4.699998829699997
6.628267193594861
7.707345956398706
6.2649593398999945
0.9802086709000007
3.177263645899981
5.084511383099992
2.0549286498999884
3.6919052840999824
7.764493012999986
9.38069365393198
9.944968687282863
7.60720003199998
10.925879137999987
7.57148057249359
0.7509597991899984
3.510177233899981
4.5290627028999815
5.03362092439999
3.8562031249999813
4.017101158099982
3.8136380691999765
4.070011929299977
8.11595630489871
9.534582751339991
10.18649506685855
11.697219300999992
7.717322460899995
11.113609449999997
8.749870164506397
10.270955987999988
11.331867171999994
7.100656773405102
1.3471125805929176
4.19109732669999
6.604111236599989
4.651387290999989
4.145727316299985
6.00409249269999
7.350803744499993
6.113685499599993
6.456560674999987
6.820856112702545
9.37599463183998
9.86998907162959
9.787585011212144
9.341827769339982
8.994128930629582
11.31925761999999
2.1645909835999837
4.690361491405086
11.627470402999988
9.358985623202559
11.395860416999986
11.528275777999989
9.984801354999988
11.017682027999989
10.512369489999992
10.501223258999993
11.305932673999994
11.976798365999993
11.545409855999988
10.84325308499999
10.568355060999997
11.388105366999989
9.61475525506799
9.698121862797437
8.375936239600003
11.766089298999995
9.951928509646379
9.918510032787824
9.44221679693199
9.625875630135992
8.56532414859487
6.863169723499992
8.518758224499994
10.347506922479987
9.82886606599999
9.666666868727988
7.251675094599996
6.487576434303824
7.974908125303828
10.704244361999994
11.81238162499999
10.195585717858544
10.229595871986396
9.77377918399999
9.787172882067988
8.579045942702544
9.798782308833587
9.457787596067988
7.141584692399992
8.626476821898711
9.144015431202554
11.123416289999993
12.457135708999994
11.64704193999999
12.205316897999992
12.884532862999988
9.886958930999995
10.980217754999995
11.130709392999991
9.818817994702556
11.331177462486398
10.829147198513594
12.362411866999993
12.002734205479992
8.475907937594872
7.704527488699999
9.202538714594878
10.99623353399999
8.938985652202549
7.379251268000003
5.078341352799985
8.067171586599997
6.303579859899994
7.1194698914000005
10.293622046989123
7.868207444797405
4.870297714202526
7.495722239699999
9.054850268594869
9.22440513610127
10.56696512099999
11.566572165999991
11.531650202999995
11.879448386999986
13.011939098999992
10.36214307699999
10.583438186999992
10.762779093999985
9.64593550413599
12.982383211999995
11.610441063999986
11.657822463999988
7.845107475299995
8.256450813299997
8.458456416303822
6.374720982399992
9.659515994303835
7.1464975127999875
6.633495106493585
9.729988386659993
8.739151287797428
7.628814457696147
11.648138770999987
7.746475396699993
12.989219707999993
10.023556301929263
8.820215963696146
9.95572909535359
10.98699230499999
8.634680262797431
8.307298071297431
8.684200851405112
8.689663760405107
9.94779579614143
9.596622831795994
6.726707492099991
7.435941273506387
9.953029161070711
8.923109036303835
11.067349062999986
11.573140701159984
10.340658851486394
8.008430740405105
10.376174720999991
11.402714422999994
12.108816105999992
9.668101730203984
10.939043880999998
8.747853034999986
8.587188938895974
7.741139150999985
7.843768627898711
7.16019269559486
8.017891342202535
7.6070591904051055
5.770741725202509
3.50380326229999
3.672873008699985
5.913634318499986
7.464994686898708
9.116326174898711
10.075360596994564
8.414063249202554
10.239645067999996
11.63918839299999
8.453355575601266
7.697510972594848
7.689596040303815
3.677680265799982
4.022762066699973
4.718924902299983
3.565286936999979
10.132279426652785
10.895569573999994
8.991407228101275
8.294605184898714
7.399353247101266
9.143127152999993
6.991630250499993
6.5193884322999835
5.301600730899989
1.8871117614999975
2.9565184279999928
5.486881654399996
4.7714722854999865
11.71806608599999
9.175594250506384
6.181246957405102
6.8577558075063845
8.295885334797427
7.173380230699992
5.6036829329999875
4.672558471699997
3.8339937438999847
6.394425389101253
5.834331872599986
8.981541221727982
4.883934309399992
2.771769549599991
0.6192413938500004
2.052785809300002
1.1344408141999989
2.0358472213999743
2.707293281599986
2.545506217999981
3.8996421645999804
2.050539697299993
0.7976973897899992
1.9482243773999846
2.5856635177999743
2.581467819199981
2.555767869599988
2.487556182899999
2.1199809997999988
2.4645343810999902
3.354462489299986
1.444360349999997
0.9559014972795953
2.2882369323999883
1.7396829650999877
1.8405507355000001
0.6547228986700004
1.1700762489203935
1.3775543990999997
1.2533077895999962
5.162208987399987
4.00314866029999
2.8916964904999762
1.8369676970999986
2.2670808685000012
3.0021735809
0.8455726032299993
1.1234889633
4.895449311799975
5.754099819899992
4.438749659699982
2.9079133300999964
1.9476446319999925
2.9620820586999974
2.276873883099988
3.2443489380000052
2.6218249312999977
2.4336941466999966
1.062814524000802
2.762594422899974
1.7747490142999993
3.4307601990000025
5.759106954999993
2.5922295746
1.5341277938999944
2.6810592925999974
2.514639059399997
5.372229763797418
8.918142025797426
7.606960316506384
7.833638882405101
6.223817019699989
5.821897199999988
6.888203716999981
7.00278049320255
5.989606469699988
5.490988862599994
6.823779658493572
5.976390577696138
1.4160299132999936
2.198597717299995
3.6593633407999837
5.013666641199996
6.614616278099988
1.1907227088929229
1.4101380523999885
5.265554959099975
2.5810820586999936
2.5764699904999904
2.391093507399999
2.454213691699974
3.5418945235999804
1.0540668708858514
1.6484484924000018
1.7865661530000014
1.4284053298999988
2.2468394332999773
2.6940098281999942
2.8310130919999903
2.9618142028999968
3.8311295073999854
4.955795347599976
4.688747633399986
3.082336341899996
2.1236749282999874
4.631567098999962
2.79359363249999
4.783487094099977
5.808067964202531
5.736132517999967
5.68079307710124
3.607958985899991
6.582885272202542
1.0719991857646354
1.6823923035000026
3.375469038399983
8.55934174649358
8.723598014797432
8.163957368506383
8.027557499696139
7.431634684797418
7.325902822898701
6.595045136999982
5.967589311199988
7.65675877989871
10.00863556813599
9.286204383931983
9.869300147999988
9.081541419999988
2.4107728927999954
1.7590081740999828
8.087818260202539
8.612083491493589
9.108328868067982
9.378912918067977
9.100917613202547
8.631173364303839
9.334117364493599
5.879820721399993
1.631181399499991
1.396206285099994
8.23640438230382
9.25386864006798
1.840672407499998
1.6641576934999966
3.7222668456999912
3.5384378448000007
3.1271262755999865
5.7969911056999885
3.8113762984999924
7.122719491594859
8.68673282320255
10.485768090999988
5.284056686399991
1.2866871428999997
3.4379163878999734
2.0504380034999956
1.1762512569271966
6.6141735213987
7.732301156594861
5.742785201999991
6.360477603101267
9.538709680141421
4.621992521699996
6.800940649405105
5.673367277499989
6.341567913799989
7.243755363499994
9.05392722469615
7.206856191999995
7.254206074499996
8.91121507420255
3.2644814269999967
4.905093034399985
2.749178771999992
4.5882917830999785
7.997899363696139
8.77547626799998
9.557167433196161
7.535240895099992
6.276929371599996
10.425399854999997
12.253120043999992
11.692813886999987
10.556446929999979
9.687001444999993
8.230222059594858
3.884479354899977
5.67627558749998
2.162316291799987
7.768737725791971
11.656561289999996
11.212019913999976
10.362660319999984
12.72726032299999
11.87385637499999
10.732762627999994
8.486474478101268
13.564755157000004
7.86714317779743
8.076616087303822
5.106394702099995
2.6185826491999973
2.7450176345999853
10.17005618728286
8.258396281399996
7.999907487506384
10.132711925999994
10.75679922199999
10.311621779999992
9.241199487203986
12.883618218999992
13.268823488999999
12.836281382999994
11.551533172999987
11.882866181999992
11.776749741
13.70697869699999
13.874934760999988
13.63143927599999
13.280397324999994
13.192062699999987
14.259940598999998
13.434677796999992
8.52326646579742
6.0910684905999855
9.050784568797432
8.795553916898712
6.469208030699984
7.429257510405112
8.344441670202547
6.997227119405103
10.231104081999993
9.54578422240511
10.01632871564639
11.655182152999993
12.177161921999993
9.872370536863992
8.750023500101262
10.032868458717113
10.71139843399999
7.03149460599999
7.820340123000002
5.287125422699986
6.777605992101266
9.201912551898719
8.935416470303826
8.401446661405108
5.9235081527999895
8.619173242202555
12.146627356999977
11.429583732999983
11.919648704999991
12.675040418999993
11.993476388999998
11.125511988999989
14.089278054999992
9.705223170353586
7.230561367799993
7.511968893399999
10.152884005999987
13.388737703999984
14.024225654999986
10.74790277699999
8.696337838696152
7.318716033898705
8.637677299506386
10.09193128499728
9.293184602405114
14.389927572999996
10.598348986999984
11.86142529799999
8.973631715405114
13.932504812999992
14.513050460999988
12.564795589999985
7.5570051787974295
7.264148345899998
11.929560457999994
10.056806126282867
10.770203870999978
13.334349195999991
13.007906513999993
14.023342919999997
12.845887809999985
12.05961902899999
10.062747935339988
10.06689754199999
10.17020850099999
9.85366291199999
9.152315612797432
10.47399567999999
12.428637708999993
11.481039591999997
10.393209224999982
12.374422298999988
12.394820170999992
11.167482796999993
10.50535363799999
9.80953752293199
11.235190107999987
13.103417203
13.415543408000001
13.35701558399999
13.114157006999989
8.903999345405104
5.167360775800002
6.6173855713
3.568726306199988
5.415465061999989
7.590759684797439
11.918749068999988
12.527659080999978
13.974074309999988
11.931142699999995
11.183741611999992
7.923337837202557
10.129358915787831
11.290137372000002
13.582568715999983
8.384231854202547
10.57444316099999
13.202801406999983
10.812535178999982
5.722518545499994
7.097419370999991
5.525436393699985
9.392412792999984
6.779520844999994
7.229030062898693
8.076526965303827
10.716784795999986
7.452955601493566
9.602414141863978
10.774031809999986
10.238341320999988
9.270713439898707
9.886736914070703
9.622227369787828
11.018977489
9.72744495835358
11.948540970999987
7.8969782134935835
8.974277891659982
12.477122631999983
9.670158529787825
8.48845754550639
7.993462605303829
5.32918827209999
6.779025785799992
9.081843534898722
7.583807931493582
9.125088204999997
12.295296479999983
12.046204667999989
7.57919868159486
10.772075162999991
9.525531407135995
12.593953908999984
10.29779811399999
9.02657158659487
10.218289989999993
11.070723218999987
10.135244767863995
6.395195867899983
8.250047018271962
3.1243427382999895
5.431207253999997
5.578045834399994
7.178282281499994
9.88705478514143
8.019606104999998
6.742421641493585
8.507528639202537
5.349790313699989
1.400033404499997
1.559505128500001
4.825833679202534
4.740214930699996
2.7503800902999886
2.9616997954999866
2.939008413699996
4.29609340059999
7.920158547999979
9.791105644141425
10.476414832999986
10.521274582999983
5.822804516594859
2.9064083816999897
3.058607754499966
5.319100411999993
5.124344270299989
10.054902001999972
10.111432740858532
1.0646424051203953
1.521208273299982
4.805965202303802
6.389729893500002
4.898651107799982
7.463155190999979
8.229875950594856
8.893287529000002
7.5431660262999936
5.428380808999993
2.937631462099982
7.720930200202546
1.9056526566
1.616611442000273
1.8098222793999983
6.938010758999987
2.1330710998999924
1.5487221404999858
0.8550346028212129
1.3966506331282755
1.4138781051999725
1.6161298247999871
1.9557744185999997
5.236050486797414
6.35210228730382
5.077770857199988
5.767240496797419
5.783894312999977
8.36884972530383
3.728076443499996
2.055449427799997
2.390578243999977
3.5176693847999854
4.494508059699982
5.81398966219999
5.789541799898694
7.336247886699988
7.629453773506385
1.1094700897000005
4.2538951827974065
6.111901011699989
8.06914352110127
7.186128469797425
0.7039144620898703
1.2588502486999955
1.6131762023999952
4.411865574599997
1.7148827712999901
1.6638611403999872
1.4531947082999948
1.1245315696787792
1.1963648260997288
4.067881159999977
6.163583230594861
9.396050012135982
9.427951466271988
7.0660466018999895
5.914893916299983
2.4082816268999827
2.413828794899984
2.732370361299989
4.256149749799976
2.2580239119999823
4.139572357199971
7.3026130142025325
7.97347012179743
1.6430100326999983
0.7867509976271949
0.9753832970733122
4.265617173799975
5.282747984299982
6.787457374594862
8.546626315303822
7.811855517594864
10.463583205999992
4.082579887399981
7.141678907797419
6.794684742699988
1.7506103637999948
6.908426658594856
2.0727129912999844
2.8042904952999903
4.530553362999978
3.998068186999974
5.680248480199984
4.988355775499992
4.930162853999994
4.795886203000001
4.227509040799991
3.838070574999995
8.412092048727969
7.5859357955948665
8.801337136797427
4.6723662781012445
6.180849644499987
3.7513195220999838
4.6507853287
5.644081207299976
6.990461039700001
7.6713199828987095
9.173068572999982
10.279232162353587
8.371037622101264
9.740676037717101
10.140507031141427
8.192582833898708
9.405386537135982
11.18799325999999
8.230676296999983
6.4206776442999915
9.988530682282871
6.917649314899995
8.764696455405113
4.248283256499985
8.853675588999986
7.178673422202545
7.024781449899989
7.357031011999984
7.584646427900004
9.928741802999987
11.967140059999993
9.245281878795987
5.6992579146961315
6.400960568199987
1.3063464004999983
3.2709004256999754
6.666985331696125
9.968209483212142
11.378157851999985
9.606532319717108
9.92901760264639
9.033346137999978
7.115895790101266
7.653522105399993
8.325817085303829
7.418471879600004
7.067778709400006
9.023384104900003
11.638945627999988
9.130122535795989
12.444706645
10.679004754999982
9.572648974727988
9.057299882493588
9.451808531135976
6.590165022299998
9.739321681135973
10.457881199999981
9.118512513696148
6.227816220099993
6.679266412399995
10.977152312999984
13.21967984499999
7.510215307594863
4.9562382277999815
11.572727761999985
8.746236964405101
6.793894573999987
8.267019219999995
9.782401469282865
10.366700103999992
10.448635581999989
9.830260626141428
10.474113872999984
12.58036366999997
7.100120330797419
7.755169270303829
8.769591789202558
10.282374005070706
4.990578610202515
10.445444712999988
9.24627583159488
10.060404055863994
11.150039191999994
8.983658845493588
6.812484078999981
7.436115360999984
10.174589962858533
8.123214976499995
7.4414984939999895
7.91133575131197
8.878953489696148
5.534301388499992
10.89047188699998
7.085254402199991
9.204181578101272
8.951731323202551
8.026868997199992
8.38257655179743
7.911317553696144
11.996788306999985
10.045412441999988
9.863242251727991
9.763638879271994
10.140993530212144
11.03188341199999
10.153421918991834
9.368935931405113
9.745939701863987
10.568873166999992
11.098427738999991
12.58428810699999
12.940005705
12.736463196999988
12.78153643199999
12.632428037999993
12.91610594799999
12.941852480999987
12.766641070999995
11.541729751999991
12.235854695000002
10.246040749010879
11.091894245999983
10.204618523010875
10.420565662997271
11.145164865000002
11.203958411999988
14.19725376399999
10.820905729999984
12.762861001999992
13.27053587299998
12.541398224999991
10.129567857271992
11.683316898999992
10.822429397999992
11.331710734999994
12.557383597999992
13.09478103299999
11.68947990599999
10.80222307999999
11.966535557999991
10.464268064999994
12.44949289399999
12.614664803999995
10.358509171999993
10.588422112999993
7.089007701099997
6.377601806599993
12.298652746999995
11.990508828999998
10.078079562282873
11.930824711999996
11.105933036999991
13.63797951799999
11.20062151299999
8.522316052202546
8.182510290493589
11.93358034399999
9.349987713594873
11.739925727999996
12.890610297999993
12.462204062999989
11.779437160999993
11.512349317999988
10.525850971999992
9.365912777696158
10.598556619513595
12.136693030999988
10.92991723299999
9.250486413594873
8.512110674999994
8.183464834594874
6.1945245711999934
6.590105453499991
7.970915464799994
6.468912710599985
10.98958676899999
9.773647850000003
13.262409780999988
10.498362798999993
9.226027647405111
9.845010057067991
10.96674754799999
9.908944837999991
9.562471113594876
9.950568733135999
9.823724783203994
11.186794752999997
12.015067951999988
12.619388099999991
11.652388994999995
12.261276806999994
10.902369288999985
10.057736016863995
9.926475675999988
8.40750888979743
7.6659984314159715
7.974996397405107
4.17081084589997
4.251312152099986
6.270106402599989
5.1286446364999865
5.037261677599997
6.713858308399996
7.096048324600001
8.783945231594881
10.981638597159998
10.875614234652792
10.478435372652791
9.440637463438389
9.137889140203987
9.619534892303836
10.549486954999992
8.553785885599996
5.960665956099995
9.006697599797434
8.242570349101264
9.994176087999989
10.37904653599999
6.877990797405105
6.972490498405104
7.091634606898705
5.61636712799998
6.066945721399991
6.5641250214
9.134807792795984
6.362626292399991
4.372642146299989
6.857473205600005
12.028392252999994
6.753229835499989
6.235465617399983
5.598939918499991
2.8011810759999904
2.7806193985000003
2.541534060699994
4.952175628699992
4.417100369299999
8.497709283405102
5.263079562400001
2.490239302099991
3.901021989399977
6.203955526699986
6.142076857000001
3.42543966979998
4.692483108499989
3.22450311889998
1.0123621615271965
1.142335270113591
1.8828360213999924
2.4843772094999914
2.8128821228000023
3.6709095900999995
2.6951575347999928
4.594654553199984
2.9581037917999824
3.1432416961999774
3.5172626037999817
4.951062239099985
5.629219741799991
7.094895710799989
4.374536326599996
1.2131330749999887
4.058833143599981
4.9362580017
3.4777895827999994
1.681619879199998
1.6482165664999973
2.8193185028000003
3.8192777404999907
3.9459411040999863
1.497817421000001
2.506277038599995
2.0541761138999988
3.4571494369999924
2.6782211608999877
3.115863439899995
2.3741018691999884
1.6196539124000022
4.587488246199977
2.9806680983999945
3.8583246993999967
4.027661363199993
6.409250872797423
4.463667890899991
3.202372991899987
3.096686854599997
2.5239981766000006
2.3588881194999973
1.6132601669211866
3.3803574249000006
1.231780241901203
0.8752422573100012
0.7694740383067966
0.835183628573311
1.470243807999986
3.2848741103999837
4.939099104299987
5.951453683506375
6.586526579303823
7.011821427899995
7.733683859299997
0.9603148155141333
2.6421654921999673
3.0728965255999805
4.983969346599982
3.9585302657999977
2.525413328599995
2.3272751830999985
3.721850637799998
3.176407412699996
1.9215688750999993
2.9932080123999825
4.6314474486999755
6.950943902594867
4.704901483199993
4.099321064799993
4.587007919299982
4.966371159405093
7.01760734859486
4.770395075999991
1.705588287399998
2.1740795455999975
1.742911689800001
0.6971808544199998
1.502782145700006
2.2783272643999912
1.980453698699988
1.8925035033999984
1.321219254199727
1.256164709000001
1.6907410125999869
1.796958807399998
1.0449657878929097
1.075933404499998
3.5899963088999782
8.965915623506392
8.214394398506391
7.7444407394051105
4.689188845799988
6.107267430101259
4.661983923299992
3.793871240199994
3.0195340209999917
7.210742129493589
6.299045864899991
9.603374488863984
9.174737292506391
8.294986532594866
7.886102969405105
4.915524145499992
2.2400998001000025
1.666518910199987
2.912705912799968
4.548805548099974
4.626531689499993
1.421168122899999
2.953256498699986
5.493151440399992
4.1203105651999925
5.338184818999982
8.734351576202547
7.857352999898703
2.8117665694999885
4.29465463709999
7.4053053481999935
5.0216630553999995
6.578826632699991
8.061311595202547
9.323609786999993
3.956908857699993
1.4983672592000006
4.154046141099981
5.996216569499989
7.147382708696144
7.67603043979743
3.9220953734999835
2.713212354999982
5.915990643303818
5.395258898899984
3.4531844603999846
4.884835041799983
7.324378405797415
9.838070220929271
5.662630667099988
7.084855291696145
5.389630877696135
3.9385748580999906
6.453668420405084
4.2795643372
7.110765515099994
8.825852218594866
7.436069314599991
4.225604238899984
5.985763258399986
8.938115150506388
7.000848306299988
7.529864126594869
7.682762264999994
7.319345654303822
5.677462596099982
3.299444813499991
4.71688261719998
6.030994164999986
8.131075361594865
3.087382543899989
7.906417199696131
5.016693232699974
3.7535442183999708
5.155215014599991
7.202839448493584
4.293699153099989
0.707055922699999
1.9829362212999995
7.513098654202545
6.75904889369614
10.525658133999993
5.969863989299985
1.6534837112000014
6.779350801101262
4.008385838299995
4.797894695999995
2.4261520553999936
1.9149963576999947
3.777452094999993
3.2915983382999907
9.153777540594875
10.257398944070706
10.038909117067995
8.973957841506389
7.714455708299999
4.708768862899991
0.8396692543999946
1.5553115554999886
4.54839854739998
8.271715849303828
7.207062666303817
6.60791817929999
6.809688963299995
7.088523014799993
3.3410956252999737
5.30980766599998
6.587199082898689
7.261679305999986
7.863599972500006
9.541260674999993
7.6016882628986995
5.668403883399991
7.182844094797429
7.699532636999979
6.396884216299988
2.3004237869
3.5670693343999855
10.64631666699999
8.853522114594867
7.12662987520254
5.24419538269998
7.119495487999989
4.707615090899998
5.101598010299988
8.683943427999983
11.18824574099999
10.611705969166396
11.410803422999987
11.633936616999991
9.964874252203991
8.962136865202556
10.909011228999988
12.64745208099999
11.885667278999989
13.372425223999992
12.118018552999986
11.355221247999994
13.20288399199999
9.588113499506397
10.852306652999994
13.093212151999992
11.95015378399999
13.017308022999982
13.557373394999994
10.306057151999989
8.279640159594875
12.249045049993587
8.339226209999996
6.127134979200002
4.090796476699997
5.466617993199994
7.624735006699996
10.492881815999992
12.962817937999992
9.855223632797436
8.496217921405119
12.394560283999986
11.183316526999992
12.251790287999992
11.898724277999994
10.89445971999999
10.391324943999997
8.4826340897
11.033271509999988
11.008612716999991
9.204257194493593
8.977971003696158
11.245835739000002
9.982069192659988
11.617658794999993
11.900834202999993
11.384305539999993
10.028612918070712
10.511163337999992
10.601941189999993
13.540014338999999
12.563906768999987
12.192904725999986
12.960906003999995
12.909415775999994
11.99192483499999
11.59488371899999
11.975758072999989
11.315940030999995
10.874395479999992
10.98029626899999
11.651156078999987
9.934684367271995
10.994699151999985
10.054013381999992
9.310828216727986
10.23894222301088
10.319069843999985
12.45920742999999
7.28070235599999
9.155814845303828
10.898678200999989
8.01054291530383
8.838815402202556
10.014946223282873
12.439498266999992
13.02976044299999
10.049023879999991
9.43895799572799
9.219430815101271
6.898342100499997
9.252857261696155
8.093403350800001
10.315490331999994
8.114812571696152
8.171261296101273
11.509549093999992
10.43141078599999
8.100804373202553
7.6854523331012645
8.797811839303833
8.185069567898706
9.902831314067994
8.360987144506387
8.983982661405113
8.943150703405113
9.460433731067985
9.364935700999997
10.142234415999994
11.898350846999996
9.545928958067991
9.715353781101276
8.71807215279598
9.71598046106799
10.270795386999996
12.389584395999988
12.452609437999993
8.487809097303835
7.6240260711999905
9.648166770929246
8.087710055493591
9.065295800797427
10.32295217599999
10.318734377999988
9.108526762405113
5.858921726999981
5.165047627303817
8.966139266999985
6.542606613199999
9.80317600265999
3.962562216199999
7.2227973984051
7.608537101696149
11.958306998993592
4.809720980799987
5.954038706999975
6.820782713299987
9.664937681594884
10.582790433999993
9.593912652594877
8.030231048594871
9.485203965797444
9.553161405898718
5.361125505099991
8.226219604506392
7.837246693405111
9.234228617898713
8.738236010696147
8.682070191999992
9.730353907858547
8.970739242594865
10.085164685067989
8.318401809696152
8.388868853797423
10.668478576999991
10.552297800999991
6.899236456299996
5.694658836399996
6.773033618199993
6.230299920699993
10.502945650999992
8.961379385405118
7.265675567599997
9.731778478999994
6.643026319898702
9.00770958265998
10.302452440999994
9.162436604303837
10.167477039999994
8.627725279202547
4.2644252822999915
3.981136044299987
3.528869760100005
3.658634443700002
6.996589500399994
6.680333241300002
3.0649213561999797
3.4341098266999746
5.030072630299976
6.962535150099989
1.4242845168999985
3.007995080600001
7.666030593898699
10.014816622929263
9.533340151999983
9.462860569797435
7.9370612136961505
4.180008541899991
7.423280689999994
6.719713709999991
6.53519077909999
7.189537766999978
6.844309001199991
6.335130503799989
6.016262040699984
5.797074659699987
4.624782783499982
4.969118221999991
6.077668484499986
7.280237486299992
5.058557447799987
6.528257214399988
5.5958040816999945
1.6485702727999965
3.4914808333999896
1.8859649962999998
3.300021585099994
3.8833050689999924
2.7649739165999927
4.494232557699979
6.853328521699993
4.442440814199992
2.879126400799994
4.60420163419998
0.7102605691000009
1.1868662567996016
0.6188473451600005
2.3742177901999795
2.0889815262
2.5706150299000003
3.899269981399986
5.575676397699988
5.980604489101259
4.771766725199976
6.964058941696146
3.4255212447999894
2.241632469199993
4.134263444499988
4.274614416499987
2.000670646699999
1.189723611499993
0.5095367951399984
3.1606142028999935
5.7045044646999905
1.7613502471999958
1.7707084717000021
4.15133996279999
4.163796050999985
4.600987884499986
4.309684046899987
6.006954960594849
6.156963453699984
4.183750872799991
4.535687934899991
3.5535100905999975
2.7145677855999955
2.5248692016999903
2.0681423919999986
2.2114256377999824
4.435226232899985
6.810370927405103
5.848377557399986
0.9637127713207978
1.0575343603070688
4.342012660199982
6.730755471797424
6.51396159669614
5.817016795299987
5.617122395299983
5.680969351199985
2.448447801199996
2.314761491399995
5.372029258699983
7.061249734506373
4.103881629899999
2.014304038999998
2.003850530999982
2.9081136748999796
6.647531388898701
6.841633386199998
6.960567997700001
7.960285201999989
9.96176287993199
5.03904289859999
3.43256573789999
4.763207708699991
3.8543328063999884
5.920506233202546
7.956170585594871
7.70842494050638
8.317760005202553
8.27101233369614
8.695900257898705
6.2141319579999825
2.345215302999982
7.304116178898691
6.463596090696142
7.393453726202536
11.199721955999987
8.358339195303829
8.534818768303836
9.453445693999994
6.318673843399983
4.938333137493569
6.680749729898699
10.667033596999985
10.271971539212148
6.7953299164051
10.17093326714143
7.656470143101269
7.2779468047974225
7.706430773898709
6.552403955099988
8.979116252067978
9.328283047339974
8.94825266720255
9.035431758101268
5.270553028899989
2.4382658462999878
5.03350294799998
8.043373072799996
7.552580232199998
9.62960401165999
6.733348901399989
3.432895382699992
4.218797111499994
4.189178927599996
5.148833576999967
8.140701588405097
7.561865188599994
8.079495112594866
5.322639309699998
6.089294876099987
7.254043511999976
7.54873066249359
8.517151730303835
7.843830421399996
3.5020304854999886
1.8092433227999984
2.95966078339999
3.626616560399997
3.266832076999984
4.295242791699991
7.273429789699988
7.787121766696144
7.398904948405113
5.4571062850999805
4.367645616099976
8.54758313600637
4.88171454319999
3.1341088317999803
6.3895466826961345
8.139103713999992
10.364630198999986
12.412910453999993
11.043183809999984
7.8430068954050975
8.650391999797428
10.012496758999985
10.257353816135987
5.7792040648999885
8.965609283405117
9.089203028931982
9.80419496606799
10.660390828999999
12.695023210000004
11.508168537999987
10.680020582999985
10.805056136999982
11.918269086999986
11.43732005599999
8.804462652594863
2.177074198899987
1.9755645522999825
11.027468575999977
8.431031591797423
8.97959737550639
8.117262112405108
8.097623098797431
8.582350161696153
11.120816912999995
12.21648581199999
11.388394863999997
11.29623487999999
11.056764695999988
10.358950617999993
9.327460472067983
9.160142669696148
9.434287754863988
9.256191871594872
10.606015984999992
7.073232949799993
9.088794937101271
10.86910147099999
12.09672979599999
10.995622873999993
11.41624718199999
10.67246762399999
10.925854751999985
11.109351410006393
6.334469493099994
10.115767816141433
9.581632852135986
10.056040071067994
10.00444819628287
11.073026549999991
11.554465665999988
11.99208532299999
12.39424273499999
11.205862212999989
11.294699152999994
10.91027497399999
11.06440542299999
10.836026146999997
11.198876818999985
11.92747898599999
12.234981341999987
9.107786299101269
9.31565294965999
9.387063828999993
10.450614904999986
11.622533208999991
8.731433798202552
10.38854199199999
10.660131875999989
12.694698975999989
11.922793361999988
10.648966340999989
10.74263776599999
9.72557466286399
8.29538754730384
10.206505501991842
10.291651148999996
11.503548441999989
12.378037156999993
11.663658481999995
12.67345290499999
10.419868596989115
9.536852937303841
8.3915963211
12.471727407999992
11.902418190000002
11.748037362999986
11.027313758999997
10.997634891999994
9.59844053193199
10.388603492479989
10.186457056999995
11.649073427999994
11.038959337999993
11.99641157199999
11.529683684999993
12.014116834999989
9.450634661898716
8.195075639303827
12.10706135699999
10.013046307271992
11.771855674999992
11.409972968999995
11.17247950299999
8.131490391499996
8.788209219405104
7.737601063499995
8.329157597405107
8.291574456799996
7.755129945399995
6.215414939899997
7.524503256202547
10.114142593271998
11.946688680999983
12.322377668999987
12.668220131999993
11.250964359999998
11.230602584999996
9.929896412795994
8.200300512699997
6.774442889399993
8.530817277493595
11.037358626999985
10.596293320999987
7.778946163899994
7.509307067899993
6.769531588699988
8.134831932101266
9.067735075405102
11.050608263999994
13.005937548999995
12.747418137999984
10.098995287999996
7.922823434405113
10.13281140576927
10.099314413353586
8.073732855202556
7.661331547499995
4.349761321999993
3.0512363861000042
1.820752105699996
4.91890599059999
6.32419692379999
5.982644740299994
5.313912225300003
4.629140380899991
9.911049742070702
11.16397992999999
11.04562676799999
9.830378996203994
3.1505026839999988
6.445013729898694
5.182915475499993
5.499356220999982
5.673404930099991
3.2319355056999792
6.287929827899987
6.79846191859999
5.68030360109999
4.845765837099998
6.110758573899985
5.532797149699988
9.21759793240511
8.256527502405117
7.217798734999992
6.604829246499994
6.622687979100001
7.439529331999997
8.84002625269615
7.3151509398987
8.767428120405103
7.850240296898705
6.192257810999986
2.2164658385999845
2.536884913599993
2.7631602355999987
3.4484895751999822
4.304017491099998
5.110396729999994
6.601279820303814
6.601750401303821
8.495544448898713
9.824034091135994
5.58193158419999
4.899289269999997
3.4218932266000013
3.323688479599992
4.206869334399993
3.450691508499991
3.6507021514999938
6.664669192499994
5.985458474699987
5.7861848586999844
7.181466584797424
8.59484783630383
7.5520310744935895
9.23887780459487
2.1993258560000024
1.4332013367000014
2.002923463399992
2.544042767299989
4.041975523399979
3.025070941200003
3.3487580352999893
6.844322982797419
7.894876528898703
3.048775863599995
4.626165536499985
6.640823823500001
4.987853320299995
8.629031951898712
8.65662762299999
7.394562046799992
7.341589625499997
3.518176277199993
0.8386651329999963
1.9782973510999964
0.9327888556519986
1.72187325589997
2.3993663650999864
2.557596734599989
3.028931549099989
4.831270756499991
6.003995152299994
5.779723681599992
3.8697933318999875
3.1544348800999953
4.347435406499982
5.946374525506371
2.4619627913999973
3.7242580459999948
5.935834310899995
2.849031756599993
1.9225915008999999
1.5444954941000046
1.6808675765999916
2.9723219176999978
2.8912020446999995
2.713310137899994
3.559384817499988
6.920889770493578
7.732271263099997
7.072529118303822
9.201593666067986
5.251403356899991
3.2368473571999985
5.486042552202536
5.674247112999981
5.912078741506374
6.001189744599989
4.9232085662999765
4.008165846299991
6.0218875609999865
5.811022489899987
5.7362061706999885
7.379542149399997
7.11473320010126
7.180140008499995
6.278829672199998
7.289757223493581
5.333479791299984
4.0083683304000015
3.868503498799977
4.612390631099975
5.6820588134999825
5.380821231099985
1.5184160324000004
1.5158712133989032
1.5305437499999965
4.549088684099998
5.9614307754999905
6.9709136474999935
6.0209905395948535
5.14770249789999
4.725750787399998
3.7573233245999913
6.856111816405086
8.304793078599994
5.510825248699997
4.303184086599999
0.6054124991400015
0.40221377907000067
4.549660800199978
6.369455476399992
3.6817342437999923
3.3940994567999887
7.5022324265063824
7.858944702101258
9.055240893594869
3.630621641499995
2.6264767943999843
8.483742117303823
7.847970155303827
8.19394128420255
7.017366575594868
7.944054142797431
9.396851354999994
6.16955441439999
7.31800894169614
7.1380123137999885
7.9409704986961485
10.785495878999994
10.03164483327199
9.767859989931983
7.933831248506388
7.142801200899989
8.653760433999988
8.116816888405102
3.359486383099996
3.266767005899987
5.484536462405092
8.585966735797426
9.432452963203986
4.406644068899988
3.4238670792000008
4.379132807899988
8.079220297202552
5.955283074999987
1.546154988099999
1.6220404525999965
3.193835165399988
4.817219851700002
7.110917376699988
5.995138313299998
3.3318422011999806
4.507973519899993
3.2869395477000016
5.269575311299994
5.194018223594853
5.160486234999985
1.4083435029999936
1.3588933640000005
0.9261633233067987
3.651730152899985
4.287403633099983
6.57174503330382
8.39956557620255
8.05071122589871
9.205156207303828
9.091268093931983
4.080102481099992
3.615508398399976
5.913434225506383
4.433002087399985
5.7873905730999935
5.489651994300005
6.760427912898704
5.430737731899992
2.0289913634999976
1.1055307167999968
2.6155265822999847
6.067257958999976
8.268297944594867
5.391415489200001
5.933901957696142
9.070512239101275
12.361486496999994
3.938092486599989
3.6133042205999897
0.9532888478203946
5.634232066303806
5.4472451552999885
6.153283682303823
6.568418431099989
8.471123908999989
7.524033589202552
7.958745378101257
7.2439684203987
6.73393725130382
3.2667661879999903
8.077429910300001
3.4926007338999874
6.130311396799985
8.184692913797425
8.954329896493592
7.6931844024999965
9.395675990303843
8.591244630400002
10.383185186999986
7.574663470506388
9.23403379520255
10.139009080646385
7.248171153299998
6.865373106399985
1.6529107406999983
3.4415740935999857
5.627484115599983
7.432618597405112
8.94035058899999
8.31582870479743
9.664558821067992
11.050849267999988
12.72895082399999
12.80990528999999
13.501428193999988
9.661497505141426
9.530680178863989
8.019690254202553
8.991208564797429
11.565141079999993
3.4502782196000017
5.788171348599982
8.313689962797428
9.2279332245064
7.784396162405108
9.082455430594875
8.7164298126
8.609276089339975
10.370329384989114
9.889856114141415
10.997493525999992
10.094868009929268
9.908197076282862
12.862904459999987
10.859651891999992
11.237024991999984
12.632241974999983
13.39424206999999
13.629758639999993
13.639054224999992
12.086325306999987
11.95329553499999
9.028800152594876
10.475931940999992
9.387441902202552
9.196921522493588
11.20640647699999
12.216491704999992
13.359546169999991
12.747769199999992
11.986116289999991
11.53366309799999
11.723115423999996
11.159786283999988
10.63361166499999
11.38676632999997
9.466600976727987
8.85360675959487
5.995474250799986
7.619931840493583
11.04741206499999
11.757843819000001
11.31081854099999
11.474833094999978
9.031650810202553
9.002285673659982
9.836372860908329
11.600372820999992
11.769838088999995
9.57395054320256
8.924247437999998
9.794304727136
10.734371615999988
10.789698823999991
12.301705268999992
12.309345131999992
11.660372452999992
8.778223202493592
8.070938050797434
7.991704762303831
8.745541023303822
9.814637841863988
9.289766671797429
13.11992075999999
10.580850606999991
8.15680934299999
8.299556358303834
11.568157775999994
9.825989668203988
9.02457298279743
10.03171555320399
12.129947925999994
10.020954745353587
9.624013835067988
9.543001875303831
12.66106937299999
12.974951600999992
12.678624831999999
12.793612438999991
12.16257531999999
12.967528847999988
12.160516713999991
11.06242204999998
9.983314230203995
9.228271371506391
10.75995642199999
10.056349482795993
10.041996726999995
10.690209682999988
10.882004641999988
10.831219246999993
10.195525274795992
9.507394934101276
11.008386748999985
10.02225998827199
10.954870913999994
10.741720276999995
11.72345403099999
14.022373470999995
12.769577273999992
12.085298362999993
12.497390160999995
12.122183332999994
11.599769774999986
9.113030700696152
7.6059141219999775
9.365215304583993
11.006479979000003
9.099963897696169
10.099371574271995
9.515521581999998
5.979580375699991
8.711182846101265
2.4145118270999952
3.140506248499997
4.6188044600999785
4.5151946869000055
3.725854901099986
7.884372595202543
10.407309881999987
9.269274546863986
10.737817879999993
9.289158694506392
5.215986631799983
5.887401713599984
5.64984482119999
7.356761416594859
7.677608665506388
5.133782405101246
8.884814387479969
8.983909059101276
9.798382432594886
10.989511513999993
7.257513758898706
5.921306170699988
6.530024075303825
1.5284478057999897
3.2184448150999856
5.985963473499987
4.988040214499998
5.5953788909999975
7.87771683649357
7.8497578583038266
5.744798582499991
6.687140101599994
9.260053805493591
7.142476827999999
8.237468878202554
9.462136564594877
7.838075820898709
7.249413966399991
5.131626893594849
7.764634640499995
6.526803475999998
6.622011875899997
4.133080357399987
6.580198371899991
4.109452152999993
4.223993278499998
3.804677258299987
2.7271162781
3.464269848599979
5.211347943099984
4.814038517799999
8.607825479101262
8.094980503797421
3.448520667999989
4.080987283299995
2.9287676162999863
1.7653649032999945
4.150403585799978
3.6892644561999863
2.2083963988999895
2.6345593093999855
5.128601425199991
4.859615156599996
3.759107556199999
4.681752854899982
3.912283911099993
3.1641700499999956
2.030482664499984
2.118137158199996
5.821574789399986
6.781079049699996
5.796117532299997
5.403512348899996
4.6002550521999925
2.623166384899997
4.156784046898687
2.9130004639000027
1.7658713103999906
3.2071978165000012
3.0131446456999975
3.267757792699996
4.242535961899986
2.221726943999996
1.1360876571900176
2.331969079599998
3.2857579497999794
5.618969961499987
5.105876348899989
6.208914005999984
7.49815331120253
9.346285739067977
7.728636625696142
6.5242726822025405
8.030740872202536
8.591758570931974
6.911963458303811
4.964157128899993
5.932487225299991
4.590797657799996
5.080588638303816
6.3084282714999995
7.182397726399999
9.608350280863988
9.189451586931986
2.0066900649999995
1.8843072585999991
3.442640463299998
4.212265281699985
5.322702067599985
5.170531516999986
7.634488879405107
7.652128277594858
7.007510679594859
6.738973307799987
4.578685903899995
7.532917602499992
8.409551696797418
7.040917565899992
7.624505584696142
2.9344008483999966
5.495339355499993
3.3112095900999914
3.032923507699987
4.218376980599986
2.747670997599985
5.145028643799992
6.6418107819
6.2704896728999895
7.062298641999984
7.747184591696136
6.538304927101257
8.261395758101258
5.863056195099989
4.610197949199991
7.045979542499996
5.922766270399983
6.688835736101255
1.9093241485999948
2.404759722899986
1.7458416625999817
3.877771305799988
7.980324391202542
8.193282423271972
8.206704144303824
4.268174354599994
6.972641719101263
8.90282014310127
9.687271458271988
9.971014721787833
9.536806233135993
10.079943102999982
7.643442715506388
6.202952178999986
5.290539729299999
5.710289955099988
7.672642279101267
8.923882925405108
9.728466995135994
9.776087493931994
8.027548422199995
8.409469508405111
7.1505505996961425
7.659899560493586
9.070573892202548
7.809784753405107
5.172922384599992
7.911168861405103
6.178927465797424
6.0810837554999875
9.533029711895992
7.116089314299992
8.311532446303826
5.666363883999989
6.5650404404051
9.825869840999976
5.411654702799983
3.764815594499993
5.277025817899984
4.408335789499999
4.439269683799978
4.171831359899984
3.7484837310999954
5.463812403899985
5.244261236599985
8.220507672101265
9.684924491931989
11.849000614999989
11.506417223999996
8.66961331630383
10.319424487212142
9.383794010898713
9.566775711067976
12.58282372999999
11.582148299999991
11.385017521999988
9.770724812203992
7.876321252405107
9.915508407727993
6.97995604249999
2.422607531699998
4.421594569399987
8.347508053594863
8.11572732089871
9.21183857269615
8.098350202898706
5.464979232799991
8.082836357099993
6.419794297799993
8.211592694101265
8.676764160202545
9.502843255727988
11.046885151999987
10.832867325999992
12.479357695
10.552962540999992
9.670469110070703
9.831301509101278
10.79831334999999
13.307485306999988
12.172118256999989
11.89702209799999
10.99788937999999
12.49423406399999
11.469406872999993
11.335793056999998
5.608857282999985
8.75803408659487
9.076119491600004
10.642604206999996
11.324039350999984
10.90280107299999
12.248400066999995
8.880637376405108
9.189543026795985
11.61789161199999
8.44893441769615
5.651823434399984
4.621746672099979
6.653750573699986
9.536598187303838
8.907189787303833
6.038661512799982
10.013145416212135
7.680679246499999
12.730990250999989
11.085530468999997
12.713437824999993
11.886399326999989
12.17893678599999
12.16856762199999
10.28815540800815
11.322536616999992
11.745280340999996
5.344837341299986
7.923204339594868
9.795214710999987
11.285712433999992
12.283697384999988
12.939485956999983
13.074446361999993
13.75993738699999
12.643766463999993
12.742632119999989
12.141833875999987
11.032729220999999
8.54254540559487
11.083445514999996
9.489235279863992
11.684394172999989
11.581246299999988
10.65213627799999
12.809051644999998
12.990446755999999
11.950715749999999
13.747380233999985
13.062027140999978
13.966270476999991
11.47942735099999
13.826542800999997
10.859318372999995
10.938670711005441
8.353163534493577
12.65508377699999
10.805930408999995
9.033426162696161
9.870350372099834
9.234105700696153
10.346911519999988
11.75146860799999
9.982856750353589
10.182993175008155
11.716369332999992
12.90957178299999
10.288876461858548
9.76217140199999
9.48551201013599
10.097210394212146
9.503096804797433
7.938737208594866
9.172728565999991
11.581353032999992
12.891640078999988
13.566399134999987
12.894094185999997
12.016484780999987
12.793629406999992
12.956679767999992
11.54324293399998
11.015494611999989
11.005323516999988
8.100660847506393
9.151827122339983
9.219332734687974
8.614619290202544
10.843797419999985
13.302724021999989
14.153416140999987
14.01324723699999
13.911149717999985
13.34599311499999
13.203062671999987
14.182951937999983
13.570026185999986
14.061763422999991
14.599260428999989
12.157810508999981
8.605694273405101
11.793970958999981
9.54999598086399
7.908534289594868
6.5497690963999915
9.84009961227199
9.985649011141433
8.613076393067976
8.083115786696146
7.265616314696147
6.301296057099987
7.945979405202546
8.5104081314051
9.864977923727995
9.784783473135988
10.670189782999984
11.938626110999992
12.172833558999988
12.66387530699999
12.38640978999999
13.288908501999991
12.400824381999987
10.303182100989112
5.768648837299992
5.812061027499999
7.729132496599997
5.182502420000004
7.6750390411012654
9.911783137659997
10.474575815991841
10.305890517999995
10.637457593999986
9.788278286787824
6.4979209182999895
5.263407876599992
5.376713406399996
5.732290171799999
5.711653268399984
9.408684298696151
10.879111162999992
9.353295681797432
12.022754624999985
9.733719296203992
9.808740141212148
11.036237456999993
11.091888372999984
11.401502050999985
11.49462605399999
11.530068467999985
11.191396448999992
10.658968805999994
12.341991785999987
7.595544976799991
6.813651968405101
8.946533842506389
6.875961024506383
6.333934376499992
8.200455630506381
9.455098710583988
10.09124831228287
6.091738275099984
7.697054894999985
3.30482750089999
3.886316250599996
3.2899275314000005
5.443115687594856
6.604075405899989
4.530153837599982
5.2218515685999956
5.691989605699988
3.2449405456999973
5.983282827799984
7.083423184202537
7.182201281696143
2.5732102920999926
2.3439461044000014
2.207603575099987
3.470432673599976
6.049647360199988
1.537856414799994
3.118455325300003
2.2067453049000014
6.946262635797417
5.169438406399988
4.7335233673
3.4959095000999962
3.763955915799992
5.263145844999976
3.051409272799996
3.931171040299994
6.870807565299995
7.387915521199992
4.087859785499997
3.831468826299999
3.939384114100001
4.592086498999988
8.320449531594866
8.883469676202553
9.00481593320255
8.115509370405107
6.5755544555999865
6.244719831797406
6.142997715799987
6.230518199199988
7.453494284101253
7.052094374101261
6.969586856099994
5.354752210999994
5.9718054976999895
7.589374308797426
2.7628503997999942
1.3161532471000024
2.5956937484999787
6.754126063493583
8.003791686999993
5.7388119811999845
6.684138050797426
5.887598232999993
6.503847630303827
7.094816665599989
5.088847958399988
2.495817079199989
3.282327368199982
6.812624783303822
1.7691325545999934
1.5693063521999886
5.157899124099977
5.093717201199995
2.3838965255999933
2.716421784999987
2.3105599457000014
2.190901946999983
4.275585139499974
6.59852203220253
5.1817860015948485
4.00099163059999
1.7549658615000028
1.4565143631000015
2.3016658248999975
1.0312299890980006
1.1138133828135965
0.6998142110800004
0.5642659469600012
1.1107718435994562
0.7476328949000002
1.986735301199975
4.266671551499975
3.195589796399986
4.569284295696134
8.49574150089871
7.359759069797429
7.036249839797419
7.537520831303816
6.153609840399992
5.545940348799985
4.968010969499976
5.3305217635999815
3.360050854499981
2.9220717605999837
3.710043624899974
5.1108478103999975
5.314082241797418
7.995588246202539
5.710045861799988
2.1454983825999876
6.891582444799989
5.555758610499988
5.854368783599993
3.5882257323999944
3.5254013350999958
7.150464875800006
2.650129281599994
8.19374346469615
6.512876010099993
3.978977735899979
7.402101769999985
8.98745088333998
8.020633372506385
8.084153836101262
7.843043312101272
8.437242156999982
7.774223287999995
3.483119537399997
3.7310778182999824
0.8648058102717069
2.913267571999998
3.9085759520999916
9.777228248727981
7.326161480696144
1.0719629319135981
0.8295691024800015
0.859022178840001
1.0832213848070542
1.983715127599995
4.338198864699984
7.554705717506379
8.48665112610127
2.013620863299983
5.4884828811999835
3.4225426879999774
2.1241622786999783
4.709210392799993
9.069239036727975
8.556566038493584
3.3904692382999904
9.332486704999981
10.146208058141427
10.073969099282868
8.2059611404051
9.028526365696155
3.2515631148999873
4.010089956696133
8.2197012924051
6.256045832799992
4.739204829399991
5.312941439799981
7.753418670699996
6.833934521499983
7.107997781399993
6.984810990899986
7.684621726999993
8.102100093101276
8.812477325405109
5.049533720399994
6.110743237299991
3.598595538299981
8.89134529420255
3.8835604201999923
2.8217046020999836
3.121441285699989
5.704928892499986
9.948222225999986
5.8577194167999895
1.4769689605999974
4.065254299899976
6.31990595399999
7.761736752303829
8.179548004202548
8.231098011799997
8.751438281202551
6.791870954898708
11.147118445999997
8.912535662797422
6.633625280799995
8.899365789797429
10.17484971306799
9.220739724795983
11.491547770999988
11.981479859999988
10.625707461999983
11.043736269999979
7.708267768899992
5.877917451499999
9.509788211103992
7.87875692440511
2.9468605239999874
3.216703518699997
6.737359492499986
8.838645216398705
8.23366905669614
10.124810613999992
3.1554295196999806
6.123095878594863
7.459143347200002
10.29794082899999
11.259009252999988
10.507010851999988
11.99714138799998
13.581871166999989
12.949518281999989
12.857450371999997
12.149016965999996
12.07775813399998
13.957450202999988
10.254020159999996
9.793022039797437
11.157317933999991
12.322523012999985
12.72224137099999
13.268187394999995
11.346822640999985
9.342791613791983
11.217891887999986
8.62642481989871
9.712318521070701
12.419211500999978
9.660926710659984
9.680921751271985
8.964944705202557
10.144658885141425
12.034690615999985
13.486605463999993
12.783456841999994
13.06970149799999
13.240132372999987
11.191745987999992
12.970194294999995
12.27897988999999
12.673902089999991
13.11869468499999
12.66953250099999
12.26468311199999
12.364708310999987
13.38941321699999
12.322670389999992
12.48952322099999
12.52147987699999
