12.500891913999995
12.997124242999995
12.569511226999992
8.564163842797425
4.656942762799988
6.380591099493581
9.888449945067984
8.432357904101274
11.682583874999997
9.921559873999996
12.036777669999994
12.707341663999992
12.861957308999992
14.505810457999992
10.017461007795992
14.004424651999992
13.036665551999999
11.192839028999998
12.632020142999997
14.317474506999991
12.621662987999994
8.632397857795981
9.644462377931992
12.330268162999984
12.830370342999997
13.747493426999988
9.601377267339991
11.165105848999989
9.887230737203994
9.902259722931994
11.317252614999996
13.048817856999985
12.671449351999993
10.145756961067992
6.143535591099986
7.104526950101264
10.976046503999989
12.535210027999984
11.74110943799999
11.584114684999992
13.294422834999983
12.662579204999991
12.194248894999989
13.325846602999995
12.644873491999993
12.945841071999988
11.474066941999988
12.40495479299999
9.349640281696153
9.11191713559487
12.002710793999988
13.103885611999988
13.397112212999987
13.932108275999987
12.259034101999992
11.45570899399999
11.52723606599999
7.8397517638987
7.010475405898682
10.864657299999983
11.212774930999984
11.86056838199999
8.655494499202549
3.7658082854999937
2.875540647899994
8.520345884700005
9.240037074303842
6.368806880199994
10.861243061999991
10.090553034999992
9.368864993303841
12.488803367999996
13.691102163999986
8.782948156696149
8.6061282318
5.923240853899996
5.745214762899993
7.937813713101272
7.9935753936961484
9.54831546169616
10.60763922600544
12.619595412999983
11.646743534999995
7.635908984400001
5.995018995700006
7.199689085405108
8.144019380202558
10.181071566999996
11.308002707999993
12.42813738299999
12.019806435999994
12.065980672999993
14.549137479999983
11.674031412999996
11.558106866000005
9.24965455930383
9.809747758339995
11.717496159000001
8.112630386405108
6.037782646199992
7.190074189799994
8.322501322898717
8.90647223372798
9.705942608727993
9.407458016999989
7.59930927730383
10.593133899999993
6.9953725433038265
4.00906338039999
3.15754134829999
6.30241029659484
7.372834698506378
6.466584492506382
7.291969300797416
10.129960246212141
6.841348352099994
1.8573802703999998
2.5525264205999925
2.6473641158999905
3.662534782399998
3.0077634445000023
5.276781636000014
7.182451695300002
9.232312715101271
8.698132502696154
9.759213224863988
6.248126269493575
1.2174277434212062
1.9028959701999955
1.6331036941999912
2.353721571399991
3.669987811299982
7.113207020599985
5.92562201539999
5.7380424483999946
4.098204550199974
10.78818656499999
8.66572006840511
4.186111976599995
3.726847848499995
4.46665790410124
5.0182621810999954
1.5347687774999983
0.906952330020001
0.8734813780863963
2.281585174600001
1.9338419402999985
2.1698917678999923
2.2867060637999788
4.727463967899977
5.115047814899982
3.675242805499993
2.9312145080999974
1.8407448791999974
3.1298322417999764
2.923839567599991
3.4205701537999804
6.093557267799996
4.115386163299992
5.658563496399984
3.1380082993
1.3261277283
2.1178821441999927
1.7056306579999996
2.556956693999989
3.8390697234999838
3.429695753499983
1.3904092589999992
1.8823672318000044
1.4590161879999965
2.325722337299973
3.287395809899987
3.979217088299999
2.857315872199993
2.5541492614999894
3.8521046752999952
2.6297488707999945
0.7075131983800024
1.8545812088000004
3.910170268199984
2.791322676099984
4.646028190599991
5.472225729400001
5.351041156000003
3.6915711364999986
4.667349266101254
5.352726258899989
4.475320027199994
4.365741865500005
4.796201174899989
1.6064639205999998
1.4651274245999935
0.8892565987727956
1.2730280333840052
2.560164315799998
3.298716026299998
2.7883478255999954
4.2011422286961215
6.82278203429999
3.6918931229000003
6.501388159199998
5.731235890199992
7.975964688101259
7.426449699405111
4.0501476134999965
4.739960838299978
5.574551898199987
4.836282618699985
3.7899552749999956
3.8659985351999855
3.768813449099998
2.7519858962999977
2.1480070342999933
1.0506032669999958
0.6972835253687943
0.9456041428717041
3.322376109299998
4.234413514699974
7.930441589405107
7.856014837594871
3.119638134799997
2.4113766190000034
2.4692553223000004
2.7416433715999995
1.6276949107997305
2.4992337296000007
1.848343441799995
2.778072589100004
1.11720406447331
6.243975967405078
3.8007045196999854
5.438346095299984
4.163904193099996
5.235870765699994
0.8619258484863975
2.9809084365999796
6.841946169999982
1.6722205871999951
2.2170356506000015
1.6488166869999996
1.3339286392000014
1.9408725600999834
2.3617824706999886
3.0548094176999867
3.1130476561999814
4.555414907799994
0.5507202258100016
2.3890291182999865
4.018890476999977
5.623674905399979
7.489972140493582
9.754448797727989
7.747079087797425
9.365109037863984
8.87687565306798
8.502507942202547
9.278088006594873
8.106785105898703
8.720864659101263
8.49983767699999
5.9801413085999915
6.995306372101263
8.339399323999984
7.636590780594867
6.191041355898702
7.135209585599987
6.997184808299988
3.188933192399999
4.747858288599988
3.2139622863999984
5.215575350999986
8.792559600797428
10.187980300929262
5.055686369299977
5.49353299099998
10.346708773999993
10.090840515070706
9.643439215067977
11.662391082999985
10.390822225999987
11.878790374999985
11.172731377999988
10.95397588699999
8.841331178303827
6.24048043369999
6.236757319594862
4.337884783899983
9.895381225727988
10.815962342999981
12.887978829999993
10.779865793999983
9.925990963795986
11.165222344999988
4.385161837799988
3.1290935164999882
6.041354370101258
9.029206809999978
6.993272967493581
9.319765891999985
10.14951086585855
4.810500779699985
3.6174586760999774
4.849674769594854
4.452819604499984
2.6056720687999952
3.0348863814999834
4.304918728599979
5.2043382919
4.13516013789998
8.758764276101264
10.094641387999996
11.754719204999985
11.817672428999991
11.782655134999988
7.541637438999987
10.767879227999984
8.199485615493591
8.968068810999993
10.341907256999992
10.763373087999984
8.177519880696137
8.152536004594872
10.546813637999984
11.626540029999983
10.66738187
10.618975529000002
10.346836049999991
6.20143503269612
12.231924405999985
11.413969158999986
11.83890710099999
7.311776409898707
6.977177088898697
7.399883222999998
8.326006501797428
11.053471369999988
12.515263607999989
13.373553245999997
8.651891728202543
9.522154109135988
12.092621052999993
6.8387158463
5.222322616599997
6.7627168410999845
9.06921929930383
7.740246528594873
9.465039916999988
13.569667866999989
11.085663018999988
8.489559265101263
9.776332992594876
11.756741616999998
9.386811520405116
4.701397058099992
8.910555148303823
7.789582556202552
4.893297323599988
7.347160900898709
11.581229340999982
12.036202933999993
11.34142746999999
13.496179972999993
12.000213186999995
10.367224624999992
10.137816203203993
12.650074848999997
13.219880385999994
13.079429763999997
12.88525987699999
12.034195232999995
5.720074494899983
5.503876306199988
4.670120718399996
8.596670555101271
10.680360708999993
13.53490635399999
13.036100434999994
12.598319542999986
14.453425422999993
14.081609502999989
13.59059034399999
13.083443700999988
11.996838814999986
9.920176325999984
11.249365235999987
11.068020633999984
12.263300585999989
11.58090508899999
13.19443511399999
13.295163779999992
11.203218223999995
13.299084540999988
11.445952309999997
9.777961646999996
9.58577177286399
11.247872291999993
9.46862537386399
8.815321261594875
7.185452883899996
7.703594790594869
8.922399894700002
10.576969387999982
10.570769777999992
12.732736137000003
12.101090131999998
15.41604387399999
11.66715097499999
11.221899483999982
7.5898503311012515
5.94323762210125
6.1941935882999815
5.2230666579999925
7.0702173584051025
8.928036025999996
9.586432836931994
9.549872051999998
10.99805077699999
7.933530081202554
8.57830898279744
13.262944831999986
11.20742282399999
10.758040724
10.724409639000006
10.136468728717105
12.491768749999986
11.324853386999996
10.209181410141424
12.004808812999988
11.315535082999988
11.233750711
5.133098417699991
5.227154721099994
6.560770230101258
8.535386201506382
9.404364733931994
6.364737179599989
11.998513305999987
10.804511979999988
10.296367477282866
10.200834946999993
9.78146452331199
10.09065320728287
10.15306716606799
13.284336687999991
12.07667322099999
10.006425411999992
11.897755819999992
10.90501356499999
11.80349566999999
12.415867078999987
11.58605906799999
10.51456557599456
14.332323885999989
12.461627137999994
12.366468235999992
12.282505674999987
10.04654338993199
9.176752793931987
9.961918464795996
11.384687736999995
11.191697318999985
12.667835788999994
7.933107165493593
6.72705799259485
6.886044659399994
6.088623312400001
4.980794473300007
7.072431848100006
11.325682561999995
11.463878010999991
13.52828122999999
10.151276607991836
8.530001145898716
5.729906271399998
4.643230859399996
4.390138720700001
3.2274699920999868
3.5396737838999925
3.314508830299993
6.305786711099997
7.775519448898705
7.142768492099993
6.004709297199992
7.278767039499995
8.130710354594871
8.656289341696144
7.74466108859486
7.149340365594866
9.043562702898711
6.988004307599993
7.085747003199992
2.1013563567999896
4.670661305199991
6.874724787899995
4.940756057699989
3.3845603820999917
3.182436529499998
3.983962506099999
3.7186767838000017
3.516752362099995
6.0327491043
4.998970991499991
4.6363496154999915
1.8423031539999895
1.336414388572792
1.6810512282999919
1.8342488128999876
1.1431190611863966
2.212212689200004
2.7955268996999965
2.1616941527999964
0.8382210750727975
0.7276234029863953
2.3382440337999797
3.957490907299987
5.675042472797413
8.295297801202537
9.41073346099998
6.791557043506384
5.407785595696136
2.98661846469998
1.0590991653271955
3.326550192303811
7.623110804699994
6.315889608799996
5.369464100599982
6.3954611159999795
7.146703735405104
4.0200799392999915
2.8362391112999954
2.2706758178999875
2.655904246499989
2.5910927428999995
2.4237258575000005
3.151782009899983
2.6550404281999964
3.1796222335999924
5.905271455405103
4.921615866099992
8.38125106510127
1.2740115722999972
2.697288072199988
5.234847933999985
5.7348249663999935
4.324717442299988
1.439458589199998
1.9557022034000004
2.4814858733999854
2.6513074065999973
2.1598265549000017
0.8905325796067983
0.5306888884493569
2.145185490400001
1.6599355681999985
0.9236076255863966
2.948853234899991
1.9115671248999986
0.6953802082999991
1.1372161132999954
2.7858758971999875
4.544406156899984
4.097325486799995
3.3527516723999877
1.983986236599998
1.2039578224997278
0.7246065058699996
0.9709419744146439
2.015255291699993
2.5735725676999994
4.399757539399998
4.438698409999983
4.019858735699995
3.8042606521999875
4.808958854699988
5.929473599202533
7.312892569000001
6.394217398099999
3.1915640655999935
4.0255739547999925
2.4063449081000043
2.405520036299977
3.7658552428999807
4.678079986599975
5.55144074399999
1.5869476195999963
1.2682316863999985
2.8585606246999746
8.344867175303827
8.128158729594867
7.957490449493586
7.528242419405107
7.271931280493563
6.8060747451999815
6.213497375499985
4.322256343099978
7.080239279202546
4.470752456699997
8.310492427101268
4.764487335199993
5.774597399898701
7.243713621493578
5.264196168499988
1.1130007855984023
4.371505648799985
7.392287490863964
10.28553208499999
9.885836822646386
2.743705070499991
2.2447813003999966
0.7788518041727961
2.7427639954000043
2.5945556548999944
2.9887816498
2.576099803199991
6.695334359699991
7.736165232797418
1.6643525908999934
2.808500053399993
5.137449497999991
6.227214466899988
6.926980279493583
5.5151065520999865
7.679484954797429
8.467086889594864
7.2574026366999895
7.815728509493588
8.595362348898705
5.474329258699994
4.81452510069999
1.3821163589989118
2.893803578199986
8.18316807859486
8.732351252696144
10.995123757999986
9.128636514303833
7.508038908405111
10.471082376070697
6.027981909202532
3.80750967099998
6.106574760399989
8.226185113493592
6.273491232299986
3.4194527953999883
8.609248602303825
3.43507839199998
8.751762066696141
7.011793025202539
6.878831759599993
10.008353001282863
10.67135718199999
3.1271076323999947
2.103641046099991
2.9941565307999736
12.487329036999977
11.790889444999998
2.3526566924999917
6.1906442138999855
9.957850984135984
11.103188379999988
12.717477222999987
12.252617568999995
10.202564340141427
6.6833572280999896
10.142640835999988
12.693418709000001
12.798799534999997
12.440865571999998
12.013974117999995
11.38442442599999
12.609453199999995
12.24065295899998
9.970460462999995
12.580900631999988
11.958186611999984
8.030561619594867
13.918876752999982
12.849668329999988
13.877559461999995
11.902879604999981
7.460641337594869
4.275752487199995
4.171521432499995
4.156713737499989
7.493332737699999
7.132625894200005
5.867880497699997
5.206342181399984
5.011187960799983
7.396841490202549
8.045980162000003
9.175669624303834
8.157756565900002
9.370974218797427
8.826625361594859
9.85268125913599
11.63764191399999
7.679684226999969
9.036029396070695
11.758105372999987
13.195359197999997
10.92699678199998
9.749069691339992
12.663940684999995
9.131472717303835
10.590193471999978
12.502910888999988
10.011649037141419
8.952906823795983
8.554737129207977
8.72715426479743
9.640431184282866
7.35200887599999
8.0065758713
8.076694871499997
11.404016974999992
10.859047863999988
11.828214481999993
13.368615468999987
14.469081147999994
15.159551867999996
13.142345225999986
13.420972724999988
10.549816936999983
11.39275267499998
13.376148240999989
12.461024073999992
9.792636027659993
11.995010125999993
11.428655218999978
10.545187649999987
8.91106835169615
14.56485221999999
10.618111820999983
12.483091065999993
11.347949698999988
11.537800612999991
10.15016530907071
11.678910442999992
13.15166609499999
13.442782696999991
14.120237704
10.981935436999995
14.376088314999988
13.15994608599999
13.806202131999989
15.333407419999995
8.372360040303827
7.79974832149357
12.358724260999985
10.927219002999985
11.069718442999982
8.426262809797423
11.816930056999992
14.183549616999988
5.773268232696137
6.270290875202538
10.937297442999991
11.01121187399999
8.06870904240511
7.997169128405086
11.66414564499998
11.836506782999981
11.13606987499998
12.768515911999998
11.353372294999994
10.985353971999999
12.391453847999987
11.570446159000001
11.821344552999992
11.16945073399999
11.645215906999988
13.115184080999988
13.049085405999987
13.353436017999991
13.363616407999997
10.199147019999993
8.613385267594866
6.606357070898695
13.591182271999987
12.973502366999991
11.783353287999985
11.197696448999992
7.251988513202545
8.157799082898704
9.835055650203985
12.38023533299999
6.443534876999993
6.887884181199995
7.534752664199997
11.663427891999996
12.290145089999989
14.18341231399999
14.042703370999986
11.42186532099999
12.444472976999988
9.957391659659988
8.798039733898701
12.475559528999991
13.376601816999989
9.747231391931994
10.915040047999987
11.207262743999987
10.582599006999994
9.36915799410127
12.263280414999997
12.021815679999987
13.80245489799999
11.909235731999996
7.127847085599994
7.803688288898717
8.689239744594875
6.624917163099989
5.462661717199996
8.293007818594868
6.9341860091999905
9.106722911101281
9.984733502141422
11.711051366999989
12.255617693999998
11.606188942999985
11.697885186999983
12.157723047999994
12.692325336999989
11.28990744299999
11.279188224999984
9.830428131070706
7.632947480797427
5.857421998599986
8.053564337207963
8.085373745700004
11.50937893999999
11.512148388999991
11.023783538999973
11.802094981000002
7.258836460899992
5.418067558299992
5.701937806699983
3.2971077849999917
4.171141622899993
4.827293815599987
5.726229434199988
9.295685964999992
10.560519700999984
11.077785117999987
10.17903210299998
10.86892050599999
12.189272504999987
9.802355667070707
9.614875546303834
9.656951380931993
9.987012672271996
8.066127613800006
4.61848399809998
8.260420973202544
7.979277644303829
9.008746928282859
11.471793511999989
11.42670329099998
11.362820810999988
7.488901702899993
5.950015731799996
8.143009141493595
7.1027863997999905
5.661144518999992
7.384002378799995
5.598109547399993
8.287705161999986
4.6937325454999845
5.355634912101251
7.935826577799992
3.4252923140999982
4.0794454513999865
3.769343963599978
4.042653305099989
6.648699989300001
4.561866026299989
2.282072480799999
5.969438662699996
6.41135684359486
4.409633615099992
4.184518643199999
4.9021127791999985
8.218909823594856
6.304485708599986
7.911281393399999
8.3904456161
7.01119480289999
6.643668292199992
2.9416573943999973
3.136732151800002
3.493441378799998
4.4147269576999895
4.952127152999994
3.918012344399996
3.138626417499999
2.5085237716999997
3.663541693099986
2.6894427260999976
1.2267586440999978
5.912332511899992
7.239062678493587
8.223691712999987
6.732310198999984
6.345680998199996
6.445250039696144
7.552753057898701
4.788420455899995
2.9834988707999837
3.681500100699996
2.6047899474999894
2.6503724303999947
2.5587093795999967
2.125932783499999
2.626722110000006
2.7374058990000005
4.23456619259999
5.097105339100001
6.465538253797416
7.888938520797427
10.45018227199999
8.788269825696146
8.013972654696154
5.290662991299994
4.811156970199999
4.790480342099991
7.9527598678987035
4.236998005700001
3.0535979018999977
2.1876907058999944
3.175461488299996
5.257120921299998
6.88446109159999
3.047268080099991
2.5651828049000036
2.715435357700001
1.4823904327000004
7.022477091999988
1.989575595099998
3.8254042067999854
6.61318775789999
5.836139018199984
6.927547753898701
5.997910469099987
4.7429700316999766
5.549845608499983
6.458412037699986
5.8433809386999815
4.334035299699986
5.352570991499979
5.432908930999997
4.717041564899993
4.765679238899986
5.566083787499986
3.5645166717999888
4.2815690277
4.032637312299993
5.422120164499994
7.563640753202533
6.517046214303817
5.621156489599994
1.9296489913999897
6.2259962233999895
5.741626235999994
5.478710537700001
5.106916609199997
3.077827856399993
4.518832385299988
5.662392484999956
7.5904099105948575
3.2560202681999932
3.3393247451999772
8.151408267202536
6.754685694899998
7.26075468440511
8.37322960359487
9.219076084898713
8.403473327594867
7.429005148303822
8.919688897795982
9.150981816067983
9.045121820101267
8.52828405759487
7.423299568199995
7.599819998202547
8.41808000179743
7.092175768999985
6.4955459213038225
6.498597967499995
6.798214572101262
7.306112910506387
3.2709695464999915
9.18697319020398
7.174696768199985
7.082435540797419
9.971943394339995
9.896578260863992
11.007376710999983
10.731997538999993
11.440517797999988
10.196957649141424
9.379452716067982
6.813467999299989
4.987960459899994
3.4977908690999984
4.277402882399993
3.7776054672
7.331534487899994
7.270285510299988
6.7486669997999895
5.740441201799989
9.466618667727989
8.371074085999997
8.548016007999998
7.877126565594864
1.444086703199725
6.569294134493578
5.732871906999975
7.015188377405087
10.839881078999985
11.42955635999999
9.333105421271988
5.071342265299984
6.998665441898706
7.909239334099998
9.22944147030383
6.485546597299984
10.48885849899998
6.602884117100009
5.743903729199993
5.758656018099992
8.934672643999987
8.575443110696147
13.208740285999989
10.10065099628287
4.224797087099989
3.0270219970999754
3.1395947402999775
0.9963639232727916
7.168211314405111
6.005617382797414
8.820318510405102
2.704063059999987
0.9193832353727972
0.7956239027999994
1.0780369406795964
6.519643624899983
6.264112121599993
6.543077650499985
11.297503763999986
10.54976075399999
11.524115142999994
9.878820985271998
10.832338498999993
12.421364727999995
12.257467286999988
11.417815110999987
12.338586480999998
10.823481687999989
10.014959208795977
6.064883375499978
9.13819535679199
9.911957856858534
10.37763339100543
10.15722813714143
12.594864831999995
11.048431598999999
10.873650625999996
7.0301709411999855
3.2987443313999916
10.022831072999985
7.756877226299998
11.202752048999994
11.224976453999995
6.543912046799981
7.840496112070663
11.861002143999983
10.233341244999991
10.195199408986394
12.747564603999997
13.490637200999988
13.549181562999996
12.657344523999996
13.612607735999992
9.98355070499999
10.050141610787826
10.351971893212149
9.697327651999993
9.821562016203995
8.701042253101264
6.076929652399997
7.60492807010126
10.610408947999979
10.78139122899999
10.792263004999985
12.332350850999992
12.639490615999991
12.490631083999984
12.805510300999991
10.457304604999992
12.208524683999984
12.927886681999995
10.718371633999993
9.228753242506395
13.553190575999997
12.831902759999997
12.18878113099999
12.439908205999988
11.646481228999987
11.59593028099999
10.926257934999992
10.77887552298912
10.200310331795999
10.523402959008168
11.890753338999986
13.739363726999986
14.519129810999987
14.433026816999995
13.24958455499999
13.46115870499999
13.433685351999985
11.598468740999989
9.718066114863989
12.975314596999992
13.363000065999989
12.947557172999993
13.47614014299999
9.444718104594873
9.181894871493592
11.350733425999984
9.49163839106799
9.365301797506389
7.999564714101272
11.557922458000002
8.770040454101268
7.397255752594868
7.843165516696135
13.305200129999989
7.263092034898703
8.562438681000001
9.696536863696153
9.539946661405112
9.546152438271987
9.478758030795992
8.036084437599996
8.313436718799997
9.487877737271992
10.816650574999995
11.279835612
11.306951599
11.557892907999996
12.733532602999986
13.590392676999988
13.89511133999999
13.843127764999993
11.691134707999993
5.932026693696136
10.346337398999983
9.201452728303828
12.291911493999994
12.61021834099999
9.970597164929266
9.521504295212143
12.591888126999992
11.02969325999999
11.833332621999993
12.558159504999988
11.52275268199999
10.773607590999994
9.844309641999988
7.7188123610999915
5.219781446799991
4.082233805799985
5.702265281699986
3.5272938842999917
2.551908312999992
5.1201521346999925
6.72691071469999
7.242841982999988
9.751742867999988
8.660390057405106
4.197661558499983
5.323526156599988
4.525320527599993
9.472529232863995
10.02773715978783
10.158294147991832
11.121252306999983
7.635490450999985
9.902173156795989
7.015354116797426
5.096132719399987
6.568080671699993
3.218873706099996
3.586054951499995
6.386346020499987
6.171516821299994
5.996301136799993
6.658003582800005
5.438629634099985
9.51093307027198
7.256937225303824
9.588346987898717
10.900968084999988
10.120453721727987
6.44075641779999
6.282723979199985
4.523781904599979
5.985819543499995
4.575224267600002
5.933964427199998
8.206849331696146
7.292762464899992
3.6833651046999907
5.226023263499989
7.489859719799992
8.992721606271976
1.8416659897000012
2.733570568799998
3.711856309499999
3.452809364299997
1.3179180709999974
3.2573467254999953
5.701951057399996
8.118349851999998
7.124061514303826
5.056040403699989
7.947637405405108
8.53322476499999
8.077623852493586
5.5911228484999915
2.2849581328999955
1.6458715835999935
1.9707962874999898
1.6459096419999955
1.5637043593999973
1.7534145431999961
1.7487468841999885
1.43937676849999
0.6632009949687938
3.169885316499985
4.569503199799989
5.163503288299995
2.549790360999999
1.8174853896999974
1.7390429549999937
5.5630994644050915
2.2946309447999957
4.114560343899976
8.169462333699997
1.3857040832999965
1.9233509369000048
2.1157930649000094
1.3026409011002715
2.4816314559999975
2.1462670089999984
1.7561776016000026
6.861511053506366
10.23352754999999
5.517144160499984
3.20308556369998
3.2726477631000015
2.607761759899985
8.249387480202538
5.696388555900005
4.420591091900004
4.0534833510999935
4.660109968599986
7.052371758999976
2.1380158339999884
2.2984618926999985
3.8411313933999875
6.225196401999993
8.208770039399997
2.830615286299997
2.7453626891999754
1.8682145690999954
1.6096678282005454
1.19729824939891
0.7749950948696133
1.4624508834999992
1.822306407199993
1.9285474151999995
2.140790052799999
3.1308291839999893
3.822746556099973
5.882929135099976
4.034441468799995
2.243038708499988
2.958535221900001
2.2822644591999985
1.9014909301999923
2.6988905166999886
3.7568521530000005
4.512600166299997
4.053365275599999
5.5411891265948565
6.221360102799996
3.552687127699993
0.9281938791203975
1.9156222747999738
1.3872121413999883
3.3875418853999872
4.227646708699991
4.096009597799999
6.201241326898694
7.071764836101256
8.622876628101269
3.669346626299994
3.3812616713999937
0.5827533653299993
0.912466812314127
2.883736157199996
2.0582767669999935
8.529226058999996
5.818552612299977
9.618269518999993
4.533731254599994
1.6068513732999974
2.1992015213000022
1.9514545531999992
4.036783100899985
0.6901738241199984
2.1868461823000023
0.8331679105799991
0.6712168857599987
4.995996977202515
6.683670468101244
7.1334571105948665
5.735855169699983
4.070098574799986
5.955586451699984
2.352929151899991
1.6482908950999933
2.293860671999987
4.708988357500002
2.345659811400001
4.834607830799977
1.9919922867000022
2.7809164535999935
2.4310486007999943
1.0311109047929259
0.9669011605212061
6.806481857299983
3.6408749892999808
1.5104449677353289
3.0819845611999903
4.288060101299984
5.743584086599995
2.6070945525999876
8.088917396493581
4.939211073299983
3.384318064899979
3.7009851851999915
6.064578114303817
6.1353916869999825
4.62867319489998
2.057675576799995
2.7364737548999987
4.611088043202528
4.356448129299976
2.405309486399988
2.9911454284999994
4.815787286399992
7.774535427898698
5.515608381699983
3.459126989699988
9.154884959405118
8.897410525493587
8.513153005999994
7.593303350797425
4.899497087099992
4.589915168799988
2.544089883399983
6.946191847202528
2.9284491515999918
6.396258579999979
11.044342515999992
7.1736229995948655
3.842086891199983
3.139993698099995
3.936979553199972
3.80065372769998
7.78710049899999
9.697782481282868
5.425723739599985
7.949051370202543
8.948737983696144
5.389220928999986
3.293364829999995
3.619374671899987
8.07876979679741
7.087120248405093
8.889024366797429
11.627946200999988
9.148501933303825
11.681021874999983
10.76618353299999
11.509568807999994
12.295852624999986
11.547214498999983
7.186509522999978
5.000447019999958
8.062599583271966
8.771362567101267
9.393413360594874
3.9064595962999897
6.005897180199988
5.883544856299983
6.535672940100021
7.778249674999984
7.092509393299992
4.321039028899983
7.223494981405104
9.332745021103989
11.775584160999996
12.807435027999995
9.037785740696153
9.24865261989871
11.327851015999979
9.25636538999998
8.065772604405106
10.697533503999987
10.13008504193344
6.849667762799998
9.548182008271988
11.139858190999988
7.623678013594862
7.297106886299994
10.454803679999992
8.064691990699995
11.077424476999992
12.722030144999994
8.812322387696144
3.543165609699985
3.641391905199989
7.196886709594867
7.480200886493585
10.313758538858544
11.49112119599999
11.600788975999992
10.27970091399999
8.241381468202546
8.717529765303823
12.103896717999989
12.252385642999993
10.97778046299999
10.092623258999984
11.37982524899999
10.50035099499999
10.022904751717109
10.25883261301088
10.315464899999991
12.557255749999994
13.227210930999991
12.337642165999997
14.465408059999993
10.488270978999992
11.709553101999994
10.880421387999993
11.797935662999992
11.744310985999993
13.288727175999988
11.74196754199999
14.275847246999994
12.357410332999986
6.909782717899987
8.253554368594875
10.579727140999992
10.43847738199999
9.070655834999986
8.595480516101267
7.95418655699999
9.71406891786399
10.233450697203992
8.172356057696144
10.551923826999996
13.354414803999996
9.720380671787822
11.494318377999988
13.027931707999988
12.05915790899999
10.816493758999993
9.037166244493596
9.531670796135993
12.880931058999998
7.6444676207974265
9.438025935271988
8.722333964493588
8.883455258202547
8.947520742797431
6.702531149299991
6.644557231099999
6.2321618514999955
8.244299075303832
9.436545770303841
8.006703790299992
9.195639250202552
11.377679511999995
9.420122709696154
11.720231704999986
13.524037098999996
14.864330057999995
13.71161141199999
12.96512161399999
10.275423212999995
11.333896482999984
14.261716269999992
3.6186387923999903
8.637145815999984
11.797075586999984
11.120672272999993
13.638932738999989
8.017741201799998
8.605453628493592
10.019793408141426
8.769675445594867
11.124837056999992
10.941924616999982
10.802113074999987
11.64282748999999
10.559455376999985
13.655382703999992
12.464194683999986
10.739372751999994
12.016021061999997
9.807319337353588
6.180846853599992
6.794315809599987
7.864943699594869
9.79204361106799
10.772768992999985
8.476701765405096
10.175422759999975
11.253976351999984
6.12467703249999
4.647548074299989
7.413789576699989
6.94089925839999
6.824663252299995
10.507273929999988
11.181834498999986
12.943010190999987
11.714488036999992
12.041760631999988
10.044389501999994
9.373550292999973
9.979138970931999
9.779266133070697
11.763169320999989
5.877856748999995
4.891883058199979
6.090026702899987
7.179100161699989
6.169059454299983
7.445312361100001
8.47701946869615
8.349342878696145
8.782978897101271
12.193862331999993
11.09428887299999
12.429134701999992
10.176205056863992
8.39654010010127
11.762130208999993
8.935314552303828
8.746086408999988
6.265604347199995
2.7596014358999956
2.027603295899995
2.459150419599997
5.6694910125999884
6.87563570249358
9.000142655898706
6.554560263099992
5.184070384199988
5.863730633493582
6.587391130101264
6.519933079499989
4.641415360999988
3.4063937911999935
5.055666934199982
8.14731603389871
8.129911024506388
5.592384175099987
4.890322302199995
6.919284788493578
8.722663209659979
7.656712690696143
5.134337240599987
8.041766387898704
6.313032084699988
6.780806832899991
7.990531196600001
7.655988224799992
3.1178559066999885
3.404291564899982
2.6975031524999937
2.403333666999997
3.0569262511999913
2.8249483947999896
4.961527151499982
6.288295106499985
6.028837545799992
5.376068142699991
6.819246166999985
4.235434236100002
3.268132217399972
6.74929996029999
10.70345039099998
8.913017945898705
2.300060079999999
1.9740169434000026
1.2921244345787772
0.8325602751795976
1.0173111567339974
1.1652856339000006
1.4186652648999993
4.013023321499987
3.5159108581999945
1.4872716170999978
1.5893597929999972
1.5198350769
2.0233335357999827
3.469677148399995
3.4881618834999975
3.4262696471999954
1.2914912354000017
0.923773654733991
1.7001512099999965
1.1986106368999858
3.8227483382999865
3.9635230056999915
3.3621295730999954
3.4111439330999955
4.822206251499991
7.060252302599989
1.9606950408999984
1.7873239548000013
1.9023455443999981
1.0899798197799841
0.8781642975800011
1.7255156493999684
1.454208721900001
2.0094294295999906
2.4464788146999794
2.5490369201999825
0.5040225564999989
0.9355003389282666
4.209677381899982
2.0924704253999935
2.89503108369999
4.283259991499999
3.234679948399999
6.072286825599996
7.896749073797422
8.762858523594865
7.621499839797432
6.9836609741012525
6.776133753999983
5.273279627999993
4.41275621799999
6.576489309696143
2.7004090163999948
1.1255368316999994
1.70618470609999
4.732134393299989
5.900627975499991
8.152612876898706
9.160915800506388
5.5124967972000025
5.974032305898688
7.466629020696151
4.4143268874999935
4.8993820830999875
0.7340582240067963
3.229369537399972
2.797757696499991
1.638051425199995
1.8177131438999738
7.694954219101261
8.338262525898713
1.2112288790008132
3.0669437072999655
4.473517121899985
1.9019543976000013
3.622835757400004
3.6361866897999757
3.315005665599995
1.2605227767999982
0.638321534819999
0.7161755755400007
0.37333058004000075
0.5538739896799967
1.9950632079999786
1.3507539612000032
0.9101725762400029
0.9427988821999915
2.063864938399984
1.7971754332999967
1.7947695647999942
3.7844357573999936
3.8855584594999892
4.022219883699998
3.1843927962999965
4.622184442099984
9.397384417795983
5.816485598799985
2.007763183599986
1.2004505782997272
0.9799651032400013
0.9675157781733128
0.6119662211400002
3.803155006405077
6.1184984344051
8.761484245303828
7.2633976623999885
6.2209742203000005
7.721282850599991
8.739471118202557
4.526202108799985
6.428958177199989
7.197484545898706
8.64283559879742
8.032750668303821
4.673250627099987
3.020216535899998
1.6254473815999875
5.757327545199991
8.263837863202555
10.161655749659992
9.199898989931988
9.303318724101269
11.022323002999988
12.735465655999997
9.661184246863984
5.61024915159998
3.8334574584999874
4.632907739299982
4.379484936499987
4.215520481899994
6.038546374499994
4.14400809629999
5.352293025199987
5.793010284399991
1.786030946399995
2.2805928725999913
5.602119265699992
2.922782197599975
4.596370271299991
8.550025924696135
8.393360783405116
9.76376020200001
10.712834484999986
11.139188624999992
9.17501999510127
7.0570983016999875
10.062763862717112
12.00459462899999
11.657638294999995
12.128704496999992
9.410215879863989
5.760402726699986
5.791668580599991
5.659180763199994
2.684461871299993
5.441858077999988
6.397334782399993
7.694028037999988
8.760725761405117
10.00086432635358
9.282813120999972
6.6032492064935795
5.642221685799981
7.185064479101261
5.4891542968999785
9.677690670858537
8.573381912202562
12.293740572999992
10.065979734858551
11.771009734000002
12.583989152999989
13.702493404999993
13.129405919999991
11.420313329999999
8.137005100999996
13.731793281999984
13.120768184999989
11.884753161999992
10.825035468999994
12.156699861000002
11.441255781999988
12.133793686999988
13.410159794999998
14.013551104999989
13.540186651999992
15.106769024999993
12.119552907999992
14.043208880999984
13.645018378999982
11.12731346099999
6.391022889696139
6.188496679696125
12.476945119999987
11.064483286999987
13.645013944999992
9.452526589999986
4.943773776199986
9.153992005931988
7.508859275800023
4.127568124399991
6.095664398199985
8.156850942999982
8.890346153303833
12.317004375999991
14.108058075999995
15.055383558999992
12.340966231999985
11.99195220599999
10.716436249999981
11.487724149999988
12.694321021999999
11.278019668999997
11.474778264
13.128647507999995
10.59356576828285
11.803710294999995
11.206655716999993
12.054750339999986
13.308168194999993
15.527968982999996
11.035639570999995
8.62437890620256
8.320947361797439
12.173543450999995
13.771084194999995
13.083033074999994
13.43884105199999
9.323703514101277
13.875865738999986
13.076866405999983
14.33592038999999
10.668219080999988
10.659382065999994
11.00494381399999
14.630400509999989
14.889562325999982
12.974348852999979
12.701371123999989
10.815423015999988
12.358245395999985
13.22808664999999
13.600612491999993
13.166508774999988
12.850536341999987
12.307811939999992
14.382280036999994
11.876817357999988
12.377318374999989
14.570428486999985
14.365079972999986
13.899556402999982
15.133301638999992
10.852637560999991
11.477940021999993
12.793626136999997
14.062784084999988
10.463797545989111
12.156789655999999
10.321300533999985
9.77797656571711
11.538882779999986
11.964961638
12.87586373899999
14.721878057999982
14.27071890599999
14.893744791999994
15.56927418799999
14.002304184999986
11.07100226599999
11.520526307999985
10.315240503999993
12.488289548999987
14.672254256999997
15.465275988999991
15.317825072999987
14.25365188399999
15.036262645999996
11.051012021999991
13.047061034999988
12.440991945999984
10.742136439999989
5.529944166599983
4.939232055699988
4.7829164855999915
4.709391526799987
7.888692639202547
10.615272091999989
12.694541800999994
7.1855734055063705
8.57039699399998
11.788500268999984
10.44500919599999
9.814875118999984
6.567814538599984
7.914176000999982
11.670950048999986
12.081476688999997
9.579254312067965
9.567354165727986
10.676765635999987
9.82269111927199
9.691856425339992
12.366168612999985
11.999224286999981
11.372343549999977
11.728799322999986
5.573264633199998
5.575643585199989
5.939132073999993
8.13680216520254
10.20590663499999
11.248273476999996
10.573577106
11.684176964000004
9.628656729101282
6.201570982400007
7.1036912933
5.906097611999989
7.480837968405103
9.35244514006798
9.037573164405108
8.084415130594872
7.350195204200002
9.461659321594874
10.501494930999995
8.905802177400004
9.535478124999997
7.590515930200007
9.858085435353575
9.471965983717102
6.007392677299988
1.571488651999997
5.420999909999974
4.754137925699981
13.878451662999986
11.58259602799998
11.689420012999987
8.230247360202537
1.8094010971000003
3.256285119599967
3.019931996199991
1.3109682433999992
2.7857867722025227
5.71136170499996
4.453206861899989
0.9957096367863949
1.9907879943999935
3.6221693328999924
6.458352644299993
7.366454569999987
7.929614198303822
9.095779141135973
7.451227830499989
2.5094590072999763
5.426836576799996
5.805705754101257
9.229441883929262
6.766274946599996
5.992920407099989
3.702425854499995
6.471049523898686
10.34610599399999
13.098456305999983
12.883889963999989
10.501857981999988
6.387693360899992
9.236904313696146
3.4803813033999877
3.542782850599995
5.22150069579999
7.753966213999997
10.0920994170707
9.043638377405111
6.365559805299995
5.493521932999993
4.463913011199993
3.3063844024999893
4.036408340499996
3.919942193599993
3.586394609099985
3.9928382522999932
4.580815922499995
6.3922582000999855
6.0249918884051015
6.095237324499987
5.603291183499996
7.375792745999984
7.696756259202547
7.725352401699998
4.9951026184
3.5371496795999966
2.882047447199993
3.8288936767999786
5.192824294999972
7.275925117506371
7.8066946074935855
1.552386624099997
5.567762445099992
6.634899851999992
5.177305563399998
4.572484358200007
3.5373128845000026
3.560110670499996
2.4938974837999988
4.603167930594841
3.753617463699978
5.733053976405096
1.0838837027646357
0.5201164080600015
2.171292883299965
1.0307414008067954
3.2407023818999923
5.279684402499983
9.017773088101267
3.0022867339999895
0.7836154337900024
1.1937051437000012
1.5960011124000033
1.4320297576999976
2.1625606978999783
2.4520147491000004
1.1474360228999947
7.743274842863965
5.454527369696135
2.13665079349999
6.060501080303822
4.952436622599992
3.689208189399987
2.494433752399995
4.660969685399975
6.791047605898687
2.4261469726999967
2.346805683900001
0.8790049087659986
0.7742288081199993
1.2545502471999948
1.7832091186999912
3.1412808257999885
6.371717094399984
1.7889389816000008
5.807216958599978
5.823202421599993
5.039360232499996
4.192451330599993
3.7341663910000062
3.7530639908000003
3.8808930633999967
5.63129396509998
5.247376495399984
5.648687297099991
4.234840237399999
5.288464495800005
5.90887403110126
4.8044458175999845
5.462912681599997
4.831055937199992
3.3280300048999942
6.231979907202546
9.030725942999982
10.248490917999986
9.814937976067982
9.848812713717102
7.610857607999979
10.136446514929272
8.002545188898706
4.893653559899994
5.737005166599988
2.4064443664999944
2.4611210860999955
6.3886140731999905
8.882456678797425
2.26520170289999
1.3513424907787628
2.042096295199988
2.8635296204000027
1.8495631821
2.317806010399998
1.6955100371999894
3.505981755099996
6.393495950303824
6.355222399899987
5.531199916099984
6.607386556999988
7.6796512679999775
4.252127241499989
2.3759057845999982
1.0301807793727986
3.405488294999969
5.03403856659485
4.89449209289998
11.458533285999986
7.3354690688987025
1.087991212499999
3.506534167499994
6.280233216898702
1.9086959853999936
10.461552423070698
10.471360596999983
11.442070720999983
9.762398814405117
11.103780442999986
9.300978738405112
5.113982144199986
7.996122441101262
8.876450965898709
11.478627088999993
8.882307987999978
8.460560169999994
9.317607734795988
11.107486181999993
9.56124430393199
4.354708181799987
3.2958771789999943
3.8074533782999858
6.258384170499984
6.864176841700005
6.705126026899986
4.617220860299978
5.82471151730381
13.295484652999981
8.111367750493587
5.881518685899986
5.997661650099987
1.8940945266999891
0.9736952537659948
6.014779750101242
6.017840347299998
5.603752242999985
4.668897431899976
8.82519601127198
9.444507595797438
8.095991514600007
10.424851286212146
6.355179937699984
6.378649497999995
1.8912471816999838
1.3693663730716952
3.1951238311999877
1.504186181599998
4.800525437899977
3.7279856811999874
7.9024719848987095
9.618558445795987
8.159600230405104
8.79964664610127
6.905148898299997
9.56795230260001
9.148235328700002
11.584860547000002
9.60371390689599
8.783261767594869
8.323212858594879
3.910771664399992
5.720085119599982
10.574428631999991
10.911995849999984
13.438918638999992
11.574327036000001
11.412861679
12.255140485999988
12.120577966
13.636116666999994
13.624276159999985
6.007233729599994
8.411559942594872
9.658511680583995
10.18355999484721
9.599861076405126
9.223688528405116
9.621784896931992
11.836716448999988
11.55626119399999
10.598612697999991
11.493061725999995
12.216960489999986
12.719462673999995
13.137954853999988
12.471985805999992
12.08747172199999
13.661473633999988
14.011226046999996
11.215597486999993
7.808070399506386
7.753453626999987
6.54957202447996
8.548397662405103
9.613461686795983
10.413950794999987
7.857850596594868
11.882854624999986
11.461747814999992
11.944054323999998
14.029975336999989
13.610426818999986
10.824631348999992
10.479996501141423
9.030122618101274
10.277889224135988
14.02225050199999
10.94545216799999
10.466387668005437
12.919046653999986
11.732994060999987
12.823026363999993
13.00543491999999
12.088681499999991
11.64162280299999
10.85111776699999
8.770004698202548
12.00936739999999
10.680081751999996
10.291952464212148
11.611630617999989
10.643153814999991
11.129594765999995
11.827547175999987
13.403423254
12.735768490999986
12.01308945799999
13.849179627999987
13.074880488999996
14.501527010999988
13.809056338999993
8.209808479303819
7.054090106202542
12.12251632799998
11.919980982999991
11.213838022999989
10.357640980999989
12.585942077999984
13.05495612299999
12.85786459199999
13.67310127699999
12.719792232999989
11.096598708999997
13.659659137999988
12.821441619999986
12.645502073999989
11.944866732999989
11.504869872999988
13.565187812999994
13.163693169999991
7.881272323594861
9.519575303727988
11.545878875999994
13.156465214999995
12.45393295599999
10.548348519999983
11.052272002999992
13.62022723399999
10.622817188999985
9.927415681339992
10.423935062994552
11.108086387999991
10.279325863999992
9.330990225202559
8.13088060459488
6.619083239696144
13.509417631999995
12.274224537999986
13.235402988999992
11.346984147999988
8.430706524696147
7.114973434399994
6.060084356699997
9.108541346696155
9.565667204212145
12.479776034999992
12.966083030999988
12.943715854999983
8.65336588130383
9.37276535340512
12.75490625799999
8.44550686189872
6.960970016499997
7.315083929399991
10.801566425999988
10.602986941999989
9.059433898898707
10.316022367999988
8.44077463989872
10.429388927994552
5.571920419299993
2.6134955749999973
4.825301884499984
7.154316293303824
5.694902008099985
7.759722459405109
8.822748147594876
8.335189056405108
7.29313574679999
5.587484570299989
5.846143394500009
5.8010224991
5.474374598699987
9.111053321797431
8.7676630234051
7.2261493393038245
8.06852787930383
2.182684835799992
5.48154362950638
5.54410401920253
8.02348429569615
9.480360993999989
9.005337770101267
7.8015300719999905
2.814033584599998
5.85453529659999
6.92628817899999
5.971808038299987
7.813335292101257
9.495895101931989
5.425215457199987
2.7991977828999914
2.6749914290999817
3.341371986399976
3.5752982039999925
5.014052806099996
2.2645304977
3.193567709399994
2.6961047241000027
4.3054116073999715
7.248560720797417
8.19907596889871
10.055760870282862
8.018374639898706
5.7782595474050975
6.590392459099993
5.853026915000001
3.4615680695000144
3.266348286400003
4.327146067800006
3.6721761992999844
5.252859162899993
5.455462588499994
8.261701417493587
9.586082199067992
3.1759824157999974
0.7600356582600011
2.802285726900005
0.5717347739200015
2.5404134627999753
2.152447941599992
2.1050664246000044
3.691212899799971
4.607705288699985
3.578111698899994
4.751667127999995
6.78284058989999
7.300098156696149
7.3817128905948675
7.960503448506386
7.429559376493574
8.959451336696144
7.255584481797419
3.478353503399997
1.5555503722999922
2.8368793776999857
3.3577997162000064
5.052514204399997
4.431489785799989
4.936594880699997
5.234248806799983
8.233541119405103
10.390754546999988
8.233305723594865
8.341250198405113
8.61015874630382
5.5604881972999864
5.434771083099979
5.39147769469999
2.076045022599993
4.128146968099996
2.1786692047000003
2.9830503356999793
3.4432375854000044
5.881161598199996
2.7820161361999953
4.346215171799981
1.4602774520999975
4.172541598499977
7.592088061493587
5.341339712499982
5.378788919099983
4.0766073684999915
3.722929481499989
3.7169714202999913
3.949378611799993
4.627598364299985
1.4693170897999999
1.7954175858000025
1.1654371520999964
4.214668901099986
3.0217192963000024
1.562485383599994
1.2421867400999993
6.680064485199994
10.503245131999988
8.104748506202544
6.980320005797412
7.403608645599989
7.104073683202543
4.173116938799997
2.176473850999999
3.623046325700002
6.385480459599989
6.760904731797419
5.2253407088999815
5.1554063689999925
5.892951472506382
5.126577134699996
2.098790243499999
10.129937795999965
9.303510104405111
4.636987055999983
2.6865097945999863
7.429092942799991
5.8739768325999835
7.482477127101257
5.74404966279999
4.974388197299985
5.485294288599981
4.1063255553999864
5.936294975299983
3.3738348556999957
1.9330554809999916
2.129065629599987
5.168883789099983
6.4331765548999895
7.2370771271012515
7.368388165299989
2.7075935134999787
5.171905004899991
1.9780198668999958
4.744412058999989
4.585566899100002
6.411454107700019
8.913208174101266
7.605259417696144
6.20933780979742
6.064851440405096
8.03822988279742
8.441759143101262
9.000279219067973
6.322139324999981
8.105785649101254
9.056017346135986
10.25996591192927
10.455142673999989
7.98628554079743
8.644495315594869
6.4478771056999875
7.413711337299994
6.870871118202548
2.053939195299995
3.9638969863999867
6.181268260199987
7.313201495405103
7.011938069202531
9.003273654135983
9.536929089282859
9.50362294779599
10.475518538999983
11.473067385999986
12.506330008999987
8.423042434696145
6.585355633493561
5.029193855303806
7.241713917493565
7.026425653101254
3.0918833495999754
5.284581951899993
6.170857070899986
8.001900498999989
4.31136915439999
4.435177783199986
5.92439936679999
6.159535391199989
4.062041693099996
5.12369331509998
6.765797434999983
5.221861762999987
8.142412931800001
9.601656291207993
11.331993142999988
11.589362183999993
9.651181896999995
11.660707944999988
7.928647698999985
7.010988238493588
5.871352818299983
5.837362951699988
5.838469354199983
7.4210089386
6.4053197083
8.966386140271979
7.492366903696148
7.081177446000011
3.7237376235999853
7.793175515696145
10.021312727282867
7.299662922699999
9.467466825898715
11.785402009999986
12.054410142999991
9.948916058212138
11.70400641299998
10.405110071999996
9.244947929271984
6.6000245804050985
6.507280281099985
8.743589353898708
5.220480697599989
10.69085465198911
5.4845371963999945
8.922817199696157
8.569918455499998
7.119668121299992
7.2748212188999934
5.753398571799983
7.950249107405092
10.065193039999992
10.266659214999994
11.968405431999988
10.700966262999986
11.32148100299999
11.133690572999987
13.030640583999997
12.665948333999987
13.06342214199999
11.239519433999991
9.579935760506391
8.060795416303831
11.291278672999985
10.765995115999988
12.591515467999987
12.769686895999989
12.500732546999993
10.775953855999992
13.434899270999988
11.24722644499999
10.37960185199999
11.507065836999995
10.703114155999996
12.19796399199999
14.575326679999993
