10.793079538999994
11.02033462499999
12.698481229999985
10.83676995399999
12.033260077999984
12.241971158999988
9.537047853067987
11.37749432699999
10.645062707999987
7.090741062899994
10.921055799999994
6.184923889202538
3.9692252715999796
4.658337287899979
8.070937216202541
12.34522518299999
12.64254375599999
12.00639683399999
12.703871111999986
12.950756716999985
13.126762872
13.753149240519985
10.48791370100638
7.679280728101244
6.04863847659486
11.73484474499999
11.118041668999988
12.387124006999993
9.348710662863983
8.994461997999988
11.616757215999982
11.961208570999986
13.01973102399999
11.046265264999985
9.574731956339981
12.794402265999988
12.359024973999992
13.289223754999993
12.745128252999983
12.36171707199998
9.63130944814142
10.997430837999984
13.145326572999984
12.545001078999986
12.58622639299999
12.540715639999988
14.084598095999993
13.42585407099999
12.954956681999988
11.241793259999989
13.362745249999996
9.12984641879743
10.50449551999999
13.818821752999991
14.106921132999988
12.726132960999985
8.26586958159486
9.226908369282853
11.976619195999989
13.34362564499999
13.56865855699999
12.559872915999984
14.069166808999992
12.338763044999991
13.62969637899999
11.841383811999991
9.42131668089872
13.81197972699999
10.490996035999988
10.576595292999986
10.90795309599999
11.340085059999987
13.435874810999989
11.29297507465279
8.008179711905111
11.003559298999978
7.748636216696142
8.0469764068987
11.372159600999987
12.49631088599999
12.23755263099999
11.362922674999984
10.966153298999988
9.77924179385855
11.17776881599999
6.695642591899987
5.0826707901012504
6.615893771405088
10.467898976070698
10.28556032099999
10.818507172999995
10.04909166107071
10.256322662282868
11.545341097999987
11.776133059999987
8.727757934594864
6.906676350405101
6.677739222696139
7.151536764493583
6.627707473799989
6.901773588594862
8.931777342202539
7.861018450899992
10.742371943999986
12.567051696999991
6.6009077666999865
8.614506404103976
8.958429431202545
11.220750490999997
9.313186715696157
9.869158773863987
7.865302996797427
8.021659991506384
7.657104360999993
10.459759038999993
9.702101533646385
9.837414807067985
9.958379112135985
7.688791815202552
7.9183410202025435
12.11651363499999
10.50579764299999
8.660947141999984
8.362758343493585
5.750911877399982
7.952949258405096
6.467505046099993
6.137959452797416
7.107859574899985
4.724845220899976
5.6744506530999805
9.461831269863987
2.5216148864999877
2.306355099499991
1.6749648757999955
2.258837953199989
2.931892469799982
6.606380969202541
6.160374415594858
11.122894466999988
7.002387339799995
8.132693708797424
9.509969074999985
3.608347102399996
4.262587547300005
6.011333564799996
6.492525093099999
6.972680725099998
8.001695124797418
2.7805571898999975
1.3275415024858466
1.7437096511999814
3.302093649299984
4.747231687899995
6.310440756199992
5.1082167603038195
3.9165702941999827
4.096718734699979
2.9468461089999867
2.2543223769999807
4.559160908499996
1.5489391417999967
1.6572384444999972
2.75652588649999
1.9277756911999935
3.0203284911999826
1.7328915236999922
0.6176804474799976
1.4383515426999953
1.0148514167863998
1.824938813799987
3.8471779387999714
7.875846827795964
8.170739617898702
5.0961964065999865
4.954693514999992
3.3259352172999934
1.444839773600002
1.4694505187999987
1.2372136810000003
1.2288227681141333
2.2416211516999898
3.3563811583999934
4.962401361099983
6.253965721099982
8.207794770797426
3.1395978148999877
4.108554511999964
6.33203432009999
8.57660442349359
1.0248582131282817
4.484360075399985
2.158950111399985
1.9947244445999885
1.3169570101005394
0.7833242522202547
1.2502930644999988
1.6065262343999955
3.1700016448999806
3.0659218780999917
3.44555190429999
5.033143820199986
4.533148419199993
5.762892930594855
7.949087254303823
7.010859600799992
1.300625117499996
7.083827065999968
6.690761520405105
7.381868591299992
6.21670173949358
7.588513288898698
5.06173737949999
5.306154864500001
6.691856791699997
1.4976360808999964
1.397121195999993
1.4619124404999984
3.401981271399982
6.639106947303821
4.202615850799991
3.5805697402999854
4.208601847799986
4.592976203899988
5.820678521699991
3.8078705184999757
8.756900433303823
3.565487875399984
1.6218756774999892
0.9394647715727952
5.016838302599984
5.074298615999995
3.0817501784999877
4.03914728089999
4.301800808699997
4.2951459442
6.183043606599983
6.778959251405104
4.7923276397999945
1.454302465799996
3.607531150799987
8.4829102264051
6.781886914101253
5.227114099099983
1.9742605056999798
2.557547743199968
4.092045077499987
7.00476976930382
3.0796748000999896
1.9549939605999875
4.404979232799992
5.5591950667974155
8.509632119797432
3.107996514899981
7.141383392303821
8.707303912405102
9.52445844879199
9.012548081999995
9.052949279797437
9.023536404405109
10.961445316999994
8.06541963810125
5.534627903696134
10.262392765999985
11.591333646999987
7.463042936696147
7.639006736797423
9.201516912863985
2.123815119899992
1.0773198696997275
4.654077191202532
11.596300385999994
7.334380737299986
5.729027500898698
7.114926376303827
1.1618955781931914
2.5561957580999928
2.158384051499997
1.5229960430997205
1.1844792271717053
2.477134034699986
10.056850872858547
10.788836860999993
10.61214661099999
10.83739068899999
9.029268130506384
9.419530513
10.44815139299727
9.068703520202547
6.335872140493583
9.57550736085854
11.934048595999986
11.211951314999991
10.57273901699999
9.662477996863988
10.964180607999992
12.756787924353592
11.924941828999991
10.998108269999985
9.862923612999996
7.9342104904051025
9.947607998787818
8.0659570418987
8.844315125993582
10.955916030479983
9.840702018787823
9.737560467666393
11.672155619999986
12.13474143399999
10.450379200999986
9.919853224141429
7.374399266101266
7.462226794399995
9.556865547202552
11.99242764699999
14.008103713999994
11.752395124999987
6.980983830299984
8.471436959803832
9.319703256202553
11.09877023599999
12.953676873999994
12.281795800999989
12.961689760999983
10.906817244999987
8.649227557405109
10.802611475999987
9.549137690696153
9.993753739931996
10.012274185135986
11.79403011448639
12.456504133999994
9.85734994365999
8.512357157898713
7.585896835303828
9.040114636202555
12.23149314399999
7.5746175354051015
11.008861301999987
12.336767968999988
11.750199000999991
11.22379690899999
12.131710686999991
10.577689541999991
10.181960893141431
11.105999080999991
12.084105193999994
12.955052608999988
13.13383621199999
11.168308365999987
9.508376539727987
6.9269116546961484
6.762950199898701
6.6214509810999855
4.547471377594851
9.78852929828287
11.374122884999988
11.385308349999983
12.823923285999985
12.399444639999988
12.939409287999986
11.202249437999985
8.43157577669614
13.175493010999991
13.184451841999994
11.82674198199999
12.39650696699999
14.175330791999992
12.618182700999986
11.778765749999986
13.025469066999989
12.672077448999989
12.700489367999989
12.773095557999989
12.931775568999992
9.876927075141419
8.96570056760127
8.220164015202542
4.630375692696125
6.314545712303793
9.546998504727984
11.910195958999992
13.286162063999988
8.54665741420797
9.502631126282859
6.842372099303819
9.277299790999962
12.749704288999988
12.111125612999986
7.4601905731012526
11.49318476999999
12.081492609999989
13.33215396399999
11.655054635999987
13.130029737999989
11.704945505999987
11.73509298099999
13.01823205399999
12.677607702999994
8.073701159696151
9.329762115506394
10.306392538513585
10.795074239999987
10.592065235999991
10.652035889999988
11.912285944999994
11.71864259299999
11.875826130999997
12.015647089999987
11.600423041999989
12.619366167999992
12.01949624899999
12.287593860999987
12.586440143999992
12.388681173999993
11.383555379999988
11.680739316999999
10.505893522999989
10.543159752989112
10.706040896999994
8.85978522950639
9.948180223067991
11.596761696999984
11.911457302999994
13.327138091999997
11.365955996999999
12.954513180999994
13.780223586999995
12.809235296999994
12.163869231999993
11.790060540999992
9.838054751727995
12.019355242999978
12.95364883899999
13.59645257699999
13.793363833999992
13.54292991499999
12.28779203899999
14.316357291999992
14.061638602999983
11.384377166999988
10.22239448699999
9.666329528858538
9.09741322020798
5.74410322269614
8.017160681202537
11.210018064999986
11.406972497999984
11.96441072399999
11.674592035999993
11.190299482999988
10.935497037999994
9.426846021999987
6.525230451999988
10.123453504929246
12.739123459999986
11.551959869166385
7.887048539702555
6.822847251899993
8.32131990199998
8.732214999271974
10.149058370999981
11.15578489399999
10.759670218006388
9.238918420282856
9.579174760271979
10.021086607282864
9.767725895795989
9.676108836271993
4.535649839799994
2.387254443399994
8.946187855493587
9.673572354070705
5.566450895699989
4.406001074199996
1.5553411362000011
1.5248243683000005
2.646267585799993
6.270722657797416
9.28277768565998
10.666667617999988
9.68612936233999
8.626935812405115
9.099025591999979
3.045081530799992
3.3771556106999814
4.538007670599983
4.542831162999985
5.065071591202522
4.106165885899983
1.9987489776999854
2.3977950957999976
3.591585671999971
4.104725564599992
4.34854893649999
3.126588035599975
3.5258811477999776
6.308612190199996
8.476191767898706
1.1579954089997269
2.411234883100003
1.304035852099999
1.2365323825002705
4.0395213012999855
1.279134040079591
3.021541867099976
4.842622457899989
1.221758653172794
2.057056722999979
3.749548933399985
5.6223093444999925
5.745306480405099
8.396801151999991
9.859816918929262
5.228464479099981
1.3250339995999958
1.6374148665999961
1.796984889199999
0.6809305901499979
4.721056790202531
6.383088716101259
4.357384744299973
1.3312108947999994
1.3023402801999961
4.013900891099973
10.164226020858546
1.5349121872000002
2.504105924999994
3.1961441421999903
4.03001299739999
5.206556735199991
6.6579268355948615
6.607955436699986
5.851362928799991
6.0831172698986995
7.764105064405101
7.388228854405098
8.670905255101271
7.970376104696134
8.095898332202536
7.903020875493583
5.8845339110999815
4.795403239405089
2.065200476099992
2.133907665999997
1.7802566878999995
3.123713195799998
7.085116758696146
8.071863258405104
7.102534602405106
8.635553231797426
0.9597731096087853
0.8602576604797431
2.7068933257999785
1.445457174699992
1.3000439849999978
2.189221340899986
4.139179159499995
5.312691822799984
4.670597320599981
2.5338507064999876
2.806938153099981
4.239092561299984
6.132834365797423
6.747132438699992
7.274303346303824
8.0340847794051
3.861447354099992
3.4476767531999903
2.3756387847999965
3.098013813799992
3.7731253921999963
3.3245037353999924
2.966042779499989
2.8434211898999977
3.7289106231999893
2.759718159499992
2.6620382522999986
5.55510846099999
8.391735931405103
4.874147744799988
4.294916845699973
2.544131986999995
2.3319363646999998
3.351001794399992
1.3416627408999942
3.0168975966999905
0.7584270017600002
0.8500989454203964
2.4984368194999855
3.790829145799976
6.701426271101259
4.112790081799992
1.6191509994999929
0.8953207082795981
1.2957019530999936
1.0923944854999919
3.283309765599993
1.4071919082999955
1.5523923964999995
2.8981344405999954
2.8539907973999794
9.553824227931985
5.87001901859999
5.082286938499983
2.550534765599994
6.570116886898702
9.384409294067988
6.320702413899991
3.328865408299987
5.5418204163038105
7.2057623336961445
1.9575393722999952
1.9705472609999874
2.9436973159999913
2.917350826999985
1.3432407775999966
6.505145469699975
10.481329549999982
9.865027647271985
4.047549134799971
5.204006501799981
4.608937542699988
4.497012370299996
3.1619179976999887
2.414650132799994
2.6629277892999936
2.762027329999992
3.027761906400001
1.1128263419141398
2.483194125399995
4.160331233199995
3.6250310363999954
3.969519116199994
5.6992914336999885
5.929942741399987
6.548914097599994
7.80132413940511
7.449097006199992
5.693715947000002
9.407437083271981
10.112454501212145
1.7529382964999973
1.3586576555203904
4.685613172899989
7.377794616699991
10.418285709999987
7.8076591354051095
8.43156102765997
7.520595852696142
9.527555161999995
9.387542663594873
8.880381822202546
7.2760638198987095
9.083220059135979
7.681635591101267
6.273369367999981
4.731004550199985
4.58702595979999
3.5022726287999717
6.051961892696143
6.590128849797396
10.135830808999993
11.699534504999988
9.275056063858539
8.001297752405094
9.165538748202545
10.607333152999985
12.113450614999993
11.23639451299999
10.47883703199999
11.509519877999992
11.430606696999986
11.306781167999986
11.641087751999995
11.630806338999992
12.07105771899999
8.519646229594871
9.286931520067986
9.616886442594875
10.315290096999991
9.34662810669615
11.882507779999994
12.50668924399999
7.380986189303822
8.534288801583967
11.414592823999993
12.49398613899999
11.924189620999991
12.630625219999997
11.595709963999996
13.53709974499999
13.18759584199999
12.834210761999989
11.553832860999986
11.969849436999993
13.022752643999993
12.565212868999987
12.770606945999981
12.413249984999988
9.383260128863984
8.324722367895973
7.208476850898697
8.91193195964637
13.161622728999994
12.889493169999982
6.73349387049358
7.555745228583972
12.334130958999982
13.718978483999992
12.977674944999992
11.11035122699999
13.839021587999989
13.285991610999991
11.158286228999993
10.85149109299998
9.03117362669615
7.705740566999975
8.850728005999985
10.727306330999987
7.923643453999977
6.711411422696142
8.400038418594864
9.083796836898708
10.877375768999983
7.82793743899998
7.605550704999982
8.194229968303826
11.290998594999987
7.890636840797419
9.71356007220398
8.035896186799995
9.238174023271988
10.02554663699999
8.403580244405113
7.468487457299994
8.67756199040511
11.671608430000003
11.522912104999984
9.820611247212142
12.698161490999992
12.15340991999999
9.10319537810127
9.345878358339988
10.114233668659995
12.287967211999995
11.81909313499999
12.272583077999986
11.175063378999996
12.502922144999987
12.016520843999983
14.937919973999993
14.454725301999996
14.70841002799999
14.97273788899999
14.86639304999999
13.66591343799999
12.223910448999995
13.910869738999997
13.996038656999987
14.281520096999992
14.57454646899999
14.141682810999992
14.032550011999993
12.83653400399999
12.749842647999985
15.155146525999994
13.802069248999992
11.92968678599999
12.050634601999993
10.984985894999982
14.120694097999994
13.525241916999992
13.742447843999985
8.827829707203973
12.143497376999981
13.174730105999982
12.502813595999983
13.231086799999982
13.598034080999986
13.035887185999986
13.103428246999988
12.769163444999984
8.989822613493583
9.914843225070701
6.93443298189999
13.667569463999989
14.90535669299999
8.745350070135977
13.178178136999986
10.889843000999987
11.479793450999983
12.071148212999992
11.126981023999988
11.87016161199999
11.015182834999992
12.17467253699999
11.087948809999993
11.161178512999992
11.216278599999988
13.226036121999991
13.762236405999987
13.93950777699999
13.012962276999993
12.710959911999986
9.680571075271988
11.166486525999993
12.680117368999985
14.32589299899999
13.84123062099999
10.821101578999986
11.049762282999984
12.173240079999987
11.077667463999989
10.777509499999994
11.740777294999987
10.508970125999987
11.46780977199999
12.582797066999978
13.637301305999989
11.861476357999988
9.234793167101264
8.582045355202553
9.461518714931987
8.339940684493579
5.565580412299985
7.514483720405101
7.301031556696135
8.594656712311977
9.109456581101272
9.267455088791989
7.356901896696136
9.926141784795988
9.18987374569615
8.498856661999985
9.058781338493588
7.711653938303829
8.263814735405091
8.355010000594874
7.231535272199996
6.349152537499992
5.657110816999985
5.284905380199992
10.212705062929249
4.469589677399989
3.14514794459999
4.127344323699991
4.761611364699994
4.726206782500001
7.9464433852999985
6.848129222099999
8.318389720202548
7.491381602506389
6.859967002898707
3.163746583599983
4.12198721009999
4.338206185899992
4.231673234599993
5.033832431000002
7.6053914596961425
8.989746368405106
4.3534274077999795
7.238075178493582
6.636670298799994
1.6091534942999768
3.0285067367999723
4.714349089101232
5.2002382369999625
5.93578242029999
7.563450598101269
6.82896543729999
1.7214949875000005
2.112727259799978
6.830274162303822
8.213550822399997
8.293562890594872
5.427226036099981
2.698273025499993
1.8300238234999973
1.5130542434999974
3.1720957793999793
7.7997144896961315
9.725787434271986
7.611102442898709
1.4502828109999957
2.0816374907999964
3.210447596699977
3.7124313384999956
3.545789198299987
4.946233225999982
4.031823013299978
2.89777400209999
2.293823011799981
5.287117132599982
3.315812098699999
2.827473811299992
2.5700227080999913
3.606613763399994
3.911407551599976
4.36624536589999
3.8814910354999936
2.110449263000001
2.2331417235999997
1.6617058913999947
2.781570059199989
2.455310198999995
4.867282592797409
6.431324685699984
4.793286334199973
8.215504394493585
6.768954984999985
7.108178240999993
8.276306335405106
5.998253993199991
5.280472752399995
3.7535125258999793
8.30585249179743
2.38349086299999
1.9277252700999958
2.251550057999997
4.3574215651999975
5.962627072099996
4.010644248999993
4.823444404594846
3.1965587584999797
2.9152725615999957
0.7590783807799987
1.371924534599995
2.373027740499995
1.8177442855999906
2.7415196288999937
2.402005647299989
4.402003300499981
6.335444398499988
3.9193790893999974
3.941104952999989
5.861992001299988
4.929667422499992
5.2824944611
4.126802146900006
2.133045140099995
3.427134153699987
7.135680645799993
3.134475245699981
7.89290984499999
4.590350254799985
2.366301084899984
2.729248091099988
4.707313467399983
5.118736206099977
2.9671033812999883
2.8774250686999787
4.230473957799985
4.787845533799987
6.5604546706999916
8.62645032499999
8.286002046202547
5.999974528493581
4.674953034999971
8.271304534898707
9.20223971099999
7.115377990696144
3.0778198531999887
3.752987072799983
8.52457044220254
8.545803503405105
10.65216761199999
6.297218020594856
3.1824794494999713
2.60797172849997
4.688894044499989
8.005132185405106
8.655676596101262
9.395970552101273
10.041543336353584
9.687677534353584
8.881278095999985
7.677422944594863
8.460617886405112
4.999465275599992
0.7249172661863966
0.993109896865999
5.592303567499986
4.214284844999998
1.3891834044999942
7.41062808379999
10.056168177863992
10.36644518699999
9.030261546203983
10.72238106499999
9.07029187620256
9.68966447910128
7.563415435797419
7.937615730299998
7.282764277594868
6.146859342999981
4.013835230999989
1.8603458907999881
4.5008480864999765
6.048849212599991
6.842467643696142
6.607433343493583
9.839261500646383
11.003201812999977
2.3735438415999766
1.3672936718929138
4.724161514299989
6.354149134799994
8.053015032999982
2.362131899999988
4.035774464399996
8.064656610101272
7.875089756797424
7.410431574999983
2.958109881599981
6.543219140594852
6.883920617699988
10.526402530999986
10.512145005999988
10.23257338572798
9.994901997282868
7.848682188405097
10.584346380999982
6.550795844999974
7.787179840101257
6.762505558797411
9.760017571999983
6.027467474399984
3.6601295440999766
6.231491502405092
9.121264564659983
7.630503184493573
9.640671633929259
5.331997454799988
4.268538142399988
5.674798254399989
5.657697595199988
5.419876809699987
9.198435903898709
7.559914244101271
2.289985401899975
4.729008122299973
4.7981778931012515
7.787970783999985
5.583148051499986
7.121331324797423
9.255537474067985
10.025810636762872
9.121205989101266
10.563508264166398
10.453744114999992
9.559351560999996
10.406666373994556
11.990904264999992
11.208547538999994
11.16395830099999
11.933427434
10.23268793321214
6.495579003898705
8.226519648696145
10.636805135999989
12.262469117999993
11.800876269999991
10.855476699999988
12.81456558699999
13.361668732999988
10.374728883271986
5.56125065159998
5.92355040739999
9.412118453999987
9.88331492471711
12.06578711399999
10.93584629699999
11.002916480999984
9.041892579795986
4.4235898040999775
11.690809171999991
12.013334372999992
12.350386454999988
12.916093914999994
12.802850814999989
13.88346699099999
12.692050138999988
11.614829224999987
12.632072985999987
13.020376612999986
12.97762390399999
11.823302900999986
10.065733625858549
8.409398161303834
9.53471388865999
12.350115807999988
10.477712704339986
2.7160416091999857
7.9139694534159775
11.237266350999981
11.525142385999985
13.448594697999992
11.168262774999992
14.042640416999992
13.082160140999987
14.190639910999986
12.07824921099998
14.321667214999989
12.544103727999989
12.934719547999988
11.78460990099999
12.278733384999988
13.11261028299999
12.68951024599999
12.114861121999986
12.70522255099999
10.019791725141426
10.913573151999989
11.343257628999991
10.17399509728287
12.561429647999987
11.500433329999982
7.8220093323038205
7.471053425594861
12.194528245999988
12.260833593999994
12.594648240999987
12.33192660199999
12.72508764999999
13.568367159999994
12.006774228999987
3.380482536299985
4.3789714339999755
8.31543861850638
9.89172658999999
11.63628087799999
11.890257445999989
11.93071175099999
11.927435233999992
13.539354397999995
12.423208536999985
12.423207412999991
13.282558295999989
13.122641680999989
10.76925405399998
10.778666713999975
9.48879333028285
6.746189543202539
6.959396630898703
5.527985987899993
9.473838543787824
11.030590413999999
11.23546151899999
12.778437507999993
11.60735880299999
13.08866608699999
13.83283748599999
13.10503608099999
13.938005619999995
13.46029538299999
13.588743693999993
14.86439002799999
13.854075353999988
12.75267811899999
13.459609165999986
12.17756012999999
10.966804081999989
11.787814893999993
10.801212040999989
11.907095646999991
13.824462743999991
12.880054749999989
12.100637653999991
12.224210592652792
12.842642357999988
13.204228879999992
12.159844040999985
12.05095229199999
12.95010300299999
11.866078698999988
12.392716897999987
13.37690350799999
12.136756742999983
13.401774431999995
12.687383266999994
12.505216317999995
12.630192403999988
12.268240792999986
11.451790265999984
11.559096694999988
11.079021775999989
11.328514760999987
12.431077790999991
13.23374039599999
11.407760640999985
11.020163198999983
6.279801573202541
9.217394241203984
5.513160368303816
8.043752488696144
4.735758157299987
8.100911672999967
7.548258879101263
5.810372578405107
5.817536595202538
5.770757543899992
7.468702275101267
5.288137168899987
5.200545280499984
4.759365374799983
5.882424650599984
6.573441380299987
9.40198395393198
7.777234416202546
7.254086788898704
10.115183370999995
10.504137951999992
11.110689995999987
6.263169630399984
1.8906534179999905
3.6067467009999756
4.535211593599986
4.553749124099988
4.5211682632025365
4.299253700300001
3.6400688918999924
5.4409416167999805
5.0873530608999955
8.117525628696148
2.641176731899999
3.3355029876999964
1.6825534713999784
2.1361901824999814
3.532540905799999
2.4296898528999886
5.739922936999998
3.6348225266000003
3.5582713683999723
8.356800106797419
9.13498328549359
2.4615093001999933
5.446450234999981
4.28680633389999
4.028580013999988
4.43211249389998
1.7204036513999967
0.7864794998200008
1.9400140105999957
3.306874029499975
2.853594993599976
5.212928872699994
2.6193780396
2.8641599182000004
3.287530166599997
4.1177043273999905
6.529261607405095
5.079733392299989
4.353264025899984
6.5581529174999895
7.0521262526999955
7.336811990399989
4.409462962299988
6.487305651899988
7.818289164696142
9.687046748271987
0.9359022495212144
3.4632415526999893
1.3939054687999985
3.2321004195999814
3.5057685515999917
0.9750559326066575
2.0572590468999867
3.0072129287999925
4.5793597625999976
5.3551925490999945
4.834085528599992
6.559656645202532
6.167165972899983
4.152225660699988
5.86248513489998
5.4981746978999935
6.893334939594858
6.921170558199995
5.958819813499994
8.321672419696148
8.65894413150639
6.122769058199987
6.680883698999984
3.8269383925999994
0.913579997830001
1.0501601576858495
3.828277885399984
3.9290185012999927
6.561573754899993
2.702702520799996
3.732893821699979
6.318272457899983
5.74563103329999
3.548532684299986
6.550656120303811
3.2783165038999904
1.1856323150999983
0.7255421002400013
2.07575541529997
3.2658421020999917
1.7853426619999995
2.1220861632999988
3.6195230316000027
4.812751151999985
6.574263740493576
6.855314176898701
4.131839562999988
1.8338113036999946
5.747196557599991
8.715981616202543
5.100293882799995
3.585811709599994
6.664061801099987
7.571965460202543
5.595243427999978
1.9440300278000002
3.504603462199986
1.7582751952999958
3.023233076499974
4.7999217559999865
7.102298724405106
5.506936599699986
4.903067405699974
9.73759598527198
7.896698344405107
4.993857052599985
0.7128088290200009
1.7758914153999992
0.8858400768212128
1.4747342406999957
3.9782423232999813
4.650978054799993
3.2805270110999953
5.4052636413999915
6.066942933699992
6.597872430399989
4.526925627099993
5.704539755199997
6.652001936299993
3.2014471328999847
0.6286150736799975
5.1910301331012425
3.983149954199977
5.49452330469999
4.6978643371999995
4.198879734799982
2.645985348499991
5.312238494898683
8.879575164797426
9.648876237339993
10.54198078201088
7.334668612699993
7.495335192898706
10.028555551070703
5.420648527499983
8.113316239898703
4.634039219699985
1.0380768716863993
1.865422206099984
0.9458361505500005
2.2393871642999965
1.0310992702339978
1.1161347243991833
1.079351769999982
3.345225674399992
3.84173652799999
7.239598956303821
9.782689337135992
4.7840625350999915
3.823404547099991
3.931381838999988
5.11442643739998
7.419166075101259
6.30250481719998
6.3562270325063785
2.62799779509999
4.538217790199979
12.238985963159985
11.678914825353589
12.382504005519994
9.38331677715998
11.36849118299999
11.314159556999991
11.298968589999989
10.655535496999992
10.803449865999989
8.095890418999986
7.753929629493581
8.838954524202537
10.277420347999996
9.577486750858546
8.990576496898711
11.565458945999994
8.38211619879597
8.146066596999974
8.750076675405108
7.758772575405103
9.556797843929248
8.40954348450639
10.912817492999988
10.847088582999993
12.068554868999984
10.084278987070713
11.108489951999989
10.220185068999992
9.756659193265588
9.661394996727989
5.296358401506373
5.935521165499986
12.351544369999987
12.60546271699999
9.773832633999987
10.474999404999986
8.966946878101266
9.405605470203989
10.619791042999983
10.987761818999985
11.827604676646391
9.953319410795995
10.68471911299999
6.447659522999985
3.7929466048999814
5.600402011099998
0.7419593753866532
1.47045653180679
5.527880729699982
7.451566336101264
8.698057353202548
11.614020960999985
13.242504194999988
13.313453937999988
12.572144758999997
12.229808080999982
13.508680881999995
11.327499352999997
8.319222900405114
11.748223404999997
12.232795023999993
12.70920013299999
13.35524095299999
13.004321396999991
14.786623728999986
13.277072007999992
11.035477723999993
11.145348089999992
10.991525448999989
11.413117170999985
13.00324300499999
12.590301624999993
11.953581386999998
13.090614292999986
10.825663330347185
8.376673998999985
8.5387333084051
7.07096275330382
10.006969041271988
9.134821577506388
12.367639721999991
13.094456261999994
12.620096024999993
12.549647661999996
12.230679841999995
13.032237214999991
11.980808976999995
7.90711662899999
11.289687786999982
11.55304726699999
6.500445783999989
6.5245575545999985
9.860000733931988
11.595392124999998
11.137723797999994
12.646973273999986
12.243722904999991
11.144546778999992
10.554619854999986
10.275233734067989
8.900176074202543
8.84022423250639
7.4937130828987
9.283447938659984
9.683015017787824
11.293388887
9.931526292271988
11.871650905999992
13.485067621999985
13.33196966699999
12.482855347999989
12.751560314999988
12.058779036999987
12.011403080999987
11.854794106999986
13.512739098999994
12.91438068099999
12.167113205999986
13.982634990999987
15.131794188999992
13.294769501999994
8.074730206303833
5.8047991057999955
9.91391496586399
10.06375642865999
11.06334209599999
10.698933729999997
9.935997022999995
12.567170482999988
13.384835802999987
12.438909202999994
12.864220650999993
12.43714278899999
12.783115655999993
12.813222506999992
12.302568065999992
12.367342624999988
11.819616727999989
10.793984751999986
9.778311674339985
10.789766732999984
11.837105605999986
8.792357238797432
7.497009640493583
8.239797711202547
12.149793966999995
12.160639553999989
11.654648667999988
9.595214135795985
10.990824233999989
9.948084527717088
7.820303018207964
9.94338492285854
9.456712036070705
12.89939806199999
12.963165146999993
12.593662581999988
13.290659751999991
12.671746093999989
12.564200138999986
12.378868706999986
12.116714925999982
7.500152365101261
6.422710975594835
6.5744741637974125
11.216121871999983
10.451796044999995
9.29647446140511
10.47161256299999
11.497877169999994
10.947663035999993
10.399860087999988
10.084657400646373
9.697908990339986
9.706115302999994
6.46346693269999
4.7795089950999925
7.351147323601266
6.973047341899992
2.2540546615999952
4.948803170797424
10.084087582282866
9.95553113264638
9.426529898101274
9.861407932999985
11.437791488999991
10.549400353999989
9.79285898286399
10.290459822070709
8.95574804086398
7.1487137421012585
8.903595719898705
7.513995931999985
7.415733898898701
5.854120347594854
9.625233886795986
7.546374894696141
5.019558213799995
2.7107061187999903
6.510259284999975
10.486655523999982
9.781536489929268
8.072682359303826
5.924642674299986
3.660053987099986
6.109308987405089
8.616190669303815
9.148813851898709
5.238925981099985
3.024810714699996
1.8271907271999976
3.424804653899992
5.923927595499984
5.141721035799981
4.028409120199993
6.602256730696135
3.4103913054999926
2.0385983184999947
2.7285657561999828
4.643072753898696
3.9321155959999943
2.7858703246999936
1.618774520899991
3.417535719299974
5.53747481079998
8.571344610594867
9.863254847795988
5.999870718399981
1.3761398848999957
1.6581312499999987
2.640807215899989
5.986676621999985
5.182986827099976
7.144627770999988
7.455744073506389
7.0488938629000035
6.924167803999983
7.9574032562025305
8.196403190594864
7.91797381289871
3.946172967499998
4.0469253906
1.5323665267999989
1.4253343703999954
2.5540661712999815
1.9171077117999966
3.405319976799998
2.0316773726999955
1.5546361282000005
2.7397509185999938
5.168141995199975
4.90182336429998
8.972903118931974
9.50782348020255
0.5632310169199994
1.0975200347004004
1.6610151885999942
1.8326858397999943
1.8139317199999831
2.0491614943999794
3.075299476599988
3.8851822219999925
6.73177550349358
6.950774543797423
7.508995021101269
7.1863856719999815
5.969036477699985
1.5667028716999911
1.2519528727010865
1.416885496499993
3.5017612885000045
6.639167739898706
5.472394338999978
8.319201567101263
0.9238488654101279
1.7229612793000035
1.6469212676999998
0.7811721764600003
0.5234962985999945
1.3072590239999995
2.3470301375999796
4.752881117199985
4.993199735999984
6.1639096557999915
6.599894367999988
6.374119705199986
5.5182151626999865
6.01117105409998
7.102864044202548
3.975233772299991
6.224638638303825
3.5585453673999985
5.246403997799986
4.365976486199991
6.02361244809999
4.777550479099979
4.86962087399999
5.706563746599993
4.333205277999993
4.3337476424935595
5.617609571797412
5.8910936554051
5.264362861599994
6.3020347197974305
7.777674418594863
6.401464157101264
1.6718973754999946
2.2418431945999933
2.5370453185999873
2.4916370955999985
4.386098164399986
2.8542824111999954
2.5636867553999934
4.7357137664999875
3.6081759429999756
3.21400256959998
1.9923611312999967
1.450549069199995
2.009712846399989
3.6423769317999883
5.634378637699986
3.2696891448999867
2.4210372100999873
3.505205119299988
1.870322601299997
1.3668415694999982
4.452694123799985
5.015717353799982
3.394570135499989
8.421900978101265
9.271264202931984
11.311569977999993
5.418978506499984
7.0772323883038215
8.918111558493584
8.225154182405104
5.479883476303816
8.95802803799998
8.544972756999991
6.697475967399986
7.624215782202547
3.3799802016999974
3.039899925199965
4.051620040899984
8.702630989101266
8.423877864101268
7.4473510619999965
8.123470748898695
7.92966277159486
8.890872633405102
10.233900036999987
8.50041948240511
8.99638865659487
1.7231406707999832
5.195931904599983
6.861638989303821
9.102638322271986
9.878865965203989
10.365755955999989
10.227025553929268
10.854375724486388
2.916814271499988
6.87815967099998
9.541129786795988
10.252115358999989
8.305962809797423
8.853770230101265
8.462048065202547
9.195878031898713
9.08071562040511
7.824624117999992
9.135887960797433
3.6824626800999862
5.792756370499989
6.46697149959999
4.443885690299987
8.95024675450639
11.516416669999993
12.053007288999991
4.731002235399984
7.778519299303831
10.261448336999994
10.37496174199999
10.787480478999989
9.747358375659985
9.800587063717108
11.109749830999984
10.177416801353584
6.28547096859999
3.9818446502999874
5.553137484699992
6.603725268599992
6.800341650399993
10.84160455199999
11.434503475999993
10.587033173999991
11.672784110999988
9.118682891797423
5.864279125999983
6.425202270499986
6.911074641399998
7.479995028696146
8.165932473797431
11.130656502999987
10.623934791999986
10.811148807999992
11.375033793999991
10.771690424999997
10.602344587999996
10.525737881513585
9.070389193795975
11.257903817999985
11.63121980599999
11.488762066999996
9.871160406339989
7.397968699599991
9.527050823999991
11.015086422839998
9.84520665727199
11.495273082999994
12.998847273166396
12.137311565999992
12.435516496519998
12.023204544347193
12.322273514999994
13.610015854999997
12.26202820899999
11.09013455499999
10.10829254471709
11.968552712999989
10.818608104999988
9.07958477330383
9.085451396135978
8.373726466405111
10.997810918999997
10.247477677929261
9.222969999696145
10.161778528005435
9.748054693717107
10.802681649999986
10.864081534999997
11.827167490999992
12.514050791999995
11.100535270999996
10.89246948699999
12.01118511799999
12.027556771999992
11.950348043999988
11.640488756999993
12.00706048299999
11.726960874999993
11.966847388999991
11.826791912999989
11.552661756999992
11.769027550999988
12.262691402999986
13.764929766999991
13.702692057999993
13.028054023999992
13.44140794799999
13.329022452999988
14.198103907999991
13.27694274951999
14.09843881199999
13.565180357166392
6.416438767999984
5.824108396898678
8.682007607993595
11.201671221839991
10.385960840005435
10.213572384561592
12.492821652513591
11.336051090999995
9.017936187702553
7.219732368499988
9.01407401579743
6.412203564499978
9.081425190621415
7.750826620506388
11.771491887999984
12.499915081839994
12.322616417999988
11.911759099999987
10.50486445599999
10.701783988999987
13.278847407999987
11.911011158999994
7.664812525898709
8.54927018740511
8.123399380506392
12.465133581999993
9.65040359964637
12.549476067999985
12.599902233999986
12.444757012999986
11.385912209999994
11.207661004999995
13.205767260999993
11.920458956999987
12.888399172999991
11.438121828999995
8.862329128999992
9.523317640795996
9.20344633030383
11.66309268599999
12.852617359999995
12.324259272999994
13.081529340999989
12.023502312999986
12.727305300999989
12.264899677999988
11.747375593999992
12.94939090399999
12.05525867499999
10.45599336499999
9.18590776979743
9.821535884067991
10.49933120399456
13.75485824399999
12.34532535899999
10.74410833999999
11.005030184999988
11.33106176599999
8.80833893130383
10.535480935999987
12.070516700999988
10.419536242999989
10.144218725727992
11.67140960799999
9.74825432286399
8.912475657696145
11.925879662999996
12.052687702999982
12.423062418999995
3.1461864364999843
5.788935230999972
8.173450227405096
8.240709321594867
8.777305589303827
9.636141911212144
9.57656726536399
9.862168565271995
6.996610699506384
3.58619467769999
4.735566169699989
5.286860513303809
6.091478227199996
5.214205802899994
6.846140284699996
7.347205787696155
12.18565690299999
9.573757498135986
6.7504995330999895
6.914572097803822
10.090298504717106
6.388233517499995
7.747028150898705
4.031528874199991
4.863321533199993
4.079151037599995
7.175598284899993
12.039620455999998
9.59385094906799
2.360497901899998
0.9981575914133126
2.0005553223000003
3.8622660827999855
2.8321841079999865
4.9354800887999835
5.636937994398679
11.070231265513591
6.662038323999981
7.759877410898704
8.055758694499989
8.207664187601274
7.164796286000001
8.34061991420254
10.672095106999985
8.120749563594872
3.8779518905999946
5.237461392202531
8.44620825040511
9.568386407519991
8.335688679493584
1.6626340560999984
0.45718925190000004
1.8808876937999977
2.7020077239999742
5.00295701749999
1.8306239287999828
2.291917800899985
1.3384184096999983
0.8975927739067967
3.0530246932999963
3.715963551299991
2.2350570708999933
2.1667197829999907
2.306772460899992
4.300183212299982
8.138902813696149
6.937574603303808
0.8211181052200015
0.8277275910400018
1.9590256682999911
0.6795660822931954
0.4306869402900002
1.888265592999994
2.806507917799985
6.001495674101253
5.505792446899981
4.098402354399985
4.71979396819998
4.852813873303814
4.108670317099984
0.4002488450999993
0.8831188900000004
1.2002718677010884
2.373720446799975
3.209137045299973
4.94939040069998
3.5816930388999917
3.084553964199974
1.4539959563999967
0.7822028399499998
0.6506568741800001
3.2360839431999797
5.556054232799995
8.22881399086397
8.250148174999987
8.166901449594862
7.6764175017999925
6.484468273899995
3.323687499999998
2.8302634963999935
4.260045098899999
5.846526335099988
1.0894554000999983
3.818019619799978
7.0491557296999865
0.5536151663800004
1.2373153670999881
1.4442125336000022
0.8933069826070669
1.390695785499998
2.5604570327999934
3.8705503386999975
1.18234143096463
4.988710719303814
6.266963171399985
4.3046755004999975
2.669973704499987
6.154101121493572
2.2111535262999937
2.062149835199982
1.1971259997271926
3.1223682326999684
2.238121186799977
2.8609167785999823
3.0899145461999904
1.5314370360999978
2.607710482799996
4.301980377200001
2.9326131438999976
2.5335881469999957
1.2183878380858473
3.4873352645999773
1.530450976599992
0.9256587305999938
1.3552664229999942
2.073558155799999
0.44902952813999913
2.614115081799985
1.9185271850999912
2.138235009800001
4.04607934269999
2.92606554109999
3.5415056014999817
5.369424548303817
7.79906899110126
9.095819435101268
6.255325163299986
5.386974214202534
6.75648157199998
1.4792561492999943
2.018568653899975
2.9179390395999922
3.68452227479999
5.872436605799985
7.769804356405102
5.6973866424999855
7.28057495419999
8.616205575594869
5.009725070199994
1.135167111199994
4.425296926899975
4.8940279387999945
6.790096737699995
7.066429347202543
6.981717608594867
6.954202575699993
5.547123799099989
6.336747651699996
4.567199580399992
3.616407611099989
4.935207836899993
6.213091505399985
8.589985407999986
9.797790875135986
6.506102749594859
8.699801487696142
7.974433322099995
10.56410172399999
8.116553744493594
8.94257585450639
9.448528594999992
7.343148408493577
9.112612660135982
9.12573736713598
7.524585676594857
2.3347848845999906
2.7543369369999753
7.311806959493577
9.502026382271987
7.345789486696138
9.411950321999981
10.006906468135986
9.536102990795987
1.7098868255999948
2.700326730299979
4.384410687299979
6.678437020898687
10.627399280999983
6.651666102599986
5.974436657696135
7.564524813797428
7.026496467594858
3.1448662490999837
2.6445671294999635
4.389887718199982
3.680888931299986
2.116947334299966
8.502268679797426
3.677966113299983
3.412443769799989
6.047426797499992
3.9726867125999816
4.243764910899982
3.431291323899989
3.8570743972999892
0.6900706988299979
2.9599718352999864
0.7679245938203972
4.32276602019998
2.9375358687999893
8.213373240696143
11.066666129999989
7.23586989899999
6.327452322405104
5.946277096594862
6.468744117696144
9.793698161203997
8.682761900300004
10.54554542099999
8.739488020303831
7.723918653898707
9.304108657797432
8.86141653589871
9.970791615203991
9.537025234999973
8.60330353999999
8.208858993493584
7.077217761202551
8.897193476905102
9.250523622101277
6.886715850797401
5.376282333399986
6.597587010202538
9.969501734929274
8.813857766696152
10.60954707599999
12.00264488799999
12.270562426999996
12.299197819999993
11.375496863999988
10.501980190999989
10.89976975865279
11.36525794999999
11.389620428519986
11.808681701652787
10.026738658067984
11.622748664999994
11.649046665999988
11.223730790999989
10.161081596282859
5.835838536099984
6.415787016299987
11.368817135999983
12.031415404999995
10.19621184499999
7.282998806799991
8.990574963400004
12.074967272999984
11.165494376999995
13.20431626416639
13.211770191999996
11.50487033999999
9.704636825727999
11.090451687999975
12.100650109999988
10.627786440999989
10.320814719999994
11.032108973839987
10.506621202353593
10.355932125999994
11.823319465839994
13.21686953299999
8.081771537799995
9.72028835599997
12.166109668999994
11.795280359006393
11.861318267652791
11.19378581199999
9.660375208999987
9.340259355135986
11.388916351353597
11.997729944999989
11.585528713999993
7.505026931799995
7.152062557999976
12.076556688999984
11.937429419999992
12.386671023999991
10.384541733999985
10.294559142999987
10.506098641999982
11.204271232999988
11.19527018899999
7.932803840599992
8.701472788999991
9.891010676727989
10.732914278999987
11.88256309199999
12.127434801999991
11.237606440999988
10.100980839659991
8.85840844730383
9.08290469510127
9.84243991699999
9.425165914898718
9.91330464621214
9.952100334135991
7.798271932999992
8.996122721898715
5.364493104599996
6.036419804399997
8.492172700493587
12.347365708833594
8.560548176594862
10.167442828271993
11.047279654999993
9.686918330282868
7.96730962369615
8.862249496506385
8.969953601094874
11.145923910999986
8.788358198493592
9.193991906696153
10.485144506999994
12.540991369999988
10.673872991999987
9.977449546858553
9.142668914797431
11.372392627999984
13.429662179999992
8.751106367506395
10.408055909999987
9.308642692727988
9.51429832772799
7.636858036797428
8.766185723900007
11.960245025999992
12.706220554999984
12.042191726999986
11.901443102999986
14.076411667999993
12.94866912499359
12.616615392999986
12.018945788999988
12.07680621799999
10.783505456999992
11.54457574499999
11.94740097499999
10.43285776199999
11.92544289215999
8.74343263550638
4.790348956299986
7.260295678696133
8.437559435999995
10.488427266999992
7.4998167586961335
7.551429338101244
8.497080160493576
6.217978779594836
5.820172152696127
8.228833004797425
9.695665298353584
11.027991268999992
10.100559951858552
9.771357925282862
10.68810235099998
8.776304502898704
8.895921987898712
8.023189594999993
6.670675236500001
9.05572919310127
10.090003704858542
12.53947442599999
11.357088192999987
11.313952536519992
9.827452262929265
6.98240673830382
2.068369787599986
3.7175839278999905
5.86954188079999
7.395145877101259
9.318561990405115
11.082791282999988
6.9800925903038165
6.782110581999981
8.070162164303829
9.363490902795983
2.1379107665999886
2.4244972060999825
6.691211460899999
8.703908950797425
9.026088822931976
8.87003373259486
5.309675718699983
8.322983102405106
4.45921140589999
4.974195640599972
3.981215081799987
6.934668255594855
10.962008645999989
3.3939349776999888
1.3930858138999982
4.018635949699986
1.4200358687999963
3.2818437087999985
1.5382345229999954
2.061601357999995
0.9475987150135969
1.0573991932931979
1.1281149444999994
2.543720005799988
1.398644308499991
0.9719157507931996
1.6541940627999991
1.7177955962999991
1.6713076080000013
0.8490849506400008
1.5111744903999964
4.208243672199996
2.9387413863999967
2.311478124999994
1.136844784372796
0.9408392789797435
1.2674136867986394
1.524217527799999
2.5162929549999777
7.021810772696145
6.483418199202536
5.497083731099989
4.3059625518999844
4.137781967199988
3.0091148726999775
5.290980538899998
4.0124054687999955
4.455429304499978
1.2997169968000006
1.8601477080999884
2.8466372313999915
4.162704814099976
5.3659895843999905
6.543655499299983
4.947591413899989
1.9797592864999982
2.8850713470000002
4.730259046899999
2.5920492171999974
2.408548333699999
1.3393472518999996
1.6171217040999888
4.463494621299988
3.4851393798999957
5.209703990202532
6.893294319202538
5.02585704799998
4.00939501649999
5.881916276599995
5.876024218799994
8.238483137493592
7.087968011499995
5.888440522799994
4.205371578999997
1.1593156769000015
3.466146484399994
4.838031108099981
5.276117152399988
2.2441445740000012
1.9378263747999969
5.229008018499987
1.0834244091000005
2.644917146299974
2.7420891158999816
1.602289775099997
1.1761203810008143
0.8399623995863943
3.6827309905999823
5.184348484799995
5.069502998399973
3.977784153699996
2.760811749299996
8.313083618202555
4.739861482199995
5.655183703599995
7.762051155101259
8.10369350740511
2.587289659099992
8.378426138303823
4.738737469499992
3.835844825699994
8.41489061130382
7.120004504405103
7.635203613303825
6.384523915101264
5.848832476799982
3.9337560836999748
4.373827746599991
1.6374334945999978
4.377671304299989
7.891782792696148
6.240436929303817
6.750887655594859
3.847981373599982
5.418154057299986
1.1127803145999982
1.5458944457999857
3.5530787230999863
4.520887805199988
5.156234402499987
4.86494795069999
1.5561222915999897
1.5211733794999882
1.785749356099986
3.677471682699977
3.772234384199985
8.132544070405107
3.7788534652999846
6.528104467797422
6.1011041915999815
4.553971884199987
5.615249189799988
4.784621017499983
4.81884242399998
7.52680896909999
5.023358213799972
6.722177279696145
6.304323301696141
8.76928484499998
9.44755127272799
4.277017781099985
7.69015455779742
9.931390049787828
8.475931080594867
7.24639159849999
5.2846957030999935
3.7812159301999833
3.707500328099992
7.210257282999998
9.23015960999999
10.222038723858551
5.860043958999988
2.1370349990999826
4.830044059799987
2.0320682419000033
5.535739273099979
7.649600619493582
0.8226762944202535
3.660149835199984
8.546684831202546
10.76752398099998
10.517776439999983
8.838605033931977
8.525275068696144
8.66720988010126
9.352919775276463
7.893974600202544
10.811983749353585
10.599916916999987
9.51432483679598
12.220836147999988
8.980037647999985
8.825516159101266
1.7855639922999966
5.364057992599989
6.305376170299996
3.456844540399984
5.890973863199985
4.305794125399979
5.5184550307999976
8.480976084898705
9.011434396271984
5.181348246799979
9.43762143565996
10.706779386999981
8.294531936594868
7.064340721094859
10.244592356839991
11.777500941347187
8.944913958795977
2.543098458899988
1.0486165793271902
5.004196528599985
9.587315856931985
8.489256617687984
6.33532310029999
8.39263732150639
10.911806850999989
8.774664144898708
7.983858442696148
8.074732519499996
10.02409814299999
4.704364147899996
2.9781843795999885
7.479106336999987
8.561500540202548
7.226900654594858
1.6130563613999909
0.6997694006898693
1.7808249419999815
5.309384320099983
1.5322376983999806
6.149264309696138
6.746909881599989
9.691014555282868
8.562683709696145
9.01412459869615
10.130196292067994
9.756327755795988
8.881534782271975
10.655087322999993
7.914011849999991
4.1473217391999935
5.387608061199982
8.663292454493586
8.99920668789871
3.1377219481999714
1.8713676162999824
3.3805342925999846
4.146996154799981
8.30975956570001
10.10541658486399
8.249998068202554
9.511409628303833
10.142683666999988
11.30539175099999
10.374524535999988
10.27701978465999
12.973537087999995
12.728267499999989
12.66002075299999
13.126853921999995
11.841875481999994
10.250546985999993
12.024457923999998
10.603093268999991
11.988184542999987
12.984398208999993
7.637310421797404
6.679989331099984
7.711611984303826
9.56790915685855
10.732565838999985
11.410422507999982
12.176115192999992
11.611673832999985
12.709071006999988
11.553607451999989
12.15296838999999
12.524751923999993
13.024491678999997
12.655244053999994
12.798080787999988
12.405764176999993
11.637984339999994
13.197890757999991
12.29134767299999
9.20251303410127
8.465601376303828
8.61775350040511
12.169983426999993
10.631105471999986
11.85870729199999
10.441697603999991
9.619038752795985
12.176478997999991
12.457861193999987
12.903646459999996
12.957690117999991
12.076169695999992
13.009965358999992
11.898156592999987
11.627606223999988
11.34553836999999
11.48311800099998
11.802668368999983
13.063599825999988
12.634143078999994
13.983565943999995
12.64767245199999
12.013862833999985
12.58717747699999
12.670454474999994
13.471592856999992
13.114527471999994
11.019571151999989
11.618656267999986
11.252152132999983
12.027009150999982
10.148814427141426
10.85598219499999
11.02314977699999
11.624165287999991
11.945424627999987
11.146779615999986
12.776552968999992
12.228828723
10.65112913234719
10.210139214997275
11.924268514999994
13.386460335999994
10.907580845999991
10.241679809717109
10.913305024999989
12.09381480999999
11.231159118999994
10.897184121646397
11.706850984166396
10.553894702347193
11.01715012499999
10.389718866999988
10.352852098166393
8.297558161898715
11.233105664166379
9.027465066659984
9.804888539070705
11.664036623999989
11.889585305999994
10.43993037599999
9.796302406212146
11.568052155999986
10.077226156717103
6.0154486251999835
5.858547149696126
6.051896777299984
8.42882108149359
8.347073396303827
8.449583325202546
8.820858688405114
9.753209507803838
11.931274466999987
11.841902505159991
11.734678495999987
10.756618313999988
7.313661099202544
7.135559385696147
5.83520289309999
7.464425253299996
9.800289799339991
6.823329414405098
8.254802354405097
7.762387919594856
4.843976377899985
3.096245812999986
4.320259808299986
4.215018156399993
5.634590101594858
4.308315220599981
5.405470312499992
6.1182154632999906
7.073479707303822
7.302982073999979
8.720125442493583
3.8756639647999767
6.714275146506365
2.1510427916999855
6.736239948999953
6.180183395405103
8.136182391405113
8.508828498797424
8.142151173405104
9.309241558863981
10.216146983203993
2.72384841309999
2.711876390099989
3.205135722399985
4.846426592999985
4.032348284899989
4.371153872699982
3.468359265099988
0.8488540708500001
1.5250253341999935
3.401348382600002
3.881311125200002
3.4931446608999903
1.442431343099994
2.1687012114999824
6.990778639202528
5.3259701690999846
7.593236566202529
7.687017062405095
7.415365780594858
9.037132380696143
8.990542938135981
9.21900416572798
9.773191354271981
9.005537203999978
8.086495808405097
6.977522877493586
6.67618346859485
11.934258469999996
9.727697053659991
9.460329013101273
8.357560346999986
5.795509721399993
9.68940111999999
7.519585958898706
5.337488844299992
5.8576365050999835
5.651171414199989
5.350044416799987
6.173832524101248
5.496024380506379
5.1991984313999975
5.845512933303815
7.1962578948987
8.226299519303826
8.18449218749359
4.207494261199991
2.185369880699994
5.382144145199985
4.550342860399996
1.5908344497999993
4.657431867999979
7.256034895299987
5.338917398099991
3.622321005199998
1.8373137496999983
2.344987321499985
1.1536523848999973
0.9974677882135966
1.6579679610999936
2.258713581799999
2.0057316559000014
1.5259633667
1.4076243224999994
1.6458609206999997
0.8041102525696152
0.6939445622400002
0.9311949912999982
2.501782913199994
2.2682424087999977
6.428678094499992
3.571168753100003
4.422499041700001
1.1641978867000007
0.9555351073300015
1.0600055284853613
0.8786916010931975
2.4550240233999996
4.117039311199999
5.747848178099999
4.698691258199995
1.813607606499999
2.087437666299996
3.5738964782999925
3.9151567504999893
2.474527470399993
2.0325581145999885
2.884554246499999
2.2703203414999864
4.015861738599986
5.196102577199989
7.918658464101267
2.0264164473999937
2.0859406280999995
1.3400392470999964
1.1383376845999964
1.4585680410282553
0.7388433825339964
0.9299812622100001
2.027203262299999
1.5039030349999947
7.100489907797425
3.4627479873999962
4.653201843299981
7.494010044898704
2.857844160499979
1.8477730376999895
1.2663671096999998
4.719273103299985
9.53642361906799
7.683335580405101
6.255492190594859
6.775325665303824
6.493272982799996
6.358622402999989
8.119495907599994
5.37480136869614
7.293516691594863
7.313288908405108
8.934686787405107
6.710925135799984
4.909212290999987
1.7803356215999913
0.6544552759199992
0.8215718393299997
1.0344968273066564
1.2044239857008123
2.1491061797999804
1.7194956939999904
2.3901033950999757
5.185824114999973
9.104928573594865
5.900851008599988
1.0376160949795985
1.1171076168999958
1.5516070617999975
1.9136221831999884
4.264809864799978
4.177455891399983
5.809258476303803
3.5525937774999985
4.192872824099968
8.027735159303822
1.3401260543999982
2.4125482314999838
0.8220417850353465
2.3246831649999677
7.063541825898705
7.890184893797427
7.7786525131012745
8.238708764594875
8.431185667405112
8.66999019320255
6.755355427600006
8.277476237506397
11.22649141999999
10.099984754929263
8.324448609898706
8.531728784202535
9.316217056203987
10.978739628999985
10.662018743999989
11.910204271999996
8.075800244101275
7.973719721999975
8.502701058999987
8.708487097199997
8.864587188696156
9.482764128067988
9.303989463863985
8.007548055999983
6.2350968657999895
7.175139636199987
4.945004299899975
7.832615531898706
3.8867961043999912
1.524841284199985
6.42171992649999
9.336162136797428
10.106597175717102
9.778042669795994
11.921276475486392
11.83194906899999
9.105795140101264
9.168177203405106
7.990663864101259
6.8549624451012505
7.268102880898703
7.715284298696138
7.171949179101271
4.201673271199983
6.431002038599986
7.923024710101263
8.083332786594868
10.670418023999986
5.319739242599985
4.028226647899977
3.3957451964999903
2.978574679599987
7.441459094202544
6.079539402797416
5.7392453048999865
9.67670660872799
10.624900371999995
5.2687005721999745
6.7836686339999845
3.589269851699976
3.654637667799975
5.752114382899984
5.813592340099985
2.439175248699995
5.6638219833038175
4.945460552999974
6.649959042405105
9.933963186717103
10.102081551010878
12.33320219099999
1.6863461044000014
3.189814753699991
10.902241359999989
9.421410638405115
11.273974211
11.994306482999997
13.176552665999987
10.379922112999981
8.08357371220254
10.738655495999984
12.227074073999994
11.34898480399999
11.192513817999991
13.316359807999996
14.15399849099999
13.230197542999994
12.73593098099999
14.04547192699999
13.173600036999991
11.18710556599999
12.052477161999992
13.878996161999993
14.930938367999993
10.186359513931988
12.891935500999983
12.618856705999992
13.207791356999993
11.675862591999985
12.297458031999984
12.081659301999995
12.727323563999995
12.139052160999984
12.196525255999989
11.238336030999996
12.952318274999989
8.069214642303832
7.109756260699994
11.96118370099999
13.842512568999993
12.892648676999997
13.761103406999993
11.268888570999996
12.406695058999995
13.004406481999988
13.804141887999993
13.810062948999986
12.589845833999993
12.798927129999994
11.953496885999975
10.963046326999978
12.54696227299999
10.980199114999989
10.081686019929268
11.643040064999994
13.557440088999993
12.64619974399999
11.333662813999993
11.571985320999994
12.637354647999988
11.887075206
12.41877228099999
13.300343001999993
13.581877550999998
11.07248895899999
8.894776367202557
8.36623160710127
8.519486924696148
12.046512671999993
11.078461646999994
14.208248018999978
13.470712305999983
12.150386596999978
14.43280351699999
11.426879258999989
9.307915649282853
11.983093049999988
13.048092553999991
12.46216277599999
14.597022040999992
11.103451214999986
13.225715709999989
11.206386832999986
9.898109622135992
7.780998200999978
8.810343171696145
10.093560552999978
9.529331274271986
10.717367797999986
11.159626186999994
10.319072660858547
10.950056974999983
11.597736622999994
13.186412473999999
13.268555648999987
13.95939503299999
11.409013920999989
12.030502566999989
10.96130134399998
5.10873384399997
7.723391354405105
12.863506380999986
12.26503242799998
9.165026280202541
10.829550107999985
6.095773727399986
9.216058790717101
10.006369187931996
4.871437077299993
5.579425730899989
6.307567010499996
9.934371929929258
9.131744326797428
10.627044031999976
7.96805121769614
10.87504660299998
8.779214010594863
7.9830533813038285
8.505900060999979
5.144827127099979
5.89793324279741
5.76200234069614
2.712204682899995
3.2838218978999967
2.253685551499992
3.9068438689999883
1.361347981299998
3.5774411864935662
4.653775724799978
7.622636195405107
4.014841036999983
3.1513029876999874
6.4949700363037985
7.191059721405105
9.305874928303826
11.722143580999983
11.739119820999983
10.854617104999987
9.44432716513599
9.994292205863994
5.304850195299988
6.129236030594862
8.472244911135963
7.187650439506389
5.4286655898986975
1.3661654616282752
3.053161845399983
6.037989036594861
4.820536224399994
2.2890194472999945
2.8023231368999912
2.6775035048999913
4.117269073499989
4.268968965099974
5.4287845153999905
9.594089727791987
5.524919386299986
5.5782275635063705
5.436189802599997
2.6446827102999926
2.4144783980999867
3.3888444182999837
3.1568039275999813
7.424104475405104
5.502366206399982
3.554792929099999
3.529703399699986
1.749612562599997
1.7525888839999975
1.7232765197999944
1.7379006133999961
1.5537923003999976
1.5716924087999944
1.9939841994999994
2.815240693700002
2.5281889968999978
2.8456792542000025
1.8528951141000018
3.2108902358999925
5.7014546538986925
5.779005606101259
5.800345329299989
4.367694355799996
3.8418523940999996
4.046724455299991
3.873610879499999
3.633291812099993
4.237562449599983
5.7680989165999845
7.2784830459999945
2.2702427765
3.6970968917999945
7.346027001999979
7.044335115101253
6.021479208399989
5.0428360442999995
3.4301603821000026
1.640277407799994
3.5621181106999975
5.029615124499991
3.90617666469999
5.661969444303821
2.580536312899991
1.1897632290863962
2.5425487487999745
3.358892231799995
2.660443606599988
5.4906940521012455
2.9467955016999934
6.2870910324050895
5.8717187102999935
4.243918817099994
2.3791710114
1.6399510436999938
3.092059585599974
5.590273704499981
5.438400492899994
6.760328449999979
3.848265740999986
4.251576647899986
1.1448500869005416
1.0358368556999977
0.8668246298800005
0.9107945177999986
3.208643315099993
3.1437088347999893
2.208595011899996
1.5612642837999937
1.5251654616999923
0.7441044544135972
1.877957356299976
6.2768013579999735
7.303441513101269
7.692276463299992
3.0133669753999888
4.308792472799987
6.0791672332999855
6.09389465479742
1.2511157424999948
0.9064447378135946
1.4721936310000017
1.0777389602999983
1.4868190841999736
2.203025819399969
1.0095344225931988
1.7511109771999798
6.7293503235063845
6.687637132299985
2.0433052443999964
2.343057954399986
2.3187042266999995
1.3741102370999922
3.5115400283999927
2.1723423400999806
6.360586991898696
2.725265730299984
0.7516008657339946
3.8490186370999773
8.069699099696141
9.241763505594866
2.7870899688999904
2.2267980987999922
2.3816743697999927
4.948565339699996
3.1113906051999902
8.634963029506384
3.8894604842999794
5.059082560699985
5.072975614899987
4.74053274689999
6.120104009999992
3.7301419478999915
3.696967741399989
8.86533814699998
9.618978315795987
7.7091727096961495
1.3865251296999965
3.2401402831999677
8.750999818405104
6.130690593
5.1436634810999955
6.172584033199985
5.887980755594861
1.689912426799994
3.117759080499993
7.410718333405107
8.113671055594878
9.496541107135988
1.657317449999985
5.6199792159999715
8.838358929405107
1.5404809372000003
3.973629334999976
10.081702169858547
9.394457023727977
9.741865141303842
7.819638491800003
9.41235876010128
8.29111634830383
8.039045458999988
10.116518060212142
11.617071895999988
9.272235905506395
5.885878640699988
10.502531893931986
9.657481631339984
8.406122441101255
9.30537801978782
3.6085780517999684
7.058321151696146
9.377706024135977
7.791946231101258
9.815087100141424
10.78024628399998
7.884373361202541
7.312801962303825
8.851826272594868
11.169958783999991
7.354394332898688
7.942128546101258
8.349230282594862
3.7093499709999755
5.512487370299986
6.054902757303819
5.588708329799988
6.028767219493582
9.182112290999983
8.062286503594867
4.880318653899984
7.791400433303815
1.881980921899983
2.5048486037999966
6.278599342299986
7.144752249101254
4.953576380899996
5.070559336899991
9.397856649803844
11.518122170999991
11.687668630999985
8.07543418880382
7.69689728089871
8.50910343020255
10.581477865999982
11.585774810999991
8.410454943797415
9.070915399202546
7.016590014599993
7.9546175658986975
9.297752305727983
10.032480110135992
9.788644418203992
9.521980540339987
8.553089578200003
11.309121650999993
11.450231470999993
11.752846927999995
9.90067812959488
10.868867054999988
13.27509779799999
3.226369374099998
5.990243006899983
6.7248419158999875
5.401546667506367
4.634648597699989
4.594692617799982
6.037784561199984
8.49331105649359
6.785967124899985
3.6802145537999866
4.864785902399981
4.166637429797406
7.701861221303815
8.251074044863975
8.407817887898702
9.216660096696158
10.416801990999996
12.385626552999979
12.724194576999988
13.063552549999992
12.626477791999992
10.591845322999994
7.006193987999991
9.976142048866876
11.319317206999994
13.45101917265279
12.835878089999996
11.709238940353591
12.78818217899999
12.53184672499999
10.857039138999989
10.406403054999986
11.666104012999991
10.345708048999994
9.320820974795984
9.301156510931976
11.34916930199998
11.767305825999978
12.96160508999999
9.78631124579599
10.198485188203993
11.93676247299999
11.519818268999988
13.26153705299999
12.886808986999995
12.105529137999998
12.777378310999989
14.38898961799999
13.05791728099999
13.649557120999988
12.972564147999993
13.94585092299999
12.857217524999987
3.7154946532999884
7.933769573999984
6.5641079558999875
11.383607602999993
13.585310053999994
11.968058973999991
11.716683919999989
12.86097400699999
13.100541303999993
13.270186554999992
10.992649421999989
9.165805335999993
9.929077641203985
12.377864638999997
13.483620542999983
14.440662798999993
14.079380932999987
13.669819158999989
11.940707511999994
12.829991437999995
14.19566019299999
11.693625547999984
9.883163487141427
10.994902916999983
11.75406797799999
8.647617941303832
11.35673000599999
12.874701900999982
13.130825088999991
13.187334772999991
13.412818636999994
10.44334174999999
9.57360677933999
8.582260810898713
8.827556686405114
11.004025350999989
10.97351025099999
11.043143438999996
13.207781897999997
11.461848714999991
10.661871444999987
11.73101795299999
12.560133341999986
12.439235860999988
13.05972812799999
13.961346483999995
14.394662327999992
11.244068230999991
10.82206835499999
12.65024641099999
12.003323127999991
13.512019861999987
8.322462358101262
6.495559838898693
10.884782290999965
8.864590103101266
8.673530392506391
7.928789910898703
7.115440621898707
5.5222766906999885
5.731888789399984
6.708395468101258
5.798133488506367
7.001871603415965
6.236007470696144
6.545476110797423
8.260794357303824
7.1192971375063845
7.363449677999976
9.131526788303827
8.659218598898695
11.167989579999988
9.948802552858547
12.153300605999988
11.199301783999987
11.089165229999997
10.163155871877764
10.581333404999993
9.456900987202552
9.248225489863989
10.85979464299999
10.721292917999987
8.648591441303822
10.464396763999991
10.55337991599998
9.757539492863986
4.7223937316999836
6.5429709503038
6.924761267101264
2.7436627822999964
9.231965013067986
3.7809749267999937
3.848686682099997
6.1633870147974035
8.200009692271967
7.544558320594861
5.633967259199988
7.0279599701000075
5.264500016799986
8.319443592797423
10.46874654999999
7.720442126499991
7.114096784999985
8.98355772706798
5.663915628099989
3.0130122985999845
5.531465167199994
1.8962543747000016
6.725659118696132
3.0802063186999917
3.136642506399995
3.9102719878999888
8.478138952600004
7.404661660799997
5.428549313399996
1.7961191284000007
5.618567970299992
2.2321285369999924
3.323947190900003
1.383284663399996
4.536010609399989
6.008273232999986
5.276218328899985
6.973228044099992
3.8489705077999994
0.9863719105795983
1.1512759696999952
2.2126304641999868
3.0267896407999673
3.237596076999975
3.752568731699984
7.456164311202552
5.648020515399994
4.616624381999987
4.473674146999984
2.877561094699995
1.4730089019999886
2.9185707869999855
3.5597146209999977
2.3990390258999996
2.0574536025999994
1.622883001699993
3.7495954390999757
6.143243267797421
4.056150094599993
3.5063339599999908
2.203203518699998
2.1310507598999973
2.043056805399996
3.2241082976999813
4.074619334399996
5.851940319799987
8.636425109898704
7.343571475199993
5.7942746825999905
7.605623596199992
5.803366390999992
3.6587990401999955
5.227478295899984
6.200630262797414
6.245199949599989
3.8246506530999964
2.122859931899999
1.9326243819999982
3.327994456499982
0.8376233093203969
1.4261847931
2.831961010699976
3.1116683440999924
2.1763554062000012
1.4758910385000024
1.822256289699994
2.3191285247999986
4.094883644099997
8.497948924203978
4.851995465099979
4.539824644499984
1.1735102184203963
0.7396858017899982
3.7217178557973973
2.2350290358999887
3.3382955230999882
7.0934444488987
6.469614683499989
5.637243131999995
5.321946899405097
9.075735748303828
7.350044168101248
7.446774825999986
1.5555000488000001
5.548244926506369
5.536580685399988
6.904989356999983
7.633150242594867
7.171280064405107
7.6316455718987
8.308512696797422
7.64404837799999
1.7546196944999919
5.025123887599994
1.1466063079999997
1.9544185805999994
0.8652426759795966
1.7518205840999936
1.240065114307061
1.7458207046999938
2.2303056670999832
3.6451379699999933
3.4193433288999913
4.244904705799991
6.17723352359486
6.023136598199991
8.809782096898712
8.245847587594865
7.334214799506386
7.390745158405106
7.321706672696137
1.4454395995999936
3.138551763899982
5.794908134506378
2.8923910750999964
5.11225528719999
1.3922972182999964
8.083315411405094
8.811611314405107
4.792164880399983
3.764625347899997
3.4181940032999893
5.650913124099982
6.377902468899993
7.573511990405101
6.7064028121999835
7.2562079971012645
7.241653070099992
5.426901757799989
4.9886729278999935
2.6210303328999967
2.7749525771999903
7.030652946499991
8.157271067797431
9.885274171282864
3.4619921798999913
5.277860485797408
3.9257669173999745
7.301369169594856
1.8127695067999907
3.4615746612999843
4.702566091899977
4.439252212499987
5.302382556199985
6.3469855575948655
4.300008338899991
4.404835307299992
4.328984460399999
4.75335093229999
7.37867823329999
7.4671190917974215
5.5962523314999935
7.495140377797429
10.517101618999988
11.277320301999987
9.503320001141416
9.948674079929269
6.3657744385063655
6.995251881405098
6.363945489493581
9.075983515931979
5.982871157799985
9.06233781593197
11.019834842999988
7.381212974493581
7.078198606898705
5.876736961399981
5.8935015197999885
3.399561839299993
2.0752029128999925
3.379811959799983
8.013090476999995
10.57618796799998
5.121217254599994
4.939404110699988
4.327767985499997
4.552745541399984
5.414872766099985
5.932977264405103
6.06340759579999
4.898577770999987
4.397118513499994
9.416845780931991
9.324221665999993
10.40185059399999
5.1425867278999915
6.324021887199985
8.109790609696157
8.806063604696151
8.553165475506392
11.594743313999992
10.225564018141428
5.7370239318999845
9.531071385135984
10.141091357282871
10.693247384999989
11.284381630999983
13.202796174999987
10.972922426999993
7.580889967303829
9.91961800828287
11.228295057999993
8.927160795594874
9.975735038863995
11.841518955999993
11.90552059799999
12.05718022199999
11.26517916899999
13.732291186999996
11.529812670999991
10.739624271999986
11.911519528000001
10.470752749999985
11.081244025999988
9.12522376100639
11.262949967999988
10.16293114179599
8.16188679199999
9.032330540506392
9.905621594135996
11.548000394
10.69762235099999
9.779102308795993
11.670220800999987
12.004643532999989
11.165626780999986
9.814536349339992
9.694060980135987
11.193667928999991
12.766247948999991
13.313826981999991
10.128537626727988
7.646540701303831
9.798841221594884
13.790117949999987
13.702038143999992
12.524074039999986
