12.864050156999992
11.552465429999986
12.041814072999992
11.694428713999997
12.756067521999997
13.328392142999995
12.407772890999988
12.278549537999991
12.365588428999992
11.436417545
12.710343740999992
11.637902981999984
9.298482647696156
12.058468044999994
13.347561234999993
12.832301244999995
12.289024285999993
11.297377360999988
12.37430733
12.130020594999994
11.155438923999993
12.17930097999999
13.393053559999995
12.516572613999994
13.522066669999985
13.526455655999992
12.94349737399999
11.11981372699999
12.525374111999986
13.737215360999986
13.302760584999987
13.601933628999994
10.73486838399999
9.20140919340511
6.88278108519999
9.135019497795982
10.476251204999988
10.976040037999992
11.496185196999992
13.340227880999985
14.278130323999992
12.448693717999987
13.415952395999998
14.76155976399999
13.948508356999994
13.608717335999986
10.79791936599997
5.3552399474935575
5.780390988199992
9.395032971135992
9.249639198303841
11.570119111999986
8.761924948101267
6.361815191699994
9.266689298999998
7.019338539099986
7.724864791899991
9.968713404858548
10.073202677999992
9.816801466271988
10.124962708999993
9.287942819135987
8.7517474868987
9.763433680795988
10.242719305282863
9.399534831202551
9.590663838135985
9.662599751203993
10.2628166320707
12.674495299999984
12.935948528999992
13.764319880999986
14.297855631999989
13.778210375999988
14.181078003999989
13.39160820899999
10.070761674353587
8.069895715303826
10.03579315192927
8.44718547210127
10.954960160999995
9.986526266353591
11.527682604999987
11.427565363999989
11.089529708999992
12.214339731999987
12.649777511999986
11.697755689999989
10.736426200929246
9.005979046594861
11.521965714999988
7.911984480303831
7.985078408797429
9.387231747282858
8.30428106540511
12.137558793999988
11.553449865999989
11.732556231999995
8.363024186699995
7.4001515854000015
6.8071833648999975
6.970130575594865
8.680734426931977
9.436882371659985
9.417044023101278
10.025520750282867
3.771717509499986
4.421061724899973
7.97781668089871
10.596770165999985
12.147573000999989
6.695356469699993
8.271657826202544
10.186664894070702
8.654323620594862
4.450355863999987
1.7322636672999938
2.1304511001999984
1.219720648200273
2.8427303618999926
4.256968635599971
3.8601881362999855
2.569172776799991
6.550391136202529
6.766959587101259
6.414661836202537
9.874644764787824
7.921828027303828
7.437254710405096
5.400390930199983
4.1125054992999965
4.0457857711999825
5.991425285303817
4.187291177399974
4.752617155499998
3.06790144649999
3.6365737639999796
4.020314921599979
7.901500875931965
3.182865283199989
3.483077230799989
1.7380647826999935
3.7387640014999777
4.432189096099985
4.443928581200002
1.4483837645999953
3.367949192799991
1.5154032165999964
0.6991501442000002
2.743842005899984
2.6249795821999906
3.9863616501000023
6.729517874099996
4.723135139499995
5.954537800599998
9.604056390271984
7.376132359303821
6.478855430594856
4.442589001499982
5.10015873569999
5.0366012588999975
5.3929182052999955
6.440228346299984
6.7193119369999925
8.688836744696147
8.217912170405109
6.527416967799991
3.15009451449998
2.3030399657999956
1.8424851745999973
2.9707916992000016
3.4165211059999887
6.0054358749
4.159918492099993
4.787116212499987
4.535308506799976
5.5550601455999855
6.286845432999989
6.258254122899993
6.4902123550000015
3.912257588199992
1.346690361
1.5123159468008076
1.8097484893999911
3.367863594099968
7.560394923405102
10.057144772212146
7.914715771499997
6.611436312898709
8.813837341303826
6.65610756989999
5.739015850799987
3.8816071593999832
1.6878730453
1.5160757736000015
1.094137823006798
4.228957409699971
3.2059569382000017
2.8467888962
2.5188073089999965
6.516822387699998
2.463652819799999
2.845481927499999
1.8976905715999937
3.5504522704999992
2.17944743189999
2.2150223952999846
2.679156019599991
1.4734440246999934
2.460190818799993
2.6779911635999936
2.8950015700999843
4.56481349329999
5.229579725599996
1.5813848586999937
0.37335208978999856
0.8706048334070552
3.5875778792999844
7.204353965799993
7.70088654019999
6.945563534493584
7.637169259594864
4.8233822692999935
4.531406339999984
1.802427915999991
2.569926675399977
4.7380756774999755
7.898673045303827
1.4314444070002668
1.142869369599989
3.4319668715999883
3.7750922454999984
5.004420582599997
5.183433778399981
5.626428317299987
4.050717991599993
0.8977094213333596
0.7062438313500001
2.4397460921999956
1.5555668456999965
3.344960588099979
2.1091909148999957
2.5897776900999956
1.8171712645999951
3.1464296477999727
5.094373422199981
7.917761883493587
6.749804772899997
10.79443550999999
8.651627430696148
1.2883451522999938
0.9440243285135923
3.921617269899972
3.5442593230999893
8.031500016797422
8.03789840999999
5.079761460899977
1.1816961074999999
6.913038279696138
9.935889900135987
7.478256426999986
3.7837660171999867
4.9496686309999935
7.436377218594859
0.8861358434795952
2.1926060302999857
3.830041514599979
4.644818859899984
6.262285823101262
9.36873525389871
10.823558965999977
7.689506074493581
8.720769836405104
6.438638566594862
5.649801634202536
9.172506115795985
9.65140800014142
8.675400132797423
9.91606876685855
9.948701368696156
8.183953633101272
5.674702418499981
8.271944369493598
9.736920979203989
11.86329115599999
10.211648432929266
5.239488694799978
10.060697129858546
7.417654284696139
3.424671684299986
5.170317637599987
4.161775123599992
3.779718023699986
3.4485327515000024
6.07293762359999
5.537053210400002
9.323355065898712
12.177045228999994
10.602637606999988
11.915513508999988
7.802640879797424
6.527090095493575
5.148672431899979
9.448991097999984
1.6238299331999966
5.228657148696122
6.278757998696141
9.708929682931993
6.908226806599987
9.326040000898713
9.326876588271983
7.286919807405102
13.45057222299999
11.093912818999993
4.268123625200002
7.883935037199998
7.174658702099997
6.980700007594856
12.09855224799999
11.053893955999994
7.746381616202529
3.1348727141999984
6.913722439594853
7.163703121899993
3.5879617965999926
4.187239871199987
7.4292596618987075
11.677872278999995
11.313776468999977
9.593037234339985
8.05529438779742
8.478890710405096
6.163834919696136
6.592047915594855
8.042242533898717
12.07612138199999
4.055895542899981
4.07757200009998
7.132395925898696
8.79994310149359
7.356866136199995
9.482146820067989
11.35273915099999
10.204154027991839
12.780849019999996
12.769477022999993
12.60967119899999
12.759250593999974
13.230306803999992
13.482577678999993
11.768756754999993
10.697314486999995
8.748070767202549
12.229044970999992
12.644202834999998
12.732438509999989
12.008104932999991
11.35518861235359
11.273913988999992
12.573500959999986
12.621583887999993
12.562643657999992
13.37291424699999
12.493404242999992
13.51352345599999
12.850314564999996
10.167897482212148
10.553782198999997
9.429462828067987
10.798453129999995
9.393872073282859
9.07458728792925
7.029931104999969
10.862254809999992
9.316183525070688
9.678986921787818
7.2584437224935865
7.8885943435948676
10.227445389005434
7.9846502974935945
9.215014262405113
10.961080192999988
10.751708240999987
10.08503803099999
8.601255326797427
11.58060989699999
9.475459513931991
11.205874156
13.36427261499998
11.443336265999983
11.004485799999994
11.491473626999989
13.157383338999995
13.813743149999988
6.800433348099992
8.751674362135972
12.158133563000002
11.510089618999997
11.958145713999992
10.229105624282868
11.814717785999987
11.180613543999993
5.319938441499981
9.04219434199999
11.082676969999994
5.949658131399981
10.303753254787827
12.301405103999999
14.41336683499999
12.88058234299999
12.073316195999992
12.845313936999995
12.834971189999987
11.296629014999992
13.114520121999995
10.978372118999985
8.115403234898704
9.479926097103988
11.132858489999993
10.58559902299999
11.973516250999989
12.024456855999986
7.986788861101255
6.251051560999976
6.426123826594842
7.40880379640509
10.530080694999985
12.422768482999993
11.48723777199999
11.836155451999995
12.805478887999993
12.416061167999992
12.490536493999993
12.08834084499999
11.608664609999988
12.251456940999988
10.45600915499999
10.840962185999985
11.05995962699999
10.270793101999994
10.030252650353587
8.731389883405107
10.380610099999982
10.974907404999993
10.981702889999989
11.72694300499999
11.42415909899999
10.957963376999992
11.454402697999992
12.30239439399999
11.692229180999993
12.181608657999995
12.525595533999985
13.527510618999997
11.744098861999996
12.579693836999988
12.98738680599999
9.888362419070697
4.765045312499986
4.771759509299979
8.157708767696139
11.664697710999986
5.024047114599982
1.865242744399995
2.0324472579999937
3.3373221160999806
1.949307943699993
4.4946697387999865
6.073187390099984
8.227962878405105
6.1296314452999905
5.095815188599989
6.727695025600012
2.9744131850999893
4.862547470099988
4.542624034099997
3.277726269499995
5.031840380899984
9.52833311306799
6.264013151599985
7.687607148696154
8.454004765303832
7.7094273453038324
7.2636378952025416
11.320040133999989
8.115291896101265
4.067050416594849
1.999652751199995
1.1711533645999994
2.5475652252000014
3.3326534820999973
5.8080869675063775
7.219660810898706
7.74360581510127
9.257332067898712
0.6562133859600007
3.6566224425999745
7.921137301594871
8.673803300506385
6.889097289999987
7.6252896529999905
9.570631672795985
4.748141224699991
3.6846941024999875
3.4677929320999863
4.430624804699991
1.1332016368002729
3.152632923899975
1.3566929900999969
2.8842662719999987
1.807233430499989
1.740557182299993
3.0904828933999937
4.582929133599992
6.54794289859999
1.1101042170659954
1.2865222045999936
2.4128574981999784
2.93811764219997
3.1832692992999823
2.755455596899998
2.399804451000002
1.7255289885999923
3.7695177688999846
6.35151668549999
5.477124865699992
5.428610429405086
8.566141056797418
6.395484056099998
2.477382127399986
8.759635887101275
5.9899059600999935
5.079000744599994
4.751746990999992
5.395259487899999
5.741165010101252
4.868088264499979
2.0446719939999936
1.7593602707000002
1.2309440886999998
1.5711117950000006
1.2735265243999996
1.9421259261999932
2.3251239425999994
1.6627788466999964
4.921230970799991
7.249996578999994
7.999334147594865
7.736950331101266
8.817399192797431
8.962021791101268
9.392693196101273
5.218545295699989
6.6230640976
6.148669059799987
6.9366603667974225
8.35079493869615
6.791083042899993
9.738526678339989
7.946925733898704
7.300701191699993
6.285742738299989
5.035439385999996
4.4946754318
5.141130158999999
5.306181645199992
5.42025733949999
6.563162725797414
5.6966061950999825
5.078008671594856
5.3227466689999945
1.2277941497999947
0.8399468506797432
1.3355849104929154
3.3982495360999945
4.3598631545999975
3.2938604004000025
9.528341834999985
8.753234722898712
9.392239410405116
5.457945663499991
1.3935091964999982
0.775672388080001
1.518897015399992
0.8053302107863969
3.1422466292999665
5.4408107207974155
6.142760052506385
7.097281724493579
6.653764630101262
3.285320773299982
8.441871461506386
6.323179177898705
3.825749970999998
3.1257870788999935
2.6191301024999945
3.101263261399982
3.7971097259999773
4.106812728899979
4.934016596999978
9.351816256795983
3.4600428008999846
8.11236785279743
10.20258257899998
10.382445154999992
8.097901165797438
7.216508576999989
8.397385841405104
8.869569572405105
8.847535102797426
8.383268778999984
10.557875054999986
9.45540905906798
8.506007331797425
10.048935798717103
8.40885990599998
7.118448452797425
10.212752461141422
8.291597581506386
8.328383612101268
8.52648323669614
5.154650105299989
2.4723832473999985
2.818348269699988
7.533355749493589
4.016250753799992
0.643045337680002
1.1073628067000005
3.532551448099981
3.4475158095999707
8.85009985972798
10.857764399999992
10.58125014299999
7.019993191493587
9.835108088787825
5.210530950899986
4.168145748899983
0.9490501980863967
4.067896408100009
7.661267318696133
11.336663445999985
11.682390178999988
8.71081839749359
11.076025663999989
10.193087808135992
11.317314820999991
4.499085308797406
10.997076935999978
12.02858427099999
4.937708222999992
5.338815608199985
5.7575632125999885
7.093413859594868
7.9448379638987126
6.481428251599994
4.006418521099991
8.805427645898709
11.169360206999992
10.352745913787823
9.798715126000001
8.227976789899998
12.172904352999986
10.575954157999984
10.042074485864
6.737539608799989
8.28526823730383
10.34115796199999
11.557494205999983
8.053727934299994
11.769402469999983
9.926795565863992
10.197167151002722
11.714636602999995
8.732544172696148
9.693248423858547
4.591506782499988
0.6774245136300004
0.8869180059400028
1.6061611236999955
0.9355377752299995
1.511058694499993
4.25569756469999
6.637254067999992
5.743978042600002
7.000649050900003
7.883520457500002
7.572574607797424
9.597259870931989
8.745345078999982
9.002673477202546
12.291070426999987
11.220999573999988
10.113618393999987
8.776903309583979
8.21436641689872
6.742041688499995
6.211586540199994
9.945522439877765
10.44784051499999
10.223351785212135
2.9481106399999715
6.408152972399989
6.442648454299996
10.296913192999991
10.514945052999998
11.205379119999993
9.930872956863993
9.915776045141426
11.195785856999995
13.806602955999992
7.870188516202538
8.225296342506375
9.493030760135982
12.175702826999988
12.16547742299999
9.209129211405108
9.760456736797446
10.351971488999988
6.289911320499999
3.0128837447999866
5.1182837462999835
7.8880339111012585
10.743955707999985
10.635655620999982
5.689523954799978
5.820357315099985
6.715866516101258
6.5458131667999995
12.16616624899999
9.530104733303842
11.389025759999999
10.736764783008155
12.220244777999994
12.858128551999995
13.393460152999996
13.732190139999993
14.403401629999989
12.325913047999986
11.70100934799999
10.447139161999994
11.842395575999998
10.992858909999986
11.517389370999988
11.549115769999995
13.202960521999989
13.524206800999991
12.78472060399999
11.504019259999989
12.17450984999999
12.361398301999987
13.958285279999997
13.646524065999989
13.07984789899999
11.518751719999997
9.991028842141432
11.187801278999991
12.604492417999994
13.985961175999988
14.27234939899999
11.615307934999992
10.553969182005437
9.979149848931996
9.888440602067988
10.554211677999987
12.008901587999995
11.977649991999986
9.657392480339983
12.096617078999989
11.363742966999991
11.595160126999986
11.672213247999984
12.19704360499999
13.262723998999991
10.844269602999988
11.179309920999986
13.317643390999995
13.536326215999992
12.398852712999988
10.648811159999994
9.100663894696147
9.459564152659992
10.48667103699999
9.86950467520399
10.983796387999986
9.286658750929261
8.977944639594872
12.053815870999989
12.193372654999989
11.344636342999983
12.27317177399999
14.179614618999993
12.273005761999991
12.247038894999989
13.108158126999989
13.04927059199999
12.209099886999994
13.400579246999992
11.424318990999986
11.508059238999985
13.01384918699999
12.243552897999997
10.908569439999987
11.811677126999994
6.6330760955999875
6.700190582299992
6.68266153720254
11.437345637999991
11.144074425999984
11.999930645999987
13.728924242999993
11.44003518251999
11.143423934999994
10.162549377282865
9.958750781378543
11.27213312499999
10.243184583999993
6.85424741359999
5.280170756499993
4.682073379499984
6.877540734898706
8.118406251493592
7.210422180200002
6.228670199599993
8.310620211797435
8.289441218594868
8.335272514303833
7.531156547499996
11.47515196799999
11.025172306999986
10.49833697999998
11.15979414999998
10.975830008999989
10.200724253858544
7.392245201099994
9.232652210999982
6.250815733299987
4.674123637399993
7.437685615493583
5.775037867699984
5.342938128699984
3.087925497399981
6.633525151101253
4.221018257099988
4.742688624599996
6.313384539799987
5.053083775303814
3.0356848159999896
3.462682353199988
4.129440658599987
7.8362989577974185
5.938132723999988
5.437449613999984
1.4251690033
2.1377416153
2.787525585899974
5.078449595599982
7.254082472207978
8.358410560594873
7.914180516101265
8.2296091034051
11.342879558999984
10.602947196999988
8.294300924696156
10.65354989799999
3.4201294661999797
2.7327865539999876
2.871556228599984
5.746874711599976
4.067399639899996
1.8331830749999771
3.5821889556999817
9.806171360858542
3.903471685799996
2.664936558499995
2.1472908812999947
3.2492893966961254
5.053188714594857
2.202962821999981
2.3448111449999756
2.6785396666999945
5.057260807799989
6.149268467699991
1.8501503463999944
1.2355221207
2.0084433410999893
4.989519752499988
2.7663460921999925
0.8128937332200006
1.3018318938999989
1.394850624099996
0.8285418788
1.9778793212999974
5.857780300898674
2.5571053344999917
2.431489182999977
2.1634009200999835
0.853592886920001
0.8747194414099998
2.8824486846999693
1.8293828750999932
0.8157887669600011
1.285642683399999
1.0542134679008006
0.8560435901727962
4.289179031399976
1.9765946593999915
1.2333271621999966
2.9336230086999775
5.556602938799981
5.83549358369999
4.852171797199988
4.016350007599994
3.8679690017999966
4.109213430799973
4.421099250799991
0.9380939280659969
2.0365252852999935
2.0858462097000006
2.1575728164999997
2.4699478728999904
2.4920654754999965
1.5165020705999894
2.991281274399992
2.284424844399987
4.451481733699984
3.923499060099995
2.5653545943999863
4.3939140105999925
6.995738894696137
3.2989520217999937
2.215279919399995
1.9697182692999975
1.2296201186999989
0.7358025568000002
1.5222623076999957
1.5971702788999977
2.890928231799993
2.760888169899994
2.680128955099995
5.467067446899991
5.484721760599993
4.405738685599987
2.221570878599998
1.8629391433999831
2.8315653380999937
5.358012715099986
5.684687846405094
7.395556281999981
8.924224323999985
7.285871887202547
5.1926203734999845
8.345479060405102
8.773413543696147
6.855878802499997
7.2233806609999895
9.009895964101272
5.44052219699999
6.996402412405097
2.0855033722
2.735781880199992
3.8921191497999823
5.882618408199982
5.197640559399987
3.041658804299994
2.1753493331999927
1.7718612685999984
1.9136320067999926
3.9538570098999943
4.0793064376999935
6.4023515655999885
6.4558629882999865
8.407184323101278
9.057523490931986
9.18729794459487
6.608932423399991
4.333992513999988
8.478204241898707
10.144864437929268
6.119815924099983
1.9338677352999927
1.955026303100001
2.3901201095999967
4.702852343799995
6.286414228799983
7.110472409101267
7.14948859099999
4.275904649399995
2.0211405913999894
1.3975937102999862
3.070048751799996
2.3797957794000033
3.131054934699986
7.295814282199998
7.758685073898701
10.357650304999995
9.70522348185855
7.892830779999979
7.709572305303814
7.349721232594867
7.9799058455948675
9.429815225202553
5.380364392099988
8.349990241999986
8.106264436303828
3.6206792678999964
2.1225871901999938
3.064239723199994
3.3095394332999915
6.871067721599985
8.515492816202542
8.376378074594864
12.52145146899999
11.45210821399999
10.018106045659996
8.738066154506383
2.7571850066999875
5.214264874303807
8.552224021898713
2.98139715879999
7.988517086799999
12.47690701399999
7.374860018899988
4.17784721529999
6.931791854898706
7.862113322399996
10.604324967999991
10.403669066999985
12.212169278999992
11.187115804999982
11.263297344999993
8.662027227797427
9.07000032647998
9.685663481101276
10.011856545999986
8.780528962696152
9.193582168727982
2.780848490899984
4.716096977199987
8.518630169696152
10.452007047000002
11.713208315999998
11.781667121999991
9.455958929282863
6.060200044303821
8.464097073405105
9.206168479898713
7.506419818099993
10.980385207999994
11.660569097999991
10.468973618997277
11.159068470999989
8.604255927999986
7.552933019999994
9.24204359286398
9.402873103203982
5.4495438949999935
7.209178819303827
9.97672104628287
8.743252529898708
9.510171145727996
10.03622232813599
9.260738270594873
7.892133915700004
12.23043126999999
10.268778521999986
9.49386183930383
12.842421076999992
11.86220440799999
14.006389712999992
10.691894562999984
7.97422456668797
8.202699134797427
9.601928095999984
7.377928280594857
7.315362713600008
9.735760832135998
10.51806349499999
10.590869871999992
10.82911794099999
8.06638783259486
12.098499680999987
11.233502201999999
11.134226349999999
13.414763695999994
12.722422700999985
11.670232720999993
11.055964968999989
12.104396038999996
13.07923793199999
11.420651992999991
11.446732116999991
7.326868070999987
7.361451586898705
8.39788484499999
13.617957668999994
11.388487424999992
10.701993950002718
12.878908039999992
12.073968963999992
11.255483558999995
12.436366179999995
10.767780750999998
10.81322843199999
12.358955619999989
9.980707479929261
12.53643382999999
12.314256908999992
12.380055264000005
11.540706943999998
10.133842840717104
11.341418160999986
13.840642548999993
13.884832509999983
13.758437325999994
13.27706007999999
12.03091250499999
14.625885703999995
12.588992316999992
12.644842037999991
11.850208388999992
8.951069618135982
7.401975122101272
9.914286502067995
7.43576824189999
8.127173123202548
9.359426893727996
10.767054166010873
8.83896801299999
10.363864824999991
9.355606034898715
10.58582884499998
11.442288616999987
11.916759965999988
12.330267322999992
12.15381750199999
12.053307134999987
10.18668838799999
8.301283644103977
9.902281039282862
9.723096580646375
7.316364718594854
10.329678325999994
12.862271740999985
10.861842162006385
12.645425590999986
12.33132154699999
12.048730886999989
9.96804575972799
8.89239575810127
11.339800336999982
13.279321308999997
12.917342118999997
12.571687551999986
12.63782094699999
13.616849795999984
13.723055901999995
13.681652189999989
13.80440077199999
13.37299468699999
13.69485625499999
9.474869905101272
10.577722907999984
10.964783915999979
9.869600643929264
12.040637400999987
10.815646033999993
11.776145052999988
12.279897188999989
13.078899679999992
11.562735521999985
11.57592464299998
12.256327201999994
10.390277366999987
10.10685802599999
11.175760497999988
10.204206997999988
11.27770148499999
12.277990449999992
10.448294698010868
12.012243860999995
11.855272841999987
13.91438811299999
13.022516919999994
10.351038578999988
12.188306840999998
11.526403450000002
8.329885931405109
7.751425239594862
4.453765541099991
10.362013837994555
9.974908779931987
11.510902753999986
12.68056222199999
9.166554743999985
10.673323203999983
12.619045273999994
8.665898213202553
3.039464343299978
2.4979767394999994
3.3266205733999965
4.096146575898686
5.3974006667999825
5.319752868699994
6.906230564899996
8.95402540279744
6.786135348493586
9.514469226070704
8.438881178303829
9.04803624879743
9.843716296282864
9.034364083898708
10.594147947999987
10.70303292099999
8.771882902659982
7.477362242101261
8.927340161101263
8.668500804101264
8.80799501633998
9.288119349696151
6.224290217599985
6.677564025899989
8.573320909101277
9.629506359931991
4.924605445899983
2.8065839080999977
2.6666589156999985
3.289226641799992
6.363896098303791
6.477886010696143
7.611411822493582
7.485052874797425
8.352638488797433
2.183605642699996
2.4255557998999935
3.4346573119999744
3.084647468600003
4.03473344879998
2.301684191899995
2.256709873999994
1.7780021850999959
1.3505426482999954
1.964163217199993
1.408004310599995
2.9878876250999964
2.1638587142999888
0.6014443393699969
1.378257492099984
3.8146637176999825
6.554341508499992
2.444038288899996
2.0477778151999977
1.3598087935999998
3.3282964110999793
4.681596566799985
5.845056207300003
4.602110594199998
6.712369100999994
3.349907873499997
1.0248469136992004
2.700733378599992
1.9538326247999946
2.3905448302999903
7.172291319303796
7.5806820023038215
9.350108798135983
5.649679484599991
3.2658454833999797
4.163752871699994
2.568436856099988
1.3956663497999988
0.9156986295700008
1.5958614075000015
0.8508433295207972
2.536625256299997
2.2736202117999986
3.0263134582999776
1.0278667613999963
3.940243041999976
6.4934934463999925
5.298871397399995
6.676465226699992
7.9519217986999955
7.030314242599994
4.74767508999998
2.524329927099985
1.314296780600271
4.631294305399988
4.134298498499986
3.5798460952999944
1.8244483718999922
6.201070652797424
2.301581277499999
1.5985552826000002
0.8552992968600008
0.8760109022066719
1.1395914919929153
1.3051293944999793
3.1371551589999958
4.291276013199978
3.249046859699989
4.204879827899992
5.223968305999984
5.351931344599987
6.1198751952999855
5.513489903299991
4.823733192399988
7.417403640696142
5.062908293199993
5.945481323199998
8.067642602493574
8.785417008999985
3.8452117721999914
5.50390022129999
7.051028462199996
6.232481457493582
6.751632379202545
1.1069910767727889
6.479254486101255
6.242376086399996
6.071902171299999
5.629193577599999
5.835212632799997
7.013180871599995
8.055303187594868
7.889047808797421
6.596894319202539
6.312493455499987
4.054827099599993
3.1009515991000036
3.3875939650999913
4.019351608299988
2.9500389907999924
2.852710372899986
2.7080408889999994
3.0216076079999876
4.1082287414999925
3.646252052299993
4.430637522899997
6.4170266356999885
6.525822775299989
5.122479872099994
4.660130795299999
6.563384448199994
8.468855631999993
7.751627175898707
9.258780914303827
9.731355030863991
7.4987231154999945
5.07285208279999
2.164041201799994
1.1148995090013605
3.3732474547999907
4.4130075119
4.741069073499995
8.224655908202545
1.7611398482999858
3.319737083405081
7.68291337740511
6.791432148699984
11.66158195499999
11.504796244999989
11.346048433999991
9.654622730999995
9.946106655931997
11.762675184999996
3.395070355199996
6.855967771898677
7.204021835299996
9.089768231202559
5.600251055899981
1.3611379836999944
1.4640817190141295
3.9538534102999905
5.47455009159999
9.566150294339982
1.9067300278
5.6175629226961314
12.81987738483999
12.419005967646388
11.09100230299999
10.07928061514143
9.384612733339981
12.193110608999998
11.251673057999998
9.313222842405116
10.080268652091682
10.490071364005436
11.934360744999987
10.688382670999994
11.524690891000002
10.250159968999986
11.407887743999991
11.11396953999999
11.798096247999993
11.051809401999988
11.497359874999994
6.831425093099994
9.371365853900006
8.305586653101264
9.077964953594867
9.460209054594877
11.540656089999995
12.647086896999994
12.08618701799997
9.574149768067988
10.27605085599998
8.726831333898712
9.211001721135986
10.764608402999984
12.656147652999996
8.875818061797428
9.347058828795983
9.940972970717105
7.5183893783999975
11.851270838999996
11.303063318999989
12.65031091299999
10.568340687999994
9.55707165220256
11.976659632999985
13.418783365999989
11.618194158999987
12.624702631999993
12.411734018999992
9.701213311858545
9.94476476440512
11.409290647999994
10.764286858999986
12.629456945999994
10.432188001999988
8.82456595149359
9.404812608203994
10.773738982999996
6.565843240399989
9.390825981101276
12.32759390399999
13.05585413799999
8.102819822696148
9.99710941306799
10.37674810799999
8.975118551594875
8.409589114405108
7.184997302200001
5.728315194699983
9.785543002212147
8.334911997999995
9.096921563687987
9.58277796020799
11.007572188
11.51978552999999
12.570227613999991
12.077803475999987
10.844951378999989
10.081518055787832
7.663670394899998
7.80970644530382
5.665345056202538
8.063819078101266
9.960362666203997
10.312704125999995
9.365665399135983
8.572314704898703
9.499732540931996
8.793546272203978
9.780870881787822
10.677888396999986
10.020643514999994
12.104779523999998
13.276092148999993
12.350652851999982
8.905903814687978
11.510434951999985
9.945850561999992
9.021442922999993
9.449420654203983
12.782605996999992
11.291906194999985
12.964910093999988
12.425481663999982
12.047882314999995
10.744810091999987
9.401716648898716
11.204194387999985
11.195525910999995
12.17400904999999
11.466236857999986
12.209357323999996
13.467948519999993
12.714203934999992
7.861652889999986
6.831211851493583
10.726549895999987
12.91080749999999
7.842646513405113
12.227214063999991
11.416279584999982
12.380510134999993
11.096701861999984
10.77063482199999
12.316605588999993
12.121422291999998
11.955123996999998
12.875628245999996
14.005081777999989
12.885805626999991
8.911359378101269
11.858309723999966
13.37205376699998
14.738179978999993
13.13427470699999
14.549157602999989
7.874562084999979
9.002685601797426
10.29380853299999
10.92974855299999
7.189321752899991
6.76052855989999
7.834727705405104
8.560782961999987
7.2405498259999845
10.536408833000001
11.348452930999997
11.252397593999966
13.114500794999993
14.360194918999985
13.427661078999991
13.929429658999991
7.177384083594871
7.178821595797426
8.125783030696148
9.329831823787824
12.031045969999976
12.947070626999988
11.940432258999985
11.054007259999986
11.150995508999996
12.039466324
6.233115504506379
9.441879603727996
8.168638200405104
9.133426130696149
9.112808201594872
5.102511396799993
4.287081564299997
6.516377343799999
9.555331957999993
12.061624015999987
12.683632860999996
8.044035583499992
7.803135101303821
8.362823747303837
9.794721368133114
14.134212417999988
13.326641472999986
12.66172073099999
14.274014748999992
12.206094401999993
8.72111707149359
11.036628841999988
11.367517280999987
8.977006224101265
7.045184265101255
7.891959452800002
7.466736260999983
9.213125950727973
7.573151490797426
8.78229748079743
6.913043994099986
8.639117968797427
11.876923293999988
12.767377657999981
12.899252787999975
11.21035079199999
6.353667275999987
2.579009555099989
2.871233161899993
6.088278770405094
5.307812838699998
5.852895596303827
7.581910430898701
8.400927099594865
11.064001369999993
12.526406530999983
12.618875982999986
7.915890435797423
6.06991122589999
11.825748559999994
8.535127583303838
6.556333079499999
5.764417486599995
7.658584077506397
7.377646293599989
7.0715094436961445
8.759727484101262
8.13420188899998
5.936143676799991
3.1277322310999986
2.505162510699984
5.811994035303816
2.579858641099995
4.11361072389998
6.138468749999996
2.4686149077999837
0.8407375143067956
4.2951878432999795
2.4246941619999896
1.6078485260000006
1.767902717599999
0.9485060343700011
2.322286914099986
2.8084855087000036
2.31114790949999
4.001454865999997
3.7457514663999953
2.8466395308999988
2.028301298499998
2.853250363199996
2.5176357300000003
2.2098449569999943
1.7664272170999995
2.747907806399993
8.202946685797416
9.647829772929258
6.182895875493582
1.3837598357999916
0.6884246139493567
1.620367512499994
3.0569017898999933
5.261195672600006
2.1162152694999965
1.3057121125994566
1.5861423064999987
2.5302240035999852
5.12520472869998
7.325537820399991
8.629097264101258
7.605383911101257
8.348802667202548
7.304287828099991
4.684107249499989
5.383892462202537
8.080159829696141
4.921225547799998
5.832293533299997
6.218575820898687
10.720905214999993
3.2955379622999983
1.3316463729999999
1.4806469558999975
1.3081751419000003
3.242238209499983
4.0906860686999895
4.785694601399981
6.8544995361012475
7.6880366408987
3.6167661162999964
4.03671996459999
7.664088920594845
6.484802868699995
2.6596602874999973
1.3648468291999976
1.7013246322999913
3.2157581146000065
2.1210345015999876
7.658107340999975
7.025841004898699
8.251614184594867
5.841523709099982
1.0685525416271922
0.9089948598899996
2.518217854299975
7.981466072101257
8.008391686999976
5.104792385899983
4.447661735499991
2.9003894866999973
1.8600002990999902
3.231793226599987
3.5789370147999984
4.461864523299987
4.615352394099993
6.76236938319999
4.47873994449999
4.709712777699986
7.119276142899994
5.07484954379999
5.624008515899988
7.5832076691012675
7.083177593999987
7.953394474797424
7.230797409101257
4.44584307859998
5.221402052299987
5.610451077299985
3.266820486499989
1.5060703856999875
2.2432922561999864
3.1132581023999912
8.673451699797429
8.56262453310126
9.052173652727982
9.878857171717103
11.858747196999985
11.13071887799998
10.828476508999982
10.156300743070702
6.712427937299989
9.159739578135984
4.783612264999987
3.440093884299979
6.127580750999984
3.9248395781999736
6.051859934999992
10.754553774999994
9.428734806863986
4.510052130099994
2.109276367199997
4.298902464299997
3.8039916472999917
5.35416912379998
8.897595855696151
1.646787675499989
5.626588145405085
6.234603063999987
9.52479227140512
9.429178099067986
10.324157272212142
7.753591210898703
9.58549569399998
6.994395219399995
9.413071636999991
9.672458312999995
10.467373745999993
9.094368746929257
9.347929023795981
9.908255973858546
10.518927527999987
9.929624340858544
8.398252229303822
8.049197383101271
6.651386631799993
5.117612495399988
8.503396325696155
8.702957696493591
10.244691943282863
6.586604475405102
5.208897486899996
4.976204891999986
6.140162875399988
8.574005090303826
6.24264692230382
8.254434605405095
1.9746160735999947
4.216719605999986
5.412616726699991
0.9219988959203976
3.576355831898674
6.328508184799993
5.537424896199996
4.974488713099987
5.91361257930382
8.643596200594866
8.677885919202549
6.568681423999991
5.473718318199982
4.366001856999978
8.597285891696147
7.782506518594869
4.284136590599987
5.64905103909999
5.037598300199977
2.1262874381999906
6.2566170134935835
6.724528243999994
4.683614651499986
5.995803141799989
2.168550358599994
1.3502022713787678
1.6601436355999937
1.319097976978772
3.0330008407999918
5.1608400832999815
8.828659530594875
10.56984079299998
9.589057701067986
7.301168052696142
8.810127519202547
6.893110818499989
6.548249632303822
10.169014906212142
11.31458135399999
10.242082742212144
9.636432194659989
10.025865768282873
9.330659782405114
9.873502891646389
10.151947865212149
9.812304269271992
9.46713647913599
9.589422479141428
7.882972883594867
8.247367544594864
5.453487403899991
6.234750408899988
6.5494496764999885
7.197628115799995
8.171508773797429
9.224148608405114
9.715993623431991
9.257248391702552
9.968454222068
10.594503659000004
11.525270187
7.745513644405112
7.047454389999981
9.387995339999975
11.489097597999981
9.106382345727985
6.69715376889999
7.5319010558987065
10.301883356994562
9.760138928135992
9.346316398594873
11.662668432999999
12.24491150551999
10.460231379999993
12.08860275699999
12.066537012999989
12.69333880299999
12.287679024999996
12.724573099999992
12.75503335399999
12.206986315999988
11.803960253999989
10.095344836271991
10.516103567999991
11.425710937305594
10.357423655999991
11.365308260999992
12.38529911499999
12.876396366999991
10.814685200999989
10.981539414999991
10.530245154999996
7.99313785710127
12.346078597999993
11.269943851999994
11.622249996999992
11.647436814999992
12.251609223999992
10.70431945599999
9.99374946128287
10.604640540999988
13.00816593599999
13.00075694699999
13.206763806166391
13.026393117999996
12.773269741999991
11.05042032799999
11.176189455999987
10.717873462999993
9.119064518696145
9.769884818999993
11.864368546999989
10.999327994999994
9.250123493999986
12.56043689099999
12.428879792999988
10.269349896141426
9.64934453586399
11.440482819999984
12.69803885999999
11.978750599999993
10.630146210999989
10.601206972999986
10.292888870141425
11.241151774999986
10.87352533399999
11.18485316799998
11.93070000199999
12.246589116999996
12.875829944999996
12.871407712999996
12.577565491999993
13.051473946999987
12.41275666499999
12.236836754999992
11.489789794999988
10.563526059999987
9.653402691795987
9.189482965101272
9.969653668135994
10.153317901727991
8.742785853594878
9.37493204027199
8.487650643898714
11.222416009999991
11.820942000999986
13.555588788999996
13.350245814999992
12.15628917499999
13.187678055999994
13.872057720999994
12.926188772999986
13.039165900999988
10.864280593999993
9.42124264220255
11.40848349899999
11.816779357999991
13.044271241999997
13.149630785999992
12.30937389799999
12.041930819999992
12.649925522999991
10.750532021999991
12.846674453999986
12.654216393999993
8.779537879898704
9.681319999787823
10.712312276999988
8.271740898101271
7.517139456199999
4.504081956499994
6.798842080699991
3.997233145099998
4.943372085599991
4.488720497099994
8.40370983730383
7.3387077591012675
9.901566308717106
7.11925084989999
9.590535478202554
8.36308241268797
9.345354551687983
13.06378851899999
11.215862523999988
11.689296959999995
13.279816488999987
11.71147678999998
11.297498151999978
13.58257247199999
11.954111529999993
11.180198922999992
10.81116658199999
5.698888059999985
2.797891230799989
6.303244517493575
3.37909050139999
4.096968443299993
5.566280113199998
5.5190233916999825
6.004546191399995
6.658731312599992
9.264513392594884
7.342999696399996
7.6982017166
5.5052643585
7.571569192493589
2.6207720138999924
2.6559300384999895
1.6329051651000008
5.547852018699982
7.346934335299993
4.861386459399983
4.858343604999998
6.572103330999985
8.052665417506388
9.072095036303834
7.686667919900004
3.6804062087999916
6.7460950728999896
3.038531320199989
5.040400515699998
2.9072903076000007
4.958128057900004
5.810005160499984
7.093179827898703
7.158455133099996
9.198461854594884
9.837144532858543
8.997877992135981
8.4379220734051
8.636366827271976
5.646768865999987
9.344373066795985
8.17531926420255
1.4249273117000014
4.288147744799997
6.274743955999996
8.036150787405113
8.70778798079598
7.719327604696136
6.4204851531999845
8.701135133405108
5.737130648797418
8.809252995303828
8.084149180594865
7.424113757303823
6.2825816878987
7.418229643199991
8.736984538303824
8.54038316040511
7.575654399101264
2.0687530761999926
2.807276156599969
0.9742057371067957
2.871048089599974
2.809406475799999
0.6215606442499979
1.0309017844992014
1.427126019300001
2.0584085007000006
1.7043541274999994
1.7759761748999925
5.197229708898696
7.8784509781012675
7.10734891659999
8.170872843898712
5.805995091199991
4.982072782898691
7.247677909898697
9.372891961696148
4.45445402979999
5.716807121303817
6.708423965499994
5.7681783889999885
4.092078826899987
6.1746923720999884
4.101286547899989
4.0590373336999885
2.6561135680999937
2.8712180527000006
4.813336073299977
7.011622787499988
4.352600169399987
6.214742677303817
5.72968332369999
4.229087716699996
2.520105519100001
1.5775540526999998
1.5507313247999965
5.847139814797396
7.151219537405099
8.368935398931972
10.173795753353586
7.565443313594857
7.856088197303826
7.31498612820254
7.332299677999987
8.249837292499997
6.956766929599989
8.440650521898709
7.496374987799991
5.785067962599988
5.935924084499995
6.059295617699997
3.6688805724999844
3.869070059199985
0.6068194659199991
1.1507363266931943
0.748618286710002
0.7173506691931956
0.9283553367717003
4.908362594599981
7.455448303199992
4.449807965099992
1.252262937899993
1.0632004176067942
2.602650350999993
1.7845083220999927
2.6618192260999836
4.608231094399975
9.233097898898718
8.590447264101268
1.2991782058999952
1.8577768203999931
0.6358788417799977
3.8539850875999644
6.113561167899984
6.058960211199983
3.7572119079999924
4.042714334099987
5.441116378799994
7.016738046299997
7.715620388797427
4.234921214299991
4.485158578499988
3.830781596399995
0.9682897257800003
0.5377536354100005
0.7364627632067948
4.7323046112025295
6.257173442099986
10.802450857999991
8.006394230696142
7.410357807898709
9.02455337079598
4.978675334199984
3.8965848968999777
4.566446569799988
4.577930023199984
6.624252381898702
7.274413110399993
8.223462145999987
10.254617577999992
10.558694594999993
7.539818934594868
10.961722217
7.6721196564000005
8.442959576405114
7.62011190489999
9.87261436472799
11.473420754999996
11.54306999999999
10.586701413999986
11.603007804999994
12.718473070999995
10.735776632999986
9.318604563931984
7.823694573999988
8.980526821931988
8.436745396405106
10.710252314999993
9.104623165898705
9.925161286929272
6.999677372699992
9.382763902203992
8.749508593797437
11.28975801399999
11.302443535999993
12.03598458299999
10.763852889999992
12.296697629
12.26123337099999
11.508595238999986
7.634616627499985
5.608635389696135
10.884089538999989
10.566506876999995
10.366549061999994
11.532652349999989
11.206586795353589
8.058860432405101
12.16281783299999
12.37143685599999
11.016405718999994
10.27866744499999
11.175362613999983
13.041657261999992
12.21770844299999
13.607371393999996
13.14037674099999
11.68314328899999
10.382701548999993
10.515582738999985
12.138907993999986
12.37669703499999
11.95771160099999
10.276836371005437
10.769797297999997
11.039557686999999
12.430735517999995
10.741272135999989
13.188551369999994
11.953578892999989
9.645828649931993
10.132801794271991
12.187006826999998
10.841344776999984
9.834708930999987
10.041670642070713
11.084758368999985
11.753430202999985
10.567398607999987
7.24111210779999
1.4294674285999989
1.4316654037000027
5.2278717437999855
5.380742845199984
5.829561407499989
8.57316552889871
10.358177925070708
12.025227042999992
8.72425597989871
10.059326281787824
10.756610288999996
11.43430777399999
9.586618199135987
9.235338813863985
9.12847859799999
8.622900506594867
10.742632634999996
12.61585371899999
12.172321438999989
12.425577056999995
13.61653241099999
14.509029639999989
12.967270485999986
13.274691318999988
14.060226413999988
13.152854477999988
13.072464060999987
11.643518265999992
12.39457872299999
11.50676188199999
12.397308806999987
13.128606510999987
12.84974780599999
10.943704224999996
11.995986394999996
12.334862410999987
11.214179928999991
10.176888218787827
12.451674372999989
13.549641878999994
11.556638190999994
12.056135381999995
11.664489580999994
11.990402018999987
9.296638011202552
8.294310774199998
12.36755018299999
10.529474581999985
10.87448663499999
12.149303657999988
12.27400142099999
11.940777904999988
12.119510926999991
12.317095203999994
9.880653202863991
8.17460734559487
7.875380181898712
7.563052925101267
7.921763409405108
10.187642431717103
12.15016955299999
11.08355201399999
11.08688725599999
10.55142832799999
12.04882894399999
12.00618398699999
12.465659580999995
11.402635044999988
9.540728102067991
8.543209431506387
8.335732505797425
9.410773611506393
12.240532891999996
10.568759354999994
12.840297545999988
11.139441007999986
11.72099653299999
10.511888703999988
9.091804278594871
8.370246331797421
7.742899755898708
10.748649718999989
10.008363470353585
12.22238031299999
13.031273755999992
12.779286489999993
13.127235033999987
12.903368610999994
13.409484238999994
10.173466795203993
6.982769541898694
5.45436532289999
11.064553025999983
11.06247370099999
9.28246475520255
11.254884601999999
10.370161922999987
12.226994256999989
12.153866028999989
12.422835799999987
11.455566900999985
11.06364412799999
9.03402795720255
6.69592972559999
7.924501388500001
9.139239083898705
9.616898548931989
9.778660693271991
11.739131624999992
12.33475299399999
13.84774991599999
13.390773683166394
7.225032293699987
9.434842466795986
10.282095040999987
10.885926092999991
10.396436922994559
8.990783047506387
12.015147629999996
10.326725712999991
10.51534294399999
12.145909505999994
8.794166311727963
2.9889119231999897
10.26753204027198
11.218457900999981
10.86738240099999
10.975884847999986
11.25752310299999
11.359658593999992
11.521785058999988
11.889235567999993
10.252167672479988
9.05772259058398
5.408081329303813
9.717337055999973
11.325625626999981
9.696571546931994
9.126989199797434
6.088490942399998
5.859484318499988
4.76088984219999
8.800326684594864
9.733228971931986
6.415863075299986
5.741146240199982
8.421093444863962
8.811910276797434
5.781389842199986
4.668584706099984
4.480354864499992
2.3233388640999904
5.932903141799999
8.00618790740511
8.633187884493582
6.762890620405101
8.881530068999986
2.5721226485999926
4.3134679442999735
4.900819702099989
8.432284306303819
8.529225961303831
8.160181605493586
8.972689323405106
8.955259788493592
8.052291421499994
9.843573268067985
8.560357206696148
9.894109707727988
8.163227589405116
7.484808190898705
7.851497677594873
7.9313730453038245
7.668547885101271
8.826067288202548
6.745434400899992
5.275468783599996
2.8144289749
2.2245463698999997
1.6200070724
2.5785236632999964
6.010284422299987
5.459673402399983
4.6372498366999935
5.047189591999973
6.127632600405091
7.395110896303827
7.6843749038999904
2.4641701583999747
2.2185163848999876
3.0025801024999814
8.20385147399998
7.0025629104999885
4.538699212599982
6.390034320099985
7.462821102899994
5.998141226200001
3.8861627990999983
1.2269568924000014
1.5568666670005407
1.9828573241999976
2.3058326537999996
1.328662371799991
2.2360603209999894
1.6944191329999985
2.810692651399993
1.7264212569999935
5.16376390229998
6.531160789499995
5.312326148999986
8.157556143202546
7.347619314599998
5.0153849029999895
4.6332986693999905
6.264834832800001
1.9364295424999904
8.902371522659982
8.022526516696141
6.0713670104999835
6.205051422099993
0.6668487347599985
6.365414395101258
4.118235829199977
1.6790592818999923
1.1088977788931935
1.8563415221999897
2.9901572478999734
3.966019314599992
1.4508160186999945
1.272060667399995
1.769666177399987
2.9363710280999893
4.364794494599987
6.088455532800003
3.6913934173999934
5.884865704303821
8.385313519303821
8.094357282999983
8.29648934779743
3.6154516601999886
3.610204782099992
5.3531395431999975
5.661347907999993
6.818193406699996
5.609094947799985
7.781887640405098
7.376268731696146
4.520786297599976
6.6704111801012465
8.99046327969615
8.924568283101266
6.493974917599993
5.223196974200002
6.157267044100001
4.926014652999992
7.7159311782039675
6.947209487898698
6.167818707299992
8.115884193405115
8.760583540303822
9.938327090353587
10.301575007999993
3.214116227699998
1.6241223937999953
4.310302062999983
5.304315266399983
5.489854003899997
6.094081434599993
6.516258985899993
7.42514446410126
7.547743424999983
8.649021865797422
8.317934365797422
11.688641703999984
11.452814937999989
9.7604339067171
11.324308721999985
11.94251151999999
10.717773856999987
9.575842991727985
10.46594679099999
10.38649749099999
7.094018154899992
5.627457774399983
6.641590058898697
9.157244317594872
2.3112146575999817
4.935856864899976
5.7976958251999875
4.243264796399992
2.783534553499994
4.513910252399999
6.615019493099995
7.300457211303829
6.036098449699989
5.10936164399999
5.400823498499999
6.786644427506383
8.81010145259487
8.659258033797428
11.123436179999992
8.753051258898711
11.342704659999995
11.019937940999991
10.096498731999995
9.171849041696152
10.516315941999991
8.916281507898713
0.9918172202066722
2.336191508499974
3.2181517287999952
4.583293025199992
5.790568225099988
9.299422141999992
8.105080010999993
5.962765153499991
5.99077845459999
5.876644027699994
9.042371775797434
11.183643369999997
11.304870306513598
10.867006132652794
12.704891691999993
6.487356047101249
3.213655944799978
8.095004155006379
10.50883308715999
8.582745333899997
8.964526628101273
7.603479090900001
11.234898754999984
10.189055377141417
9.569724197271993
12.07518727699999
11.20264715699999
9.898968080067991
9.3955387085064
10.965540181999991
10.177760658203994
9.184081623863989
10.279174463989124
11.617074805
7.528839370699996
8.439690315202558
10.212885210008153
10.01588394613599
10.795614196999992
11.831808298999993
11.017784073999994
10.48433075299999
11.057301691999996
11.30309554399999
12.003162008833588
10.631735850999993
9.169379054303834
10.150271142999994
12.185984444999988
11.736854502999996
8.798392170696156
9.292577534506389
10.096509880067993
12.610500307999992
12.336340812999994
12.672405956999993
9.650831085135989
7.83963390810127
12.140019167999982
11.897311496999993
11.984688663999991
13.760192888999994
10.73229259599999
8.643479107696148
13.062367414999995
14.05732379599999
10.390093041999991
10.163247189212152
10.007702162135992
12.639354960652787
11.183314394999993
11.538609922999994
12.594227735999992
12.69814638983359
10.32550488099999
9.90096851333999
11.882388614999996
13.585421454999992
13.09541829399999
12.531885854999992
9.949632829203992
8.901604289202545
9.585866865493601
10.55228326899999
10.631320701999991
11.727063886999995
11.341963076999992
12.20989690099999
13.876956554999994
13.240805051999994
14.295884980999991
13.857044912999989
13.981335674999988
13.649966762999991
10.740482946999991
9.329957180797429
10.257597398282867
9.223534692405106
8.5833552826
6.744984970099992
7.206365180999991
8.15065816499999
10.750496840999995
11.122184745999988
11.274354340999997
13.47597854599999
13.083587017999994
12.640238288999992
12.06146747299999
8.764873333696155
10.98413758399999
11.209457351999992
11.702216593999989
13.393940903999992
12.711525899999991
12.684248140999987
12.173935932999987
10.99627881299999
12.390792850999992
11.57299221199999
12.433901195999992
12.433161023999993
13.678475080999984
12.778989101999988
12.009453797999988
12.415150223999992
9.506480908135988
12.174765828999991
9.085563763405109
8.151195136999988
12.166035270999991
12.07940684499999
11.15830059048639
10.46074956199999
10.351446212999992
11.483930980999991
11.305471708999992
11.854733936999988
12.329653463999993
9.77727056113599
9.88551585227199
11.25994473699999
12.847688830999985
11.486390024999992
12.486623876999987
11.735445290999992
9.434810542203989
9.453871552999988
10.354020416
10.862341004999985
11.473799267999983
11.843977134999989
11.87729955599999
10.611959165999991
11.232196230999985
11.235660396999991
7.31367218479999
8.425273658797433
8.992128553797425
8.32430890499999
8.280153195202544
9.483211064067987
7.749512428303828
7.903310412594866
11.90147800799998
11.103818126999984
11.038948609999979
9.232658610493587
11.143996731999994
7.235910575899993
8.94047757110127
9.868187609931992
9.060307786594874
9.19731326749359
8.849469114696154
9.513731443797438
10.657477024999986
10.701258727999992
13.095574042999992
11.34697507899999
11.924902775999994
10.258081962717098
11.338723203999981
7.301257327299987
7.396110569797421
8.244233561696147
10.638559058999999
11.453541750999989
11.564509134999994
6.7161060272025335
10.552944190999982
10.140735008141426
9.955709695271992
9.413194839339987
7.662451769999992
7.281863383499993
8.189384329200001
11.013476183999995
10.221055669999993
6.751543077099985
7.6938549148987
3.7634565764999963
2.7692945647999996
2.6429363234999923
3.928149970999992
1.214848708799452
1.974509207199999
2.9730167403999843
3.9872622939999722
10.51224308199999
4.844859962499995
4.210314584399989
4.031238365199985
1.266409215501357
6.298741392493566
6.693272581499989
9.234977432311986
7.038073460405096
1.620589469899985
4.18884086149999
1.3169312088000005
0.9690533084899998
2.3986361831999896
0.4116414202700001
2.525313052399992
2.9636416076999903
3.2461651764
6.630625170899998
4.608063192699984
7.239858631899996
7.365299664303815
8.601807870506386
4.123879215999994
5.0513618346999865
5.5264581176999865
6.11039670559999
6.736339132696137
4.142807684299985
2.0237311309999932
1.6675508132999965
2.0218504287999908
1.0005334224795976
0.9516521009282846
1.492982714799994
2.4807546554999926
3.6516376663
3.6434461410999948
7.15030278020253
6.9094425751012585
8.09182622069614
9.08810114899998
7.6111661666961465
8.787980120797432
7.495436471594855
1.3226779785000011
6.5033393187999895
3.60638641509999
3.9329531371999944
1.8419022353999854
1.9199550429999845
3.059184141499987
2.139902601599993
2.520966532899995
1.98375196839999
3.5182476455999767
1.5813247718002696
1.2180440353000013
1.4233305633999933
2.717916548199976
3.61119391019999
5.119553485099989
4.934865556299995
6.977700846898712
3.605791482499989
1.1919911086999933
1.763722610499981
2.207435209699987
4.148065505999988
5.273415992699985
6.906852024799989
7.477235407999998
5.777473721299996
6.468627432303824
6.239585478199991
1.3703442382999969
1.5628582931999973
2.5563389296999817
4.792370570399979
5.4811975814999805
5.796385069299986
7.639270634506391
7.9239477004935885
8.146779505898706
4.851460401899987
4.475053799399988
4.974296864299999
2.1179245772999975
3.640168202199977
2.68093999329998
3.948313951099989
1.902971968099997
2.2139924895999936
5.85934539950637
9.802626563999985
8.329456378202554
8.123928962699997
5.9307682296999955
2.162040370199999
2.356573094199997
1.2121492110999994
1.4756608658005401
4.027881292699983
5.36256292269998
6.446223821999993
7.530870721399996
6.335873681599992
5.962572422799987
4.937059318499988
4.791195228599978
4.786785528599975
7.658175836135964
5.565947740199989
2.4480332595999887
3.5355383788999872
7.030632983405107
7.66346750179743
7.767341247594869
7.806364448493588
8.199048825101269
5.92879628599998
9.897840240339981
8.709135377493585
11.620246374999988
8.181497741696143
8.603609017898705
4.540081675699983
5.449740257299978
10.54901263299999
10.613469230999984
8.550261291493586
7.650798954799991
6.472122300696141
12.15496586899999
7.920760217303822
3.8785158187999933
2.6700267745999873
5.249339984099983
5.676469244399985
3.770909272799982
6.151493882799983
7.344138278202544
6.64196044769999
7.1323279891999904
5.965003854399994
9.754191149931989
1.963824606299991
2.629496232599979
7.976956396506382
9.968064115931993
9.81412645879599
6.618042196699987
4.999291194199997
5.777095281999985
10.222746827787827
10.1136879180707
9.826270049999986
4.502316513099981
1.7064087249999838
4.108499374399975
7.023179154999986
5.420394528199987
3.063588519299977
5.167561035199989
6.691955039999994
7.2408939406999995
7.166864277594861
6.780714570599992
5.561625234999985
8.67634540099999
10.884458770999991
9.031566102594864
10.425775101999992
10.099174702353594
9.61379255686398
10.701960154999988
6.537087341299993
9.948976411271994
4.016705805999987
8.228459982303825
6.105177546699993
4.244258628799993
1.757685742199996
7.483098568700006
7.462386897303833
12.384191504999988
7.76852201229999
8.438281184405103
9.019355050795978
9.51499419265999
12.129915803999992
13.609092428999991
12.601407624999993
7.569092527797423
10.56186315199999
9.652681860271985
2.560340670799988
4.046723835799991
4.144876954699993
5.34646106109999
6.854954647797424
7.660261473099992
9.50000243686399
10.547740529999986
9.046452841202546
11.211580481999993
12.704403986999996
12.260948704999988
11.990313729999986
11.866502703999991
13.67343804299999
13.54089695599999
14.256444042999988
13.57133536499999
9.780801020858533
14.005318909999993
13.785995089999982
13.555403199999994
12.365594451999991
12.247803576999985
10.174024865795989
10.339149236
12.401421205000002
13.053658005999988
12.666182725999986
8.821647694405113
9.907365856931989
8.926009347493594
9.646923878339994
9.052753903202555
7.7283739944051115
8.98732085879743
11.257778205999985
10.80225387699999
10.01464570007071
9.628852865727987
11.385256673999992
12.478617235999987
10.969220443999985
11.767361812999988
12.874039553999994
11.972757171999987
13.221076648999988
13.801930309999989
13.357848559999988
12.511464049999992
8.117825907898705
7.867653152499993
9.548607858203995
8.957712031594872
10.94991711099999
11.056302112999992
13.19392294599999
13.470039187999992
14.29933917199999
14.68097439899999
15.525772059999992
13.572077985999991
12.05523182999999
13.525734798999991
10.571369117999991
8.115598648101251
10.587762441999994
12.521490801999981
4.060925434899978
5.876890771499985
6.118094538898703
8.308900003101252
9.066099624727986
12.947747669999988
11.722013378999991
12.137566157999993
12.464144156999994
10.037168089203997
8.725325912506388
10.80287172999999
8.840777932696145
8.887719618202546
9.576039556929265
8.540102186594869
8.870223635898709
6.715915684493581
6.997750572202543
7.0982998626961455
7.459842849696146
9.047893193101272
9.192349050895984
9.87301419079599
11.42371278799999
12.636005207999986
12.164449265999991
12.222665915999988
11.755225936999992
11.720093439999992
10.705700336999989
12.647458599999993
9.635130177212147
8.940819183203983
7.880479524202532
8.176294970699999
9.938579103070712
6.567163597101264
7.231096310399991
8.747521534696146
9.742536801067988
8.868178713999992
8.64577668149359
10.485165648999992
9.810231932070709
10.810512113999978
12.578068094999994
10.801444303999975
12.572472933999983
5.139838679499987
2.751558717299994
9.484564395103986
10.048198275858551
13.448076282999997
14.60958564499999
12.845048511999982
6.646931082202518
11.543607258999975
12.722481659999994
7.947152050797432
4.9046314423
8.481061450202564
9.262148478696156
8.856214265271978
10.437347045929265
11.277708347999983
11.074568146999978
12.794060048999985
11.31295214499998
10.655698153999982
9.9867745637171
9.208088720795985
10.405319495999983
11.177082509999988
9.589177763271984
2.934323063699995
6.063136701999977
8.812652017202549
10.035061392141426
9.638705746339983
7.6310074965948615
5.082440469399981
5.684841824303806
4.583312338299982
4.690888536099986
2.624864025899976
3.2878501555999766
3.9768118407999853
6.826342881797421
8.239092835999978
10.528278371999983
8.852194096405109
7.799234776303823
3.713039567599985
10.022346607999987
7.217213859599991
6.991680580101262
8.354296305797433
9.310891270405108
6.112652241499997
3.1744256851000037
3.2995145446999876
5.293015922499991
10.982116095999977
10.348518244999989
2.2380521896000025
1.976199533099998
4.63606177829999
6.543846102898703
4.900916770899985
6.687451182599991
8.990895933493592
10.243435010999995
8.085488328599991
6.253553553797423
7.6133190688999886
6.13744199829999
8.42300838169615
2.8965078841999965
2.945126707499999
3.4469210647999935
3.974678691099976
1.606898306299969
2.763540180999997
4.94817981569998
5.552450489799983
6.000274430799992
2.6762526535000006
2.3648440261999975
6.025378623999985
6.372737786898702
6.409116967799992
4.621297244299985
8.9609489822
10.42815406199999
10.892545904999988
8.184604836999991
4.137187875399982
2.8198125641000016
3.468135035699975
5.022909031699993
6.9548280028999905
7.848866873202547
7.231251184099994
6.393311894199996
5.637604107699987
6.854275299101258
8.377609194898701
9.422418843067979
9.29311852720255
8.637638792405108
9.073814984067985
7.5262649337974254
3.7441981307999974
1.6268296036000005
1.7364774383999975
2.1334872757000034
2.2383737518000006
2.55672696689998
2.327107479900002
2.416632820099997
2.782216088899995
3.931775317400007
4.202701737999997
5.249090719594855
8.571097553999973
8.558860684202546
7.9346111587974235
3.70214309229999
1.733141575599999
2.2681911254999814
5.082292280599982
1.6768365844999946
5.295805384799983
4.539981399499987
1.1372762291000027
1.4113290969999919
1.7137517104999973
1.5033298842999967
0.8160570311500001
4.06756571199997
4.164343644699995
3.1411232314999817
3.182516743499983
2.2308678344999975
1.6317001601999983
2.4206369002999955
3.2789718154999976
2.8175374938999975
2.436309590099998
3.0263665297999847
4.3220207976999845
2.6513735396999922
2.359517057799997
4.079631487999985
6.941028686493584
4.767168135099997
6.8145176665999925
10.106927814999997
8.272171505696154
10.02836559906799
5.827447038299988
6.2071477599999945
4.388961073299989
4.961495432999993
6.049287466399988
7.122383735699987
5.44740087889869
4.2791686126999915
4.940941813699984
5.120545278899991
9.05391476592924
3.5683260634999936
1.8107403518999934
4.1632789687999745
6.807270764199988
3.925407185399986
6.062284516899986
5.794111263999984
10.401719869999987
10.525802643999985
11.750132343999994
10.807612851999988
1.557370182799993
6.337370236202533
5.762830529799991
5.065911732499991
9.59850511178781
4.311316882299991
3.250756556699988
6.808319663999972
2.1112317168999835
4.750868887303817
3.867544142199991
4.488906889299994
2.3750258651999956
5.334103021199988
7.319668849202543
4.38427130739999
1.5845951323999878
7.802220799303807
6.531131101999984
3.591219457999989
3.091297752399987
4.038516998299982
4.55274304349999
8.282016046101258
9.020503506506383
9.61531038059487
10.773956836999998
9.295469715931983
13.149474093999988
9.305635295070697
9.036663915999982
11.229661359999984
13.141448365999983
12.879663378999993
11.643393409999987
11.486032731999984
4.113281695599998
8.983820057787804
5.453229701199982
1.678986158800002
3.330225276199984
2.6019623046999825
10.703890903999985
10.734848482999984
10.360716820999986
9.851057412795988
3.4758506316999913
6.376085127303817
8.175007389797427
8.824160769696146
12.471298983999993
10.798155010999979
10.795690139999989
11.94032373399999
10.969569547999987
10.406868372999991
12.27781372499999
10.217004500999991
11.63524978799999
12.94728804499999
12.379693003999986
7.768742307999985
8.045514094493587
7.9572003342025495
9.903289373863991
9.272981304895984
8.825847523506392
8.607273738101274
7.948663691696152
8.771445101898715
12.987985998999994
11.477505720999988
11.593507990999989
12.924390381999991
12.498852430999987
13.009572274999995
12.563700149999995
11.354983555999986
9.846860404999981
8.292875003101267
6.823120797696134
9.602292306659994
9.252174011202552
12.019450232999988
10.750125080999979
9.925399862787803
9.426508109999999
10.842473774999995
10.23835371399999
11.741135938999987
12.847007811987194
12.31973942699999
13.46345897199999
8.474703362999982
11.458431026999985
8.569744197101276
8.416567361506388
9.482424592727986
10.303920371999979
7.830019770797429
8.906378778101272
11.963905095999985
9.782162022282868
10.40689436965999
9.032400886659987
8.977313133202548
9.211597799696152
12.121433030999997
13.260581513999986
12.665153525999985
11.274758974
11.987717206999994
11.26857931999999
12.15365254499999
14.345009371999993
11.598093860999994
13.34668585199999
12.417748603999986
12.79407786099999
13.196336919999997
13.896833429999992
14.749904850999988
14.199390075999991
13.64056205899999
13.05796241099999
13.259335383999993
9.84432296910128
10.726635502999986
13.474230306999996
11.880359923999992
12.20923165999999
13.373588775999991
11.99854947399999
10.870294639999987
11.009658960999992
11.790157291999988
8.854532873493593
8.348681271405113
9.455330938795985
13.329170792999989
12.963187140999999
11.102373839000002
10.579791832999987
12.27062998399999
11.601220260999996
9.633172512858545
9.885988252212135
7.422505320696144
9.325961772135981
9.91709828628287
10.845730204999997
10.755116431994557
9.211105628999992
13.162314011999992
13.69697811299999
12.25020958699999
10.337731963999985
11.669290066999988
10.959210157999985
11.84626264799999
11.193658944999992
8.251272842405106
6.352725947594858
6.798310526999996
8.599572210696156
7.513063772594868
9.968932705795991
8.729288940405114
11.078899247999988
11.636554313999985
11.386500173999995
11.066789759999994
11.505331254999994
12.42696092799999
13.31501453699999
12.55033137099999
13.417958697999993
13.741642251999993
13.078669349999993
13.061535964999992
14.334625911999995
13.815056087999992
14.276507319999991
13.71115518299999
13.453218738999992
13.301775864999989
9.821901408271987
11.205460961999998
10.015472929133114
13.720731720999998
13.45189769399999
13.005205271999987
12.630405163999983
12.675179389999991
12.870433524999987
13.545549349999987
12.858877900999987
11.081744683999991
12.666505941999993
11.731946027999987
11.971866611999987
12.282719379999987
12.950366741999984
12.380430797999987
11.338831061999992
9.598538363727991
10.671301963999998
11.641253299999983
10.932598656999994
12.084801258999995
12.678186498999988
7.029652299506389
9.287613561999978
11.610719267000002
7.887608891303808
7.963620881696137
8.19306753230383
6.93044844820254
9.591968635717102
9.986711563068
10.462217902999992
9.46599967027198
11.535472484999989
12.174543578999991
13.33000353899999
9.306621052727987
10.52135352621214
8.53986288150639
6.836407240303827
8.876724922202559
10.306768834999994
9.378884037863987
9.430416632067969
7.39969390559487
9.520448054659992
11.683854017999991
12.521596561999996
10.745459626999985
8.254137557999995
7.419967614699993
1.8133000366000005
4.944267414899987
4.79196241459999
5.225758204696134
4.7149845199999705
4.60831966710125
5.049410482799989
7.748782348594872
9.364258265795973
9.228358039898707
10.028349281212147
10.720028820999987
7.599481484999985
6.099034765599988
2.4378280379999886
5.9017691283999945
10.86924475699999
7.652161457797426
1.4405415755999968
2.592485301200001
1.1642387481999992
1.9716420867999975
2.0862600112999985
6.2531631804999845
2.7391167052999936
2.8617803954999945
5.0986895218
5.279750591999985
7.570541751101267
5.106756587199985
2.956312243699998
2.0238578017999984
2.2416227569999885
4.202949922199982
4.990047586099989
4.041407247899996
3.9444730681999878
7.9330160247974195
10.569012734999989
1.8734124664000018
1.675822731000003
2.464331701699989
2.1972516265999933
3.070092050199969
5.388474143999988
5.099604565399989
5.637508924899996
6.952966630599992
6.448612780800001
5.160690547199987
5.511510485799992
3.219576213099994
5.460947042797417
5.543737826499994
6.252444442696134
4.081491587799982
4.38823310849998
5.994315042099995
3.6081301055999915
4.797504605099993
2.6834475799999877
1.5551390334999926
1.015004594413598
0.8750703671506386
1.2756696990999983
1.0585533950999968
1.0102829726999967
0.6805776107791951
2.4030561797999854
5.994621081493576
3.6418332457999876
3.80655483249997
7.734391587799991
5.595345509299997
8.410080085797432
6.939444584699989
6.810048155199993
4.888767906199988
6.9783243561012664
6.6127733886961355
6.861715803493581
6.9429508071999875
6.9519127731012595
7.698920970202541
6.448972386199995
6.153581750499997
4.74503399659999
4.558488743600005
3.4921656280999955
3.5469365172999865
3.7470958221000017
3.446386029100008
3.4160000350999873
5.246048699999989
5.9829157485999875
6.624156376594864
4.350136692797412
7.6267948989999805
4.0515669112999895
2.1863671783
2.3250511352999936
3.57660438539999
4.26541755369999
4.104403724700003
3.696855935700008
2.1751109832999953
2.1837839401000076
3.865328819299972
4.707131022599978
3.932153109699995
2.4267844589000007
2.702055551099997
3.9076812331999937
6.29749413449999
5.581018423499989
7.078103225699996
9.924471197659992
8.695194923405113
10.099438705282868
9.185195416303833
6.279013468899988
5.9441904403999875
6.26421378779999
7.4392959685948625
7.116761967506374
7.0424479813038126
10.66968133699999
9.218001090999985
2.993667126499982
6.1647435378987
8.186461674506376
9.097921258493594
8.52170431820255
8.523749703999984
8.888656347696143
10.37845803799999
8.888959179696151
7.131588110405101
7.518948644999981
8.407817852797423
5.3454952743999895
2.4836046752999863
4.043395733599993
5.403264765898704
7.753006179797427
8.62789373779742
7.598263706999977
7.2315595519999905
10.831122715999987
11.334704839999988
10.097649482787828
10.205742480353587
6.009593986499988
6.2412394333038135
6.841970164499985
6.188970559699995
5.2164580733999815
6.6623365905999865
2.626565664699987
4.57346172789998
3.6286257995999938
1.8721306701999914
5.906750543199989
8.383597465493594
6.792515054300001
9.329524031101275
5.9622452072
9.396993507271983
7.735930598405105
8.10520234069615
3.469433435099984
7.745965989696132
10.57572225999998
11.634915380999981
8.627633521999986
9.591629893506397
7.649614271499988
7.273240194699989
7.073584596303827
8.14178937989871
7.58476672669999
4.704376286299995
4.125348805199995
4.569068057299995
8.0912808914
9.335719422898714
10.02083220514143
9.694067452999992
9.671233326795992
10.779856870999993
8.00815180820255
5.756692309594858
5.2607068129999774
5.956860153199994
11.296107207999977
10.111140159717104
10.08547929992927
8.843396186797433
5.9319532348999875
7.7802521697974285
8.648231550594856
8.508722705101272
11.867739046999985
12.074349831999982
10.043011679070705
9.14153378599999
8.580363722202542
6.591202828999999
9.14899378359488
11.495067910999992
11.11172437599999
9.331399711727988
10.239780057999988
10.437443596002717
9.501553506506392
8.632345565797436
11.362555694999989
10.404372086999995
12.927571241999996
6.741681816099997
9.414581864900018
11.820843854999993
10.316109496013603
12.675015153999993
9.813454688999993
8.276066500898715
11.400652807999997
11.64233719599999
12.635104558999991
13.31267263299999
13.03697552899999
12.534259165999988
11.80376021999999
11.494090401999987
11.609469016999991
11.693671699999992
11.196212513999992
10.099283102271995
11.739568853999991
11.192812049999988
11.837909908999984
12.79011324599999
10.467940323999981
9.335432278271991
10.720717191999992
7.501994798299992
10.569218834999996
9.954045437727991
9.404732774271988
8.818336386101269
10.955066244999985
9.155418563797431
6.648324920699987
8.481453298999996
12.61815503399999
11.48941353799999
12.073125460999988
12.589546085999984
10.710144817999982
13.555033944999991
11.84323819999999
11.891400377999995
9.471978883405113
8.589495788594874
9.222312893696152
10.43619934099999
12.090629337999992
10.584487406999992
12.139107972999991
10.90174406899999
10.253957679795992
8.674818455493593
11.648987485
11.778031231999993
10.665782566999994
9.648584632931987
6.114190302999983
6.259771905499986
11.719852111999995
11.611314342999995
10.045658192282861
10.603533060999993
9.482622624202554
12.132002132999993
10.65048936199999
11.459218187999992
11.202332186999989
8.465433425898695
10.737221726999989
10.834208729999988
11.50642717699999
9.495661831795985
8.439161527999984
11.170607413999994
11.302120624999985
11.073480442999985
11.464202361999986
13.393229262999991
13.249790873999988
11.525484804999982
12.831978937999988
12.52426214799999
11.323913370999993
12.668784844999994
14.506328969999993
11.426582209999989
9.232237844797432
9.828614927787825
9.237116276717098
9.778766191064305
9.317517024135988
8.843851835594863
9.750139517135992
8.136978160101272
5.88505713959999
8.691156956506386
9.82723683785855
10.080124792339992
9.86669426885855
10.619553330999985
10.417134208999988
7.8642014084051075
11.822642083999993
11.220998525999988
11.178418685999986
11.71622152999999
11.512869118999996
12.454711266999988
13.30781040999999
10.401474242994556
6.119615646399993
5.9579605956999915
9.897028660727997
5.323157141101256
10.683210781999986
11.414232866999987
12.155475042999988
11.950902619999988
13.156944030999988
12.353581887999992
12.252166099999991
12.149181428999979
12.082649343999988
12.078195911999988
12.57567861199999
9.006763757203984
6.585061263999988
9.269262985202555
9.479400147999993
11.298690885999985
11.710419677999989
6.175396330299986
5.99638163759998
6.3383554748987025
7.102414834594853
8.62760278320254
9.238143724067976
10.680425472999984
9.339754081787817
11.922497269999996
8.997190637202555
8.662672218300008
9.484274058500008
7.240406564300017
3.9792228179999998
3.359670323199993
5.303300147999987
8.522322386202557
6.802544103999992
9.04327392720398
7.288154768405105
7.211418867506384
5.334629374699991
4.618029431199988
1.907309220899996
2.5908247573999983
6.676650686599996
8.212973863202548
7.804077648898704
7.714656884797424
9.186391416898713
8.689523304696154
9.622833532795985
8.736593333405105
9.838123136929262
10.602130503999987
6.901961967499991
7.6024244583038305
7.441437881499997
9.994967286795992
11.66688115099999
7.607389872696151
4.279522424299992
6.703166981499994
3.7902263259999867
3.6455358565999796
3.5934278365999894
5.5538460265999845
3.706129911799997
2.9813867248999895
3.7062105498999802
6.881305087303807
7.241944361899991
5.30592099299999
9.154468766863985
9.411427479727994
7.953778752101275
8.515309001202548
8.110212281797425
6.964613905303828
6.1806014923
3.8753578537
3.6770527129999886
4.151174275199998
1.9388019027999976
3.39852379149998
8.133680216999979
7.6257872558987065
5.085192393499992
5.262034202599974
5.711609997599996
4.222179777499999
3.8293385360999963
8.172425085400002
6.07766578059999
5.9456462432999935
3.382468962099982
3.5189007079999906
5.065690092499997
6.1283497542999905
6.1750864044051035
5.225044546499998
4.127795922899995
4.980372943099975
4.771646319599992
5.204641224696129
4.660379582199984
5.52253366089999
4.769483618199995
4.992273155199997
1.414764225799998
3.1759348526000033
2.0560955520999986
1.9387996230999947
0.5569347868900001
2.1922830260999837
5.915992179899984
9.639836999659986
8.83456165469615
6.6300461410999985
7.464349148594867
7.749095994600001
7.866883604399996
5.69635182189999
7.047580033898703
3.8892382613999876
3.471560227999993
3.0726568877999907
3.559550645399995
4.677708099399995
5.786464579799987
8.163941702299994
6.551875585899989
9.182176000999991
6.871557029699994
8.050019483899991
2.331469853199991
1.0173380168933284
1.761935441599999
2.0092549636999917
2.384115858499988
4.961966813699985
3.7847595489999715
7.529846656797422
9.03267637630383
9.50611914986399
9.478878610135975
10.314145385787823
7.6060168381012625
2.465821989399992
0.3744637812599989
1.2513671004999911
3.5992675521999717
7.027177156101265
4.471201904299991
2.4463233336999903
5.374000093099982
5.435889411899979
8.423073234727976
8.643776316797423
2.9207270644999865
4.599153694199981
7.158641665599991
7.628737858594872
6.9140725967
5.799994215400003
6.0742370712000024
5.81080510249358
9.169224845931971
10.68509456599998
9.935743926999983
11.495498151999984
7.397482765202543
8.639660047898703
9.173254714999988
10.940255044999985
10.703727192999988
7.330653440898703
4.383828189099994
4.810507945303811
6.1575569320999906
3.6768500365999914
4.665186321999994
4.845609896899994
5.3149428832999925
8.92444977869615
11.245542158999994
10.547577686999993
9.498800344863982
8.812343072493594
8.42068109589871
6.328111444101264
7.971604182405099
7.921512336696122
6.913725498999985
4.525998078899996
6.716925543199994
10.796700331
10.206491184999992
11.52637720499999
11.572464118999992
4.959191455099973
4.690579092399984
8.767111003067978
6.026174121100006
4.557893794300006
5.742097131300009
7.947217832898701
10.801676882999983
11.817503066999995
12.192057079
10.408120414999999
10.291140827929256
10.81713783399999
10.338722608999989
9.431881222659985
7.198874928303816
10.381908191999996
1.0630602066999957
0.8078279075594874
1.568979457099982
4.208487847899984
4.992638986199993
9.957495281999982
8.106131671101272
8.804879765303825
8.5803242004051
7.986960649101264
6.917328416405099
10.032825291282863
10.11389789585855
12.525202251999994
10.029251225212146
9.681147569203988
9.145665425101269
11.880686524999994
7.8927615706961465
11.220140912999984
8.907918231202553
9.792042010339992
8.162023878506382
9.532315997203975
9.239605584696154
9.67870968930384
12.240652701999995
11.92356815199999
12.163060528999988
13.446186664999985
13.139234403999986
13.465034250999988
12.216484681999994
13.991566039999993
13.381752466999993
13.524963999999994
11.366928022999977
16.016551115
11.141683660999986
8.754598944101279
10.574513892999988
9.642694354202554
11.955793482999985
12.467901867999986
11.570816263999985
9.365617596405114
8.828758474696153
9.686450866795994
10.99864071499999
11.165403182999992
10.606252378999992
11.107101296999994
12.249556238999988
11.831557061999991
13.195421140999992
11.827694291999993
11.384955533999992
11.757846724999995
10.820587169999996
8.963915374797427
13.655238607999989
12.023851059999991
14.336384534999995
13.716841012999996
13.556494230999988
13.626496320999987
11.398411295999985
10.569457783999992
12.499872118999987
11.266696637999994
11.28584109499999
10.937705781999991
11.872759995999994
11.403383141999987
12.71598973699999
13.347685393999992
11.183657346999995
10.098378576787834
10.209373034999993
12.052007938999997
12.345920939999994
13.192283716999995
8.61279620820254
7.714072148101259
6.766173548898704
10.77807899299999
10.710270710999996
10.68455133999999
10.710934324999986
12.000529236999991
8.868513191135987
4.226881610099988
6.729811038199992
6.456050512696141
7.972059016405104
9.857521372999992
10.748791755999996
11.754279644999997
11.675229496999997
12.231032132999998
11.023573263999994
11.464711828999997
10.884282679999991
9.893007266141426
9.215488131696148
9.665323294101277
8.36304233549358
7.347783656303815
11.537588340999985
9.793661729271994
6.356161788899986
7.764139681999987
7.374137826499991
7.8308399566999904
8.668739057898712
8.419096887202548
8.521232737696153
8.989653033271988
10.701163126999992
8.10433152310127
11.765881710999986
11.315948366999983
10.461086614999985
7.637604980506388
8.604109303303828
7.883770671101267
8.078004225199999
11.290005756999992
9.609152624659988
9.572303820858545
9.057395683203971
6.605410292101258
3.7642535521999934
5.295287560999984
10.889282126999998
7.651736445599992
1.4666477675999912
2.505677879299987
3.7560682708999953
5.613033975199989
9.970127972271985
11.975404645999985
9.17653636630383
9.491095974795991
10.709080062999993
12.024013881999998
11.15587834499999
12.678938024999995
12.302638244999995
8.098471372999995
8.572957153303827
8.08889203189871
9.177902557271983
10.687150434999989
10.327864652999988
8.220736547898708
1.3976737548999916
2.000926194799991
6.100308879101249
7.3862476746
6.230110304299989
7.131333146699998
9.089092526202545
8.472358453405096
9.961979121271987
10.116307212858542
8.211032238797426
8.605996713303824
7.106602885399988
5.487611357101261
9.004526008594878
2.804023471099995
3.3495693618999907
2.0154890243999914
3.925326144399976
3.13841859739998
5.63648076479742
9.247703572067982
5.138265562405091
4.496078326399989
2.179444688399994
4.869179568506373
6.290944013999978
8.002333843999976
11.093432947999982
10.802865601999981
10.938570888999978
5.559554624899983
7.810722149696141
9.719768286101273
11.129142818999995
9.044024165303826
9.076410235594878
6.876415972899999
8.019077375800007
7.312864147898709
7.21598422389999
3.740170069899994
6.023304637101258
2.7994778884999776
4.748398835799993
5.222679412799979
7.880714443999982
10.04999488378783
6.029039712499991
7.615472524999975
7.4937535918986935
10.243074392787813
10.524126835999983
7.98542140959487
9.673259559727986
10.643758762999987
10.715919076999988
3.433759844999995
1.7146374770999966
0.9562903504400011
3.6613124831999877
5.148453260799994
3.9278907608000013
1.9209239913999985
1.782029551700001
3.13887649539997
2.8086061660999966
2.8211892349000003
3.818528447000001
7.552650419594866
7.102354475399986
6.495552970899987
6.536945001199996
6.8369445907999875
5.348574038699979
7.596738368202533
6.057224648999985
3.5300047881999954
6.342078147899982
5.203028041099987
3.6805488875999957
2.7590365539999993
2.679955523700001
5.565140774499991
3.4114323195999954
4.30594261169998
5.9699934630999865
5.888323300199993
3.381568931599993
1.6993179870999986
1.7840462584999965
1.308874803199995
2.266608787499994
5.335065483099982
7.216933123797414
6.067629086299989
4.268943153399978
7.731441744999992
3.318921343999992
1.083486060420396
1.5671188827999945
0.9373021654067996
4.9516410323999835
5.323997767599985
3.525718093899997
4.121463650499989
2.578879417399996
6.666175735499995
5.42306808469999
6.19035486599998
6.808318363999992
3.184936880499985
4.955109283399997
5.54091618959999
2.5719626952999874
4.659426779199982
3.785089468399989
1.5748908782999944
1.243118272399995
3.3369471465999925
4.606841163599996
4.369311932399986
7.52267947850638
9.989807762070708
8.715595329303827
6.157457093799983
5.238065953101254
8.474417973303824
7.8841371323038265
9.172054530203985
8.546067008999989
9.030818328898707
5.982795712299987
2.263069714399996
3.568031773405089
6.180456135599988
0.9433136945700001
2.005498266599998
0.5293999306699994
2.3012477828999685
2.504645210299987
4.4947779128999805
8.77644034730382
6.591285824599996
4.793784706099989
7.157060090599989
5.606104312099984
5.211893882799981
3.9639056823999965
2.98719374239997
6.364838871797418
4.351387898299989
4.017041656499995
6.1404851470999935
8.819167530797436
3.858665290799995
5.085449632299983
3.6209458068999805
5.2799125518987005
3.235194869999983
7.457815628101264
9.091293003797428
9.617738482795989
11.718240756
9.584494930999995
8.659192562898706
5.832438856493579
0.7928864523931947
3.170092587299999
4.9777777083999775
8.383183276405113
7.060662600696142
7.0698737319999845
7.6520090591012515
9.215503620898708
11.310627253999987
10.145969474858543
10.580017032999987
10.361939728991844
8.565417503400008
7.821254499797425
10.965559137999994
12.886529857999994
12.407702932999985
8.950830342101264
9.603340698135986
11.85767421099998
12.354313736999984
12.195564925999996
12.214830041999985
10.014445621999995
11.276247870999985
11.340322242999994
12.433688654999994
11.154375407
12.265120139999997
12.016709299999986
11.081778466999987
12.761009357999987
14.13014516599999
12.76993694199999
12.200891370999988
8.990404470791981
12.392601333999986
9.509137196271983
9.584504046594871
10.454835090717099
9.263258663931982
12.72037289399999
12.890093302999988
11.881214809999987
11.444923949999996
11.998837807999994
12.292570773
9.559084289594875
10.944494275999991
12.177166025999993
12.429841121999988
10.778443670999991
12.053870340999989
11.47426619299999
9.50465261540511
8.316363568101263
6.187107713299985
7.966905311594869
12.858539181999989
9.42805297999999
7.347776208499991
9.044446035797444
12.011026635999992
12.359708552999994
12.39747073099998
12.591865087999986
12.894005327999988
11.378982381999991
13.409425248999986
14.234049235999988
10.915410343999987
2.90556333919999
6.977725013696146
11.359784870999992
11.871496341000006
12.415798029999987
11.763757446
8.678774862696152
8.850570820594871
7.197321075399989
5.873644929499994
10.902702367010882
10.142657057135997
10.472617439099842
11.38858743999999
10.11592366021215
8.984627572594874
11.136003310999996
9.294635227999997
10.523358147994555
13.015051368999991
8.811333163506395
6.6879857467999875
10.187897036900164
13.254301975999995
13.705244542999987
13.78334548799999
11.48872353999999
11.74210525499999
9.259753855931987
12.739048569999984
14.592094726999996
13.85778712199999
14.273228631999993
14.129143766999986
8.010838503999981
6.381269309999979
7.97051374510126
11.93505061199999
12.66463095399999
13.06278240499999
10.716522521999988
11.961632644999993
8.815398791493593
12.493884255999983
11.262293125999987
8.344121064797434
8.84962498779743
10.364702110212146
11.70088100899999
10.634182139999988
14.109927715999989
8.261724706999981
9.03151443927197
6.8154083404999914
8.173543016101254
9.22297515869615
8.607522370898707
9.651219842659991
11.54889583899999
9.884577267339992
9.40078194113599
11.61104107099997
12.449965137999994
12.016046464999985
13.021782013999998
12.44259574699999
13.850839309999985
13.210203396999997
10.836991643999998
10.017481208858552
10.654246529999993
12.829273040999992
13.962287333999992
13.26116610399999
12.625761857999988
10.968504481999991
10.993996447999992
8.39221319889871
7.780328082303829
12.882414789999993
11.07167101299996
9.116572906353575
10.838831965999995
13.59097710299999
12.668647584999988
13.065058779999994
10.865647733999987
11.108632239999995
11.809257457999987
12.396806957999987
13.141684530999989
12.550312035999989
10.644083878999993
9.082365548795986
11.003277351
13.567804409999988
13.465235355999983
13.337935706999982
15.08638227699999
11.78979770399998
8.849777462863978
13.630447875999987
14.149105494999985
12.589669712999989
11.205341161999987
10.934917627999988
8.846217555202555
7.479473873898703
8.36484511110127
6.181013268999987
9.296705914303832
7.14856142269614
10.31089028478782
9.944653480646386
10.552103751999988
9.707453860339989
10.48376320964638
8.821920915202552
7.94388388669615
8.036398779303829
9.11805714420255
11.467300985999994
11.368601453999986
8.747059930405106
9.113926496898706
9.987414363070707
11.438806917999987
11.900806894000004
11.87236258699999
8.709628340103983
11.686003379999974
9.844467076070709
10.300824243141427
9.411815907303833
9.834786535594876
7.543924345405109
4.534291656499987
6.6033496398999905
5.471569932599989
7.390578395101266
3.78506602939999
10.895547181999987
2.4776863143999996
3.7309403197999753
5.186446400499991
5.102187542696135
6.973233262594861
10.444703525999989
4.635798861699989
10.569703801999992
7.865945414696136
7.48612855069614
11.843115603999992
6.874991870101259
1.7713597823999914
4.49891641999999
2.265150125099989
3.0633626449999993
3.58535868529999
1.9038975448999949
1.7932523147999913
5.5737991118986825
4.375432635499983
3.5016635894999735
4.158184118699978
4.24598175049998
4.258773431399994
4.597245779405084
4.518903289799996
2.7221870330999978
3.297519639599992
3.0965427138999884
3.940993618799988
4.403490489199989
4.911103462199994
1.2616410232999935
3.043897402999974
3.1872281356961225
4.178217414899979
10.515284693999988
9.49122004240511
9.281352983067986
7.335121986399997
4.303959063699997
3.233033045999992
3.4813404677999733
5.757436503600002
2.235321037299999
3.0410699341000047
4.532264311199993
4.121169724999989
1.4040007116991835
2.8859539611999963
3.6893338683999914
1.1270411239999971
3.9354136124050845
1.9012440139999927
2.198821302799997
3.369690821799997
0.9349768451795982
2.221389491299994
1.463173854099996
1.8675205764999974
2.133690884399994
2.4468653853999998
2.3968280106000126
2.652182789599976
3.1697977676000018
3.7931762877999877
4.450339602699996
0.7467505937600002
0.48296617621999965
1.3304113068000005
3.211402242999961
4.292539689599987
5.5118373488987
4.559962550399996
3.515081109599992
7.950531037898704
6.626494424399988
6.114849328599992
6.803045051599992
5.708518075599993
3.15914478149999
2.6682451171999713
2.929485928299999
2.565278805499998
3.5268793471999977
4.308254220599994
6.8266557296999935
5.910767060900001
5.4726373305999925
4.403783283999999
2.718859176599988
3.098171484399981
8.157578842202549
6.0327661086999935
4.896558590699991
1.4624100371999997
3.6272053329000062
2.9921799193999967
3.5081592711999923
6.469368542506374
8.89864464413598
7.3453473067974215
7.343032391399988
6.350402970900003
1.423834197999995
1.9643928451999906
1.317570562699993
1.5681787505999927
1.3638663711999948
1.5624229735999944
2.5453849914999886
5.987670832799984
4.456959776299989
4.908087121599985
5.882659712199997
5.197040759299991
8.039731706202543
9.481777081203983
7.2155091399999725
6.0822178435999925
6.460871731599996
4.799127329999991
5.742278977999994
7.397124520899993
8.57999006649359
7.601860765101264
8.676230354303822
7.9409627746961435
5.705776133699978
9.461086831795983
6.581280979899985
5.431331394999981
5.857906088303813
5.182921624797415
1.660958967599994
2.4867267348999973
3.858214828499985
5.071367823797411
5.590733821099984
4.376233093299989
8.931004791303828
3.7098632416000057
4.115518324300001
3.6780241425000075
3.8605759536999877
5.659124819899994
7.065516223099998
6.720988903799989
7.0410646178987015
9.940671984929269
5.963968852199983
2.1327621108999986
2.956123440599968
3.0649692244999964
6.7305718184935825
9.49081792127199
8.089068487493588
1.6756908278999945
9.818372068858544
7.419069796797427
1.8198324462999895
3.4512870147999943
3.6027141234999878
4.025879209899998
6.154366773999994
7.2696731934
6.36811178589999
7.595141213999994
8.729829490696153
10.691695316999992
8.485014355506388
10.884560178999992
7.4906925506961475
7.922715843199998
6.811910488899989
8.237241099493586
7.131786476101264
7.292597511303827
6.216300320399987
9.996656635999994
9.677395490999992
11.360218337999994
10.80551224499998
9.421368438795989
9.143300518863983
9.999086677717111
8.12184120640511
6.1873004622999845
7.709485298202542
10.644102015999993
7.0818125548987
7.869697264101253
9.549572117717105
1.9267529525999882
6.036890588399991
3.4888359664999773
3.8665723891999755
4.4825284667999785
2.4011524093999883
3.9101218245999836
7.584186476101263
8.191428193696149
10.306809046999991
11.440427323999995
8.906530133101272
7.317544764700008
8.505648094202558
11.631123530999995
12.72096671299999
11.25399639399998
10.774279601999991
11.06919367799999
10.696235268999995
12.402210970999992
12.502264058999991
12.37404814099999
11.959190474999993
11.431960512999991
10.587104148999995
10.167645959339989
9.605935700999979
5.745999781799998
3.370955624399989
4.4758518554999975
6.495017616303819
5.516048817399981
4.152170718399986
3.1528273330999967
8.660824618493582
5.282364276099987
6.107829533399986
5.344866557299989
5.575864926099994
8.195402836594866
11.601976581999999
9.104655192727977
10.751134441010878
10.339941415282858
11.466951513999984
11.774076102999983
12.347347132999987
12.94363166499999
12.691381679999987
10.42401263399999
