9.652443144141428
11.891979140999991
11.019576250999988
11.83435608199999
10.56196493499999
10.57378574699999
12.977195403999996
11.158730938999987
11.558277132999994
13.16751529199999
13.799830015999987
13.149735695999988
14.249099735999986
13.023756423999993
12.827930987999997
13.888801151999994
13.783510068999997
11.445734078999989
13.95579081599999
12.066203283999986
12.138845861999993
9.465403272999989
10.950663108999988
10.85005791799999
11.034928795999994
8.984835411101269
6.829657728594865
7.127356008899987
6.57515636899999
7.159551750202544
8.730650611898707
3.733813082899992
3.8219364913999785
3.394976826499985
8.14759644620254
11.236201365999985
12.016825542999989
11.774300541999983
8.166627873202545
3.125922340399995
6.49098142239999
10.019746597212146
10.28254570199999
10.761353605999993
11.825183761999991
11.360405762999989
12.173732252999992
11.235160796999988
11.815661898999988
11.04459681699999
12.704443296999994
13.11537234999999
12.55683938899999
12.499820694999986
10.755927300999987
13.61395942499999
8.729437040696151
11.805115435999987
10.58135300399998
10.814524976999982
9.963007488999983
9.906166586203987
9.656829258787822
9.52729147628285
10.479885187999985
10.954460131999994
13.04999706599999
9.915155575727983
6.379880737299986
7.0378874648987075
8.933051025405108
10.333953484999984
10.3584433410707
7.653193127399995
7.070015646405104
7.442266862506392
6.323660734599985
7.790922677594866
6.576514196799992
8.99319346010127
11.43370556799999
7.832401019303815
10.382006086787822
8.057653169303833
6.406500474499992
4.591010690299996
4.5752075469999935
5.363199627699982
7.734858793594853
9.392355129999988
8.89461002959487
7.68759489589871
10.671736239999985
9.19308705427198
9.306955204797434
11.462929496999983
10.221522863858546
10.165488270717102
12.165571981999983
10.899354654999978
7.9161090942025405
3.9856355437999915
4.063614402799981
7.0709977324935736
5.621273115499992
3.23984112699999
5.351426000999995
3.659417355299997
7.207807067898706
3.4492323897999966
3.724314303600003
1.5957178252999924
3.279050825499995
5.714819741797409
6.529002120999977
3.6396222884999743
9.28528346406797
11.228226789999985
10.403819597999986
1.9363887909000026
3.2820883925999977
3.008929681399994
3.523847653199992
3.625190170300001
4.0809259262
3.5559954284999975
4.478728327899983
3.4202515944999834
5.8728254455948505
7.391034947199999
8.4819287078987
7.9474894256961495
6.389877912898688
5.477485009799979
4.611219071999966
4.11307727969999
3.6960232634999914
3.7999905486999954
3.7425006545999713
5.376604363999975
6.043133033797419
4.180873347499996
2.3710178023999986
4.151293888898684
5.067450881999986
2.5091687453999936
7.235876910400003
4.756622145099993
3.095087087999987
3.281859187299984
7.503234895303813
5.398092358399976
6.5369906386961425
8.758086022931979
10.56904991299998
8.709910212795979
0.9555415388100014
1.7237551880000002
3.613434385699983
3.8337510543999893
1.0201043176787776
2.016044284099982
2.627245945699981
6.080694866898696
7.547838891594866
6.897337226898711
6.099933111599993
6.531580859405104
6.434368238799991
3.376417001299986
5.169408315999989
6.023691128499994
2.3498280242999994
4.244793484499983
5.265922357199991
5.966778956599996
5.930549465899991
5.632850793499997
7.224319097898704
9.089988270727972
9.504365891999988
9.772456445203975
4.203602590899986
4.40812763979999
2.26224812469999
1.7974474822999995
3.2242700332999865
3.7085951583999783
3.637203410299999
1.5961765808000012
1.5730130629999972
0.5833170046797405
2.274322227499996
4.556736265599986
5.17150677639999
4.459453520199978
6.489927267506368
4.3574702529999865
6.222326887499993
2.7457312102999967
4.1025830382999855
6.3783247313999905
7.057036593599984
6.64261446689999
5.615961485299991
5.274948397799995
5.368123481799992
5.322299299600003
3.6412743316999845
2.3502739242999935
2.882184060699993
3.2989405379999943
4.647517600999983
6.904078330999972
5.686397529599988
6.908746641499995
4.593011628696129
5.140154162594853
6.898464096101261
6.0134622756999905
8.34362907406797
2.111796726999996
0.7455708887099994
2.0077273650999854
3.0606731795999798
2.4222730895999933
2.6654826232999955
1.7100159804999986
4.578261282299976
7.259199020405106
2.9097420943999937
5.500283114594854
9.070762702898708
9.604653324931991
2.873143575999996
5.0903491012999895
7.461630798303819
5.907977130099996
6.343075326493583
6.590079402199997
3.151102188099986
7.086847045898705
1.3118919494999972
2.608123181199976
8.032154663101265
7.426768859898708
2.027543879699992
4.095820408599982
5.734660725399998
4.725405143696127
6.424228506506379
8.750136842303828
5.6166210067999875
2.3402729125999895
5.614548141499985
3.3646818694999743
2.847755749499987
3.2760335326999788
3.453786566199982
5.509679896499994
0.6397414396303804
2.2635801772999917
3.3791518172999786
3.579107827799991
6.241199839799993
4.820769024696136
7.132891764799991
7.779840133696137
5.92947483830381
8.09260960389871
1.4340468215999937
5.92575070499999
8.123750959797428
7.701647589101254
1.6470117431999989
1.8646913070999933
4.620848205599979
4.807092585799988
3.4438210601999963
3.303762516799969
6.527308779899988
7.014579316699992
7.891542903101263
7.777631784101257
9.194732466101273
10.54786290299999
10.751419019999988
9.801381047067988
9.68193356313599
1.6695405334000015
6.904468173202527
9.093864509594873
9.399402345303841
10.540465597999994
11.939407740999984
10.664624062999998
10.44970493499999
10.816010222999992
9.711725802727987
6.912396559099985
9.556123911999991
5.185103701799998
9.420222576931991
2.0540641921999945
10.793859412999977
3.3772942946999924
1.9180795470999996
1.9763662795999997
3.237036846899979
4.949013047799989
3.7700594207999876
4.2294517333999835
1.0450583842203944
3.9227758072000003
4.182891813699984
6.201046464493586
7.485942364499994
8.577430343594868
9.091451654067987
10.265933985999995
10.715576754999987
12.19677474499999
10.586894614999991
10.018129055863998
8.907079170202552
5.0527404601999795
9.728963598727988
12.583761204999991
9.768067948931993
7.499011656202533
10.01159415728286
7.057694181797417
7.815418987999979
10.112969921999994
8.775976901135977
8.138637721303816
9.883929132070698
7.96095286869614
7.254898234594858
9.903968305999996
10.272707854008155
12.212125683999991
12.963489763999995
4.197290745499986
4.36074533230381
10.21617034906798
7.86371709140511
8.644033549506396
8.727126776101272
11.344221198999984
9.319671263067988
8.242766220101265
7.2168903838959615
5.910905610699997
7.364928855899994
5.571358135999982
6.623669419899988
9.869212878271988
10.76679199799999
12.019121752999988
11.55835009899999
12.10097545599999
10.543842353999993
12.451322195
13.258140694999993
11.77687988599998
10.97226617299999
11.310192222999992
10.727206934999987
12.682644390999991
12.458119088999995
10.68755500898639
8.825227853271985
10.954489269999993
12.414670228999988
12.278813411999991
11.60665477099999
11.241483880999992
10.754242067999995
11.509121555999986
12.08383273799999
11.395289876999989
10.866109139999985
10.922979940999989
9.760737646339988
12.322649363999995
11.179681327999996
8.556929103101272
11.85814504899999
13.126164251999992
13.269002466999991
14.026977169999993
13.24023749399999
12.26806463799999
11.440634174999987
10.660433429999983
8.13248819579743
9.198125695797437
11.42481620899999
11.049236802999989
10.97749274299999
11.534179371999997
10.676556931999997
5.959193630999971
5.142697189303802
5.878024400299988
9.964967437900157
10.012515499966717
11.45150185899999
10.619967238999992
9.660402740506395
8.650062727405105
7.936960909999987
6.951053919999982
6.126857517999987
7.157812779199986
8.904475028999991
9.473896043271992
9.919582051070707
9.090200241101268
10.29783464199999
10.420965384999988
10.569016906999986
9.171327674898711
10.653078333999995
11.351183989999992
10.294935308999994
8.637331571999992
10.746911471999992
10.76958440099999
11.402528826999987
12.417043142999995
11.273065510999992
9.946312927135988
8.407378350797428
9.414851121659987
6.150270227099993
6.16412250209999
6.66751816709999
6.590585426299988
10.381417823999996
10.798935441999992
11.001237998999997
9.910196246203993
10.64714649999999
10.422062694999992
8.968414556898708
10.61968191199999
10.491198890999986
9.177622659303827
10.736522054999986
11.216390743999993
9.659451480070707
8.43797649989871
10.65517532499999
10.642787281999986
10.649713032999985
11.296452965000002
11.103030869999996
10.97290540799999
12.930007250999987
13.560334981999986
12.359289423
9.11495384979743
11.308956032999978
7.7270462234051065
8.99674704589872
8.138295143101267
9.736629484594875
10.28948759899999
11.010586329999985
11.014675838999981
10.337995966999983
9.162340367101267
11.939247414999988
10.423706016999981
11.253362256999983
9.311964982717098
5.613008486899995
6.203654180899994
2.552608064299998
3.5616063643999865
4.680192633099989
8.435119093303832
9.302132331797436
10.502374093999991
11.552145279999989
10.89353497799999
2.4947620528999854
2.9742054367000006
3.158895835899987
4.90117290649999
3.8786670424999836
9.469621212863963
10.431119001858542
11.658755993999995
8.193195992999986
6.7931005340999935
7.388952914405098
6.502110023506366
8.235919155898706
1.0718458085067968
1.0701142850931973
1.213847840899996
0.7632534033863934
2.643746363800001
2.6802284896999913
5.457789201399982
6.554976547202535
4.691523828099993
5.546803465303813
8.519167326271972
10.285265684646387
10.490875016999995
8.655103526303833
1.4406875366000018
1.5256690079000006
3.7809482741999862
2.6582063201999975
5.683087542699995
1.0325776911008016
2.000635725399983
2.5789151122999936
3.690584820599982
7.391132549999991
8.490018528696144
6.210670005799987
3.717965095499999
4.471434730499986
6.749106793199995
8.678122219797432
7.079810383599994
9.076768487493586
4.068270077499983
2.047436862199997
2.7691694397000055
1.8492032028000007
2.7191529953000106
3.840332981899983
5.045297036699999
2.102256411699988
1.6955051360999922
0.9920613821999977
1.2328571105999986
1.5217766845999974
1.968628291299991
2.1397935074000043
3.457950885000003
6.5124125609999854
5.602534663399982
8.612291072101263
9.355106420931984
8.103487698405097
5.822148016399984
0.8254270926500005
0.7909467972800003
3.4657934279999827
5.198573542799972
3.2633740142999836
5.482293482999988
1.5280023422000006
2.1197394897000006
6.208322187799994
5.210052508499988
2.470568016099995
1.980881451399996
1.3924248275999953
1.3648344680999938
2.447587599199984
4.04987635039999
4.775931925999985
7.685471853594866
4.986746566799992
1.450159765599999
3.1359922759999828
5.002044418299988
3.8493462203999824
7.5526113953
1.5590498519999993
0.8762595129999999
3.1198530562999873
2.8013338378999992
1.6903778701999939
1.0307389019999966
0.9596400379141367
3.87537704769998
7.07702921599997
9.75602263627198
9.912502990795986
10.518901525999988
5.923763784799987
2.291840397599993
1.633260130299994
3.566691885399993
8.585267193594863
9.500724005067987
9.607759155203993
8.920547601303825
9.983057734787824
4.736848953199986
1.2226849071986376
2.077265104699996
1.797689100599994
2.6710622054999904
3.159500094599986
3.866734272799992
5.41477427369998
6.626767196699993
8.497263673405108
8.06174686889871
8.622956668101267
5.699939900199978
4.236479539499988
3.955953538499987
2.470627459699988
4.910777033999975
8.952102555863974
9.505154067999989
7.7023161652025465
7.680699330101259
9.840841116203983
6.503709394797419
2.3376894683999847
5.404579811101256
5.6973439147999905
7.613637594599998
8.807767929101274
9.16200363159487
9.786169026135989
10.73737591199999
9.651295269863997
5.227065960699993
7.736109727506375
11.699683262999985
8.912268484339979
5.314843176303818
1.7837046370999958
3.250948091099981
5.9196035109999805
6.652086909506371
7.747208348101263
11.121887641999994
9.840669299303837
11.380265935999986
11.706644547999991
10.663040915999991
11.878624761999996
10.00856065513599
8.338009812898704
7.836113384999991
8.521961006202542
6.626890788303826
6.8181830643038275
7.215845747405105
9.004843196101277
9.439455563271984
10.839391973999994
10.908392467999994
11.93344238099999
10.943616511999986
5.729004125999985
6.69816492159486
7.701597222898706
6.059001165797418
8.972846563795972
7.233850706499993
4.143619799799991
5.975929789699992
9.421077148271989
8.591442513999985
6.150060607899985
11.754238900999985
9.807161256271991
6.246471314999988
8.613012570200008
10.105686685135986
11.176820676999995
12.64216269399999
12.255680088999988
12.92946578499999
11.96312165199999
11.185216686999983
11.927450057999987
12.567895977999992
12.294374436999988
9.453988687067987
8.627040628101259
11.346475722999982
9.880191481000004
12.54034454799999
11.527183094999991
9.16966365659487
11.39800271099999
10.16555132128287
9.742362684717108
8.988285639999994
9.453945742863988
9.856108229067985
9.675122311405119
10.16078950499999
10.55447887699999
13.182981733999986
13.140464451999991
11.333217162999983
10.65950906499999
9.258638091999984
10.642336970999981
13.405310451999988
12.983380196999992
12.754467136999994
13.647594520999986
14.071360962999991
14.569821837999992
14.500176417999988
13.046490368999986
13.648158806999986
14.828048572999991
13.611976989999995
13.360472611999992
11.084577930999995
12.129830893999987
11.074793272000004
11.004523977999991
10.275873163005432
10.24134570778783
10.326072701999996
10.53570647699999
14.31540947699999
10.421494044353574
14.316302878999995
12.71238832999999
12.432545002999989
9.541127241646382
11.633174709999984
12.407113102999988
11.554206336999991
9.901563928135985
10.687875683999986
12.73588159599999
13.683739594999992
11.015083509999995
3.9018906310999975
4.7315873870999905
6.376912077299987
8.883261808797432
13.323461881999995
11.935286577999994
10.239494270212148
10.582661130999993
12.466470559999985
13.090407021999987
12.503530379999988
12.97879707499999
12.95959597499999
13.910766781999996
14.119785167999988
12.460281008999985
14.513610930999986
12.898913326999992
13.827039115999993
10.272791092999984
11.130870115999995
12.097829026999992
11.522171169999991
11.442913106999987
11.528749062999989
9.671438061659988
10.983084629999988
11.818296885999988
11.607843795999992
11.600869674999984
13.026082766999991
13.057265670999987
12.287139621999989
12.07009747899999
10.882182911999989
12.057124184999989
13.231493984999993
12.586964277999988
14.05596210799999
14.200048647999992
13.475386599999988
9.007270080594866
6.976139063999983
6.850148672499986
3.570096150199968
7.394362608303824
10.816812169999979
13.15260120399999
11.888225637999987
10.104100472999978
12.877284125999985
9.597121145727991
9.241048956311992
7.569174719202524
6.964883683799992
9.442891213999987
10.300672703999988
8.779316349797423
9.868120088141428
7.308620758099998
4.468077490199991
9.021454135101271
12.149228219999996
11.672622570999987
12.68949900399999
11.832156196999987
13.656858472999984
11.212432367999986
9.982090022212148
12.362794346999985
11.849440371999988
11.309742862999991
6.5316329773
9.214196728659989
10.237701312212142
11.68016464999999
12.764166169999992
13.246044126999992
9.516322816353574
7.763311529493569
9.19978354030383
8.26571349179743
7.456410958899998
7.076717489599994
8.450048684696156
10.625848685999996
8.811867924519976
7.352306932100008
9.824840057133121
13.161055152999989
12.609286114999989
8.52107955320254
9.829317555135992
10.12548936172798
10.284392369070709
10.811797959999986
4.617515734899994
5.551012245202526
9.03018066406798
10.635189821999996
11.411184623999999
12.633554902999986
12.412572530999983
11.547811423999983
11.574819968
10.363374471013593
9.763691592271991
9.158741645797425
8.186569583101264
8.612723503101277
9.235140570101269
7.243800282303829
5.993716090399985
4.75741183469999
6.845533042899985
10.457605362999992
8.772626115405115
9.959454327282863
7.8328734131012645
11.64595053899998
5.978766424594863
5.13946412049998
4.225495008899993
3.354841390999999
0.9986243330999982
2.8916667725000105
5.051568620300002
4.203773303199992
4.333496638499978
3.180428700299967
8.021132310506387
4.734423242199988
4.0528809875000045
1.9736563155999967
3.2404794036999744
5.283803741506374
3.7018381026999876
1.5163054900999877
4.032860308799978
6.013070579493578
4.596777989199986
5.202752307099976
4.789399700899984
3.1285908950999985
5.446949484299986
4.731622393799992
5.8557563643999915
5.268347218303813
3.716566509999976
3.4935629683999925
1.2253710082999962
1.3134396651999958
6.761342588799995
7.350027723699996
3.1281111251999945
3.073770751999988
3.911777490199986
8.783068463067979
8.647499633797436
8.462937304696155
4.58397551879999
0.9585981032400017
1.0202233408000017
2.237619966099991
1.116114273598401
2.856224781799966
2.4526289702999957
2.4788848434
3.7565382323999867
6.6551982956
5.66855887599999
7.555618568405097
7.993790733303824
7.230651161202544
9.407014132795982
8.09499933169615
2.1927185943999943
1.8855805374000005
5.258097943099979
7.054009864799993
1.751715183999992
2.3094031035999953
4.662446130400005
6.170628236399995
4.380035398899994
1.3498275130999966
2.643363677999998
1.7036298263999963
3.006069589199996
2.8012465744000044
2.350289891100003
2.218284216299999
1.0926460091016001
3.2814959868999694
2.7377169768999976
0.5515784466699962
1.912349212599963
2.2167052138999686
5.081882415797405
8.613874447594865
6.860798098799985
6.081476051299997
6.1034944458000036
5.372223338303814
7.382789074696141
4.197616964699992
4.680551359599982
7.402319393898702
8.677971865797424
1.5377780196999973
1.2157426392000013
1.3077478099858433
3.7701122130999964
1.9067508193999956
2.0189661300999924
7.80530010679742
6.961508848594861
6.864478852797417
5.820618769797423
3.4720722030999904
4.170550675999983
7.310404229696146
3.017600534099996
3.5335069549999982
2.0696796950999903
3.106365890499988
3.4022959273999844
3.160098846399992
5.786167982499994
7.003171263101268
6.996663763399991
6.070163005099993
7.8835003525063785
6.766194459499986
6.40872036130382
6.926201696799989
7.76612350459487
8.519669767797424
6.848822624199995
3.2404530120999855
5.898803292799986
5.386667114299994
3.2069897078999854
5.688284677100005
7.55731555330383
7.625876472506386
8.825003366101273
3.0675199294999835
6.473511392202522
7.995131367506387
7.7108291717999915
6.549996963499993
8.701781771898718
8.806830300898701
9.545416700795988
10.52727512099999
7.787000022898703
6.588336109898699
9.006292201135981
9.622541786135985
10.755686402999988
8.404413091999992
7.957716044594865
3.8603481185999904
4.339741601599988
1.4501859438929112
5.9459937880999885
5.400995373499982
6.210871971099986
5.671429611199993
4.1789377624999915
3.9705203521999937
3.9251945221000013
7.382407173202542
10.26114021799999
11.658642850999987
11.24500069899999
9.075706063797432
6.572671847499991
6.028790469399999
8.257754212999993
9.202154521202555
7.545038191202548
10.73015043799999
11.567944863999989
11.974988839999984
9.274488183594876
11.304598371999992
8.560096072405113
5.094073892199985
6.078330102499987
7.120694329797421
11.87012515999999
7.5385290709999815
7.270273739594864
10.42347852599999
11.992053374999994
11.24885592299999
6.19238827059486
6.920472096303811
8.862952442898703
8.142375762898702
10.745563083989122
8.640991604594875
9.865507664353585
11.577126258999993
11.574414364999997
8.366624160797437
9.421470289594875
11.394252848999988
6.040228285199983
11.506945017999973
10.956848763999995
11.592459702999987
8.4727938644051
7.788272558594864
10.129846028067991
10.231457548999993
7.424076180999983
7.305146736101257
7.3983247054935815
8.511738394202542
5.39777089539999
9.481119192646382
7.843522273303834
9.219040415999997
10.994395353999991
10.584530886999978
6.118210662797415
5.416769993599982
12.47439149899999
11.683117174999989
10.671537143999993
11.576062726999993
12.270441085999986
13.822798710999992
11.680952443999994
10.912250533999982
11.72883326599999
11.293378200999989
9.171003872795986
13.18062663099999
12.868281197999986
8.762074070795986
6.549777416999986
3.1086478087974
10.32320251778782
11.339547741999995
11.534622550999995
13.220263740999995
14.716630778999995
12.25320074599999
12.636287282999989
12.26189278999999
12.342008028999988
10.265068514999983
11.637419266999991
12.094714733999995
14.029520501999992
8.317790190099991
11.964360032999986
13.682348406999996
9.299419369493597
13.337304769999996
13.265756336999994
13.345028504999988
12.608451824999992
12.547686655999993
11.82884182899999
10.57796130099999
11.135724210999982
11.45472077499998
9.62834539933999
9.311781713931987
10.349191521999986
10.494661457999989
7.782763273599994
9.715646919203989
8.135220751999999
10.132124052271992
10.989731803999991
13.54124547999999
13.764547681999991
13.891810607999986
10.890209337999991
3.4823595290999876
5.318714121999986
7.986324853493583
7.546641340594869
9.116277824405119
12.283711698999982
10.028381753646388
11.713553948999984
8.862730367999983
5.852066657999983
7.491136564594846
8.292121931506388
6.380229872099982
5.166988415493577
7.976103279101258
12.379713508999984
14.04041029699999
14.045972667999983
10.147013360717107
12.049299518999991
11.276209044
10.320573528013592
10.965343276999995
13.508535444999993
12.730835138999987
13.437220037999989
13.021057116999987
12.022423113999995
12.823346110999992
12.859882813999986
11.932055355999989
8.935742413303835
8.172488354506388
8.476296218898705
9.55845507365999
9.857016493066553
10.426197332999996
12.032965764999991
13.942561342999992
10.358795177999989
11.19051818199999
12.24470113699999
9.109866075101273
6.621624351499992
9.06703465579743
11.616458494999993
11.451453844999989
9.590165948339987
8.642835945101263
11.226060970999987
9.637378280727992
11.751777152999995
12.206478484999984
10.919826110999981
11.723768870999994
14.058136033999993
12.536238982999972
7.337892831405093
12.983387864999987
9.743551766999996
10.822434171999983
10.02810352899999
9.691862278795988
9.119378958101269
9.22668325499998
7.9260585265948595
6.665185467493567
7.783319776931963
5.087268681303796
7.602846415687959
12.938490474999982
8.854781396506391
7.369170021100009
6.899393366999976
6.208132093799996
6.755736363200006
10.83444031699999
11.346787903999985
3.339825820899995
8.231746008203968
12.147672246999992
11.140997846999989
9.320626219202556
7.157531932101261
5.903709431506376
6.651110409499999
4.7571814132999934
4.578109918199994
4.230093492101252
3.9564541976999923
8.599041451999968
9.647481033212145
11.651785012999971
6.584567588799988
1.936181561299988
1.5772746917999945
2.653634728999981
1.6333214034999999
1.8211590606999992
1.7005588469999895
4.332107966600002
7.063785795599991
8.888980735797434
8.475823940999982
8.55218348999997
7.680109208696137
8.854278578202555
11.962998865999984
11.413199671999992
6.133276731899984
2.830976827999988
2.3258972075999944
1.4231137801999931
2.8355325607
2.7268980956999895
3.0834415252999943
4.2733034301999915
4.966929186999995
4.688785760499979
4.683558898899995
2.081823612999994
2.3271819106999985
1.752458544899997
2.6360287551999972
3.2407791228999954
4.848177319299995
4.67852371059999
5.2971284241012615
7.352217187493578
6.605268817099987
1.7849561385999981
3.067805349699981
2.7246776732999964
3.2113678359999924
3.3104569686999765
4.529964686599997
1.7929661223999986
1.356081339999993
4.811257202101236
7.930693836999991
7.80054501649999
5.574961602799994
3.4724051986999958
1.1574326781999973
0.5430319796600012
1.596006599399978
2.2640152801999984
1.8254756560999938
1.939038658099997
4.794372372399972
7.580520822101268
7.499354530303818
7.620243188506387
7.017115809594862
6.859799867202539
7.592590620405101
5.3538182143999915
7.789676879931961
6.904966862506372
2.87828969419999
2.612014248699976
5.77251456759486
4.1365408523999845
4.417737266499987
8.275329156506382
5.900510859699993
6.939802462797419
7.300129252594866
6.679926951594867
2.914420541399997
3.7890100234999706
3.8935353072999948
2.8396767821999966
1.0664664877933276
1.7126400131000015
1.5769613173999941
2.5798354384999747
3.165738558999985
1.9791026778999976
1.5998134841999985
2.589104118299974
5.283701258899987
4.959201443499992
5.956993177799992
3.7442587097
6.404928543067939
2.961171697999994
3.626338403299983
6.365420655799991
5.182474125699985
5.1043064194
6.366786735499982
6.729619654797426
7.276129817199995
6.313279110699996
6.295441877699999
5.1122260985999946
9.439361421135985
9.792837913659985
8.206706767303821
5.2775980300999885
3.57212727509999
2.9481216811999924
3.2662235732999996
4.700839138800002
3.322316265900003
1.3189171264999964
1.5196946152000002
1.9490040070000039
0.7864575752303818
1.7972557754999974
3.686664799499991
3.9231875960999965
5.001677381899993
4.049974536099991
6.344051866099988
6.3710718215999895
6.938892756699989
6.956241323899991
8.887281532303833
9.959949813858541
10.98217904499999
10.779186069999989
9.95718939814143
9.96482784414142
9.709876373203992
8.525998382727975
9.88248868706799
7.5840219542999945
11.420038808999996
8.07679745940511
7.335783738696145
12.012604087999987
7.494570735202541
3.1877005629999915
3.8671705825999934
4.590199438499986
7.839629682898702
5.732102360499983
5.483083924899988
1.2587745963070585
3.231558433493569
6.920275147999979
7.203873069797433
10.276473893999992
10.184434576282863
9.774995460659987
3.175866958599987
1.138054916486395
2.723855488599998
5.5461071746999915
4.758708030696137
3.0161261382999833
2.238272183199987
5.367156948899988
1.1370083693646231
7.879898219303818
3.7090436873999915
5.379186242699984
5.82203475799997
5.837204286199991
4.9661762816961375
4.141157145699984
5.726080326799985
6.652801414499994
6.401822738600001
2.027090678399989
5.157886672999997
8.628808856202548
7.7095717102025505
10.88728639099999
7.826306202696145
2.3898597014999865
4.521167590299989
4.348423521399988
2.8540808181999964
0.962226483621208
1.6158780456999933
4.410055435199991
3.600647671499986
9.520081294203983
10.325895444999997
10.875548919999993
13.019617261999999
8.99773648069615
7.082638915999985
7.908921330303825
4.9642474044999965
4.569028413399992
7.8948105529999895
10.860033077999988
13.097733187999976
9.487430776999997
8.565487950101272
12.413626667999988
11.586684975999985
11.500539591999988
5.713946624799984
2.753244474799989
2.786571258499975
4.36823754429997
6.624204643202545
8.0241338531
8.47406642606798
7.52163059840511
10.321444509929268
10.426804767999993
11.20045890799999
11.61981713599998
11.083241111999993
10.306268448999992
11.567481241999994
12.618792614999991
8.89379908293198
4.152823104899992
4.417379283099983
6.163087531999983
7.746088247696146
9.09391196289871
7.456848881493585
5.707081286599987
9.099802973898711
8.873445173599995
8.695196943696153
10.985619480999993
10.936226763999986
10.522833637999994
10.806602091999993
8.9853607956
11.142506919999999
12.418014232999994
12.623666947999991
12.167469132999988
7.3791931457974185
6.684264382899987
8.591240367101275
10.048872051999993
9.778355862271995
9.27605981599999
8.670398115493585
10.512729280070685
7.139750489797424
6.996384400898685
5.867286759899985
8.849892565898708
10.378102189999998
12.405243375999994
11.614441207999997
12.425246631999991
10.966284621999991
14.034565848999994
12.793368479999993
13.689370995999992
12.514207006999994
10.960427588999986
10.584792847999992
10.760015279999987
10.894244550999986
12.71917976699999
12.874664153999989
11.630227277999992
13.025246251999997
10.193816081141422
12.015262331999994
12.341638268999988
12.487097698999985
12.711041797999993
13.075543810999989
12.172037018999992
11.578760702999995
9.04284791410127
10.199401563999986
10.703481505999985
12.559885785999986
12.574495720999986
9.99928840627199
9.631243276999989
11.749795311999982
8.445136691303833
8.12134110569615
7.835412332199993
10.280380833271987
11.149290482999993
9.396131750506392
10.051924729931997
10.639171872986395
12.754754810999989
9.438856364271984
9.16136819149359
13.24060657299999
10.597929188999984
10.754393271999994
9.868249827717108
10.227411955212144
10.989710006999983
9.857546533141429
11.54798545199999
11.97043190799999
12.87499085799999
8.831840853898697
8.750618287696142
9.05740970165998
6.801441903696144
8.241752636696143
10.446046999999982
5.03597584529999
5.203686329699985
5.812565106199992
7.371467030303829
8.433051179493587
8.664118569898712
10.301224325717092
10.632798723999992
10.60895516799999
11.444084971999994
11.664606173999996
10.727726230999997
12.15999868199999
11.199589219999984
12.362152227999996
11.280085206999988
12.768856835999989
12.503584366999988
11.324893964999996
10.369226807999983
7.728025360101269
9.743080963067987
8.879613273594865
11.087857169999985
12.734960702999988
12.588807787999986
12.133748865999996
8.509916221594862
10.032990014999996
11.393216727999992
10.430663695999986
9.32837246549359
9.020448156696153
10.283773796070705
11.578735269000001
8.589504376202546
8.363179186999979
9.236854872070703
7.8622333282025485
5.6431446441999835
5.404557968099985
5.3598774368000095
4.077022029099999
8.478535159303828
7.863644711303818
7.760862097200004
6.618279388405095
8.083483225999975
6.399182960499987
6.794708323696143
6.485792237899988
9.752676887646391
10.792049257999984
10.665463312999988
10.508040259999996
10.511046921999991
10.435673482991835
10.018532154863994
8.323782774405116
8.929896354696142
5.869312724303814
11.003606160999992
9.041055546594869
7.328664536999998
8.61987111049359
4.102420126299993
2.997095840499999
2.257515429699996
3.2222493758999686
4.062336253399986
7.214910407999943
2.525637716699988
1.3102368529999953
3.1659785933999767
10.449532898999982
1.7462856933999984
3.6532246322999744
2.7313829055999914
2.664148565700003
4.6647596465999985
5.416647067303815
5.034351414506376
4.279318841599991
4.5682644516
4.210245387299982
2.5930354720999857
3.5761611861999967
1.801715756199992
1.9146524536000027
2.7501544311999733
2.084027209499998
1.9753024429000023
2.837692962599994
2.2428231383999915
2.7301189193999917
5.28754728389999
4.305566493199996
3.097902040099975
5.446860955797414
8.484470519999975
8.542972769135977
8.33135870359487
8.860231776405103
7.679987968399999
8.097279722594859
9.438540647898714
6.7645264678999855
4.307440866099988
1.0464419171203947
0.8895594034200006
0.6601497692099986
0.7943120275500009
2.248806283599993
1.3517006698999965
2.8983121001999796
3.478032032799996
2.3229855849999983
4.455938001999994
3.399252139299992
4.128479576099986
8.12260552830382
8.777251609797423
8.105354847696146
3.4858210586999943
2.1013206406000013
1.4944182235999972
5.538801060499983
4.953868382299989
4.394473664899991
3.397268368499989
4.05444773559998
4.007496238699987
7.770377386506374
8.845522703599999
5.098233106999995
3.4691057754999934
3.9933455840999943
2.990709367399986
0.8394989437101276
3.512241387899971
7.876882345594863
5.2767227996999875
4.302399899299996
3.5999569259999755
5.750235646099984
4.5573266295999835
4.859036233499975
5.7825249191012595
7.222682174696139
7.641345965594862
6.984659840405099
5.64995453949999
7.486882974202527
5.0484097106999934
8.205878219727962
9.319943260135982
3.8686554946999934
6.920643693499991
8.771666513101264
7.867253726202549
6.332872439600001
8.16885884089871
6.363646946699987
4.640487496899981
4.084612098699989
6.090118933101263
6.469886416599995
8.4124256927
7.8893316849
7.795819718899996
9.037102593999986
9.351139227203989
8.195001580797426
1.0650584584066576
1.0142957399117132
1.201511032779593
0.9336402571795953
1.100631839572795
1.1168406407271934
2.966475483699973
1.5987898134994518
0.9201412919000009
1.193632363121205
3.1619481948999737
4.708128044099987
6.1430036804051005
7.758514936797432
9.493004449506389
8.10251109010127
5.796555668599987
7.702354881299995
8.32035596919999
5.85571470489999
7.714124304202547
6.925915695199988
5.873807305898696
9.761560641353572
6.075461898799981
5.740720202594854
8.497282855202537
7.963473419202546
9.241060760339982
8.130709237696138
5.85750121609998
3.6090294799999794
1.741103243999986
3.4911168792999843
5.773724595599996
6.789071377599999
7.7104045806999935
8.50132319179744
10.166040747070705
11.690215023999993
8.79301199799999
6.9798239959999995
11.774354749999985
3.5461292006999776
2.878009539799973
4.775871575899991
2.8257203322999955
5.254912500000007
4.605927189599985
4.6275732529000075
7.047725324999989
10.374169094999992
9.536407810999984
12.505900092999989
10.37428854214142
11.46839581099998
2.064348342899989
2.974488760399994
5.688262615999988
7.548205723594871
6.663288035599995
11.22232924799999
7.477471269202542
6.48475321039999
5.073981780999987
7.475710794101265
9.697180181931987
12.62671817299999
11.364907891999994
11.323987412999983
9.59948750913599
10.964757728999992
10.137712145999986
10.744987679999994
10.85683321199999
11.035786973999992
9.229501849271983
8.267094569405105
11.471566122347191
10.147181945863995
11.435500899999989
12.154583359999988
10.726872457999985
7.793839549303827
7.695268498202537
9.760595574999991
9.744047999717107
7.006861653101257
7.035413076797426
6.605353146399993
8.656243118303827
6.389774816899989
9.41910092172799
12.813811368999993
10.660833072999992
11.90690946499999
11.268760012999994
11.139094748999986
11.469989612999981
12.17267810199999
10.782250551999976
12.404057055999989
12.135064525999994
10.901249090999983
11.710554915999992
10.54723317599999
10.94672629499999
10.371838689008156
8.0848492096
6.81841255489999
10.52391532599999
11.621634412999986
10.848563886999994
10.069703046999992
10.511491582999994
10.86789766999999
12.460898588999997
13.452271789999994
13.881277486999986
11.900118413999994
12.291188804999994
13.513371274999992
12.922640642
12.363294883999995
14.235222068999994
13.834265796999993
9.195458453405108
11.13879551499999
13.294385573999994
7.421828314199998
11.360477472999989
10.62991806599999
10.07375240927199
11.166003103999996
11.141586509999991
8.909063134797437
10.312639922997276
11.193241128999992
11.883090159999997
12.731048752999993
13.086500232999994
13.924273986999992
13.614393877999992
12.655939649999992
13.128261680999994
11.61612992999999
10.528845389999985
9.673628662067989
6.798986257899994
10.080358900339998
9.668907502795992
12.876317716999992
10.108228665135995
12.488480687999994
10.809221926999994
1.961634849499999
9.954762855646393
11.24263352799999
12.303304703999991
13.356108515999992
11.835925843999993
9.73300127106799
9.390420996101271
10.17943527378783
9.968985734727989
8.34089486850639
10.721296367999988
11.186489124999985
12.84891417099999
12.138872255999992
12.549762656999983
13.41512037999999
12.901667254999998
11.357930486999987
11.275029557999988
9.799179145863992
12.168401467999992
10.848705909999993
7.220098072799992
6.149074412499991
8.746500077797428
11.12480944099999
13.045848696999993
10.870341097999994
13.406070444999994
12.734841424999992
11.750132403999991
11.37477921099999
11.011133748999992
11.529792730999988
11.77813463299999
10.933913665999993
10.158926734929269
11.307291265999991
10.550506229999993
7.830903021202542
8.831535511797425
8.405873663303835
10.98257065099999
10.78559902199999
8.106330625898707
9.792630891282863
11.156821320999986
13.073590371999993
12.219589218
12.979947526999991
12.653673055999988
9.34110179599998
12.389339283999988
11.46345881999999
10.971728418999994
10.139276837135991
4.1944657790999935
5.848310076899991
6.238286297599995
2.6947324386999907
8.443082963594877
10.735495868999992
10.08806449421215
8.85879818730383
10.008322979795988
8.721769940202554
9.76885337079599
10.064953526212145
10.241577022991834
9.809853572070706
7.931027197303829
1.5647490982000034
4.220428893999978
9.265968917797432
9.471115809600004
7.563818054202541
4.925992822299988
5.713333789099992
1.8127616897999952
3.4588156646999964
4.471413008099991
4.988873751799991
6.233303208899995
4.669574957299988
6.259928535506373
4.869152542099994
4.510896336399991
2.655334860199993
2.8197200637999904
5.679053057899999
6.4376638213999895
3.856721321099992
2.0233878386999984
1.3900924285999974
2.3742247359999955
2.2900344558999954
6.892186256405106
7.344069735696136
6.419974917599986
3.7376994170999893
3.3122991332999825
4.320298344399994
4.180960981799984
4.974100006099981
7.566414646898697
9.816648768727992
9.034954914898703
8.687445072899996
3.0256465789999987
9.750196223282865
1.555142491099999
2.3353500365999964
1.6182033965999965
2.062542092900001
2.8991591659999916
3.006209555099996
3.9821839004999973
2.5857018996999956
5.268316656499989
6.918680647303824
2.4433678040000006
2.4829201447000018
2.3668130600000015
1.9013916305999867
3.022935288999983
0.6822645481099991
1.5973978423999988
3.296789180000001
1.2241867508000015
3.696834248399973
1.5955561614999958
1.8611737731999995
1.767558253500001
3.302786929299971
3.5093279983999732
8.825101794405109
3.6662312316999843
0.7779504172300028
1.608624026500002
1.1698577697999994
2.150435626200001
5.4428931670999825
4.833097456399992
3.5270117797999982
4.373317845199999
7.0837754684051
7.821722015405085
6.982109918202546
7.130230931100001
3.4766417464999932
3.8258618682999943
4.269565759299987
6.363396247899983
5.630037765499989
5.130589768999973
5.9542799071999895
4.573577598599999
3.644919471699988
2.007789588899988
3.008709925799986
3.9645683944999934
3.7008681640999876
5.588978213499996
1.0253321899272
2.2940828170999863
2.631243186999976
4.644044480899975
3.995059464999965
3.017296993999994
1.9687673248000008
3.622609561199988
4.8263417037999785
5.031294102499994
2.4472077483999906
2.513531550599984
3.0218094359999914
2.785881330899989
2.5930250625999802
5.65627784579998
5.928082955898694
8.389505010999986
3.6708166411999867
2.530281806899971
3.6200602294999826
3.1944155654999884
6.653434582493583
9.354886276135987
7.011236195399989
5.828086659199997
8.007357286101271
7.727825833101266
6.205799281299992
4.157845283499992
3.9868200622999903
3.200180128499988
3.4443320556999906
5.019635275303812
5.908653552202533
5.8591761489999685
6.907543566898703
3.305405781599991
2.9176841048999966
3.9518894469999815
8.184517326405112
10.069617855858539
8.862172163405107
7.41297864989999
7.007339814799992
2.984139596599986
3.291277619899985
3.8060110000999927
1.6240491820999883
2.4368688521999933
2.372478056299979
4.70415908659998
4.041557322699989
1.549193229699994
3.0132266052000025
5.010161355600004
3.3184952895999897
5.757837924199986
7.777894682303827
9.502164259203985
10.634250911999992
6.90840662689999
10.476714342999987
8.848533676101278
7.296910919202548
10.185611798070704
7.311313964799991
8.273837951696143
8.49498735659486
8.467727938797434
11.819967135999988
11.52482526399999
11.461295125999982
11.336631861999988
10.871104954999993
10.187484777858547
9.89602557820399
1.2533439104067945
3.1647666121999896
4.293357569899998
4.281674929799994
2.7001970778999924
5.14536793210125
7.568749504101251
10.557119338999982
10.657700522999987
6.7721318114999915
6.113371528594855
12.103410082999988
11.477725620999992
9.62056792772799
12.408427239999993
8.58858389279197
7.129417039506367
1.8269042281999948
2.5761282515999926
2.2227353347999736
4.662536462399975
5.509840985099988
5.52514879759999
12.066747315999987
2.99716243589999
3.700754069499988
6.637754396099993
9.457175106863984
7.398952647405098
9.727850913999978
10.581289841999993
10.661898046999985
12.646575857999993
12.590258938999998
14.07209048599999
11.003305329999986
9.506213513135986
9.637845863203985
8.253775723303837
10.496145167999991
12.539872957999986
9.05659903259487
1.622179928599995
1.5576820006999952
6.240009382594856
8.285329377696161
11.26944966999999
7.348666250594857
7.474341383405102
8.945382835405109
10.470661258986397
10.279168938999986
9.070504489101268
12.695133405999993
13.585064309999996
7.287179753101252
3.368465849299993
4.618693110696123
9.64792538599998
8.667910421797428
5.978782337999977
5.42349979399998
2.1665297881999743
1.4350608855999953
4.337575044303801
7.070352526898678
12.56172274799999
14.452883866999992
11.962509357999991
14.490369887999988
10.691576914999997
11.306202099999988
12.079229940999985
8.776732975797424
5.473028402696116
11.428094744999957
11.115620505999985
10.472262162999973
10.90692354699999
9.348665672303834
9.51820244599999
11.113375284999984
14.951429967999989
14.580268598999988
12.17040994399999
11.420719272999987
10.92974985799999
12.795041608999995
11.230325069999981
9.363230097999981
9.81384721213599
7.353162292499988
12.278957557999997
13.330835398999985
13.380488927999997
10.585794832999984
9.932500454795987
12.941258710999985
13.987249793999988
12.995922053999985
11.511333928999983
9.894485821659991
8.540079971303836
12.97231306299999
12.772214173999988
10.169216052141431
8.953347770696148
8.050712239099996
8.812054397594869
9.72945408179599
11.32519614601088
10.585307258999993
8.340960534696148
9.198501193202558
10.580419910008164
14.356692380999991
14.737433262999993
13.434468172999987
14.417503846999988
12.77200001699998
14.343270339999991
13.851257827999985
11.615823263999976
9.182457231067964
8.89731021886398
11.679701621999973
11.871245311999996
10.136630059863982
12.440067452999996
13.135362058999993
15.515123430999983
15.267338852999988
12.330257792999971
16.12429350599999
13.53420013599999
12.608189426000003
8.958009489405109
9.200386044203986
10.020379113863989
13.433206653999987
12.565403449999986
11.108381629999982
13.074106118999984
15.197141507999984
16.173692769999985
13.999640705999985
13.786872196999987
14.006431099999991
13.34611806799999
12.032360080999986
12.381510552999977
10.834212800999989
8.922515901202543
8.590410864303818
8.847003503405114
7.696247071799994
7.877214800999978
10.424929331999987
11.681549299999961
10.808663537999992
12.578988217
14.820747007999985
14.531012758999994
12.922303223999986
11.850485149999981
15.505193700999989
14.511351442999992
13.948584710999992
12.920584228999987
8.267960510311973
8.923725677506381
10.625203051999991
10.29845447699999
8.028711244202535
10.572092542999963
10.851098290999987
11.856383083999987
10.913599791986401
8.991063641405114
9.66722838427199
13.787311086999987
14.849834919999987
14.085929011999987
14.678312813999986
12.496549518999982
9.33709366759487
6.970105165101263
6.0477853835999875
6.644345950303822
8.866323658797418
10.056168862929253
10.294467110008164
11.721352381999989
12.72053962599998
12.94867138699999
10.88204764599998
13.617832956999985
8.404456904594863
2.6333245757999717
5.149061863699997
5.281942008999991
6.599491210899992
6.187732577493561
13.669666478999991
6.237527136199988
6.090308966101264
9.486099136271974
8.267124032594863
4.078244560199985
3.735958451799992
4.830838401797404
5.1933773468
3.8387886519999928
1.8485044967999895
3.723835359199986
3.514211207599993
4.346931477399986
4.9662844085999955
4.135641714499988
3.0689672820999934
3.657158871500002
2.1840352111999874
7.1901226516961465
8.926945523067971
11.445857192999975
5.801628877303815
2.611845819099986
2.5884348922999942
2.350467327899989
2.2271068374999903
2.791557360799989
2.4354462218999897
1.2607791823999965
2.554087330599994
6.399547793599987
5.740221028099992
6.340249211099982
0.9541764170600019
2.0281842284999865
1.7314090897000007
2.725507043499986
3.7116194289999767
4.7056383651999925
3.277408865399998
3.7121320739999932
2.4227625213999913
1.9703007995999997
2.16876316829999
3.305135816999991
5.364899946594848
6.453888212594859
7.821780699202537
3.818880682399985
1.4737744796999783
6.214491732797424
5.657530505399988
8.503591036999984
8.483084005795977
6.960943122899992
6.816765203898694
1.9279616013000003
3.2108449553999727
3.5632347457999884
7.246081124898694
8.3804206038987
9.247615890493588
11.075559360999979
9.479561036795989
7.980058770799993
4.983519230699991
7.57606690979742
7.1405297974051
8.2084346054051
5.851430094899984
4.75927146910125
4.931397207599992
5.741262615999991
4.670131187399981
4.816266499303816
5.969692283599995
4.843843196099995
7.651121876659954
4.543030860899987
3.9184374312999846
6.362636363199988
2.5567541610999935
1.2930199508999969
1.7311983092999934
4.857971784999983
4.619318627899988
3.900415333599989
7.237859942594857
4.99364962619999
4.108409234599973
6.212590873699988
5.635969100999983
6.0963069930999865
5.149787774696134
6.817190063506386
3.181645048499988
2.9515236434999745
4.649666365099987
6.787539125101255
3.3724800139999833
1.6643791564999835
1.4886912612999919
1.348022741699999
1.0240372988795976
1.6552134627999975
0.9721987659339939
1.338105064399994
2.246294023099987
3.826017611699985
4.290684510799977
6.078186694303809
10.721718575999985
8.274011582898696
8.522337025506387
4.90797151950637
6.59878701020253
6.212565705898699
5.475503747599987
2.884427137799987
5.313510674999983
6.6674394866999895
9.87738893593199
8.734111740101266
6.682435250898705
8.986941622931976
7.659752447493584
7.806455833405103
7.00765045779999
4.935720126303817
6.590725111399989
6.087630763199998
9.38629497520398
8.44437300110127
2.5193082412999908
3.4266747649999654
6.497702903696137
9.30275404979598
2.855219683799987
1.6539146560999947
1.369686138071695
3.795471261599986
2.8186573775999966
3.621553515599983
4.452282675199984
6.127805718999991
7.011034028599991
2.556888156099989
6.924513774099993
2.905471896399972
5.8548007949999725
1.8557223052999872
3.0953044616999934
5.896976809699986
9.492407559202558
10.099175143282856
9.940368147212146
8.636952476493585
3.027783517499995
2.895355770899992
2.9676336883999848
5.847085896299991
3.9493109283000005
5.175827291898695
9.142402285863977
8.562422743202546
9.60792530206799
6.783766203303821
4.086938764999979
4.013055888405082
9.120773031727989
8.654590742506382
2.7526372970999953
4.186317987099984
8.779849122594879
12.500569620999991
5.517272730999976
1.5459533523999882
6.057514421101252
8.611897918795975
11.963579304999987
10.168985027999986
8.927679717999988
9.589360037202557
10.900363604999997
9.933121476787827
6.782129122899986
2.7724853362999906
6.0772511687974085
10.53026647299998
10.829834176999988
10.485858596858534
8.65495378569614
4.354622358699988
2.6182539245999847
2.2663652846999827
1.1834848390727901
2.9493189956999784
6.3451350829999695
5.9867165482
8.735645289727968
9.587662826646381
3.3532486831999826
5.1551714644999755
1.499972221399987
6.460573631303802
8.212278874202555
6.656747500599987
10.684271674000001
12.022659612999995
13.812474080999994
12.078288624999992
11.492805922999992
12.142475675999984
12.794014998
12.428248186
5.7193877028999855
4.751666599999965
10.53606002199998
10.27399060401088
12.043379262999993
11.980242382999991
13.390415613999995
11.933689754999989
3.319695631399987
8.116280459727966
7.777727896101273
9.888202598717111
9.673461273202554
9.788113682727992
9.351124737659992
11.207712426999986
12.431028097999985
9.47818991240512
6.441848432899996
8.319892216499996
7.2477835128987005
8.646048409999993
8.110867475900003
11.752147782999984
9.02825732420255
10.73788651896673
11.663569880999995
10.343233002999993
12.410983684999987
10.977285262999988
10.35383187099999
7.783815185499993
7.776488780202546
7.082456617699987
10.29136817609169
8.552252304103979
9.48797016599999
11.980842763999988
11.098839226999996
13.245094936999989
12.215845231999989
5.0792609665063795
8.803647112999966
12.937523641999984
11.448583863999993
11.454360758999995
12.397004239999983
10.96299708399999
9.935867074727996
9.490385668931992
9.742973884717108
9.560320744203986
9.917975344858547
7.614134745797429
7.999124072303828
9.309963807795985
9.114138333067983
10.400842991999987
10.063748715141424
8.866443157999987
9.228381593303833
10.30649217999999
8.99691073149359
10.107620953271988
8.292836688202552
8.52596744079743
10.956943078999995
12.32092198799999
12.494911814999993
12.063799294999987
12.46770353999999
13.019126790999987
12.368308356999988
10.104199424787824
9.966951643271992
8.279646153299995
11.057781183999989
11.546257660999988
10.907741271999988
11.089762880999992
10.874584688999994
11.632734417999991
10.369723394858537
10.27853503278782
11.75138680699999
12.092660332999989
10.944150773999986
11.594328827999988
9.407475295999992
9.14014399720255
11.094808314999987
9.478321769795988
10.158772251931994
13.276562328999997
11.78905800899999
11.454509458999988
11.762614991999984
10.811594642999996
9.981299964932
10.10223578327199
13.07615812999999
12.92955293999999
11.749214947999993
12.788208125
10.721035076999984
12.643990072999989
13.003493212999986
12.425800957999986
10.754434273999992
8.492622039797425
9.709789337202563
9.215301983594873
9.124217105101271
9.610982620135989
9.942260055646384
13.264503522999991
13.07544622999999
12.657570124999987
11.917300805999982
12.487786980999989
10.944073401999994
11.508175881999993
10.855632015999985
10.500954268999989
10.108673973030564
11.845495958999997
8.758241239931978
11.909302752999976
12.597568845999989
10.76783090199999
10.711601262999988
9.525325442659991
6.147338838199989
6.403432296799997
9.214679247999985
9.021757746898706
9.947407246282868
6.92545289309999
5.529440249599987
7.592687232999992
9.131043675202552
9.143005853303828
5.774481332399994
5.603305506898696
10.177360279999995
10.733450519999993
10.558445218999992
10.991359456999996
9.097846928405112
6.0060147415
4.392428062399993
5.014968165599992
7.990919198600002
7.008371009799988
7.289938560506389
9.140569151212139
7.497397087101267
7.085113156101255
9.7272304290707
9.839085197271986
9.01090755769615
6.175176609799989
7.206239010594853
4.3570462935999865
4.777424700899976
5.458619087199989
5.747529356399986
6.027842573493573
5.155618829299983
7.684950439506377
7.848038406405108
6.276461997999991
4.001260296599985
6.006867912299994
2.0165602035999872
4.1302828444999795
6.082954978899981
5.524950505099982
3.9552708618000003
7.374223773200003
7.71688364109999
7.65737947540511
8.78462827465998
2.219334532199997
2.02810605769999
3.242470521499998
2.1489684752999914
5.507414311202539
6.196985801699999
3.7881352965999957
5.3646999527000006
6.348545849599993
8.995271798795981
6.225096011399994
3.3162202239999874
3.5174729461999945
2.6540459212999923
3.5323266326999905
4.756243302898685
7.646297616594871
2.7468243331999984
2.1204801482999756
2.5215950652999948
0.8679524601000003
1.5261285994999847
4.976607948299994
1.5574920058999953
1.7115432052999904
0.7244400349733094
0.6895485135099992
1.2811028609999984
2.1295070815999937
2.375372412099991
4.835761242696131
6.248299526999985
8.333707104506383
2.5168350249999984
1.2710311171999997
5.5839795379999675
4.495456687899977
3.680635041799994
4.610512330599981
5.93293137049358
3.8614973403999895
7.897092292797429
6.086375860599995
6.379829566999987
5.8286966994999965
6.171102813699992
5.690095059199989
4.138625028999974
4.458517521699975
5.255576113899987
5.50457966309998
6.820659400898704
8.520814126594864
8.183531227101264
7.609901956202545
2.877332176199993
6.2791599379999825
7.353767457594855
8.204563148506388
8.147490064999984
6.285689485199998
4.732122169506371
3.9787800078999926
5.095693472299993
6.020297331199993
5.2951844161999935
4.562257771299995
6.533801495399992
4.2989749802
5.047171502699993
5.618254710399998
7.2235071883999975
5.2517011199999954
1.9896347960999934
6.933830358898705
5.996014991799983
7.651028669696146
6.873963310199989
4.987402304099998
6.06326030120254
7.6831755432025375
7.061277546699993
6.280541114799996
4.837987399299983
4.964843144199997
5.649147618100001
6.119587640399992
5.746281552099994
4.112172355699985
6.981633288599989
3.7108144423999883
6.06989969179741
6.084097482303814
1.9067525710999955
2.861837454199984
5.343069976797418
7.7441670502025435
3.043703417999988
3.1127134994999923
9.474010395797432
9.800033732727988
9.543989343203986
1.8418687850999982
1.9917790236999988
2.026754154999995
0.8015258421931954
1.8786581618999816
2.7479914992999874
2.216010214199995
5.388238479594854
3.630673007199973
3.5949777068999893
4.384774246199969
8.720905596898708
9.999821765070708
11.163115706999994
10.03411588592927
10.049494410795994
5.665098603799985
6.331938423202536
4.024999740599983
4.092427610799987
5.847950515699983
7.347576794405112
7.5897784697999935
8.205711251797435
9.672091114797437
9.056334628303832
7.639847207594868
8.068938220200009
10.540244538999989
10.645355814997279
9.469381306506401
10.341821251999999
5.387036782799986
6.671416171303821
7.790481401101266
7.301830403101266
7.080286015303823
8.884112461898711
5.124994180299984
7.745836425797426
9.759445378101285
10.075715831000002
9.817253214999996
9.32599255069615
8.318134274303828
5.531405668599992
3.8272466750999885
9.194973590067976
7.715135620101262
6.3492674468987005
3.9274858687999807
4.414725129699995
3.3288439925999964
5.868680145299996
5.383996021999985
8.337866461202548
10.398360319999991
3.617671891799989
5.977468185405094
10.597284664999991
6.509607173202533
4.514941490202523
5.258859791599988
3.197694525099986
4.876002725199984
12.580541404999991
9.842071916141428
8.956123298594868
3.4056946395999956
5.894375430303819
9.626317529203986
9.678757676787829
9.272343362271982
9.557391650271986
7.110808248898712
4.9713663024999875
2.352181486499988
4.997978195199987
6.2746576294051035
7.641025701898707
7.411800990299992
4.453711126699985
6.37551309510125
9.552921043282863
8.225018260202535
6.476521142594852
7.755986653101264
8.684085552999992
7.0978754485999875
10.699817302999994
10.910970377999986
10.61841140099999
9.907702122353578
9.623339192135981
10.599406782999994
12.482422533999992
12.361613068999992
11.716335348999987
11.229767866999984
8.803449215696144
9.497317280717095
11.143917728999988
12.966533703999994
10.150842069999985
5.031472033699987
9.159060467479982
10.243414198203995
11.55213434799999
8.11603934630383
9.187335038797428
10.236356203994553
9.923783439727991
9.440685749863988
11.004201989999986
11.180947193999993
12.100352723999995
10.621304439999994
12.416451642999991
13.362089383999992
12.703341642999991
11.81497937599999
12.486051243999993
8.606000871303825
10.48198044999999
9.489590273999994
8.336675509594873
9.056328843696155
11.594014544999997
8.67113837889871
9.89201349493199
10.408166577070705
11.147940400999985
11.918749061999996
13.216510491999996
11.42085788299999
9.723510792659987
10.754297779999993
11.186427511999993
7.672013931300003
9.84511115259488
8.34761779020255
10.076667245339992
10.187128903141431
10.923723697999986
12.80577517899999
14.313615819999994
13.317689443999994
14.125447384999996
13.365752463999987
13.09977289299999
9.113156846594876
12.168209595999995
12.543116292999992
13.391928402999989
13.377422266999991
13.579347686999993
13.61829968599999
12.957181029999992
13.571548736999988
13.266193664999996
12.55000176999999
11.37888726499999
12.129321418999991
11.502671607999993
11.928651810999995
11.212818595999991
8.688933224506394
8.677476647898711
10.521457929999988
10.310386554999988
10.305642225999993
11.39817717699999
11.190143732999992
9.480096194339993
8.514910784898708
10.236573279005434
9.631907696646387
10.58617296128286
11.734829606999995
10.44501337099184
8.587913107303828
10.074956233141425
12.106212824999993
12.601885343999994
12.696379320999991
13.097133364999992
12.57985414699999
12.959622686999987
11.786636631999984
11.499278338999979
12.988703605999996
7.255202793898701
9.374305120797436
8.626575308202549
9.253491378863984
9.611717204203988
10.861908562999984
10.688713892999987
8.357351791405105
10.386363802999988
12.50481688099999
9.823973913561593
7.52091062159999
7.686928817699994
9.924142062271997
7.669888366699991
8.171810626202552
8.449707984900007
6.451905418399996
7.120948236099999
7.905369206202549
5.089713780199994
5.8689489531999905
6.682318145799996
6.942464585898707
6.850279675299996
7.514503736899997
7.711228121899991
4.695480638099994
6.957090005499983
6.585711608899991
10.865435979999996
6.655390798999985
8.938267228696146
8.846817839101272
10.39489356528286
5.251843673699983
7.999915103101262
8.130994662506396
7.360950508099996
10.919320061999992
9.965029145863992
10.593612389999993
9.738254453999984
9.333597726271982
9.452161117727984
7.424073844898699
7.440735801696145
6.824945439099999
3.0553908690999805
4.3020650405999765
5.21026392209998
5.3636406936961345
8.981052017202552
10.280352616999986
9.17230960390001
7.039448620600014
6.261924134799991
3.864880805999994
8.13035753330383
9.038368591203984
10.699273502999977
9.695142733863989
10.704054715999991
0.9702582521282838
5.960867716999966
3.803526905799986
3.2235262282999972
1.9649600127999927
2.3486527679000004
3.7558635849000015
4.984652618399986
5.2670880401999876
6.269613314799991
3.776722511299997
4.291588326999977
3.4563013427999887
4.548913749699991
2.9357668578999885
5.675978033405093
8.104117854203961
10.085975834795994
0.8848853179000009
2.173688906899979
4.520961164899975
8.421085148727972
10.654396592999982
9.333140650931984
7.884655496202546
7.351850096101271
7.143247193898709
6.752797965999993
1.9847333496000001
4.967577572600003
3.487034291099986
4.759675372299983
8.168133569303826
7.930278172303828
2.2605726333999896
1.2982064102000002
0.8241063690202538
0.9809095189999957
3.6217911208999856
3.434949507099998
4.7369360747999805
6.6230493026999895
5.126235122696136
3.766301538099989
1.2525294414016022
1.7603703002999953
3.469404653899976
1.3003999328999936
2.8210864043999893
3.065447061199987
2.2130423934999963
3.9802707047000063
3.627692961099996
3.336742002899996
7.676461482199994
3.357751612899996
0.5210256560300015
0.9674865434727951
3.4010444946000002
5.529362188700002
3.7895987151999995
2.827842794799989
2.1220142257999997
4.495149999999987
7.289805741899994
7.621990899699993
4.709546446199998
5.537961805699996
1.8662441985999987
4.845687974499991
1.9286433623999957
4.228882508899997
7.285180548099998
7.415332414202542
5.135276370199987
4.513837496899983
2.8622631377999848
1.0231233557795965
1.4479819838999937
4.879328311199976
6.34173314819999
4.816555740399991
7.608965927101252
5.206410777299981
6.340824620101258
2.0392491454999924
5.154375546299977
9.059866439863983
9.650781169101274
10.649828862
9.475356468135992
8.88410554199999
8.171778384405108
2.6644276671999942
2.7379768096999917
3.763460301199997
7.408936639405111
9.325402920493593
7.5609020125999935
6.420567750499987
7.2269644439999805
7.3166609557974205
6.339633795199987
4.80654372099999
1.8085560867000028
2.7549728362999972
3.2683817413038057
9.859845892203992
7.393629754594855
4.505183595299991
2.520130076599987
1.8557862456999978
2.8259602294999975
2.6473958724999798
2.296080557299989
2.1341637665
3.810771720899992
7.038400503499994
7.072567105099996
1.8459152785999873
2.4881850753999735
4.7845284164050845
5.888561286898695
6.076341561899997
3.9818601806999943
4.886637284899986
5.675837245199988
8.16199660799999
8.613081898506394
10.061124128795988
7.427780686999979
0.6964091354399987
6.995041650405094
6.316841824299986
6.542610459899991
5.546903897099997
3.4959339522999917
5.1534946975999825
4.876598776199987
4.036771780399992
7.0877793715999955
7.5234693344051005
4.45064983829999
5.035422238199979
2.5057323470999937
7.6890943832025505
11.621410172999989
11.500899473999988
11.095297887999989
11.171258088999991
9.87810772399999
9.608645956271983
10.301352685999992
8.717492481999981
7.36424642789871
7.566725831594863
9.966526208353592
8.203519006303829
10.522037717999986
11.773342746999989
4.676541847199983
5.917518949899985
8.798450152594873
10.29976946272799
9.093589550797432
11.743943970999988
8.719687481696145
9.614745043895988
8.26875136110127
6.525637423696141
5.8222659179999825
9.49293694165998
2.9688726638999885
3.1689246856999853
4.795447239699985
5.012320532199995
1.6676304914013558
1.511088677999997
4.00006202999997
1.1570298568999975
1.5710830413999937
2.427744804399995
4.02839079899999
7.555313090659951
4.395995930499982
4.307947828699984
4.879051008599991
4.975228393599992
2.723447573899978
6.174366737405096
6.931411932399993
7.65747403869999
9.932453976133116
11.019327947999981
9.807219943141432
8.289425927696145
9.712461926303833
10.516934795010872
10.708101891999993
10.72299863599999
9.425846240135986
5.241057522599981
5.2701075683999905
11.869616286999985
12.15955635099999
11.430148888999994
10.820208611999993
12.876219497999994
11.46749898399999
11.051258808999993
9.567764810135982
5.858499249299996
3.2586021483999903
6.215447140499979
9.290736225898709
6.5711379943999955
8.102364712493593
4.667273379499987
8.065895048493585
9.0600994704936
6.219954876699991
10.818729864999986
11.598285441999986
10.373212447010884
11.662155723999993
11.975743455999988
12.92291133399999
12.95604802699999
12.839689844999992
13.28025776999999
10.57734364899999
9.938488204999992
8.55162138210127
13.042748034999992
12.947368117999991
11.808322764999994
12.98522777299999
13.122063135999998
11.531051151999991
12.430908106999993
13.349532137999992
13.003525153999991
12.985117452999992
12.004820376999987
12.191899418999991
12.186055716999993
12.03463733199999
11.69697110699999
10.011648033070703
11.556234058999987
11.958446505999987
12.702448208999995
11.900512848999991
12.075920965999984
11.287739194999991
12.288393186999992
12.38975801999999
12.403492432999993
11.078428142999993
11.005069373999993
11.788186925999991
9.140056428493589
10.528162119999985
10.390338369858545
10.892427126999985
8.86774829859487
9.274743211405111
6.0278646056999925
5.637788903799991
5.7471719161999895
7.305884640499998
8.64837432859487
10.822981945999981
13.08336744099999
13.672269423999989
11.795993433999989
11.990296912999987
13.164286771999988
13.43222593499999
13.819883220999992
13.173813566999993
10.32905183099727
9.380778170863989
9.89893033293199
11.436834429999994
11.98298545099999
12.527000402999994
12.579040450999988
10.529912613999993
8.695125195303836
10.497940627999991
11.465531910999989
10.473412072999988
12.532121761999997
12.77808191499999
11.402466929999996
10.894719588999989
11.505016295999988
13.020274785999993
11.895906185999992
9.58399278106799
8.814773821999992
9.257057952898714
12.289311245999992
10.17562319021215
11.395705164999992
11.064627407999993
6.541124130199985
8.217939608797424
10.231190563999997
12.126195406999992
10.033861997999987
10.422188097999992
10.58401502999998
10.381533887999998
9.480782798858542
9.865187940999986
7.931840917999982
6.399597930899994
6.945634532199998
8.529293630999991
7.951841091898702
7.150402610799987
6.202155297899994
9.102522374
7.229096528594866
11.985655585999988
11.087508034999992
7.696639016699994
10.715846927989116
7.084589967299995
7.709078655999993
7.4524931640999945
5.180295349099995
4.669110340899984
3.5560407226999926
6.623757029699992
4.565844465600009
8.36922216189871
9.937176454061122
7.952025044303822
8.032628636202544
2.952258515899997
7.656230416898699
9.57271174920398
8.350517361506375
9.98748726972799
9.71141435093199
9.644163558999981
10.515585074999986
7.320585858202549
7.58935882420253
7.973521699493579
9.494862332141416
6.569846664399989
10.71291223299999
7.714285839797415
1.2841229995999985
3.985634428399964
1.746221185299993
6.049007609599987
10.366003170858543
6.526918679799986
10.850380916
10.428163779999995
2.5868896010999975
4.891946459999979
8.6944768448
8.601539804101268
7.998872521999988
7.842658781405111
4.066315188599998
4.434796864299981
7.158225430299989
2.670357124299987
1.3984254776000014
2.262646514899996
2.645261494399978
3.5779791366999922
5.402251809699989
8.740202020303837
5.908898338299994
5.5948394347999955
3.6780716369999875
5.618674604799987
6.959505319202547
7.241203526303825
7.928081587135969
6.758453324898701
4.936243257099991
3.535407365399981
5.162196099899993
4.391370480299993
4.352516389499995
3.437997950699994
4.8409288512999895
4.347486128199973
7.668313960303824
3.0468405486999894
2.2805460158999966
1.055048676785851
4.1758577651999955
6.89028356929999
6.576987239099991
5.891153448499995
8.04258307340511
6.068657463099982
4.771876626599989
8.467172441099999
2.9175932326999865
3.290233106999996
6.891595675699995
1.8145252974999837
2.286333818099994
3.8899689300999998
5.836407850599986
9.568785342271989
7.737407728599991
5.472012081899992
1.9402571929999979
5.157395193506368
2.158781161499996
3.1341664702999688
3.5397562789999957
3.8453302535999967
5.638437039199988
2.3203685759999946
3.2732732680999983
3.1276618591000003
2.0270714843999977
1.2746207788013593
0.9457392166101279
2.9233387328999765
5.046798925799978
3.5181844619999723
4.326324648999975
7.454614172405099
8.451078955101261
8.369865803493589
1.1384335677999966
1.8983678131
2.964399591099987
1.8570369079999953
1.295796377599993
1.2823581679999858
3.2272563292999843
3.566856106599995
5.670522769199992
8.04663587799997
6.6838929625999945
5.37164064329999
2.0505149642999925
2.5001620101999893
2.9007022719999895
4.925511811799989
6.411701469405098
7.10272546079999
9.12302036440511
8.296575828594866
6.84922018279999
6.477175503493578
9.035561283898705
7.95165902249358
8.752818011506385
8.098978352405114
7.185448409999991
2.152236479200001
2.1631297729000023
1.000574800206799
3.6961459594999866
2.98612424619999
3.5341972655999876
4.211494598399994
6.275042666599987
6.153366464199984
7.140785542303822
8.226483077999982
9.315513534659981
7.868482514999998
6.442171423300001
5.542985105899993
5.4684618591
7.733221678202542
6.776251663199989
8.948645593203985
7.87895660549358
9.988847529717104
6.004460588099983
4.221557382202523
3.7202782485999935
3.3674147979999915
6.712660642999993
9.049124211067975
8.481679394493574
8.027094667101258
9.955356423999987
7.774065690594868
3.5692418761999853
1.4407123900999894
1.953403733799983
6.94732651820254
9.954132194646379
9.155453395101274
5.185962600699997
7.079068566898711
9.587708204795993
10.325303104999989
10.803115537999988
11.161780497999994
5.180232356299994
1.3182399693989069
4.16147756959998
4.467843180799984
7.007498860202542
11.296720101999993
7.6523676834051075
8.034309895303826
8.91911411899999
8.11054429320255
10.219592115999989
7.022233517499991
4.406162937899994
1.577631278999994
3.0497597869999935
7.135382124303819
7.2261700713999995
7.21428222049999
6.299068150299992
5.973680619799993
7.280278466797426
10.483469156999991
8.143433282506383
7.567064717101258
9.7705028337171
11.375074105999985
12.101289162999992
7.601718414303811
4.644290968299991
5.200152099599987
10.618365250999991
6.354506205696137
7.846265687594867
10.324691060999992
11.489810494999992
11.092655150999981
11.672194825999986
7.2463966034051035
3.099026618999988
3.3964184691999773
7.400634687797431
9.750487307795986
10.092173399282872
6.3577322905948614
6.495266484099988
8.635758108493597
6.478690556299985
6.131420597800008
8.19270301059488
10.215211549282863
10.73924329400544
9.781279481646383
11.564522253000002
11.423098331999995
13.149671592999985
7.113139388999983
7.5311343826
7.373841523699987
2.2019905303999825
7.54575835569615
10.35241933699999
10.19799801796672
11.085246700999987
12.11119222299999
9.948669151203985
7.213693902594871
6.562806504797422
8.030016015594866
8.686631723
8.108908335899994
10.986592663999991
10.680037336999991
11.775255326999993
12.172668407999996
10.71484351699999
5.412991725199981
9.421615632594877
12.411752627999984
11.52658605199999
11.568998720999982
11.769841933999988
9.426296812271985
8.850276161202544
10.521513579999993
12.019476508999997
7.0571997115948575
7.992005371101262
9.838924386717109
11.959343972999994
12.48002312799999
8.813886103797424
11.364100155999989
9.661700665203991
6.655908979797424
7.116613310202538
9.263862478727987
8.130404556299995
6.6841282729999945
8.926700149493598
9.338282891797432
9.700214482067992
10.80577491799998
10.259109298787822
11.58628530399999
11.78481265099999
11.532523652999997
7.510543156399992
9.260368334999994
9.746638099787827
10.079802975339996
10.43861376499999
8.788290133696155
6.58756809689999
6.787682295202539
10.544481063999992
11.533641530999988
11.233482720999985
11.888098821999993
12.081933410999987
12.702997048999991
12.193337235999989
10.96633350199999
13.80044848299999
13.584164635999985
11.412899680999985
9.595304046727989
8.618022390696147
8.324068182405115
9.95966915892927
13.43629287899999
12.568237818999991
13.44791874199999
12.387494127999991
12.442555878999986
11.405484360999992
12.297855165000003
13.999917370999981
14.475457650999989
12.787528623999988
10.42839360699999
14.623826879999989
13.278819388999995
14.10666182599999
14.978127031999989
12.280219852999988
11.932770647999986
11.870377874999985
12.275983431999988
10.491305669999992
8.303864506493587
8.162908830299992
12.860305926999994
10.558720122999983
11.608945832999986
12.732949187999989
12.535038399999994
11.910828722999982
12.135749027999985
8.533043849202551
9.402610073898723
11.478978039999989
12.022504784999992
12.208966036999987
11.910282839999994
9.975892707858542
12.182001713999991
12.113012147999996
9.959088659795993
8.670510848999996
9.163715335101273
7.421104316696153
8.685470942696154
7.2153234389999925
7.996410754405112
11.665923217999987
11.855950823999994
12.66446459799999
9.71869880378783
9.051173210101272
6.143034207199994
9.17366299130384
11.715254618999998
10.486477640005445
7.395231422400008
6.297178845202547
11.576961928999994
10.548798836999993
9.87396822507071
12.444137093999991
11.31771043899999
9.669401625101274
9.969703901795995
9.946253108061123
9.96089190378783
9.859530303999987
10.067918243271988
9.165571348727983
12.15002421599999
12.059378306999992
8.47462770999999
10.695563764999987
12.79309506199999
12.867161368999984
8.917690197797427
1.5840735001000004
5.907945066797412
6.124602914405099
7.2269479950000015
7.010393187000002
7.787525907898707
8.78737614589871
9.08102268213598
10.189036007787829
5.52994468989999
8.178134893863968
8.702968063405107
7.22476011050638
5.913482676696143
8.570130566405105
9.400544145135985
7.712414445506381
6.515175585899988
7.691264813199994
6.428932289099992
5.392835020399992
3.579666932699996
2.864807345599984
5.246731620799993
6.808858471699988
6.304292584199986
5.186640200800006
6.277448410000001
6.531217898599992
7.437145390303823
7.148928417999985
7.340152427696137
7.62282546999998
8.126172817999993
7.656964752199992
5.914872763101255
8.281066397101272
4.418239041099992
4.837840371699989
4.775984544399984
5.289157003799984
6.9940018126961405
6.056672264099983
7.8469638351012705
8.790549734339976
7.416874357594865
7.128975523405098
7.3979063644051
8.146340930202543
6.846205372599989
4.78102299039999
6.457304333506383
5.360806802399988
2.5884065917999948
3.8563426558999896
4.2379221237000015
4.674935638399995
3.8472713408999915
5.913579035899986
6.710389224199987
8.324969464101267
6.590066267405101
9.762194662339986
7.859163386493588
6.963093560799988
8.583647154135974
7.616024003594861
7.560490360999976
1.8022058837999988
1.4553319762999983
4.605405158999998
3.163530503799997
9.142035267594872
8.366103210405106
6.528790617399997
6.968442211899993
7.640992576599995
5.113000315899997
3.1435284713999976
7.355980104101255
7.684735888696143
7.4625915725948655
2.3141539229999997
1.9636008072000009
1.8821750504000023
2.889207823199991
4.847767018099992
5.922743846099992
8.122889013696145
5.066299075299984
9.219180665727983
7.796160365303827
6.017503167699995
6.414028414899987
7.803413307202541
6.63611568759486
6.951779077099991
7.665204992699993
7.806629652399994
5.542017575099993
6.587299450699988
6.0256594878999925
5.394585832199989
5.304848921199989
4.26972621919999
3.226542704799995
6.713690931700003
5.729622843899989
7.799714419594863
7.975804734797424
7.112913626101265
8.052124024999994
2.836118533299993
4.64261151429998
3.6799288772999805
6.6462246108987015
3.3282629104999906
3.1488285766999993
5.3625300155999875
8.380103854405105
9.624271972795983
2.777543650799991
1.220356886299999
4.508455046101254
5.71232204439999
9.806838467282866
7.6948691574051
7.310912853999984
10.488271329999987
7.328787171899997
1.8540165023999997
4.278170748899982
5.015580688499979
4.849984268200004
9.470646729999988
9.840102629067985
9.312317340067986
8.122031027202548
4.285787417599985
7.816073081999996
5.815387786899987
9.274082139727984
10.780632363999985
9.673769398339989
7.246051280202549
8.344967967202543
4.143317320299984
1.7899274826000005
3.881047882099971
4.857733041399986
2.486777056899995
5.748482576000006
4.844402117899999
6.069441975400003
8.214758017
6.560046798700004
7.882983087202545
10.126635124135992
9.528135337863992
8.984504368600001
9.52321842333999
9.957844442787824
7.854273577898711
10.60730653799999
11.662178155999989
9.287821649202552
9.337254344135985
8.162776267999995
8.876920309405106
10.136573610986396
8.996809596303832
9.182434928931983
4.351151827999996
5.866251805099989
9.467187971506396
8.514527093493605
8.16632865140511
9.414994348101283
7.97778525700001
11.621886057999998
11.632064341999993
11.92671458299999
11.298781762999992
12.038645539999992
13.42130838499999
13.28319036099999
9.160548158303833
10.605920962999992
9.603279569999986
10.33261021599999
5.711481990099981
4.175889181499989
3.3600431884999917
1.2142144103999941
5.1104011978000035
9.397772248858542
9.204658804203984
9.07604196930383
8.475987324493593
8.815514540101262
6.428809843399992
8.073551502999992
10.928470273999999
9.313901257303831
7.8323122497999895
11.525171972999992
9.51459428099999
10.46229628799999
10.183488513061121
12.599588222
11.30735112499999
12.680642275999984
13.354363758999993
12.401527141999985
8.992203208898701
7.177982670594845
13.378995705999987
11.442648354000003
14.827078705999988
12.789199816999988
12.319391485999988
9.41612331389871
6.544270381202541
9.36751561892926
5.006580696099978
6.723412181101246
8.307918574493584
10.74363373099998
9.924195490999992
9.282370083727987
9.316116172791984
9.428294074999993
10.007171247929266
12.332777199999988
12.463024989000003
12.24998326899999
11.006221253999989
12.280527392999996
12.009077648999986
9.518582051070698
9.645308633282866
9.880097917135991
11.655353769999996
8.482358653300002
11.21335275999999
11.124809714999978
11.285378777999988
12.516164765999987
12.831345241999992
9.952520916795988
7.264519547999974
12.235847794999973
8.91600169830383
11.696283336999992
6.591708492999992
5.814514343299987
10.315615322929265
12.977306086999992
15.351364676999994
13.435105686999993
13.546441723999981
11.938244091999982
14.25892335499999
12.757525219999993
13.899443856999993
13.076078737999994
14.264110111999994
14.378331565999995
14.450605881999996
11.42567073699999
12.844418014999986
11.026516832999985
14.576046395999995
12.858724993999989
11.307001679999994
7.903840408299997
9.022860046405114
8.409813790898713
7.541750932299996
9.390306393271986
6.607178430202545
8.062036146493586
9.95454447786399
11.324397403999992
13.098926859999992
13.059077065999983
13.479979606999988
12.424131650999984
11.645214068999989
8.831719097898713
9.108677786303836
12.424258535999988
8.320355473303842
7.9392472031012575
12.129615265999991
11.609015575999987
10.583759997999989
11.24267031399999
13.98283237899999
13.05515059099999
12.808171454
12.699309270999995
13.524670049999987
11.347531926999986
10.142298927212149
10.302423477141426
10.780760108999992
11.606451897999985
13.041963975999984
13.563810961999993
13.820322671999987
13.28572475699999
12.043637856999988
12.412984525999985
11.865165880999987
11.880322132999991
8.600437185696142
12.04286567699999
8.834380493202545
13.496647295999992
11.795738483999992
12.502405010999992
13.388989020999988
13.053853539999992
9.222843308999991
11.50332878599999
12.63718858499999
11.602209333999994
8.447838961797425
8.623940939303827
9.083098643506395
6.252039157099991
6.511251557898702
8.600085221898704
11.101946448999984
11.717335117999985
12.427105854999983
13.81004256299999
11.61910447399999
11.248546079999995
11.393427332999991
12.989050376999982
6.518752748099986
9.150706588696162
11.524336501999988
3.1734430358999854
5.310876666303807
11.062314515999988
9.907756863282868
7.955473794594867
6.723367996199993
8.430454574594883
9.897709219271993
10.69716337299998
1.7153782165999987
2.3168462584999934
5.159715649399992
7.441201490797428
9.42207123406798
8.62287157899999
7.682955674696149
8.07870657040511
6.477438113400005
4.470178163099994
4.2172816772000035
5.020229022199992
6.395691239899993
4.790198123199984
3.7087275176999834
6.597941250594865
3.8955069381999947
5.353553758199982
5.48981636199999
7.52853939059487
8.524599272202556
5.541206271399995
4.987961834699991
6.0793332198999925
7.269977096594864
6.904949443101263
7.088533245797423
7.017414741499992
5.98357232509999
10.026714665141434
9.466026153727988
9.236435543863978
7.466582914699992
4.1546980651999945
2.4423661865000046
1.7216698867999949
4.322501342799982
1.436938973999995
3.3032071655000026
2.105015368699989
4.080252325399982
6.820702723696138
6.4864844176961425
3.835736869799992
1.882873170499987
4.062145909099985
4.336727331499979
5.928603077696138
1.2075988551997263
2.033820057699998
3.5582774703999904
6.008859966999982
5.02475801239999
3.749216490199997
2.174489288299996
3.1327417006999903
2.8720146285999975
1.168746040299994
2.406696345500001
2.652758937099973
3.102979457099983
2.9878186675999823
4.7478128433038105
8.872752798506394
3.648965687599999
1.9457289214999973
1.7085446884000026
1.1078774802141358
2.4404058104999904
3.241762156699994
2.8385349120999948
1.9868303237999805
5.482923341399988
2.9226115966999937
0.9696060275999965
2.3218476439999876
2.8242108642999866
5.624776554899995
4.003818386799992
0.7994194305399986
0.7645012967101259
1.0365024770005444
1.7102584824000011
4.22310487059999
4.177941200299975
5.429304273999993
6.250373532099988
4.984171975699993
1.2745211013999969
4.8883905914050905
6.412477743499986
6.709104482999985
7.499252178999986
5.635193865999992
4.977191033898692
5.929789489696133
5.512851905799989
4.681183543399981
6.683695835898693
8.02636112059486
7.464108431999983
7.216480683898705
7.014495124799991
6.102284870899985
4.665752926599999
5.323732147199994
7.309037718202537
8.729722212135979
9.053535525493585
3.0008049590999972
2.8636618575999933
3.6011250609999825
6.571993453999994
8.07844836269614
7.071456506303824
4.001246252399992
3.7307764174999942
3.9029020660000002
1.8619511275999943
1.723087441999993
3.5284468017999693
2.4446988585999887
1.5204125487999929
2.0779524445000033
2.9801625671000043
4.085169862399994
4.640535203599981
8.365634200999976
7.833802532999988
8.515519207797421
4.932619589199989
7.4965661879999805
7.303297560101268
1.4836478789999932
3.3316828369000016
4.431888378899986
5.761649418599993
6.08924439239999
6.981179682898702
8.094719732696145
7.642200770594865
9.632261843931985
3.8345667479999923
1.2066235427999983
3.2225002929999746
4.5502557754999815
9.721276939271995
6.761753404199992
6.553079066499986
8.413578715493582
6.81579581759999
5.797400251799978
4.643259834299988
3.7126788283999885
2.185234495499999
3.7068992675999985
6.026593170199985
7.389711218303825
8.901361648594875
11.551262676999997
5.629484075899978
0.3693458145099999
1.9549723052999926
0.6099020523067944
3.985128765899979
4.170900181599993
6.306053573599989
7.7692514832025505
8.481355618303828
9.44953838499999
5.439692533899981
4.779143156399986
1.591473245199993
3.0404735244999967
2.1026154662999956
5.450465864594852
5.486116274999969
7.022094660898707
6.658307217405105
4.14673979799999
4.052605192599992
2.909765956099993
4.262413755799991
5.369425476099989
6.635070724506382
7.069337965405098
5.148457128899978
5.093650489799984
7.772864953727962
8.7911485809
9.268314593659982
6.389545643599993
6.99265148159487
9.803636515858548
7.756179362506389
10.74650652799999
7.200752174405106
12.05207120499999
7.326696528594865
10.165235969646387
2.404564495799989
1.3069948675141283
2.5271685134999764
4.857111190799989
4.421719512900003
7.370832408100003
5.419048715199987
7.511772305299992
9.413620678795992
8.76581563110127
11.081792016999987
9.521342619212147
5.463362123099983
2.124994219999989
1.0279196792717014
4.554525204499989
5.855331240799987
5.763355848699994
5.90315184629999
5.923979113799992
9.263262266493587
10.181195728999993
10.811690561999985
10.252372791
11.938658309999992
11.781665250999994
10.087359731997282
10.874189548008149
11.79959163399999
6.437517602493578
10.002533663929242
9.375400718700003
10.844155834999984
10.869812052999999
9.281707409696159
10.690542489999979
10.859356299999977
9.277463531506386
14.537550265999991
12.953724108999987
11.179564473999989
9.038455181931981
9.593303549135985
13.808909409999998
10.213308178999993
8.992567462202555
7.872494703696144
10.557787472999996
10.36468925599184
10.038381004212136
12.498918833999994
13.624042096999993
11.789578312999991
12.03139773099999
13.096801241999986
13.707603960999995
13.188974708999993
14.234917249999993
14.589851789999985
12.221264673999988
10.718337328999985
10.32362084399999
10.076483833203994
12.332401919999988
13.683207528999993
13.29425642199999
14.551564173999997
14.434622342999992
13.564892153999997
12.878268709999992
14.603136175999992
15.058113540999994
13.889436709999988
12.681926449999992
11.538218134999996
11.510912673999998
11.504223232999992
11.820503892999989
13.683613650999991
13.31802347599999
12.60278369299999
11.37545780299999
11.400932531999992
10.038880836339995
6.336213113399987
5.861133465599985
8.43371763610127
8.824208381699995
8.976946151699998
9.832353768931993
7.793584144599998
14.560285805999989
12.281927089999995
13.631008027999988
13.137346398999997
12.621148511999984
12.481985845999994
12.384560974000001
12.82896845099999
12.249246226999992
10.919610880999992
12.624782621999985
14.250435651999988
10.580267579999992
11.338227646999991
7.760542770405104
10.602159528997271
11.504025802999982
12.297706524999994
12.663647512999994
7.363544122303829
6.859214994799992
7.010785702493588
7.322216735797426
6.352419673199986
4.166634904499991
3.0239951873999953
2.183571382099994
3.4804755523999926
8.99019028930383
10.40133702199999
11.054265658999993
8.083270945696151
8.022353410303827
6.523341268899999
9.419304841727989
10.628824676999981
11.026772359999988
9.766014904863992
12.873970916999994
11.233374052
9.98433043513599
8.796898165898705
9.827324079931987
10.481969387999996
8.61852871089871
8.986521986405108
8.493581776271972
8.041623411594877
12.526232955999987
12.500433930999987
13.70068955399999
13.539109331999992
9.335727531271994
10.265866447282868
9.236064530931984
9.563480668727987
10.062221447858548
13.233926357999993
10.328110727999993
11.14777351999999
11.377165852
11.23370059399999
8.659824124100002
11.047488367
11.006503241999992
10.51255943499999
10.527708408999992
8.766200105303835
7.423657650797423
6.14559949650638
5.206595455900001
8.918714102202554
10.42731669799999
11.401012478999988
11.70075939599999
12.386043671999984
10.88826939999999
10.045190592999978
6.827807621797419
9.113177088931982
9.073078388999978
11.890984693999993
11.96554425699999
8.034371754500006
4.124233846999996
4.235535932900008
7.202322497599995
9.578219081067987
7.036548501594864
5.792253645299997
9.00153055106798
11.204958240999982
6.410174746696144
3.0109572783999923
0.9901156310070652
4.351483186299998
3.5924234237999952
3.311956790200004
4.367072251899997
2.412433357199993
1.4968658263999937
2.551783070399976
2.0417852065999957
1.6599655608999988
1.8383917312999967
1.4775697402999937
1.4049773375999999
4.696786282299993
5.361608909599991
5.9370495009999775
6.074990788303817
6.761876998898703
6.338713929699994
2.1294118377999904
2.7531403624999964
1.0233264186931952
1.9016616973999994
3.5697629455999786
1.524627091999984
3.1083647231999785
2.685976310699974
2.8083716445999887
2.486143627900007
3.358151274100003
4.209853803999985
8.431460630797424
8.190774937405113
5.570420666499989
1.906727508499997
4.607213920599978
4.837166467303813
7.037619033799996
2.4609225295999955
1.9551851256999826
5.938572524999996
4.527151058999993
4.093289558399989
3.6657909865999927
4.195848101799997
1.0391028694135964
3.6443495070999834
6.192882893405105
8.175449148594867
3.559201948499993
5.157694509899981
8.63801253199999
3.980461643999988
6.007005162000003
6.911182315101255
6.825675874299987
8.561872128303818
10.412954374999986
7.93645104679743
8.315148760999984
8.006356217999981
6.9316749633999875
1.0734917916988007
2.118429415899995
1.0045040993795986
6.1256340714050905
4.4393269347999915
1.3882062464008018
2.3677834456999958
3.6397710753999744
4.973437184099982
8.554850218202539
8.158139193696147
0.6222731080999999
0.7013645441103952
2.9449919173999946
2.0713710036999964
2.7409170272999748
4.482416426101246
6.528533970594861
7.033523101797416
7.396996588101259
6.832882414199991
7.148004164101254
9.036551480101268
5.790925544699998
4.729749531599996
6.771136965899995
4.112616517599995
5.722017645300003
4.693430229199986
3.731788729899984
6.215550953696135
7.159303930699991
5.722448051499993
6.462554409797424
6.642522279399991
5.702083232100003
3.4419523787999844
5.0303196624999735
6.4877215575948535
7.361117013493576
7.161784774797416
9.877471812271985
8.481935613999983
7.839956205696136
8.816504154999985
9.088606257594865
8.093312763999993
8.773282620202547
9.503851173271986
6.286674056999982
1.3036532074000007
3.8807167205999846
5.73268905639999
5.932248289499996
5.70390004119999
7.021608064299997
7.8050389343038304
5.708542127999993
8.392546199000003
6.5822385695999905
7.704861895797429
7.816755656405106
7.614009703101266
9.188085612339979
8.796540231303835
8.71413957520255
7.804696879594871
6.139778166199987
4.284816628999997
4.433610467499983
6.437136402899985
3.4352947387999873
3.3254351882999975
4.743781654399993
5.588454371599988
8.410434680202542
8.121775561493594
5.526832269299984
7.078126783799992
5.026000503499989
6.843629647799994
8.197325067100003
9.42749569093199
6.349528198202549
10.294395331999985
9.511933955282858
6.817557707199989
2.4343320266961173
5.83224616389998
4.093832925399993
4.9308509337999995
4.7328890884000065
9.053837158202558
10.490952279999988
7.373930964699989
9.157099482696147
6.834556085202536
4.095870300299998
5.855040826405098
11.00231433999999
8.120208735696146
5.905728666699995
2.5757703399999943
7.567062315405099
10.851691793999988
9.783834489271992
9.692774735999983
8.01360253140511
7.949602720599995
1.7824956893999935
0.906716623979597
5.090445846599979
7.006284916699988
2.3254039641999884
3.3856991256999898
5.030580380199983
9.337607846067991
10.615122651999995
10.900471253999994
9.01822332610128
10.209180102999992
12.05651995999998
12.638706400999988
11.19024710699999
9.509809939594874
4.524073300199981
3.791671961999978
5.860037257399993
7.5319454666000025
11.717809202999987
8.079760998493578
5.730230938699978
10.492870777999984
9.682268041999977
5.970595364405106
8.521051901202537
9.506680453339982
10.01177743685855
11.06497202499999
8.931874549898707
10.681051877
12.477324222999997
9.0631950774936
10.462700210717093
6.7143052825948635
7.599745758101269
8.499332551594868
9.020807553101275
8.521056172202558
8.57040513310128
6.233537089499989
8.845689004493584
8.702657441696141
8.642464785797419
11.397637832999987
11.262088488999986
8.253597299202546
6.859213261399993
9.902189256203995
11.804683524999984
12.874100976999994
12.445820095999997
12.162953763999992
10.77887009399999
7.701427293399996
9.110707670600007
12.13074980199999
8.040944375594863
9.47493275449359
11.209309041999996
9.779387591717105
12.034840944999994
8.744048060594867
9.411679675203988
8.273872494493595
9.70155767372799
11.623835718999985
