12.630755710999996
12.735556867999994
12.77857974199999
8.784375472999987
4.912183644099986
6.4685802231012595
9.670473214795981
8.560070973202556
11.810430129999997
10.127081661999995
12.076522632999996
12.738497283999992
12.882871076999994
14.561704221999992
10.351156374999992
14.078884643999995
12.995765372999992
11.520318318000001
12.724384417999998
13.699423751999985
12.726229842999992
9.017579679931982
9.530921409594873
12.326205170999986
12.879189134000002
13.857495550999987
9.90359159093199
11.35118410599999
10.077480459999995
9.957684472795993
11.613457020999993
13.104514246999985
12.828280527999992
10.418767489999992
6.017191303999984
7.043188030999984
10.574814940999987
12.627679743999986
11.921684939999992
11.77999812799999
13.116597606999985
12.606631991999992
12.501903600999988
13.543621035999994
12.994998905999992
13.273358175999984
11.543150457999984
12.615810341999987
9.518368818795993
9.17874895940511
11.883594797999988
13.192519225999987
13.557893610999987
14.037065795999986
12.46379069999999
11.745971879999988
11.62848880799999
8.278338807696137
7.189950349405082
11.028565943999984
11.688328035999987
12.21865461999999
9.201419973797432
4.008784800699995
3.2890641341999935
8.563834234600003
9.804324746696162
6.640436903399998
10.877731231999993
10.253304436999992
9.433672738594877
12.597186664999995
13.605650063999985
9.233227745101269
8.776291589399998
6.377733225999992
5.679706034899992
7.941416029405111
8.40123707120255
9.707309336896001
10.822501933000002
12.52089953499999
11.812138079999993
7.9801192963
6.310980284100005
7.338760551506388
8.34376036989872
10.510205674999996
11.631229253999996
12.514294787999988
12.310167980999992
12.439253014999991
14.263081528999981
11.949160990999998
11.86014751600001
9.856045477203995
10.282167084008156
12.032148055000002
8.318093763696147
6.287952702299992
7.208478797899991
8.88089553679744
9.02107430413598
9.688975855999992
9.316481849696151
7.633580178797428
11.00195417199999
7.155763896202543
4.078402217099988
3.3476163421999883
6.285209939594839
7.21226634369614
6.77571192320254
7.377164793405097
10.167508810282863
7.0640482253999926
1.9011440139999989
2.9877338408999923
2.5912768310999925
3.887403791799997
3.2286666077000015
5.165951663200015
7.070527030900002
9.275761509696153
8.72497326510127
9.748911036787824
6.739386381493575
1.4530706511999874
1.8389795745999953
1.6663705703999918
2.427106028699992
3.569184066799981
7.262204173303827
6.107442460599989
5.804466235399993
4.077990208399976
10.762333646999988
9.122044587696148
4.313409654199995
4.150100433299995
4.476978457594839
5.054698390199991
1.6693322814999971
0.8903757403400001
0.8416891844795974
2.3779522125000003
1.9137103148999988
2.3533576461999917
2.4429085677999747
4.461339086899978
5.233787582405098
3.7441777343999916
3.0690138595999956
1.9359233214999965
3.0508694991999765
3.034081919899991
3.3748834273999826
6.013274801599994
4.263058764599991
5.598646485899982
3.4591164597000006
1.354335749799999
2.147658795199993
1.7284371947999972
2.590031515499988
3.84270332339998
3.4693890593999828
1.4490413054999978
1.9049713562000044
1.4982091247999962
2.3590347594999717
3.2384919631999836
4.0580140518
2.998527061499993
2.529934764099992
4.0641045409999945
2.456655473299993
0.6273837429000017
1.8413968033000012
3.73272272189998
2.848036151099987
4.562476505999991
5.486436837799999
5.330846128800001
3.6985770461999987
4.801705842599977
5.552989707899987
4.582437898299993
4.296846817000004
4.817421154799988
1.665614358499999
1.408443585199994
0.8814927206999956
1.1459589228882927
2.6234317656999977
3.306582495099998
2.767795716899996
3.7772924758986797
7.166769552599989
3.656943336499997
6.571375161699999
5.897818371599993
8.279790621898702
7.57963258359487
4.225052535999995
4.5388557418999795
5.8930843520999865
4.679727317799984
3.7543690307999946
3.947720579499985
3.9449089080999964
2.8194420348999976
2.1142266692999905
1.1885248778999953
0.6684666994999947
0.950807696907064
3.3792541747999976
3.8665887298999766
8.107723947101269
7.972356961101271
3.1428652266999944
2.4477056519000024
2.5094385909999994
2.989819474800001
1.6773527931994585
2.6251543777000013
1.9107821456999956
2.7164381851000052
1.2060307888999975
5.849157224999957
3.975853320299987
5.439978102099987
4.219881724499997
4.848630001799993
0.908872793879597
2.7274170134999833
6.951869833405101
1.780167385899993
2.340990554800001
1.7752677642999992
1.3448698975000002
1.9347833404999824
2.4471245482999877
2.9394433684999837
3.1077853316999793
4.538348023999991
0.5584759283100011
2.400188017299982
4.106314807099978
5.7556983565999795
7.374881335405104
9.758172392203987
7.937357852202545
9.419581489727989
8.89353878320398
8.386776063493585
9.382134455898711
8.296882093797425
8.903511152594866
8.576454528797427
6.089567527799991
7.025146412696143
8.578082401999984
7.99282860869615
6.384423246797421
7.44934424589999
7.464170146202545
3.5183160033999985
4.7542409377999855
3.139890103099997
5.257940731799985
9.546098863135988
10.329049917999985
5.819342893999977
5.5454428496961405
9.995747759999992
10.528118656999988
10.0419051957171
11.927073581999986
10.38720460399999
11.954888289999987
11.321390709999989
11.062139414999992
9.105447373999988
6.345610583499991
6.312623515303821
4.461187701399981
10.047347206070707
10.877375924999983
12.611428489999993
10.692916713999983
10.204275260931986
11.010445925999983
4.671423376499985
3.36233580169999
6.066904362506382
10.26198725592926
7.456571014405103
9.27775567020255
10.356069906999988
5.457223635899984
3.7330703582999742
5.545590092506375
4.54614408419998
2.494970271299993
3.1812815825999827
4.57360974429998
5.2513559479000005
4.491895675699982
8.929338877898706
10.146993825999997
11.533003666999987
12.179413559999995
12.148766753999992
7.660314353899986
10.843040680999984
8.34213366999999
9.027018797303834
10.401147178999993
10.754824775999985
9.073490606795977
8.211197451797428
10.434832241999985
11.86948468599998
10.621133989999999
10.504901614
10.66970265499999
6.107765875202526
11.949679874999985
11.646853757999986
12.047189472999987
7.580928793303826
6.699738032493575
7.557393209800001
7.6085791091999875
10.685742980999986
12.395820485999987
13.382788445999994
9.109288420101263
9.575262513795987
12.428397327999988
6.599558775299999
5.536986311299997
6.402462950099983
8.95631418149359
8.154005201696151
9.582322788999988
13.363788714999988
11.390999843999987
8.527768402101263
10.350656293999995
11.810962453999997
9.832664538727999
5.023156751999996
8.967956452898704
8.121148411594874
5.221945217899991
7.248555828899989
11.362224111999986
11.986095699999991
11.44975367599999
13.659169326999994
12.266808823999995
10.605375193999993
10.157116647203992
12.668110088999995
13.233801944999994
13.186142080999996
12.913282535999988
12.541769166999996
5.844115762299985
5.5366414321999855
4.762660116599996
8.631179122898708
10.972165185999993
13.444030213999989
13.102014625999992
12.622723890999984
14.488817672999991
14.05960477299999
13.557621497999987
13.278152891999989
12.162330262999989
10.286965039070703
11.305702395999987
11.148934710999983
12.288054603999992
11.69225769499999
13.428150699999993
13.47455495799999
11.343735883999996
12.99638874699999
11.63422482
9.928928453067995
9.62748954006799
11.24876095099999
9.667388934203988
8.991184530594873
7.463440483099998
7.9936040863038285
9.0162597137
10.520355111999985
10.802800617999992
12.769575653
12.094636602999998
15.20848180799999
12.187049518999991
12.27610310999998
8.02609227599997
6.53275554959485
6.59628178559486
5.422420077499991
6.960774134797424
9.351711599696152
9.776034876999994
9.682483280931997
10.96296182999999
8.065321238696153
8.751476956202561
12.545379505999984
11.334442412999984
11.002954103000002
10.613738609000004
9.800875749141424
12.533457659999987
11.814192139999994
10.119123086646386
12.047623527999985
11.464345371999993
11.492102982000002
5.459702426099991
5.385194419899994
6.375366142303817
8.042304605101263
9.744652931135994
6.40938879999999
11.963787575999987
10.650288036999989
10.461252878999986
10.408492919999992
10.249407596999989
10.21488888499999
10.292700007727989
13.310897851999993
12.19878225699999
10.187232393989113
12.053196993999991
11.178495684999993
11.98514923199999
12.655091276999988
11.624130971999993
10.63106166798912
14.100321110999989
12.640468401999991
12.851019010999995
12.131959856999986
10.285386905999989
9.335747622795985
10.006342042659995
11.557335865999994
11.281291193999987
12.75247410599999
8.284939593493593
7.125145161405092
7.100192951999992
6.291469780000001
5.123425576800004
7.195976422100009
11.649523990999993
11.718646392999991
13.261765526999985
10.295040915999996
8.979889010594876
5.6874532134999995
4.993038397199998
4.319284132400002
3.294732623299987
3.745265754699992
3.445037483199993
6.343912405399998
7.669995381202546
7.379268099999992
6.300521392799992
7.551633566299996
8.285279045101271
8.872107984898703
7.8906917129999785
7.359612890594865
9.111944567898712
7.050338540599991
7.200224844399991
2.1713829101999877
4.875820887799991
6.960544479399995
5.285487145999989
3.566127795399991
3.2429767226999973
4.039356892399998
3.8045670227000015
3.6754683440999973
6.032439985700002
4.814959757999993
5.07707567899999
2.076265699799987
1.3528450246863903
1.6842730926999905
1.8834717559999872
1.2011443041863956
2.1560859299000033
2.975547218299996
2.101109884599997
0.7965490301067977
0.7425792556863948
2.3772102508999806
3.8542673034999857
5.577443078594855
8.148827091999978
9.59888094185854
6.995677717594864
5.696957694999977
3.021061874399977
1.0865531992931954
3.3364731505999723
7.532556101999993
6.2818428573999965
5.537396258499985
6.5210108397974205
7.030427363594864
4.14965268709999
2.8862907958999955
2.210950129699988
2.550049523899988
2.5716542861999994
2.431575381500001
3.1565891463999787
2.631669906599996
3.131094580099991
5.880143887303825
4.980582867399992
8.784648539696153
1.487071980299997
2.5716923354999888
5.142641683999984
5.806399310299993
4.492502249099988
1.5389496077999971
1.9357797287
2.403978059399986
2.610773330699997
2.099629254200001
0.8988600375135984
0.6030391172405105
1.9718703078999995
2.018219754
1.0138665784863985
2.6727226470999885
1.9979425612999973
0.7019121646899984
1.1896379027999942
2.7833224654999857
4.720264076199987
4.156401075699994
3.346851971399989
2.0265177321999976
1.2112943619005436
0.7897376334199999
0.9535336911058603
1.977212799099989
2.685133879099999
4.360143931599996
4.519838308699982
4.169963392599993
3.8111885161999877
4.922423733499989
5.976742524696134
7.308909010300002
6.410998211699997
3.416319853199992
3.9055738662999895
2.390059236100005
2.251178860499979
3.7676860976999818
4.6616596679999756
6.013511885099991
1.7805658614999957
1.2787321822999982
2.4454989730999763
8.486258052101268
8.122141261303826
7.982931352202547
7.740195274405106
7.0863873275948475
7.026327339202543
6.593259982299986
4.267537298599977
7.293129910303825
4.546232411199994
8.319692214999986
4.9844140029999915
5.699684747303819
7.129012206999979
5.424238368199986
1.0938813051992013
4.38591690059998
6.980648022506365
10.211845330858544
9.840627471929265
2.856452824399989
2.277142675799994
0.7757024312999963
2.867133993499999
2.663455477899992
2.9142075789999984
2.57344697269999
6.63221928859999
7.9286793503038195
1.7164867614999921
2.830870356799993
5.097114953599991
6.065558396899988
7.062028085303823
5.680844230699987
7.440985957303829
8.582047917202544
7.545085937499991
7.577143592797424
8.55476616059487
5.617219369499994
5.550297589099992
1.3600970473999978
2.650043691999987
8.159790325898701
8.711961868303824
11.262868801999987
9.15616256259487
7.689586926299996
10.89756246199998
6.136892118797413
3.802433279399978
6.358317109699989
8.295099844405115
6.484431454499984
3.237894502299988
9.166325364795984
3.488000199899978
9.336840158067982
7.240960528594857
6.719504241899995
9.967631910787823
11.261554278999991
3.4324084655999934
2.2105260085999903
2.7711046096999765
11.656177942999973
11.441163106999996
2.5335089324999878
6.414985121199988
9.625742944203983
11.078320917999987
12.901369426999988
12.66759883299999
10.411922513999988
7.041407578999994
9.911521308929265
12.751333101999998
12.956916813999996
12.544434090999998
12.094505529999998
11.530339556999989
12.367551014999991
11.915239072999979
9.967803465203996
12.568838183999988
11.953461532999983
8.588843606594866
13.05745354899998
13.13751136299999
14.017351131999993
12.266468014999985
7.78970379789871
4.606166285699995
4.348216325399995
3.8888133162999856
7.5790921875
7.596487913500007
6.241094547999998
5.343436418199985
4.594878164699987
7.497145065303829
7.953945194999998
8.801256121797435
8.566880354300002
9.572737478717107
8.697207427999983
10.042897836203991
11.720060962999993
8.031411047405086
9.637880133070695
11.998538444999989
13.163223111999999
11.32863012499998
9.706191615203995
12.510128274999992
9.326500564594877
10.353686329787818
12.44007156099999
11.00846413599998
9.185971072271984
8.991403442415976
8.960739082303835
10.246002418999986
7.626860864303831
8.002838034101277
8.1775794937
11.474138759999988
11.02939380799999
11.959775896999993
13.441887523999986
14.525505826999993
14.93322868999999
13.429423560999984
13.377894452999982
10.922677385999982
11.570602912999975
13.212956601999982
12.621824752999991
10.079845104999993
11.999832433999993
11.539917574999977
10.519296891999987
9.248440084797432
14.41703089899999
10.551407328999987
12.595205636999994
11.487653655999987
11.696015333999993
10.234950512999992
11.876417174999991
13.20663761299999
13.40015383099999
14.409188326999999
11.125415290999996
14.104829255999986
13.382427433999993
14.176175153999989
15.221885543999996
9.154627413931985
7.387154440303811
11.857064580999978
11.221916474999984
10.98033147599998
8.576213850405104
12.005768220999988
14.444108571999989
6.7152290192025355
6.575428230303814
11.306583945999991
11.47959512499999
8.115679060405105
7.3572192824935625
11.613601923999983
11.89938634899998
10.93470270799998
13.013264835999994
11.639731020999994
11.139542499999996
12.838659125999992
11.800517830000004
12.118331077999994
11.322552251999994
11.411787056999989
13.269572130999988
13.34936794399999
13.482204020999989
13.566251186999999
10.294084141659994
8.971227587898706
6.469580239898694
13.236050239999987
12.97403099199999
11.921671587999983
11.43517036399999
7.374279457101268
8.042329035898705
9.68318076486399
12.692442756999991
6.606848849499992
7.010567723099994
7.74391204530384
11.529071062999993
12.319206937999986
14.047011313999988
13.858990398999985
11.42586259899999
12.56946054199999
10.386282242999988
8.981827914405104
12.599008010999992
14.01351174899999
9.85651096193199
11.134154587999987
11.335883619999986
10.645777358999993
9.577058688271991
12.566502491999994
12.481141039999988
13.823347689999991
12.428559968999995
7.495370921299995
7.8204830626961535
8.951553810101272
6.965518005405106
5.786042170699997
8.46509446720255
6.89440799099999
9.180042636101282
9.950421580646381
11.702278394999986
12.355722811999998
11.693865377999987
11.736181963999986
12.04009729899999
12.608822939999987
11.552392563999991
11.068613494999985
9.922488545141427
7.998744050594866
6.2677272003038205
8.35017505189596
8.295579322797442
11.446599735999989
11.780174003999994
10.984087114999975
11.978085783000001
7.658980219999992
5.438313116499991
5.803165335099983
3.443882005299993
4.186638062999995
4.9469696624999875
5.707883215299987
9.426545239303831
10.869618467999985
11.53704230199999
10.214559500070703
11.054973391999988
11.803148943999984
10.052441448999986
9.751684139999991
9.770207095203993
9.98337155
8.415407443200008
4.308927456699982
8.402118786594864
7.892678628493587
9.13148074492926
11.44800827899999
11.29159258999998
11.423293453999989
7.722247557099993
5.805790103099995
8.002620410199997
7.311108235199991
5.64712135159999
7.495780761699993
5.6878944869999915
8.2232313598987
4.798357038899985
5.448458569303809
7.9849532897999955
3.4494712722999967
4.228022511299981
3.8032902480999793
4.154270410199989
6.5405626816
4.729476852399987
2.227688897699999
5.8984653426999945
6.2392380095948585
4.4518256545999915
4.146931912199999
4.783960047899999
7.996337765493579
6.426116644299988
7.806434612999997
8.379765751599997
7.137318403599991
6.697930213899992
3.1178912063999995
3.0159519913000015
3.4064595824999984
4.187930947899988
4.893883885199993
3.977588473499996
3.246672033700001
2.6626722168000003
3.5810229247999845
2.8067333983999965
1.264480038499998
5.919979412799993
7.241832466101267
8.402704569999988
6.912842272898705
6.1249670928999915
6.495195164499988
7.497230943303821
5.044985974099995
2.9404382415999843
3.9914384520999944
2.6884379622999877
2.7275420287999954
2.6347567306999964
2.2263447188999996
2.519793458600004
2.573611413599999
4.09384045719999
5.270170474200003
6.651661373898696
8.024581800797428
10.305906498999992
8.821138116506388
7.983002706898712
5.513478897099995
4.849771549999997
4.867324452199991
8.326852827506382
4.370804049700001
3.437212085
2.370498896799992
3.184024935899995
5.119904765299996
7.23321555789999
3.299936579899991
2.573530851700003
2.8188377700999987
1.4491934219000007
7.42000136720255
2.021832632399997
3.9221888595999848
6.772114854399989
6.001380023199984
7.0155463013038215
5.945304168699989
4.8958726455999795
5.721445780899985
6.4945058867999865
5.753701388499983
4.435800492899985
5.284125122099981
5.315372730999996
4.666628234899993
4.726882095299988
5.182592762799984
3.758471020499987
4.322834893799999
4.078910642999993
5.4399095321999935
7.18294059140509
6.529598205594858
5.5910833785999925
1.9362308593999897
6.1660704452999875
5.952310298199993
5.4657209595
5.166292266799997
3.306766036999993
4.654171076999989
4.779899211101232
7.49505046079742
3.4437180358999924
3.1346097457999784
7.929384789999974
7.244017341599998
7.223895510898709
8.38548468479743
9.300720605506394
8.264855267303826
7.508484097303822
9.177260052339985
9.341390635795985
9.226309130898708
8.574552238506389
7.544363964799996
7.678544494594868
8.77269222410127
7.304823818999983
6.648551248202544
6.763397276299995
6.926290002405102
7.399163320899989
3.7064439910999925
8.759481410135976
7.490927957202543
7.052424078405097
10.309278057999995
10.09795048078783
10.538498842999983
11.191482584999994
11.504603995999988
10.719859470999989
9.340191957067981
6.791413560499987
5.262849819899993
3.6638881896999984
4.41360052489999
3.9552971558000016
7.383237400799995
7.499560629299992
7.001752261399988
6.2522614333999895
9.557011796727988
8.347774014303834
8.839166934202558
8.634445135506384
1.4791381301999955
6.422105612202538
5.690492399594856
6.770157302898689
10.690474798999984
11.483036426999991
9.665609719863987
4.994377426099986
6.623051429699987
8.2246459625
9.56726478420799
6.589813551303824
10.21776124278782
6.2402051575000055
6.109839601099992
5.8899773894999905
8.978495693999985
8.660557202101266
13.030149994999991
10.52105845199999
4.41726540069999
3.3952029876999723
2.9452782775999737
1.034075358493191
7.21995167850638
5.948848023999977
8.802647087101263
2.8897062682999834
0.9786925389203969
0.7880983280199988
1.115488117693195
6.28047178799998
6.416942398099996
6.295616685499984
11.335538984999987
10.74054978199999
11.704070557999994
10.12347047099456
11.057255211999996
12.11388426699999
12.128320824999989
11.583614695999987
12.363545365999993
11.091883071999987
10.231035533070694
6.296676220696135
9.276585624687991
9.771859724282855
10.202912185795993
10.44212541699999
12.669861832999993
11.143110359
11.039053289999995
7.6496792525999835
3.5644274871999873
10.036995690931988
7.743487963899996
10.876107071999991
11.370294791999994
7.3238506592025425
7.612049284415945
11.477542786999985
10.543371479999992
10.187524447999994
12.849030564999998
13.341985514999987
13.704052263999992
12.742257374999992
13.730124494999993
10.23550559199999
10.146023707717108
10.258815513727992
10.177598194999991
9.785948792999994
8.784303985594864
6.188387976099995
8.08586579899998
10.549458120999981
11.029887269999987
10.802887295999986
12.45308126999999
12.61275355799999
12.564165471999987
12.86714106799999
10.515741363999991
12.064589663999985
13.03643530299999
10.928029297999993
9.567800654594878
13.298354087999996
12.884421245999992
12.329045095999993
12.42217338899999
11.626368479999988
11.90322538599999
10.924189446999993
11.279326250999997
10.257357864271999
10.650030231008166
11.663415090999989
13.624208928999987
14.681978710999983
14.691979036999996
13.460920659999987
13.40181659699999
13.576018064999984
12.001146328999988
9.69655085906799
13.043514637999992
13.39184047199999
13.225775393999996
13.698372785999991
9.87305447527199
9.303468231202553
11.232141152999986
9.78616245413599
9.543203269999989
8.255567733797427
11.107372726
9.144002630594867
7.690443870493586
7.900258761594856
13.126693743999988
7.727013639797421
8.634798345898718
10.126414611999994
9.772147236594874
8.938391036999988
9.51430144199999
7.967447669999996
8.565309437599998
9.740342552135992
11.136040163999994
11.388187534
11.428291239999997
11.474532142999998
12.782121297999986
13.558049888999987
13.862478205999988
13.834722968999992
11.865786512999996
6.670897796594852
10.231222844999984
9.39797566820399
12.311041741999992
12.647042029999993
10.209240464858544
9.359024142353585
12.47513364299999
11.245643546999991
11.73876728199999
12.77944458599999
11.59779301099999
11.189832508999995
9.928835575931991
7.98076137540511
5.415558047499988
4.029152975499985
5.529391982999985
3.768507882699991
2.614376095599992
5.154376954699991
6.77994697269999
7.366180697599988
9.890334866203991
8.835453520202547
4.549664581299983
5.38895239409999
4.704393551599994
9.186392404202554
9.98874741071711
10.263187154999994
10.890371087999979
7.658200447101267
10.111939240999991
7.122761086999985
5.192993652299984
6.883946719399993
3.3949449935999954
3.6646127501999946
6.702918832399988
6.528688490299996
6.067884529099995
6.8929399246000065
5.5959155898999855
9.705145686203982
7.689694259594863
9.437919445797435
10.871188209999985
10.205656182929266
6.510861013799989
6.384108586099983
4.79222408749998
6.284198219299992
4.8221038010000035
6.415167199699996
8.046361631797426
7.538509612999991
3.689338503999991
4.996082240299984
7.759930897499992
9.444942427070698
1.8697540648999995
2.7890118895999976
3.6518456542999966
3.583335774199997
1.359220942699997
3.2415278975999953
5.619335461399993
8.348979637099998
7.277968191493584
4.918890530399988
8.229685977202546
8.331097248797427
8.135627860999987
5.650536813399991
2.340753366099995
1.6249194243999927
1.9764044082999859
1.7681466781999948
1.5597671325999956
1.810864965799995
1.711235044899987
1.5806518020999905
0.6714244532583945
3.0076523620999875
4.544151368699989
5.066249348399994
2.647050917099999
1.8276286513999969
1.7978485686999932
5.3661632065063705
2.4720650619999947
4.093291349799976
8.312471090699995
1.5200660918999969
1.9563668243000054
2.03955499730001
1.384045313200816
2.331710278299994
2.156413151599998
1.7247267075000017
6.425247323594849
10.274886388999992
5.923264724699984
3.5013891448999805
3.415673043800001
2.5857030211999876
8.235586178594856
5.796083177200003
4.445807728600004
4.1557743483999925
4.621180335999992
7.125570812999976
2.029544734199986
2.426439546199998
3.7738629241999884
6.288074475099995
8.091429031399999
2.882698377999997
2.628487603799976
1.949599072299994
1.6106905210989133
1.2695874693002702
0.8141134002696142
1.476654826400001
1.8438914794999954
1.9313619491999992
2.165990399199999
3.1734548186999896
3.750577113299973
5.743643673696135
4.2741157088999975
2.2067530974999863
2.950568528700001
2.4151409331999982
1.9541328475999933
2.6204204040999888
3.920383900500002
4.625162387099997
4.0192847442999975
5.403625637797417
6.089190177899994
4.139435403399996
0.9493197511795969
1.9763936217999722
1.3386403151999906
3.4690413543999847
4.4266901900999915
4.122911543300002
5.937508091696135
7.1648678574050955
8.758040232797425
3.833736880499993
3.3191855056999904
0.620867721839999
0.8028246609787738
2.92342560579999
2.0321908004999947
8.628117945898717
5.444383868399978
9.54318755965999
4.8554615401999905
1.716742314099997
2.210143647800004
2.1820720397999995
4.358943823199977
0.713079383469998
2.1709170944000027
0.9138827841863983
0.7169802949899984
4.587782435594836
6.153775122101243
7.506434834303828
5.812266029399985
4.274055635099988
6.078134040799984
2.7001874358999913
1.7098292800999935
2.434584861799989
4.559147460900001
2.3408501572000002
4.803595033299978
1.9563603103999985
2.7706810943999924
2.3247269256999945
1.0822064589999973
1.0004707918141347
6.76728924710126
4.0171254165999795
1.4516588390282579
3.054024336199989
4.315497341899984
5.922992808499995
2.441153282199989
8.358972567696144
5.077272305299984
3.446592024199979
3.6964136001999894
5.895038238493581
6.2995567595948625
4.964561675999978
2.1271364364999936
2.742458962999997
4.31383583979997
4.382638633699978
2.4899371810999886
3.080908166499997
4.866158235199995
8.095835346999976
5.613358135999982
3.5689235457999855
9.131098025493598
8.784583665506387
8.840948667898713
7.853270405594862
4.952875631699992
4.920555860899984
2.6839414306999805
6.376999919101254
3.2301942809999904
6.3138264098987005
11.197756339999994
7.005140553303824
4.018512348899981
3.2840821517999945
3.9715958495999755
3.8437896331999815
8.005181092797432
9.841697689858549
5.435431616199987
7.967221339405106
9.190406500135984
5.946136865199986
3.4803998733999935
3.8398877669999867
7.64699935459485
6.9785411788986975
8.884659355202551
11.471448058999988
9.475841311727985
11.428308698999984
10.766087279999995
11.489028115999993
11.926607822999989
11.644783521999985
7.422812567101259
4.620555575594845
7.8231517196961295
9.285741825931986
9.391515898101275
4.120975213599987
6.003507150303823
5.859447038299984
6.450852890000017
8.433206054696145
7.328179380799995
4.510102612299979
7.120440269506382
9.051332167103991
12.096304560999997
12.879695058999998
9.583003056203992
9.344546156303831
11.46995509899998
9.81300264592926
8.197931182898705
10.937337108999989
10.247583113
7.147655571
9.76902488099999
11.285707223999987
7.4924468994051034
7.439518270899993
10.508765888999996
8.568343795797436
11.258060578999995
12.747325559999997
8.813447961405103
3.890591685499982
3.6395805526999876
7.310504258696146
7.242170533797426
10.093381387212142
11.68701849799999
11.661610673999991
10.526223624999993
8.658598086659984
8.620425834696142
11.873661240999988
12.343133706999994
11.33244472199999
10.101640393070701
11.55445945299999
10.707679229999991
10.124303524858547
10.634866483999998
10.343095150999991
12.150630723999992
13.246367698999993
12.472012398999997
14.32914311499999
10.636699202999992
11.796457842999992
11.265023295999992
11.690139110999993
12.094349416999993
13.483896460999988
12.016586771999988
14.084541118999994
12.757696152999987
7.3791373015948665
8.189490963696151
10.83134155399999
10.854859443999988
9.258084736594869
8.778749443101265
8.172124641405109
9.886640158067989
10.643207149999991
7.95063930659486
11.13591391
13.227543363999995
9.931583494717103
11.195480860999988
13.031924039999987
11.98899277999999
11.368609463999993
9.135194798303834
9.643439472999992
12.865421752999996
7.979849296594867
9.470372526727989
8.804546844506387
8.967130537405106
9.032160917696153
7.010032353199992
6.761463601699996
6.184064808699993
8.463881666594872
9.459835894797438
8.191343472299991
9.365271099931991
11.506920096999997
9.560550053271992
11.504495745999986
13.751675425999995
14.971046898999997
13.81801755699999
12.965452541999992
10.53329830899999
11.306334975999986
14.588492115999994
3.752330674699986
8.465633943202546
11.816648746999983
11.129170479999994
13.735515394999988
8.197894168099996
8.89872840269615
10.19644934392927
9.258305903594866
11.16744598199999
10.994267049999982
10.84060210999999
11.633106707999985
10.629725576999984
13.54315063899999
12.60588033399999
11.012040822999994
12.677251629999992
9.804594824141429
6.475826356499992
6.794048010299988
8.21834041899999
10.088567477271988
10.788621647999985
9.06004185185854
9.474224148717092
11.205773005999985
6.745864239499993
4.664448713699986
7.248963326999989
7.182485777299991
6.962457844499998
10.568887793999991
11.203931792999985
13.059558800999987
12.008312970999993
11.952246740999987
10.303383744999994
9.310892088212134
10.30648908100544
9.95141331928286
11.878532702999989
6.069816255199995
5.06222071689998
6.27741723479999
7.69364210820255
6.362624948101261
7.393079525799998
8.632603695696153
8.229624926797422
8.970313830594867
12.229479043999994
11.142886342999992
12.445105585999988
10.345100944999993
8.56812105869615
11.828026180999993
9.118231889303825
8.836191986101266
6.560118968199995
2.906974151599995
2.125031501799995
2.4968553008999965
5.745943086199988
6.95527731320254
9.241991160594868
6.8743563186999905
5.463783692899982
6.252552253696142
6.796599043303826
6.752319593799985
4.791241024799987
3.556686300699991
5.0619503890999855
8.412859600797427
8.091051652493588
6.008126846299987
5.0070424682999946
7.273573838797418
8.815851652493581
7.676964875797422
5.365004556299986
8.153722801202546
6.380874696399988
6.829751812696151
8.100575277700003
7.901032389799994
3.409132739299987
3.265089657599983
2.885082514999991
2.5748262450999966
3.1029296676999905
2.6845996276999893
5.0099451507999815
6.405631797799983
6.065298106399989
5.412799340799986
6.797729656999983
4.3805839767000005
3.126724336199973
6.57746853489999
10.65343541099998
9.614456309659985
2.3447220641999973
1.8705291931000014
1.3368613769999926
0.8676806308795968
1.073034056193196
1.1491126983999997
1.4045994445999994
4.3204248900999875
3.463443017599992
1.6197872985999973
1.6234305490989092
1.5261236922999963
2.0766949965999824
3.4800166701999937
3.459581832899997
3.710945332299994
1.2894639465000017
0.8586677250931936
2.0265066192999948
1.068127089692917
3.762160208099988
4.19582088929999
3.4603264647999943
3.4032518386999957
4.947582398999991
6.947293400599986
2.063640170299998
1.800172715800001
1.9174870070999976
1.139387068379984
0.9335006672900008
1.619043333399969
1.4780713913
1.975979968299992
2.458973022499978
2.387206719999982
0.5550639248799986
0.986191444878761
4.093307078599978
2.1769160979999924
2.9510532775999883
4.322946287500001
3.3021807845999973
6.097547270199995
7.960249313405105
8.886041369594864
7.700941458101269
6.722680299405098
6.984728147898702
5.348711680599993
4.511021240199991
6.587901422101263
3.188354995699994
1.1024420440999971
1.7102404799999895
4.763011665299979
5.945432894899991
8.126998977696145
9.37057042079743
5.514457698100001
6.037138854999967
7.569093048101269
4.486848696899994
4.863021040299989
0.7573528524271955
3.23707346189997
2.89344036709999
1.711776121499994
1.7169562133999787
7.588689634696142
8.177858891303833
1.3354242721999954
3.028747782899966
4.859823251299983
1.9331776611000007
3.5491131790000043
3.6298444152999783
3.5774486037999944
1.392281008899999
0.7466771291799815
0.7275755207100005
0.36960310144000047
0.60097542657974
2.083802355999976
1.2929155899000018
0.7544705521600021
0.9484020265727905
2.3605654616999856
1.9992052154999973
1.9532039748999945
3.896333093299993
3.9828589339999896
4.062150820899997
3.3254199080999967
4.786844436599983
10.048451122999984
6.213080198699983
2.060954835499987
1.169610052879597
0.9124994707100009
1.0554833447333605
0.6125805184399998
3.4487305678986746
6.151389050303817
8.842046212797428
7.429538668799989
6.1629177428999995
7.93374632419999
8.523760032696154
4.380793633999986
6.469115840099987
7.422172878999985
8.683699049405103
8.267081355303818
4.558929316699985
3.1250150619999966
1.5951333831999894
5.65231704559999
8.326874822999992
10.783563151999996
9.517764839135989
9.303782505797429
11.088194726999987
12.809881992999996
9.679827563339984
5.801280825797418
3.915029946899986
4.836729292299981
4.666496598799984
4.238385656699991
6.174882513399992
4.53055813289999
5.4462802550999845
6.05283095249999
1.9852000930999936
2.4994100173999896
5.827869590799988
2.7454656707999807
4.882153111299993
8.479055592303817
8.571030380202556
9.620274952696168
10.505182749999987
11.135436861999992
9.43845663151999
7.09538056949999
10.07215001685855
12.27176874699999
11.842299032999993
12.188449343999993
9.692899221858545
5.535928890999988
6.23858133239999
5.7897234496999905
2.7875528655999933
5.482317770399985
6.54529465789999
7.694693368493588
8.570413401797436
10.246337167282864
9.378487310863974
6.715915255696141
5.910120828199979
7.049529920999982
5.465078614797417
9.316042411858534
8.65194704440512
12.44778416299999
10.286434069999993
11.549171999000002
12.521837774999991
13.921734762999991
13.514566015999993
11.610014307999995
8.238290280202557
13.595569495999982
13.08904981199999
11.83683852399999
10.941565932999994
12.577712764000001
11.712231728999992
12.070226952999985
13.702076727000001
14.064367391999989
13.696280430999991
15.320213836999992
12.032352863999995
13.86715318499998
13.376743567999982
11.324483100999991
6.420999468999977
6.241456054696128
12.627748906999983
11.062116942999985
13.592309238999992
10.125851919727987
5.256035818499984
9.492898188863983
7.494159329200018
4.138785720799991
6.180734136999987
8.367509130898707
9.058387602202554
12.44487125699999
14.258169842999996
15.139631299999994
12.559989049999988
12.308125077999991
10.800368874999984
11.613997300999989
12.946951734999997
11.503820817999998
11.755538115000002
13.130024976999993
10.60974936685853
11.512857732999993
11.414977970999992
12.036037974999989
13.290925136999997
15.771185738999998
11.266635967999994
8.493085069303836
8.477058821100002
12.074846412999996
13.643927793999998
13.161905155999992
13.57184335299999
9.604811993405114
13.152600962999983
12.938836759999985
14.392454023999994
11.001798116999991
10.954808875999992
10.70376656499999
14.474520038999989
14.520617252999982
12.555396183999978
12.846565648999988
10.896036715999989
12.51454068899999
13.304826398999994
13.702037412999989
13.217559070999988
13.021255997999987
12.353712232999992
14.50055197599999
11.95025230899999
12.505707195999989
14.442093650999986
14.521327961999987
14.045080993999983
15.51817050599999
10.898496988999991
11.754821222999993
12.945681418999996
13.382652547999989
10.960863270999994
11.958296329999998
10.675518580999984
9.87651432192927
12.301139670999987
11.631958480999998
12.752726737999993
14.09267286799998
14.416902627999992
15.27908315599999
15.594378455999989
13.98158172899999
11.227818656999991
11.734107081999987
10.730522152999995
12.415960280999988
14.692000515999993
15.50383424799999
15.038837371999985
14.095685787999983
15.042736654999995
11.505618239999995
12.76997104599999
12.728196734999987
10.986878928999989
5.652433303799979
5.115454630999989
5.140383920299993
4.641643989599987
7.620448495506387
10.70549135999999
12.973832143999996
7.249915252696133
8.479224699405101
11.369861950999981
10.93741407199999
9.914777613858544
6.608852009599987
8.086034150696143
11.538630918999983
12.161232404999996
9.752430406135959
9.237827583203991
10.941217873999987
10.065669781339988
9.93083338786399
12.656141274999989
12.263663854999983
11.284074915999978
11.80095858899999
5.620827894599998
5.949048754899991
6.237530261199994
8.070533085594862
10.338527147999988
11.406516440999994
10.614169838999999
11.595929259000004
9.61688462220256
6.246854893500005
7.062041859399998
6.297822586099992
7.542613638303823
9.37828621986398
9.253012153594867
8.09937834930383
7.610578686500003
9.367662524405116
10.727860080999994
9.326270369000001
9.606595893931996
7.486015292400005
9.781766053858538
9.614060125787821
6.20867020569999
1.564132482899997
5.850783183303805
4.853386482199979
13.484923647999986
11.630709022999978
12.039597825999989
10.080128985717097
1.8422565001999998
3.209216601594844
3.09621249239999
1.3665854979999978
2.929925125101245
5.651453269999959
4.638006272899988
1.0498979596067934
1.962351139799992
3.5307295592999925
6.141119970699993
7.390300363202547
7.952585018898703
8.93350562120397
8.070778437797427
2.408231433099977
5.770797721899999
5.7964697387974216
9.471199890070702
6.737795303299996
6.189093939199988
3.8525681579999955
6.0398146178986885
10.471773736999987
13.511799201999988
13.141963770999988
10.783604436999989
6.546156132499995
9.277947598203983
3.6867661712999853
3.359080844099995
5.17717711179999
7.580159240699997
10.112418533212141
9.463245873999991
6.510915350299995
5.454769735699996
4.618756184399992
3.3692224685999896
4.143333097799997
3.981067530799992
3.586443753099984
4.253923884599994
4.546020889299998
6.242719480899984
6.059232449303823
6.013429630999985
5.546509022499997
7.355488386493586
7.7624056274051085
7.693451481599999
5.3665393188
3.531016267399995
3.234820989999996
3.7984936065999793
5.232036369303811
7.013027003506372
7.957994293202547
1.5924394713999963
5.442241487099989
6.966986720299994
5.256803500399998
4.512747738600004
3.5845902435000023
3.7391374328999953
2.7596426116999977
4.299622209202521
3.753026002499979
5.953171247898693
1.2063908925070639
0.5142100028000013
2.057164303599963
1.050069308286395
3.4494250701999913
5.553199529999984
8.978350192303827
3.4506747710999894
0.7251804185900019
1.146797965799728
1.5426656982000022
1.387819055199998
2.024362380999979
2.274342910800001
1.1972796798999947
8.11950504606796
5.579452737405092
2.1789439254999907
6.00451215359486
5.01958233799999
3.848947245799991
2.5934815566999943
4.510710189799976
6.439991409303806
2.5866975127999936
2.360396572900001
0.9304416203339978
0.7507650747299991
1.349194630399995
1.929108877599992
3.396503111299987
6.455582261696142
1.8133697783999998
5.293106230199977
5.852708535799992
5.112495832799993
4.285951141399995
4.066711712600008
4.030171817000001
4.042199813799997
5.38200257569998
5.346605808999985
5.8827074569999915
4.395113748199999
5.361022239700006
5.909408390797423
4.884061712599987
5.609407870499995
4.8254369079999915
3.310091899099995
6.300549377399988
9.523149589659983
10.140403422646386
10.084408346717103
9.893654931717101
7.619025004594861
10.106447082659992
8.244915925594865
5.093362403899993
5.764953822299988
2.5010423522999936
2.6703140593999963
6.470885530099989
8.972191291797426
2.6410339995999865
1.3932479120211956
1.9726338256999874
3.0042510437000027
2.0007283142
2.663499314899998
1.6384594756999915
3.4922694610999967
6.312722146594864
6.408315833999987
5.641734312399984
6.839492718493586
7.859923113999978
4.725532911699988
2.5676301848999965
1.065533646199998
3.6576969101012513
4.879047441101253
4.589892066999982
11.66629686899999
7.651529328898703
1.1429197829999986
3.3731986678999943
6.252583291594862
1.865524233999994
10.573124191212138
10.39870543814142
11.366023913999985
10.15582934001088
11.10561679999999
9.54638526306799
5.248662759399989
8.06765298459486
8.905056430101267
11.727039966999993
8.782599388067974
8.503458135999994
9.554199970999987
11.060874492999995
9.81938798686399
4.735049575799983
3.722739500399996
3.801042573499985
6.537541110199985
6.97507786410001
6.704091587799983
4.760700694299977
5.556480047599974
13.326111164999983
8.435126057405105
6.360910351599987
6.2408551269999855
2.224788058499988
1.0619690744271935
5.727670089696127
6.1446706421
5.540657234199984
4.611271902499976
8.848803651405104
9.830903414898717
8.19706788330001
10.679555333999986
6.406786648599986
6.293456689499997
1.9779709792999873
1.438975746914126
3.5566157943999857
1.655736387599996
4.7977904784999765
3.8499102401999856
7.772504621898709
9.630379112135989
8.196724624594864
8.991438264506389
7.311445858799997
9.641031620800009
9.214373677100005
11.502463234000004
9.979891595353594
8.95313805999999
8.362111569202556
4.009876284799991
5.571085273699984
10.952080538999994
11.091252620999985
13.44402888799999
11.510889914000002
11.07459981400544
12.468644283999994
12.105252835000002
13.846979711999992
13.140702729999987
5.839316438299992
8.48783825530383
9.840851356479995
9.93294859906113
9.660162851000006
9.553969709863996
9.85974697886399
11.85273609299999
11.791595147999992
10.44104302199999
11.947061574000001
12.135997909999984
12.856963976999998
13.173363094999988
12.60429232499999
12.26984733599999
13.46963444199999
14.062197724999997
11.256786765999992
7.930797962999984
8.218796505696147
6.268317056303805
8.518960913101264
9.542032119863988
10.453425861999987
7.908076007101269
11.789701327999985
11.677477385999989
11.888542634999999
13.912207967999992
13.723547724999987
10.829758077999987
10.032676766999986
9.073608721898713
10.124054148931991
13.599399442999983
10.82713935399999
10.932454360999998
12.949679369999988
11.789017537999987
12.854117708999992
13.188726504999991
12.314895112999988
11.75362689699999
11.06505647399999
8.80736641389871
11.97598352199999
10.832659459999995
10.373595425282868
11.574491105999984
10.912942054999991
11.236033954999995
11.696666572999987
13.50064617
12.77543121199999
12.172157770999991
13.975838782999991
13.08131731299999
14.284806882999982
13.954838709999992
8.896831683311978
7.013186329696142
11.842490021999987
12.029500528999993
11.20485801999999
10.526335544999988
12.05462598399999
13.189663254999994
13.019775651999993
13.43473961299999
12.732633852999987
10.938391245999993
13.770154892999988
12.837981888999986
12.614094549999988
12.063102463999988
11.619294396999988
13.479956571999994
13.55770998099999
7.948565963696143
9.481440708931988
11.621201693999994
13.326167840999993
12.706131168999995
10.655407200999987
11.063222979999988
13.73361774899999
10.850021888999983
10.05922762299999
10.359771976008153
11.289534524999992
10.273955614999991
9.459900320405119
8.337918202202559
6.604118727101267
13.939713750999994
12.555497265999989
13.271951084999989
11.541560584999987
8.925642666594866
7.646046833799995
6.328571821599997
9.137791133101274
9.52530032040511
12.474406820999992
13.15020537899999
12.851123365999984
9.02996974179743
9.696161244202557
12.949987697999996
8.411503178405118
7.082225712594872
7.692530679299991
11.055051890999984
10.74027138499999
9.18556228940511
10.626094388999988
8.645019429
10.765290041999995
5.917893273899992
2.7801993026999954
4.742939987199986
7.1562350997974224
5.549351023899986
7.8152097092025485
8.973564265405116
8.652624592594867
7.689097953797429
5.774469212299988
5.6182453781000055
6.0631434662000006
5.5301094542999865
9.197540890493592
8.603645300303821
7.515229458594864
8.312053764303828
2.2734092620999906
5.45237530979998
5.358010430898689
8.21689374240511
9.451813751135989
8.986134561202547
7.806069261202548
2.9621513564999997
5.605653941299989
7.010426307699991
5.9681923415999885
7.530030419898701
9.68874062972799
5.488732051099985
2.873660266099989
2.8362377150999825
3.544582533299972
3.604575743099991
5.012855404699996
2.316780854799999
3.3442675918999925
2.6086684952000008
3.9155275771999727
7.306479263303819
8.382665150506392
10.431933909999982
7.710107043506387
5.616327789299982
6.351892547599991
6.1704527054
3.397064085400013
3.3233928024000026
4.348902896100006
3.689574853499985
5.377081579599993
5.598951261899996
8.216194821202548
9.645041488727992
3.596001953099997
0.778095638280001
2.7117169403000054
0.5869322774900008
2.458797456399972
2.167058781399991
2.1318195206000046
2.855011277799969
4.680141302499985
3.738156089799994
4.715662542699997
6.787859013399989
7.35834459079743
7.382703269999988
7.940095364405107
7.273326632696139
8.896937014863981
7.45400558930382
3.538066303999996
1.5635425734999944
2.924335914599981
3.1162935959000038
4.944716278099996
4.404774546799988
4.816468998699996
5.2418707747999855
8.17515434269614
10.42856402899999
8.396654896493585
8.189837005594871
8.659182798797422
5.630224310299986
5.17305551449998
5.717971968099992
2.1334754928999935
4.144297383099994
2.2034920852999997
2.957095812999982
3.255364898700002
5.7522645873999965
2.8533305922999967
4.615185125699981
1.5615568877999957
3.627314199799974
8.33050815889871
5.308872105399982
5.523770144699985
4.134655926499992
3.761357484399991
3.843091296399994
3.9352759841999982
5.010773718299983
1.3750948791999993
1.6824712418000018
1.1622944045999986
3.9803972640999827
3.0070936035000035
1.7335243346999927
1.2631955275999995
6.664228742999992
10.85118486199999
8.061420684797424
6.884535694898691
7.51609396359487
6.958643096898705
4.387496078499997
2.359555570999999
3.3900614548000023
6.37784132689999
6.906475913999978
5.449348899799982
5.215749662799992
5.8879936554051024
5.344337516799994
2.1204988677999985
10.001955796863957
9.194459028594867
5.741105218499984
2.619909016399986
7.503733755506391
5.846114585899987
7.790275381506375
5.690631074499991
5.021567713899985
5.815108122303822
4.213102246099988
6.1466567763999835
3.8538611587999947
2.116402409399991
2.0220219466999874
5.054275221299984
6.572897914099989
7.2769818328986915
7.968247236594869
2.7896975600999796
5.245163127099987
2.179487951699994
4.799515481599991
5.071417337
6.109662138400017
9.039151477101267
7.810510452303824
6.768348274202542
6.209960185202537
8.005028939797418
9.116700057999983
8.964935441727974
6.76910792850638
8.493486274696135
9.343815998863985
10.231335810929268
10.595126163999986
8.41626472630383
8.664569033797427
6.512812449599988
7.548134402499996
7.171454710405107
2.1075441573999933
3.8822229690999874
6.227096102899986
7.622575837696141
6.938457925405093
9.054096195999982
9.584041818141422
9.395846536203987
10.509747706999987
11.279130280999984
12.388345806999986
8.424366311594865
6.494261260999963
5.065060398898682
6.722261004594845
7.252344692999969
2.9857391524999732
5.47111224059999
6.235169000199987
7.921808019999989
4.476512423699988
4.385439872699988
6.22993370819999
6.310915162699989
4.164086166399998
5.15005054319998
6.9357639754935825
5.1106258498999875
8.132293011500003
9.578877067594874
11.214350307999988
11.751371262999992
9.843038288895997
11.704736457999989
8.336046258493583
7.075643725594866
6.075752625999985
5.9880172652999875
5.7132352660999866
7.5270324966
6.459900628699996
8.779284027101266
7.566104302999988
7.016607417300012
4.256102392599984
7.725213378898702
10.411599111999989
7.3799354796999985
9.515379040493594
11.710117450999986
12.146292728999992
10.2077787187171
11.403925431999983
10.787459049999995
9.462339288203983
6.9780348953038205
6.556256904594863
8.916998199506391
5.60664356539999
10.512027567013591
5.770108819599994
9.225160781898715
8.484792024202557
7.05647835389999
7.57348228759487
5.637042065405101
7.693067074594855
10.407390566999993
10.249894594999994
11.542425301999986
10.618013880999987
11.398974372999989
10.896767588999992
12.905455524999995
12.822138103999986
13.237820951999991
11.525811612999993
9.64859422465999
8.338092982506389
11.301819137999985
10.82279870799999
12.727633703999988
12.93392793399999
12.555319500999989
10.953237395999995
13.063361925999985
11.29817171599999
10.29871756099999
11.476947083999994
10.806748929999996
11.721770922999989
14.597836716999987
