14.695143522999995
13.265756403999992
12.437228322999994
8.33335178379743
9.936754521141431
11.082346358999999
11.280134162999985
12.812000496999987
12.135020801999984
11.87030841499999
7.510892918405108
8.27744228359486
11.425064153999985
8.741820465101268
3.6529240371999827
5.948736518899992
8.580205310101267
9.061665013101273
10.670904877999993
7.549408456399989
9.485006727727992
11.586657485999995
12.005337494999997
11.608210821999995
12.311255190999987
13.085136602999993
11.335184145999989
11.17683219599999
12.721622150999986
13.002761890999999
11.460504485
8.757975482202564
12.020772364999988
14.461051465999986
13.288073595999986
12.518493238999989
11.133429285999986
5.730062232999992
8.392255567898713
8.670071409594868
9.867220788727987
11.43408974299999
11.573815714999986
11.57440975299999
12.946637717999991
12.603622432999993
12.927001299999993
10.616871789999989
8.764529365493587
9.379082142727981
11.181011931999988
10.45814867699999
12.546066877999989
12.015461034999994
11.28381126699999
11.502546785999991
7.153465147405105
10.728743198999991
9.343503889339987
13.250050332999992
12.31498221099999
12.850094779999985
12.144226301999991
10.423621993999989
13.234889640999992
13.613918163999989
11.660622585999986
9.85802351220399
7.337173806799991
5.200855895999995
6.320182371499991
8.791513418594873
7.790287446594864
6.996283137499986
10.153601332070709
9.625899320999993
10.902566025999992
9.11650332179743
7.324137144499999
8.311685688797427
6.9760804336999875
6.370924508699993
8.853256146202549
6.883251948493588
7.494755480999992
9.961976361070702
14.070043422999987
12.910893770999987
11.273970858999993
12.091814699999988
11.005956254999987
10.298282386999986
7.810346789594868
9.397284112493596
9.807302976999985
12.284059553999992
12.252424509999997
12.048802701999984
9.118268539405117
9.9051739398472
12.697913042999977
10.875231841999991
10.965627360999985
11.222433182999987
10.806653821999992
11.736852172999994
12.47880783199999
11.122594198999987
10.23165427899999
10.32943994899999
7.451745498696142
10.610238860999985
10.568153580999981
10.038203617969438
12.788683716999989
11.537596757999989
4.517018530299992
9.615989530931982
2.663633706699996
3.5575045348999783
5.024707414199988
4.505754344199988
4.3964948013000065
5.124093983500001
7.613460575900002
6.155200468399992
5.4559844832999875
4.783472282399993
3.2553827819999874
3.6038917083999986
5.479847080999999
7.219082772799989
8.58343850710126
6.671975100696146
1.8923859329
3.443751396202519
1.6103102447999995
3.5221116286999825
4.979612835699982
4.665383282499973
5.578452880898702
6.434187680101263
3.8997070571999846
4.496835230999996
3.3872938704999846
1.401689013699998
1.1527520629999997
1.7621878768999981
2.4468540694999987
2.5786739242999936
2.965013691699997
3.2165274260999914
4.696712512199987
4.465255294799998
3.4520626418999956
2.5930076018999917
3.9205286345999744
2.4912898589999886
8.954942507898705
6.840696040299997
9.419537605303834
3.6615254973999876
6.14275733639999
5.772183358799998
4.804021266199985
4.941146597299997
5.188749044800002
4.188346113599996
5.502460786399997
3.8235353103999974
7.307932934599996
3.8876201568999855
2.404863958699993
2.3988691558999875
4.257138706999981
7.544036546303816
2.9381825728999797
4.705870898399978
5.967654403696141
2.5974820510999956
2.2903260238999974
1.9701677306999783
1.059595858871705
2.4647669784999944
3.032170655799978
5.012646282999978
6.303363600202545
5.847330125399984
6.570614356999982
9.272054949999987
6.831811260999981
4.870723176599976
3.858452291899989
2.0780018539000014
3.5065053298999787
4.558553919999999
6.2287797211012546
2.6433917006999663
1.8070765944999876
1.4541034194999993
1.0774574513989126
1.0637816449996018
1.3867277344000013
1.345066122399996
2.4615722152999933
1.417386993399996
3.795932537799979
4.617052336099989
5.379852586405086
7.483382490493586
8.167691500898712
9.309986756931984
7.2834970168987
5.394317456099983
5.897908641099998
4.733829405199997
4.670937179600006
1.7338304122999901
1.0711103270999986
1.081376756299998
1.701550231899999
1.0251733029282832
0.8068216983791959
2.545341366599994
3.3742890426999943
7.845607749898701
3.868137356599985
1.117369052800271
3.826748998999981
6.5810438949999845
1.9145661757999664
7.61442601930382
1.3238808791999956
1.9657664351999764
2.9959294219999872
4.832222531099989
4.676872935499993
9.685206707858542
9.368067510999987
8.924356028696147
3.8626471328999914
2.0655281829999956
0.6884267851800013
0.7745919569999992
1.410124105799995
4.715901144399985
6.888725772101267
3.9998461013999953
3.0677221526999956
4.240187757899996
5.596437972999988
5.930051188700001
6.163330563399988
4.807198606899994
4.938699931299997
3.492640725699999
6.034482566799982
3.473005174299993
7.400381199599991
9.331639677405116
8.42820046999999
7.184637191797429
1.582493241899998
4.604628282200002
0.6730484396899997
7.4038074096961335
6.702056332405105
4.120252848799986
4.887187763999983
9.329648167405109
7.8786731323038355
7.49191399989999
4.957233558696138
5.443298500099984
7.599665945399998
6.670841110202542
3.6517367217999794
6.745348414594861
5.27419623719999
7.446053170797429
7.509909191898701
12.03119447899999
11.372685442999984
8.95635473479743
11.962141215999983
6.118437794499992
7.913287914999994
6.029673706099989
6.573977233899989
4.563582968099992
4.354183367899987
6.158956370499993
8.677102664202549
9.383833479303835
8.307551602202548
6.57200917209999
4.216384227000001
7.087015127594861
6.555769386299997
7.022721052599996
7.4619535338987095
9.201178106696151
6.771579283099997
8.014299366800005
7.6706203339
10.762946137999991
11.635660985999992
10.916478464999987
9.62881357721215
11.399250367999995
11.187181507999988
7.917901008594854
5.823929812599992
4.798599055499991
5.382792765800013
6.247920408599994
6.721623419202538
5.512836195399997
9.629603903136
9.646403839070697
10.521789086999993
10.609898389994552
11.658241927999986
10.798677248999992
12.15224947999999
12.427418293999999
12.074020553999992
3.8065631453999877
4.136294554099975
10.805446451999986
8.948559159898718
7.40516871030383
7.33398531949359
8.857219146795979
9.532150620999982
9.830100245795986
12.62088360599999
10.478033893991835
11.034685956999995
13.905429447999994
9.777247167999992
13.161598729999993
10.068859200999993
13.661705297999987
13.719873614999994
11.504573959000002
14.567947156999994
13.715564307999985
12.032400762999995
11.923896084999992
13.075764498999993
12.42039432099998
13.863513837999992
14.697555350999993
9.516738885339993
11.055507879999986
13.616718412999989
8.140354096999992
7.574246063199999
11.136292411999998
13.566099747999983
14.882123786999989
13.02945276599999
13.271925966999992
9.32011042620399
10.334049833999986
11.130904098999995
12.708213646999996
10.449957499999993
11.773016845999992
11.69444936699999
12.789671389999993
13.238833959999988
11.812123481999992
10.223382828999991
11.846477584999995
13.457917084999998
9.160143771405115
10.983259275999993
11.023680127986392
11.844372254999993
12.550430359999991
9.47120793472799
11.635643065999988
11.412358651999988
12.946613234999989
11.250181075999981
10.470592507999989
11.265406324999994
9.501221923797436
9.66761770928287
11.184234476999995
11.050013656999985
8.987530569506395
9.118167832898719
10.834533640999993
11.707754511999992
13.64499146099999
13.632066102999994
12.37193863099999
11.510775396999993
11.973318839999992
12.890561864999997
14.366094491999998
11.607370844999997
11.979413793999994
11.706726262999993
13.224260792999983
9.045800126594875
10.700644643999976
11.062030829999985
13.58690375799999
12.27923570699999
13.258941320999988
10.261677808010873
11.90317231099999
10.209093335999997
12.125028847999983
13.159948202999983
9.935783538863992
8.56518867799999
9.23969744110127
10.42511776299998
14.517029593999991
13.512257299999993
10.416238875999994
7.513050784303829
8.339352546696148
7.6332881728999915
7.47168252110126
10.216512301999993
8.40991146089871
10.139519593858548
9.876799130135991
11.403151896999997
12.388416228999997
13.555294030999987
11.40025389899999
11.913054496999987
11.85420630299998
13.062283732999987
13.487717161999994
13.236968973999993
8.524084800696144
2.1590622191999884
3.1115902358999814
8.95337852330383
9.367692112687989
6.280161563101258
7.071558706699986
10.351419277999982
9.62974176020399
10.152281961070713
10.692531235999986
8.078730485493589
10.152139329646385
11.468762102999989
12.326812296999986
11.63655191499999
11.764724068999984
6.434280917399991
10.278289382929266
11.226063076999989
11.162650306999984
7.931250427202524
6.30463346709999
6.383615035999987
5.446658552599981
1.5839625417005336
4.174853419499999
5.611702844199989
8.02509379730383
6.380302833599989
4.743337968399997
5.056607223500008
6.55799589389999
4.608057405099987
5.052256895399993
5.481262898299994
3.8579538756999967
3.065962669399998
3.8303084228999933
1.6851136870999943
3.67850692749998
7.627174645999971
3.4288514556999936
4.413251068099986
9.201158575405115
7.98103998720255
10.283248922999988
6.81483986819999
7.752149417101261
4.475209176599979
4.023279715
5.004751341200002
6.322045613100002
6.066137310799996
8.307117015101259
9.071775738659978
8.223958265696137
10.104894024787832
10.88325426799999
11.103004374999983
10.660424045999987
11.472367689999992
8.933229112202543
8.157897599799997
7.753094631999987
8.541194399999982
9.174204382203985
8.622778906202546
3.503649133299998
2.465099925199996
1.4411512772000001
1.7462103699000013
1.3315383758999944
3.3572354385000023
1.0961723111141417
2.722416667199991
2.5788387069999827
2.342219341999998
2.881576489299987
5.011564067099989
5.791727584799994
8.535748551898712
8.121599317898704
7.74704560239999
6.945665571594861
9.655639105135986
9.650816342141423
8.661531007405102
6.089722930899993
0.9516317681300019
4.342602157599968
6.888683756999994
7.824118667594851
7.148502925101248
5.051270178199993
4.678970220899994
8.997493370101266
8.373921012931971
7.375316760303815
4.726898297099994
0.8973834792100019
1.2053416837008166
1.0011236617999975
3.8501365035999786
6.91100687869614
8.779215365594869
8.2827608551
8.355322300696143
9.799026411282867
8.316444581594869
6.321395837399997
6.591942979405101
5.154366964699997
4.079775074799995
3.422602624500005
3.283922497599985
5.89916447599998
4.691466198699984
8.382945401
7.962487538101263
6.000993336499994
6.710540887499992
8.771161851493593
8.7629765091
2.3530472991999996
7.661463893101259
6.7501109755999975
4.910186634799999
7.023016639699988
4.042258714299991
4.9616998093000015
3.3220527755999947
1.5010230819999955
1.1514010146999907
1.6910352416999899
3.7552284133999914
5.650278744499994
7.830359980797427
1.121279650899995
6.312922573899988
8.379199162303827
8.4243430313
6.312229501299997
6.56052851259999
3.78438390659999
2.630965083299999
0.7417567365600002
1.3655449691999972
5.084251654101248
3.631443011499995
1.5449456511999986
3.4371527511999913
3.604727368200001
1.1091310866999946
2.255505033899989
3.7870108153999884
6.036180471799987
8.595776307795978
10.386908848717106
9.935555831929266
1.824381187399998
2.1096545791999977
4.808544708299989
5.294569987500009
7.886751078797431
3.1965390487999965
4.421557075499999
0.6639468925500012
0.6977580263099998
3.5177597747999796
2.8784205672999974
4.426450514200005
2.5492489943999894
4.042119984399982
6.944432972699987
6.103928701799993
6.574989991797425
4.935177616899984
6.1959343903038215
9.906495516999984
7.619159507797423
1.355342256199995
0.8870929126699996
1.6363030684999769
7.070494219999971
9.128388944999989
7.800339840696143
4.29924134219999
7.225313709999954
6.180260391199984
8.995135905506388
7.596976432800002
5.011793472299985
3.540756603999982
6.942922763101259
4.530405218499986
7.608222781405111
7.543998243696144
6.105658447299986
9.675626885999977
10.708648548999983
8.756009036303826
7.1033451888987
5.8254411757974225
7.143377654999984
8.6706211304051
8.942897894203979
4.584071006797417
9.482380763135982
9.528857640067985
10.834996093999985
7.208537882999987
7.73696938630383
5.564296823099983
5.6976711853038156
5.203288233899998
2.9842867080999964
6.988247428898694
8.694349296594876
11.47729541499999
12.823396828999986
11.926016088999988
11.37337187499998
12.297598086999983
11.957877636999996
9.874690554858544
9.221765122999987
11.462014698999981
9.63259281779598
13.50767241799999
12.962920723999995
10.962959405999989
6.595506217999999
2.8401823089999954
4.5416771713
1.7406748992999912
6.696183686800001
3.224781788599988
9.70902465678781
8.577131631506392
6.769763278199991
9.634100721696162
9.925712826659984
11.736265816999987
9.565359912067997
9.877712661787818
7.741730499303814
11.044528121999987
12.345406307999989
5.177833431999985
7.297686106898709
5.906535525493585
7.429059504696137
7.413409229999992
9.162390499898715
9.110124629202552
9.268478837733117
7.630532708696147
5.9753090682999925
4.647551281699996
10.12211572899999
8.107649935900003
7.462716065999992
9.868423417796
7.7286199798999915
12.888001688
12.667523704999986
14.29292963399999
13.43367109799999
13.367596528999993
12.687704976999996
13.83609734799999
13.822720316999995
10.677057248999995
13.127335227999994
12.47392743199999
12.08122542599999
11.568082105999993
12.726582644999993
12.410526037999995
10.046486073212145
7.37813301240511
8.909442921405118
9.69535404820799
10.650546290999989
13.062652231000005
13.556399413999998
14.114683347999996
14.560019477999992
14.116977059999996
13.358934868999976
14.383536342999982
13.246997341999991
11.400447983999985
12.267884821999983
11.401763917999986
11.417882503999987
9.01302904969615
6.234483430499994
9.826849563717102
10.16685365907071
8.917706811493597
10.522772685141422
13.32645327899999
13.28319202299999
13.125222248999993
13.545581745999996
12.721199158999992
11.27900129999999
12.573738459999994
12.505532140999986
12.505862856999993
13.211369037999992
12.164771659999994
13.336732665999993
13.519251273999991
11.95098944699998
12.631680459999986
13.927372683999993
12.835716869999986
13.67411113099999
5.164521404999988
8.115630201795975
12.147889239999994
12.808630745999984
13.505821886999989
10.927384841999977
11.407668583999984
10.772946381999978
12.026899058999993
12.518194483999984
12.225619686999993
11.274166945999982
11.039901142999991
12.256587458999999
11.804534348999983
11.577976015999988
11.660059733999997
10.298053699999992
10.56437529799999
11.60216788599999
11.107578354999994
10.249452651999997
7.195208435099994
6.689973370399988
9.202805186339987
7.3364184813999955
9.984113148152801
9.952317845135997
6.263477563499981
8.916437782303824
9.865395228727985
9.271846404999991
7.872390632599993
11.158843613999991
7.212831076000001
10.447067319991849
12.375114734999988
14.271966211999988
11.359280646999995
9.698516854931993
10.798200151000001
9.738838241717104
10.190784564141431
13.629053982999984
13.388871029999983
12.263897719999985
9.71607345721214
8.948188229271977
11.41079622499999
9.553646676594877
12.717800876999993
12.338683034999981
10.742133407999987
13.244935541999988
2.165629962199989
1.854994174199993
5.4495156342025295
10.881223989999986
10.858146828999987
8.435175451696152
8.86356013489871
10.93010828099999
9.643436202999991
10.324435952999988
11.917822810000004
6.805022053500003
8.22170192259488
11.944914463999975
4.180962666299978
10.231159971717092
11.784227932999991
9.902574345415996
10.3194941640136
10.34438763300544
9.525480934067991
9.372437290999988
7.630245805399992
10.809150698999991
7.800246878101267
9.85739990692926
8.640861097696138
8.373536181594865
4.902452944899986
1.3605758956999978
2.7882592406999724
7.3057115218987025
10.806048304999988
5.33364275509998
4.95564745179998
10.153249179033265
8.965132310506387
8.3183121964051
3.727907629399978
3.644230764799986
2.823696142599991
6.557947125202538
6.763922082493584
8.137926788303828
9.818355369727982
10.289511227282865
8.992349237101264
7.126671505696144
8.007113682594863
1.820272380099982
4.466018063405085
6.301146421797427
8.324892417898704
6.140224133299991
9.15437705693197
7.8661529373038075
5.880509254499988
1.0656585859087864
1.8087783660999988
2.3680563247999973
3.1503007064999986
3.889421102899997
5.367695143099993
2.9905174025999925
2.0834572066999844
2.1280781371999864
1.7484871368000012
1.1118958809002726
1.8870415954999993
2.6233055739999918
2.7452681395999945
2.132743943799996
6.0606128982999925
6.085588638303815
5.51762828829999
3.0331151580999967
2.0093452483999945
4.278549877899973
3.7617410888999907
2.6944207793999935
5.241429023696136
5.610517292799987
6.135152691699988
3.9528131057999962
5.555766261299997
5.879333813499993
6.789485282899993
7.393390991202543
6.566940432696139
6.5129398025999885
5.953472854594846
6.960160180696147
3.912431047099993
1.4981634597999982
3.4482096573000005
3.1249723510999927
5.988622866799991
8.977182127271972
5.955984028599987
2.1791689010999895
4.8595329528986815
5.433013847399983
4.502532813999992
5.637915335099993
4.888461933899998
6.809495553599996
5.775891973899995
1.9365206298999895
3.7314436858999906
3.061484352099997
5.794040031399998
6.9996013351012545
7.35871038510127
7.87668467410127
7.0438410216999925
1.4943111632999992
1.9073898894999983
1.0236450276271922
6.261624931299996
2.250087440499998
1.627682565299997
1.7660728744999985
2.345917477399988
4.922452795399997
3.3895555771000048
3.5160628798999998
2.1809567412999913
1.8551473419000002
2.0241249343999996
4.116296438599992
2.927113519299999
5.71797059169614
9.70591109478782
8.733567138696143
7.584703225699998
4.175297721899999
6.174335777299989
8.725323684795976
8.440727934303828
8.302902864101267
8.735585401898708
5.7913747970999925
6.560985568199989
6.256518409699989
6.122824146999993
5.802224471999991
5.366607434099996
4.125708926399991
3.499796731599999
3.7207320586999972
7.114153825405101
6.2150441833038155
3.8653755279999924
9.38116724699998
10.370034953212144
10.693349830999992
10.575322173999995
5.3884405700999904
7.988782621797427
9.43468349606798
10.974801513999992
9.400197254931983
9.059126644931979
8.450035237101268
8.300762597696144
6.540338726799998
7.390251618999982
9.065003242506391
11.31165830499999
4.145011331199987
4.397756263699992
6.33755713649999
5.668045309399991
8.382359910727972
6.948963389599991
3.458371699499985
10.71454584799998
9.332805909696145
11.405543612999987
10.786176452999985
9.740225013787823
8.797972643999987
11.28244740299999
10.720082421999996
10.994304705999994
8.40960213010127
8.64590239259487
8.484513160696142
8.354449568202547
9.931651409929273
9.821709448135996
8.997265304594867
10.958793375999994
10.537470157999993
8.742177911405117
8.7588165131
5.797570411699986
6.084360958898696
4.347782423399991
4.981015835599997
3.2455195479999936
2.1696369704999947
2.901397349499992
4.5968527068999965
10.145763752787824
9.619917628339993
10.603262328999987
9.669038708339988
11.23188722799999
5.838541216999986
5.611111140399989
3.624515429699988
5.22090240019999
7.625495335405104
5.583142518599994
3.442116326899974
9.520948431282864
6.718489034999988
8.705659179696148
8.533158879101274
3.670561985799989
6.855598094202539
3.2246556075999986
2.205768533299996
6.513893112202538
9.563990594353575
10.119583225999996
9.796028718727998
5.995491830399986
7.262968716405095
6.485690837099986
9.412316996797431
8.800811326594875
9.371180114696152
10.612206969999981
1.560974102799997
6.514686000101252
8.533107301303835
10.681847309999991
13.952014507999989
9.544056382863992
5.004109045399975
6.800824642899988
8.996223025659978
8.319756620797417
8.487523188797427
11.13671389599999
13.080394097999989
12.469779548999975
11.060695019999994
10.128005021795996
7.388006040999996
7.200526415999995
9.85496646885855
9.009676513696146
9.527630198696155
10.065451906999991
10.29258167413598
9.260473265101268
10.091896531795994
12.385708489999987
12.046635027999988
12.012402602999988
13.423267786999993
14.32851750599999
12.56816455999999
11.92184187799999
4.961020663499987
8.143890550202531
14.809506730999992
13.391199993999992
13.221698519999997
13.554806952
11.549555691999991
13.157853272999985
12.99432878999999
12.712636593999994
12.190633753999983
9.69458531489599
12.242273189999988
11.417658979999985
11.019146587999982
10.239371471999991
10.483094178999995
11.56194779499999
11.775561397999983
11.036956946999982
11.475053466999995
12.341528002999988
12.973748810999986
10.935133364999993
7.4503199676961405
10.071729640141424
12.223908942999993
12.684272379999996
11.113819301999994
12.795710560999993
13.65486256999999
10.456885523999992
10.225580229141432
9.597846617067994
9.502314215067996
11.165530402999993
12.420077280999992
9.56185653989599
9.252308288594872
12.886253750999986
12.554107209999986
11.990579976999992
9.22320946959487
7.93959405669615
6.759068994099992
9.889188501000007
9.575565670863996
10.911317020008148
13.817394826999994
11.47384085799999
11.16904114699999
13.648174773999994
13.540878155999986
13.006871532999984
11.999143422999989
12.435256391999985
12.742397132999994
11.157922139
11.688626975999977
10.449955701999993
2.3079662200999946
8.749591169795975
12.051365381999986
10.058046911717112
11.584851876999988
8.286187731898712
7.225474182101266
6.36893855289999
5.51624475099999
10.72261870600816
11.90032084999999
11.41567750499999
10.12816808613599
11.598147939999997
12.506463788999985
14.01171494799999
13.523136625999989
12.127389449999987
10.64902794999999
11.799634682999987
9.26683072199999
10.20433124085855
9.48214570006799
10.542134028999994
10.006818208203992
7.139652697799996
10.761724262999989
8.998729693594873
10.604980280997273
10.312337711997278
9.407179435787826
8.613202961696148
7.77713198240511
5.202360519399987
9.483466366727985
12.48952133299999
12.40611012999999
7.757139240999982
7.624795632898709
11.295065561999987
10.434340952999984
12.305335096999984
11.992534333999988
11.983948278999991
8.451043536405104
8.154153576696155
11.39776455999998
11.099050786999989
12.070945328999994
12.831398285999988
12.168934397999983
11.569339301999989
11.42656168099999
12.012242187667189
11.205240156999995
10.541082851999995
12.537556833999995
12.32129156499999
10.920576513999986
12.141742669999989
12.241974520999996
11.997972262999989
9.14369121093198
11.66669312099998
10.630728225999993
9.210038224797428
9.622022117594872
9.700375764506399
12.493246761999997
10.105987779141428
8.540186764493587
9.826450755212147
7.0464088988999904
2.4083651534999966
3.832421186799982
4.038621565199982
5.680177915999986
7.960004800405097
9.879006954999989
9.315662211727988
4.2875216674999885
7.100619433594846
7.731237718199998
5.881930863999989
6.543692599506385
5.128525372299988
7.757385177594864
8.772113430797432
8.02833136140511
6.776271726999994
6.897766032405104
4.881222889699993
2.3469419524999986
4.970529934699988
3.2161920318999986
9.326416628999972
10.613815398999984
6.052745838899988
4.400364015202527
3.6576674850000024
3.1101973067999986
6.115399275199985
9.299689392067979
8.76574868620255
7.83672650299999
5.2399695083999855
2.537668545499992
2.9193061157000013
1.470394485499996
2.0286258483999906
4.091593762200002
6.136848951699995
5.816323121599985
3.848373614499979
2.936209054600001
1.847482022099999
8.966473789999968
9.10396391140511
6.150491072099984
6.264950488303809
6.46636547239999
4.933052764899999
4.420713394199992
4.457238680999987
4.466083036799984
6.315827163696141
5.840107882699994
6.841407066303826
5.337635443101261
5.5411390746999984
2.5276718704000003
1.5980717880000026
4.835853437797399
6.04746769869999
5.552795637499995
10.823294295999984
3.8479544677999997
2.995436337299995
1.8845683502
2.0080296065999943
1.0089774786933292
0.8400815526000014
1.340692935100401
1.5222637422010896
2.4128298950000016
5.045062252799978
6.6055527405063845
4.577574049399996
2.7819314269999915
3.1872163528000006
2.4781378615999996
0.9952299340141425
8.063185023339955
5.2330419829999935
4.961034255999994
7.066828181506386
7.514202508493589
5.543935736099993
4.994973457299996
3.659621357699993
2.35694537349999
2.474263514700001
3.625593139599998
2.3106555449999937
4.193490798999995
3.2149284224999897
6.822295442202535
3.5535324798999954
2.8503801422000006
3.494226020799997
5.633118423499992
6.9360004165999865
1.4600199447727833
6.285073477202541
9.887641999858545
9.08474577479743
8.132236991898713
1.798329725600002
3.061009542799981
7.438849702506382
5.168810012799989
9.49352469320399
7.336979295299993
8.474537617339973
6.9037478531012635
5.523126979099996
6.385837377899985
3.470152462799995
3.9381917541999982
2.5371921782999807
3.119694631999985
1.931044384799997
1.4178937591999927
3.3538570601999944
4.730918859899992
7.926349516303827
8.88428831940511
9.899674592727985
10.428274946717103
7.84090756679743
2.425959605399997
0.8477315913200008
0.9460578020067945
0.9874489821282835
1.9563324340999877
6.126712263499991
1.7764892211999916
4.024703977999996
5.89797713619999
8.331695289594874
10.604641724010879
9.73809045572799
10.038781347908321
9.745266015717103
8.18485812679743
9.895250138931994
10.883339692999984
10.473193514999986
10.061293450929261
9.933215566999976
5.722655473303816
4.205415519699979
4.677546319599976
7.069066244493578
5.885663143898691
9.464811468659992
11.164126529999987
9.626824539135987
4.4263396698
4.734007621799983
3.4826045898000055
5.026718197599988
2.1315605269999978
1.9357722945999913
3.051182873499985
2.323111506699982
1.1837825430929196
3.281818464699993
6.466202432303814
4.514688772599995
8.722525955202554
9.88102690720399
6.898938352999994
12.025443665
10.234821537858542
8.381355819696147
7.371989454699997
8.572620927405096
12.421406022999992
12.888100123999996
9.469609832863993
10.47227280099999
12.434936672999996
10.857842878999996
10.52196872099998
12.27229446099998
10.291374394141423
11.545123954999982
4.007573500099981
7.084070677207964
10.998753888999993
9.741128063999986
9.081924360795975
12.01956736599998
12.212587134999987
9.362406831405107
12.548655895999993
11.483768950000005
7.135656780999985
12.752459426999987
9.93997870186399
3.570806135599994
3.0180844069999924
1.7661331894000012
2.2656676925999855
6.762505789202548
10.280246779002717
8.141774482699994
8.806071791101278
7.651834001202552
9.578938642898716
10.496632459999987
11.120800709999997
11.006320829999972
11.475782781999975
7.84646974030382
9.994237203999983
9.416646411067987
8.666135430898706
8.029957595797429
9.554125297659986
9.887615959135987
7.448422380101269
11.105114927999983
10.363304110787821
10.458477503999989
7.945561639399992
5.355918205299996
2.210267591899982
6.578934396399996
8.697255500863976
11.497973987999995
12.369675786999995
11.98378262599999
12.928706098999989
12.223499276999993
11.147330669999992
11.122230427999993
11.054169211999984
13.611149094999988
13.042357204999993
13.222274315999991
8.947732739303827
9.111010281405106
7.709782987999993
10.314329977282862
8.849917170795976
9.518485432271994
11.685568628999997
10.372814698999987
9.27918511199998
8.014049510202554
12.695706887999995
12.600056569999996
12.944732593999994
13.733525026999995
13.718148424999988
14.044040494999992
15.10562654999999
13.227449303999983
9.673977435203991
11.726361480999982
13.569330074999993
14.736323636999987
14.679615153999986
12.325579569999995
6.637806666594858
5.411982031199991
6.6032289489999725
7.020276196299988
9.47343342727199
11.061143610999979
10.506313901991836
10.423660885999999
14.39537691999999
12.386959493999994
13.121422878999986
13.499162980999987
13.33714943399999
12.313016981999986
9.257431211931987
11.10662683299999
13.546102218999987
14.614213810999987
14.060195670999988
13.257923824999986
14.16564804499999
11.643597368999991
10.42841105799999
9.137192065405126
9.852455792202559
8.841407856797428
10.953074659999984
14.447684649999982
10.55574175599998
13.132808576999988
12.53899267299999
12.649304413999984
13.92986816099999
15.458603978999992
14.369527981999992
15.257976552999986
16.483197751999995
9.147366828931988
16.452676265999987
11.016127268999986
9.658792567282864
9.87016892399998
9.594365959135985
11.208701899999976
9.90069575028287
9.282898561067979
10.831777050999984
12.649033923000001
12.844064542999996
14.193321972999994
10.59609299799999
10.087094721999991
12.134516186999988
8.343342561303826
5.341621267699993
5.138703523299993
4.783950059499991
3.0735149657999945
6.5092760238987015
9.552508904999991
9.988674854999987
11.192361359999985
9.702273544212147
7.207447210696146
7.404901438931928
8.128486775202543
8.657277859506387
11.103066352999997
10.875298591999995
7.746592797898707
6.629888984696148
7.009738793898707
10.053693931717104
10.664261826999988
9.022653854405108
8.865276187101271
13.338914394999996
10.778394031991839
13.063206116999993
12.943487139999995
11.75262371699999
11.142630999999987
13.001817704999988
6.6240127166961456
5.076918786599984
7.908345217898699
11.535731160999982
13.043272629999997
10.25431302493199
13.482391965
11.85913248299998
7.567454975898703
11.211373285999976
6.918135533099992
2.0315382476999964
1.7346485001000025
3.183541479499999
4.823523945599995
2.9580791137999953
4.013720594799994
5.424768489099993
7.467429660000005
7.165367720000004
2.3877568221999903
5.127550880399988
7.81329986719999
4.669115423599988
5.278397326699981
5.364627238499984
6.128320770303819
4.3140443938999935
7.6481569198987085
3.3299235579999875
7.232997965999967
10.210023029999993
3.4958393691999925
6.199476280202527
5.6277301848999866
1.7683519561999985
1.4872413482999984
1.1113216180863963
4.473317755099979
2.180387235999994
5.144095803797414
6.465167092900006
6.467829251099994
2.2620078751000023
4.38223391419998
3.9407456725999945
1.793085598799999
1.5628018509000021
1.2751484649999982
1.8130329040999966
1.2281581250997293
1.604729759199994
1.3951821319999957
3.493356693999984
5.153995190399991
4.834938812299986
2.314113334699997
2.340338215599993
3.369590679899995
5.2842295059
7.092220777898707
8.010111335797433
7.265386238099991
5.9969434539999895
5.529114622499987
5.634691958599983
2.2762992293999877
4.4057058227999795
3.45019417109999
1.584684138499992
1.1330981453931979
1.7314476089000013
3.5281981277000023
5.6492167907974205
5.463126538101249
6.49801260220254
9.676189446999981
7.079148460399989
4.521196069299997
5.808379507405097
6.742600193799991
6.700222907999989
7.071958467099988
6.881042529299991
3.187914802599976
9.791341123999986
7.636727357506386
4.147095767199995
2.870920490999998
2.336754025299999
1.5469488753999985
2.9686192672999865
5.4430214324999975
5.955869477799986
3.034246292099998
6.793632195999991
4.7208697158999895
6.070132601899992
6.827455836499995
4.738575442499989
4.122949273699998
3.9289146773999977
4.188021585099995
4.9813594681
1.4257089705999964
6.2683205124050785
5.394721449299991
4.578388316299992
1.5529002486999925
1.4276322555999936
3.1315153090999894
3.5109598327999807
4.127739565999978
4.809250599699987
4.171152239999997
5.649383741797403
8.049996742202538
6.1459840865999835
7.600907827797411
8.924214529405106
7.789544470202553
4.171392095899995
3.7976291015999926
4.990902152999996
2.445074726899997
1.688435086099977
3.6337573943999955
3.2883559432999987
6.746071118202545
3.3200359008999967
5.388577694696134
7.090034678599993
6.264453985599997
7.667441703799991
6.605831091299999
6.762054193099996
7.871818286099995
4.367780044599991
0.47498767796000213
0.7508897372202532
1.6546440902999908
2.6730069107000043
8.12266962286397
4.363433453399986
4.245285943599986
5.0667546874999925
3.2618363723999892
5.8367855957
1.8845498276000001
3.0574515273999885
3.8690829574999914
2.389001751699989
4.352858477799999
2.9808665588000047
4.6292626098999845
5.92574381099999
6.422241560399993
7.86867986449359
4.85676927340001
5.109692465199986
8.516972976696149
9.086121578999984
6.294310223405102
8.725039965797425
9.35640928499999
7.595436653101268
6.848835311898707
4.340743073999991
3.5160956420999963
7.2539855957
7.336452561999991
8.498398455797423
9.074313024931978
9.098485937493589
10.577668862999985
1.8299829040999935
4.029754109199979
0.6700502986931958
3.546193926999972
9.263798086659978
10.986150469999986
10.045046797141428
7.578798655699993
2.742639794899997
6.170934548999967
10.858865323999986
11.254160987999988
11.869504650999994
10.518735468999996
6.428648109399988
9.31714057920255
9.91842664933999
9.453864959795986
8.308765640303825
9.091696672101278
10.201327140863995
9.039193098405107
8.970229722717095
8.2599702667
8.987270208696149
10.797252837999993
3.6057622771999878
5.190545671099985
3.856999357599983
6.990041448999989
6.1886083877999924
4.967219566299993
6.426297280899995
9.629271441696163
8.939228356931983
11.666212366999988
8.403535485800003
7.385162741099991
5.5090349929999824
3.8123970504999876
2.531480018599989
2.0685129424999955
1.0308092237339939
6.135072778299989
8.487140237405104
8.06430593870001
6.729093104594856
6.572522135898695
8.284535815271965
7.521082902493586
7.963847706599993
6.971761863699991
9.733969479271993
10.976963061999989
12.099676740999993
11.27850024899999
12.02197006199999
11.712741736999996
11.456300702999984
9.974172999717108
11.152984353999996
10.695057874997282
12.558368020999998
10.864038980000002
11.857473147999988
11.799688300999987
4.768339465299987
8.746710932931965
12.833200802999981
9.027806950405108
12.125152601999986
11.283035579999995
8.378037995898703
8.702487957797437
11.074480452986402
11.781161857999987
10.785689458999984
7.134458081099991
9.09075397640511
8.111786759898708
6.377146150199988
9.92672453778782
12.132695330999985
10.710316958999975
12.502451177999982
13.24662944299999
11.69115232399999
12.330206998999985
12.12876027099999
11.614036651999989
9.152630682405107
10.496845368999985
13.185562798999987
12.658810393999989
14.581096934999994
14.555036884999993
13.603949250999998
7.911248820506393
10.407968912008153
12.381472555999991
12.521391874999997
11.297350989999993
9.927700120659994
10.848751728999996
10.524115271000001
10.147566683999994
12.492800521999989
9.008902137863986
6.594705699199988
6.690897253405104
8.753627836594871
12.389399831999995
12.094082377999989
12.876772138999991
11.827637403999992
9.329021682696157
6.825781494101265
6.282418502797425
8.62609380799999
8.38977173920255
5.70458885349998
7.384175224303826
10.954316906999985
10.566156094282855
10.291971926931994
11.346344620999993
7.857291082797433
8.378821766699996
6.490293331899988
12.966062377999991
10.983040886999987
11.201530585999986
6.085462930299993
9.884972731000003
11.830849561999974
12.138812565999988
12.786483164999995
12.346395183999995
11.886935706999989
13.063363126999993
7.717534690899996
12.674301455999991
11.718654023999992
10.194639219795992
11.159900785999985
12.272980060999993
14.113115774999995
13.167114887999995
13.276546018999994
14.584577675999988
13.426696789999987
13.36463669699999
12.188652408999998
13.44434385799999
11.689436156999992
11.710092878999998
8.959009939594873
9.465319963067987
6.608025523399991
12.01191658799999
11.932421607999991
12.58564369699999
13.252270124999987
13.420757932999987
7.781293925506388
8.419706013506389
6.040807316599993
3.342652535999991
12.592927123999987
11.929615433999992
14.059455958999992
13.171491535999992
12.161746054
10.916248372999995
9.228573162797428
12.889205045999988
12.671164623999987
12.968277915999984
14.654106305999987
13.101018305999999
12.071817351999997
12.790861420999981
5.457697766099984
9.061999432282853
12.067448096999998
11.745641887999993
11.797954979999991
12.670824251999985
11.109083062999975
11.135355938999995
8.329724681101274
6.208690956099998
8.101735025000002
5.668615914899997
10.072142457717087
9.73707089828286
7.198387911999989
2.653440930200003
5.303162264999977
9.770527906863972
7.459466209399993
10.213713331999994
9.455537351999979
3.9666184096999735
10.579009229999984
9.72023177628287
10.852180983999986
11.663038007999992
8.196437846405109
4.641104948399983
3.801790713499979
6.28551418459486
3.9990046050999815
5.2795990066961265
8.01997276149359
4.502228588899997
7.273001559405097
11.022450295999985
10.817945711999984
6.025747216797416
3.397889665199988
3.824256143202509
5.043014511100001
8.108763032493583
7.913762387101271
6.24552952579999
3.212073847999992
6.528137667797417
6.113587441999981
11.480631049999989
12.301527114999987
11.781595026999984
11.344034888999971
10.951263941999988
10.744290272999974
11.097369301999981
10.896241530999989
11.59626241099999
4.331168612700008
2.373280247499994
3.375955369599998
6.070374430799993
7.81556677399999
7.669352412405094
8.364246791067973
10.621449421787814
6.408576385499989
4.315845355199985
6.780656372101263
5.141982427999996
1.9148780883999919
0.9769375216333596
2.3694673385999856
2.284973385599988
2.148640750099997
1.5737285797
1.228322756999999
6.423590760797395
4.932712182599991
3.7456398345999986
4.382253283699995
3.9199612670999877
5.520448518399992
6.595857237202544
7.4787893188
3.5502679351999755
8.084472912594851
8.967757496594864
7.625105714405105
8.363625994898701
9.997519770863988
5.662810391199988
2.706209208699999
2.0688749129999895
2.9990500640999977
3.5068288741999876
2.1873009536999994
1.4420149779999851
1.5887676146999912
1.1864975524999901
1.6693950789999958
2.0188527802000023
3.1562621597000016
2.126780497699999
1.7872775023999978
8.030149844271962
5.4792969466999955
3.0165721724999934
2.5149916198999955
3.2516606444999887
3.4049407378999925
3.4587261780000027
2.088482336399991
3.828843240399995
3.6640187331999945
3.247213552899993
2.0700553924999983
2.3621863341999862
3.287391404699985
3.9255828124999894
3.5572727004999956
1.5832011719000008
4.738080509899979
3.988176000999989
3.1758139083999932
3.0949110626
3.8255896789999952
3.9222521682999947
6.16570451510126
6.331063218699992
2.3948833037999875
1.3047157227659902
1.102529014879596
3.1451073958999776
3.8302617415999847
5.222828391999972
8.976032556202545
6.881931588699988
0.6129325704599997
0.7473359620999989
4.875296638499978
3.6442756057999923
1.7191563126000005
4.69856534579741
6.439241392493576
4.70692016749998
6.772320887797412
5.220794403099997
3.1130360000999975
1.4124790145999917
3.8950706496999947
5.675741249099985
4.210185372899983
7.574004060399994
6.903994238299997
6.944273693797423
8.187684992999984
9.771536981135982
7.7115335021999885
6.316261598199985
5.280356210299985
7.746138049303804
10.510294917212136
11.491641208999985
9.736297425858538
10.611367725999987
10.580179332999986
10.27283078499999
6.633461029099987
5.525668174699993
6.860255525200002
7.716340840101267
9.808003279067986
10.468331150999983
8.694227424594867
4.15962581939998
7.161328713999965
8.264013438405097
7.046847878999981
1.7452056991999965
2.6612379104999913
1.7141405609000047
0.8536589660600014
0.970220165427192
3.0474091369999954
4.0773967560000095
4.751323744199995
8.241886982696151
5.824634709199989
4.766587291000007
3.0198976043999854
4.620890202299986
10.103055815070704
10.827917325999989
11.466863883999984
11.757662552999987
11.829093178999994
12.194695688999992
9.97907524406799
9.322625045797436
9.080690733203978
4.286223562599988
10.687273702999995
8.057703329506383
5.993408686800007
6.356874203499991
6.753152110299992
6.789467217999984
7.857727445999981
7.493249925202547
3.1011941054999976
3.0037418120999724
6.266683418299985
6.107490574599987
8.407668893405118
8.689140397594864
10.012431655929268
10.138748478787829
11.226689419999996
6.0418617934999865
7.248827247594863
6.73847419129999
10.137690675271987
10.769889582999982
6.599936788899992
4.782637379499991
9.453840359506401
11.752773633999992
11.207197652999996
6.330443789699988
7.763038288898705
4.049111543299987
2.5912344832999943
4.8237378585999995
7.396243333405097
6.9857935576961445
5.959753016699995
12.396453139999979
11.527521895999985
12.633468551999984
13.00406160599999
12.684542812999993
9.57310953514141
7.9492056289999855
12.023106248
11.277922901999986
13.454779886999983
10.933667589999986
12.712774201999991
13.064007987999993
12.426538390999996
8.448302223202543
7.579032537797427
7.5919235504051095
7.405537535101259
7.533006835898708
9.282372178727991
4.60696965179999
6.7540380385999885
8.005445016506377
10.441312203999987
9.797106457659993
12.247309320000001
13.637832935999993
12.842254062999992
10.857394578999978
10.740113512999987
11.634490168999992
11.491033993999991
9.995415075795993
11.625063390999989
12.509387870999992
8.354360815400002
8.314313395700001
11.972537304999987
10.753876383999991
9.050633094797433
8.753065763900011
12.025902482999994
10.518273209999995
10.470179697999988
10.850833463999985
10.564498946997276
10.945353986999992
11.50392891499999
12.999843801999994
11.013898108999989
12.738280309999988
12.226688732999985
10.16471930393199
12.051393831999986
12.830206783999994
11.988470330999982
10.285688286999992
10.486216071999989
10.779307746999995
10.049033149795996
11.997695417999982
10.967812113999996
11.410796862999995
14.419533260999989
13.90287236799999
11.006680051999988
12.264100730999989
12.528358672999996
13.295251719999992
13.951761942999989
13.496445148000001
9.679393034271989
12.157937485999982
13.852844631999991
12.729997700999997
13.258624578999992
13.006919198999993
13.85014601299999
13.365553809999987
13.175415685999988
12.749115268999988
12.04932836199999
11.71604205499999
12.424289379999994
8.712968873594868
3.3532430236999806
6.596147317493569
10.686508974999992
13.060965890999988
9.486477671863991
10.187808654863995
9.320070133999987
9.02543472140511
8.724620144696143
9.5590989684936
12.41964841299999
11.114328742999989
11.316661744999992
9.26688297420255
10.365178635999987
11.31233913099999
13.719994910999985
13.170655639999993
13.262033779999989
13.247081528999992
10.280416251010875
11.36960340699999
14.312938427999995
14.19074117099999
13.636769466999995
15.091901575999989
11.935812864999987
13.087634531999996
10.626406882999989
10.987458384999988
10.677060605999985
9.261463183594879
10.72815412300272
8.18024187320001
10.977555216999987
10.016997537135985
7.143776325999994
8.786512773101261
7.277278716999972
8.242977101067968
8.1131847518987
4.118818203699992
5.597627050797413
6.854783605999977
6.874850421101258
4.5959449112025315
6.504591276594864
7.978349961898708
7.401304156499994
6.187892330899993
4.736939511099997
5.060537719700001
3.305969187899992
8.692117456101268
7.268661341899992
5.827816960099989
5.885905914299998
7.351739623999994
5.2437664840999885
6.580033363299995
5.881342564399989
5.470830564899992
4.573265043599987
7.56469824220255
7.270898313898706
9.79461607372799
9.87928827206799
11.15823427599999
10.908804812999993
7.689289446999988
7.558324060099995
5.270912985199987
6.600569567899997
8.902369467202545
8.351029406696144
7.40221109920255
8.845030956999988
8.075005531303818
6.463262312303808
9.192009139999984
7.1341210204999905
2.9279563537999813
5.275775582899991
4.620268064899992
3.933574781799978
1.3864436172989094
2.3126424453999945
3.664761534099982
2.4393731978999957
2.7328421111999717
3.2264012053999918
3.080565656999999
3.896360136399982
4.926334072899995
4.335327488699991
4.5786073898
3.4655378890999957
4.092376979099998
5.493775805699982
1.8236055663999946
1.5422442612000005
2.020451646399993
1.939317648299989
6.4501698471012405
10.703703888999982
10.87852683699999
8.994001733405108
7.456830316199999
7.034191072099991
7.258332043499997
7.643223402405107
7.438403857405107
6.389570971699995
4.259146499599997
7.801922683696134
7.935859040797424
7.034221435493588
6.49681316379999
6.822315710399999
5.109660760499993
3.2588649323000065
4.008707931499999
3.4626714813000006
2.51108972929999
4.879921241800002
4.362445127899977
6.2997944641
5.512531185899996
6.611858673101251
6.3129597106999915
4.7644360931
5.031844549599987
4.6577644912999965
3.5031147568000027
4.169668716399981
3.8148441512999702
5.632319183299996
4.064023925799997
1.957304303000003
1.1854895912141323
4.700251631202533
6.203600125099995
7.001089038099998
9.94974455713599
7.968171112101258
6.549226126099995
5.277529653899989
3.92049464719998
5.755657199099983
7.642890553303818
7.483629731797421
7.642294505303826
9.903865147271983
8.111441903696152
4.742176698299982
6.489505738797416
6.935627799999987
5.708177438399982
5.919047163399998
4.523471406599998
3.675491569499995
1.365791077399458
2.883116010999972
6.464256376594854
9.822748210070705
9.100235754405112
9.443507434067984
6.166748115499987
1.4966000442999958
6.555493901099993
3.7152397262999894
4.762960220303813
4.312200219699988
4.64107099149999
5.6223636596999835
6.317821200599991
3.529608740199997
3.941957382199987
2.0908000762999843
2.9880385467999786
3.5274356429999982
3.9923209151999832
7.9420130568987055
8.165548936506386
4.242921531699987
1.1933945342999972
0.5148818864800001
3.3043156997999863
5.928019839506379
5.93424643549999
6.0977971358999925
8.006331735202547
7.25358507230382
5.432698760999993
5.960581582599994
0.3730718028999947
2.055686363199997
2.656007823199996
3.8373893722999926
3.0772602477999915
3.2807020156999958
4.482713178999996
4.309346440100003
4.535952284200006
6.119498878506387
4.482458991999985
3.1925775847999818
3.2974662871999776
5.526795979303814
7.187341404699988
3.1440372054999965
0.7465842292863947
0.8886806246866557
3.6449736770999643
4.290620992999978
5.611137637299993
6.617976144399998
7.441831959499998
8.25505743099998
6.194861820999979
5.100500596599986
7.0354900268999865
4.811819116199999
3.162488191199997
2.411710832199982
4.796255454999982
8.56140667879743
8.479186657696136
10.74110591099999
10.951044471999984
11.60064153599999
7.52287050929999
6.125049465898694
7.439311448696135
12.397773131999983
12.493176650999986
11.745077797999993
9.242095446797432
11.637578519999993
12.042969188999992
8.925164654493592
10.792539179999991
10.201190573067992
10.77377078599999
7.842984635898709
10.364079218999988
12.16277609899998
10.988877367999981
13.402707300999989
12.76434099399999
12.921031301999983
7.4545546279999835
6.846302606202543
5.053235198999989
5.22044850619999
9.33824005420399
8.858621310405118
11.616513299999992
9.77433511364638
11.626031954999993
12.93291040299999
12.075530030999982
12.605362519999987
8.25925510559486
9.035817231797436
5.9557477005000035
10.33134456928286
10.758069831999986
6.465769737202526
10.351339952070699
10.905465670999993
12.371260138999991
11.261141907999988
14.445080408999988
10.941383817999986
11.786449029999988
11.265750927999987
5.25291199189998
6.915560543799989
8.926730860931977
10.527320987000001
12.27365854899999
11.457804802999979
11.738513860999996
8.88397290633998
2.8035112838986858
13.37483140899999
9.118229283101265
1.577627125499984
1.9421803756999745
8.123315020797433
8.216756964101265
7.964256663493588
2.787937721299996
2.7374051528999925
4.953408790599997
4.895280227699996
9.345620198101267
10.404523096999995
10.080294537271996
12.609746030999988
11.809554107999984
13.723599148999991
13.651897744999992
11.612365464999987
10.283796527070706
12.203281231999984
10.861553953999998
11.026838959999987
10.756368822999987
10.713404491999992
11.639679049999994
12.806123988
12.881597733999994
13.982329345999991
10.869744321999994
11.083699218999985
9.84897093365999
12.061252002000003
14.628350957999986
13.529275789999993
13.577451592999985
4.599708410599981
7.504262196405108
8.369717834506393
11.185557242999984
13.383011588999992
12.51686024899999
12.052901269999996
11.347697989999988
10.421358069005429
11.239621932999986
12.859811937999995
9.453444299203992
12.740106351999993
10.691066260999985
7.687463670299991
10.974489635999985
11.814782804999991
9.567593159506394
8.137706135599995
10.906879403999993
8.836578967303835
12.639429784999988
12.731441135999992
12.764872840999992
14.133931106999988
13.701333648999999
14.09560557399999
13.586201581999992
12.639980927999988
12.774333152999985
10.477604883991832
9.492500303727988
9.65622538133999
10.461647503999993
13.540961698999995
13.784741846999996
13.566796821999993
14.67516321299999
13.502767934999996
12.303312243999983
14.780095192999985
12.628642026999994
12.920411637999994
11.586329502999995
13.708382462999987
10.533417129999988
9.727500993203991
7.857475494405111
8.879830296303831
10.733013588999981
11.588387337999992
12.543181040999984
10.924492478999987
9.219939169203988
11.703124670000005
8.886139570594871
8.58643537289871
9.252875416594879
10.786006540999987
9.980603022938883
6.319927481099986
7.783981864898701
10.505040504353575
11.102642699999988
11.725949531999998
11.913820351999982
12.152318456999991
12.734680251999984
10.371221911717104
13.222562586999986
11.577245244999986
12.713256005999991
11.42999408999999
11.652340070999982
9.88999229430384
4.666753953599992
10.543254696999995
10.705580803999984
11.600973276999982
11.57792593099998
11.449186802999987
8.98959610899999
12.329125620999989
9.984004849141424
13.499236002999984
13.00722966899999
13.550173221999986
12.213228809999984
3.125034292599987
4.963039855999975
5.298098756399985
7.1615497588999935
7.695315948500007
9.248638905303833
11.833518224999994
11.836052378999984
5.762946414202535
6.443877673303823
9.592459776212143
10.884386356999991
9.64572735127199
9.919990096999996
11.572400907999999
9.714639027405115
12.157599976999993
8.118106346101264
11.270825905999978
12.083934191999981
10.696551079999978
12.101100715999983
6.503550387599992
7.065251640303797
8.038591822797425
10.934329529999983
10.195635015929263
8.118567953506377
1.1148517873863908
7.0495808945063585
10.938132314999985
9.14017771
9.923011010787834
9.556075398203989
10.227011529646388
10.237131997787824
9.155198760999971
9.537888822929252
8.240191998303832
6.9905431641012665
3.7014825210999964
2.751084629799999
3.415458663900002
2.431116886900002
3.0933870009999875
5.446120719899986
2.7169281707999944
8.503824273795972
8.65469514159486
3.321280423000001
2.669375401299994
3.3459463912999943
5.238629203799997
3.500486546299992
3.6090036942025256
4.982622029099983
1.3314829024999983
3.2806702437999915
4.902619538898694
3.8738082808999716
3.159061651599986
2.7256676987000006
0.41546926870000045
1.5582344803000006
2.5086157302999865
3.8965734252999784
3.7906327270999944
4.963414475999995
6.464273246799994
8.073568675202546
7.711933200101268
8.344486985797431
8.85516448979598
9.354950852999982
4.4592313430999875
3.457271166999996
3.55185819399998
1.4546490096999947
1.7150390929999966
0.9022076540929229
1.2766194076999962
1.351753445098003
1.876742535399993
2.1260969573999944
4.667571705594851
7.518942660493583
8.818060623202552
3.8017299636999926
3.464915441900002
1.4404017288000017
2.0780054824999854
4.045299032594843
4.300710174600002
5.749318304399994
3.470157905599999
1.2802655411005437
1.3080023438000006
2.631283193999997
3.7717944411999933
3.955928402699978
3.718954418899981
3.4140110290999908
7.107756793202537
9.294460124202544
9.79815894786399
5.8485286484051
7.2451405182025415
5.817892246999994
4.239176109299989
8.82050709827198
7.7325346068986995
2.2249440932999907
0.42067954073000047
1.6401116652999799
4.215619213899984
2.9305474350000003
2.25799100039999
0.7860450265898676
2.343813397200006
1.6018867385999962
1.1013648234282816
0.7655259941100008
1.6477791976999963
1.1669265883999989
2.2621833114999923
3.9852388382000057
4.438821751399992
4.29643010249998
5.529461094696135
4.3041208007999865
5.72381420750637
5.817742773399989
5.063340441899991
3.6824831847999966
3.4563538177000055
3.800818279999993
4.9865205398986925
3.8426531035999765
4.54202186429999
5.445508351099983
5.89671574549999
7.074582669099989
5.172991349799983
1.8811366668999914
3.791492520099988
4.261289674399991
2.5630216140999997
3.0405936782999974
3.115255310099991
3.852470851099974
4.094939706399984
6.465917036405095
10.452831639070704
10.079196630929268
10.62892120199999
8.030093781999973
8.734739747594864
3.2331897735999817
5.61922610630381
10.450814857353581
10.987156624999981
10.301681259141429
9.570600883339985
9.345095065303832
7.520146521000003
3.474437544299985
5.79297345729999
5.226399153099982
4.638288656599983
8.870799804696144
10.300721430999996
4.347790350299986
3.5683383300999916
6.731057232699987
5.839153771999978
4.249195524599993
4.474055557299993
2.9662950591999917
4.522400463899992
5.571737831099984
10.808491890999989
10.426874389717105
12.685768203999988
10.858816306999989
7.765318006898695
3.827005438199987
2.436850729399999
3.274368414299989
3.830167694099992
2.328400299099995
3.543996221899989
5.820613961799979
10.866608924999989
8.986192567405105
9.686501943999984
11.893021853999997
8.97285235599999
11.367888932999985
7.881535688799991
2.5877260680999843
5.349255027797408
2.731197141999982
4.3409065383999845
5.912148707599995
7.900930590800001
6.322816021699993
5.087933814999983
3.407276824999998
2.4998787993999865
4.7392565291999915
6.935389735399995
5.297880758699988
7.72915272059487
11.215175414999988
11.998184891999994
10.945280288999985
10.417284284999985
9.181756599271983
10.401545821999996
10.548021697999983
13.056097741999995
11.735838152999989
12.039020180999989
11.925825416999988
12.562338543999996
8.603261624101266
6.175670686299995
8.670183413696149
8.143758489999998
7.5733947875999945
8.219852854898708
9.27474442750639
9.01363153689871
10.77922501499999
13.002867464999994
12.687007923999992
7.945645123303825
9.553288317931983
5.057289181499976
8.825435351594868
6.329145654299997
11.28892714199999
12.371203513999994
12.195240626999986
11.823243863999988
13.64860553299999
14.006142226999993
12.027977099999978
9.99079092571711
9.968379545727991
10.128754775999985
10.51736757199999
9.472505084202552
9.594157606659993
12.077143728999987
10.240624190999988
9.85077809299997
10.507515447999985
11.533404877999986
12.045451819999991
9.934037701282866
10.974312139999986
8.925848644999991
7.309245506299996
9.552601837061134
9.69225711813599
10.325900803999996
11.249893357999984
12.216125155999995
12.558578614999998
12.747032082999988
