12.796298483000003
15.322758462999994
12.746615336999986
8.730271246303833
7.293279272499989
8.391842291303831
9.913809590067993
10.806225966999992
11.526940767000001
13.124450044
12.943490874999998
13.566041887999992
14.498964549000002
14.477760331999988
13.768021604999987
13.80793878599999
12.848443926999995
13.641920741000002
12.613964004999987
12.081007581999987
12.38517608299999
9.70141691893197
12.249716259999987
13.228858034999993
13.962236065999994
12.531182308999997
11.304743247999994
11.26161706999999
10.050546412796
11.952633866999987
13.079729477999987
13.222910161999993
10.899316308999987
8.577389105202554
8.621679589797436
9.44064401549359
10.836001911999992
12.156794483999994
12.129496972999988
12.063139712999991
12.626136910999989
12.65675410899999
13.093200155999986
14.143354916
13.620296493999996
12.449187384
11.940783721999988
11.227590932999984
10.912552404999985
11.454109412999978
13.753772487999994
13.41573588299998
12.654159498999991
12.017399567999984
12.099797288999993
12.819240873999995
12.442527642999975
9.941315258863986
10.227985780212128
12.288769124999991
12.269476796999992
10.880471204999989
7.7210678253
6.593558647200001
7.8412601256961425
11.617305338000001
10.563592495908335
9.325450971999997
12.039827801999992
11.743245145999996
13.206243679999993
13.721635908999994
12.059628145
9.21892400049359
10.685986185008156
8.844723747303822
8.19222418369615
9.628021919203992
9.882868830898722
11.314551928999995
12.493422394999993
13.378904349000004
11.090044191000006
7.622038021900002
7.913285409499993
9.183900642405119
11.736478418
10.984602860999985
12.689514907999996
13.036896708999997
13.719376575
12.306253171999984
12.35519539899999
11.898554161
11.941631244000005
10.105176752994558
11.319995925999999
11.28027932300001
10.115569311659995
8.699472456405111
9.224261360202547
9.004699456797438
10.726426696999999
9.854419763135995
9.495753218101276
9.779698513858547
9.614569074999995
5.475125956699976
4.459395909099973
6.318953041099978
7.805694505303821
8.009865757797424
8.530444824135976
9.334185797067983
11.320708376999994
6.510718951399986
3.6068505813999763
4.022968118299987
5.896327033999974
5.591752404799997
5.116942636100006
7.9039278442025385
8.090701698303823
8.58835587920254
7.793272640999982
9.220661845405106
7.084901492303819
2.3149490035999802
4.1670753921999735
4.246663156099979
4.530864819299996
8.613893586696145
10.137770753339984
6.349833969099982
6.626715966797409
7.9209048964935675
10.412059309282862
7.398349417101256
5.5116639053038075
4.684357401999968
7.007615486101251
4.951354328899972
2.748361355599977
1.8565854827999801
3.9994844863999615
2.4691925307999796
2.819488319399983
3.5092789367999844
4.416724764999986
7.494443469199998
4.809215545699979
5.574617150899977
4.397365725699974
4.1277065200999745
6.098200384493579
4.946360765099989
6.350794366506377
6.090355641202534
5.115587637303811
6.708877911405092
2.3571284469999823
1.879722607399967
2.5603958159999705
3.1760815902999706
4.910910630797405
5.040662503099972
5.528771873506371
3.4123437041999694
2.330995843499971
4.353048644999962
4.189827517699965
5.661527763399977
4.76735357510125
4.2818048156999815
5.328454432699974
6.193827146899977
0.9582457283999746
2.9377065749999907
3.290455230699975
5.529726788300002
5.300609515400004
6.596766297898696
6.4926369399999695
7.13623220979741
5.599530148303805
7.285549275202536
6.39812635189999
4.923768655399998
6.0745640197974184
4.287928100599976
2.631664649999995
2.986422637899998
2.2483333632999947
3.001236880499976
4.489726618999969
5.096983073405092
3.810833225999967
7.828965205405095
3.7639232650999728
4.770198252899972
6.741948617594855
7.4321860504050905
8.796868063271983
6.21409786069998
4.672831312599976
6.644759544405098
5.606750306699975
6.606757569898698
5.56028639069613
6.383536149594857
5.584076859999978
4.800466403199982
3.7563712111999945
2.8123518691999987
3.4566751556000037
4.505064605699975
4.017167152399982
7.55838713679742
9.210043727067982
6.465809942599983
4.426932873499996
4.136459187299987
4.947524536099981
2.8251995009999717
3.7500618743999703
3.7397363738999645
3.473941268899994
3.4284263289999695
3.0135014815999646
4.826079516599979
5.9657139586999905
6.767569863899984
4.803384272799968
6.889915151999973
2.556916725199967
6.345940376303812
5.598387431303811
3.9201947677999662
3.1577154769999742
3.319256941199966
3.7886858185063566
5.289507273898677
5.235399218797395
4.2462381133999685
5.659083215299974
1.5742040954999585
3.8390603774935594
4.97808540799997
6.419615916405094
7.898940763898705
8.557678715493589
8.82298955989871
9.243589523203985
9.808905847135984
10.15177425385855
11.226542119999994
11.739878811999994
10.737598958999989
10.200711685141428
9.732803549135985
8.886695063863982
9.316648219203987
8.809690927101268
8.270301477101265
9.27290032972799
9.285570713863981
6.592912255898687
6.504933134506368
6.2668757857999795
6.002385417202536
8.779637895135973
8.943532984931975
10.665291768999978
5.373299296599981
7.786951979101256
12.232296607999993
10.439109423999993
9.725234327795985
9.99500992285854
12.100042615999985
11.433092811999986
9.927810813931986
10.394587990999995
9.103283628797435
8.018073045303822
6.596169432099985
10.231040259991836
10.87417143899999
11.098192693999978
10.834950132999982
10.333216686999988
10.66154523899999
9.37112402193199
7.244476446493579
6.056797058101258
9.374716136135982
9.236575501999983
7.436411102303816
9.889717814717102
10.222788777141421
4.916812574799969
5.462312039202521
6.978419288594854
6.20745950159485
3.6291884658999694
5.7501104537999845
5.773909321599988
8.157646247898716
7.505202894594856
9.691967419271993
10.351832067999986
12.142257900999992
11.490524137999998
11.256500586000001
11.10066825399998
9.014946212797435
9.262444174202548
10.472759865999999
10.669389588999982
9.595774783203991
7.978757302898698
9.922964424070692
12.308630683999992
10.651519001999988
11.930161948
13.332823937999986
9.092888386659975
12.30648052199998
11.77987569699999
10.526906237858537
8.268861808797421
6.664826296999967
9.379208038303831
7.554206211898706
10.260533282353586
12.059716826999987
14.289024250999987
12.774147388000001
8.271375059493582
10.007791064353581
8.89008610520398
6.744350408899987
8.08013681030383
9.998576528929265
9.904961865135988
9.197583404493596
13.03045332
12.550891594999989
11.000552834999993
10.275544862282867
10.11426841285855
11.149643857999989
6.7793314545
8.515981524696155
9.820501116931993
8.169339529399997
8.593372355696152
8.96461432799999
12.831771071999988
11.970242312999982
14.587889571000005
13.419332982999995
12.324783231999989
11.231173768999998
12.540336993
14.189117360999992
14.042055076999999
12.949078476999999
12.605001757999986
11.080287384000002
5.48166080779999
7.5006548644999915
8.741883807405108
11.522782400999983
11.344792339999982
13.98910949999999
13.315579888999986
13.38148717999998
15.059649994999987
13.600762302999993
13.294503148999985
12.763006052999987
14.032829705999994
11.206126421999993
12.885136800999978
11.36125375999998
12.096430643999984
11.516454813999998
13.455765985000001
12.474046448999989
12.344306953
11.857354137
10.72978073299999
9.604823075898718
12.362818444999998
9.484860084493604
11.553932854999983
8.553680602999986
9.277200382999991
9.35108712010128
11.402606885
11.676248661999981
13.512159818999995
13.698369901999992
13.244252630999993
14.683867479999993
13.864278204000003
12.422142707999997
11.15094573999999
9.564068302931975
7.607542262303823
7.602435336303821
9.60289305110128
10.148396844353588
10.012102596999984
11.378002714999988
10.679921944000007
8.248312179594867
12.657686112999993
10.879726668999984
10.927481479999987
11.292166338999984
11.168908658000001
12.347320254999993
13.38660124700001
12.622789752000005
12.713816820999993
11.93741416899999
12.548027782999995
10.126266198796
5.857566549700003
7.167361309799992
6.919297322099997
11.030931539999994
10.235848366991839
10.916798617999987
12.817366488999998
11.498823488999998
11.409450351999997
11.112363631999994
11.086138120999998
11.107697182008158
12.373021058999994
13.644917334000002
11.924185914999994
12.685562627999996
12.064558628999999
13.226895262000001
12.578712880999994
13.152571938999989
12.76913229400001
13.180489896000005
12.721703040999987
14.368199241999992
12.387668270999997
11.634309632999996
10.16906068578783
11.664340632999997
11.320736042999986
12.404175406999995
12.63244099299999
10.02858299707071
8.439044656405109
9.36039018710127
7.748264825405102
8.088684707600002
7.011312394700001
12.23380977199999
10.545960000999987
12.400900499999983
13.136261358999995
10.900195524999996
10.387176983999991
6.732008763101261
5.475841130099982
5.229051797499993
5.278204772899993
4.391508210799991
6.735753140303815
7.163187474099997
9.502593316696151
8.63999542999999
7.8289860245063885
9.208679681405112
9.349768601999992
7.637491889999993
7.142134335303822
7.479031332405095
8.96278231806798
8.497557301303823
7.189877036999988
5.449545353699981
7.373796046405103
9.714146559067993
6.390360502599984
5.588554396099983
5.528491599999985
5.262276130699992
5.6177895904999895
5.694695429999984
6.754088090493578
7.8528786956961465
5.145100057999975
2.796408444199978
3.5144211242999757
3.188614359999976
3.2814482482999807
2.204459825099979
4.272943600499971
3.2477034926999884
2.128418281599993
1.8268951415999939
3.831901718099995
4.45591491849997
4.845869502299972
7.271243858303814
9.23329253086398
8.56364479679742
5.624548707594842
5.007496990999961
2.821508039899971
3.4016173858999617
8.298897909659972
7.541955001797414
6.855142625405086
7.819869625898692
7.625970349101255
7.443506893898701
4.50242565159997
5.284733702099988
4.678076052899982
4.511002868699991
3.8552946456999857
5.682238688699983
4.708056211899976
4.5094602508999655
6.57464414520254
7.203647073405096
7.707386181594864
6.702868209797413
2.5010777053999678
6.135100819405095
7.32097717130382
6.34070307459486
5.40317049409998
3.9045409362999717
3.628271787999976
4.022787596099986
2.9813673751999925
2.5044000564999944
1.551284359699996
3.25328897549998
3.1685777251999707
1.8790551101999693
3.3971309752999628
5.216047708099973
4.0563479949999675
2.312342365999969
3.8887743758999886
6.563535047899998
6.016002804599987
5.2009690658999865
3.9362534133999874
2.647387399299994
1.7836826095999938
1.3879121963999954
3.903649647499971
3.7835087356999653
4.576038932797403
5.419532380699976
5.308562168899974
5.6234790099999685
6.12751544799997
6.659295027202531
8.248684825101265
6.51931119999998
6.5985266387999815
5.010737771599974
4.299713905299986
4.372799481199995
5.034845350599978
6.173423287999982
7.157100639303828
5.445497615099971
3.709826063499972
2.929022834799971
7.961811340303829
9.339915319797434
8.824945161271977
9.100450413659985
8.759066104067973
10.372476119999979
8.217639594999978
7.881063555898696
7.994923295594857
6.453802569594853
8.006677560405096
8.39873384250638
5.204436587493575
7.93437287749359
8.382122502101266
5.737699764999979
4.790453335599962
4.677886971999969
8.60778900449358
9.668948948795988
10.29648202978782
5.088640125999964
2.8818062636999646
4.4650840407974
3.5682660140999634
3.6563527175999715
3.8351735015999817
6.3304931503038135
10.1597930207171
8.101445126303823
2.69665093079997
3.2964320235999818
7.752824130202547
6.564569354202543
7.4705024384050995
6.402145082101255
8.667683424405107
9.060321778931984
8.67327545469616
8.67564417879743
10.27458975820398
8.308090754795968
4.0184287765999755
3.379608268696121
6.069879962202528
9.398661701999986
10.59249672999999
11.282246224999993
9.564479602101287
10.812908089999981
9.287454435795985
6.772600408898698
6.980444515999976
9.032501299999991
9.598155873067988
5.363870986898682
8.6283189498987
6.101399221799979
8.583982641594858
7.300776579303819
7.769539395099997
9.990198155135985
10.108500424141415
6.9882033248987
4.369759863299965
3.8351324752999627
5.7342991913037995
10.74627266699999
10.692469095005427
4.90639147489868
8.206032809405102
9.968180306999987
12.409450733999986
13.150937638999993
11.114403568999991
7.754625129696145
7.544910053999988
11.502787327999995
13.088504118000007
11.423555924999995
11.803987075999983
11.915859751999983
10.438308446999988
10.2131866197171
10.72999823799999
10.461084893999988
12.53473603199999
11.831510688999982
11.767316962999985
14.106051412999994
12.525477450999992
11.972862427999992
9.30819122613598
9.081940489202557
6.388153137199998
5.2396171371
7.728857955899997
8.227069574000001
7.165935223400003
6.516829878199994
7.217128593399988
7.865051727303831
9.02674387659488
9.698252563506399
9.241198144493595
10.158852549795986
10.577579079999987
8.983596983303835
10.503982476858535
10.85791241599998
8.177062597795963
12.110624030999988
11.865055869999985
12.990803394999993
9.460646935999979
10.926714730999992
10.843514000999988
11.632548568999985
12.269285439999985
12.436603769999985
7.802861083999975
8.032193525696126
8.697836891202543
9.925697424212142
9.004894750999988
6.957322518899989
8.608559332303823
11.344790864999988
12.18437779399999
14.086832793999996
12.028964368999992
13.56128710499999
13.42450100999998
13.292302249
12.180423771999992
12.888175519999988
9.939012774787821
11.273531487999984
13.350406821999991
10.791026305999985
10.268563631994558
10.138478869717112
10.326856235999992
10.109531628282864
13.548115195999989
11.241892846999988
13.19464810199999
12.347946659999998
11.718286092999993
10.986242075999986
12.328260355999992
12.28833377399999
14.253161100999991
14.640326317999985
13.777787222000006
13.479529849000004
13.331501742999986
14.770483942999991
14.524213225999983
14.995641367999992
9.457254479999978
10.284766256999998
9.849606555135994
10.478924221999993
10.984335030999992
12.065897432
14.317041761999999
12.47072521399999
7.86365664369614
10.897999798999985
12.37319113599999
9.24969309999998
8.558770297135975
11.169653982999986
12.383098647999994
12.22168501099999
12.873181815999997
13.813985178999994
11.015971602999969
12.761661544999992
13.779667663999989
12.837056812
12.53516914399999
13.206299506999988
13.540091988999988
13.132951011999985
13.611106943999998
14.259387356999987
13.976251012999983
12.832821470999987
11.18042200199998
11.247238624999978
13.95722924999999
11.880690223999986
12.773943453999996
10.748186295010884
8.178308706696152
9.146271514931984
13.176483858999987
9.632621749931989
9.169518653898718
9.696554747000006
11.160840436999994
12.912066678999988
13.640642058999992
14.205697983999988
13.049174743999997
12.90251753499999
12.441212703999994
10.521578673999993
11.598753058999998
13.063314863999999
11.231503142999992
12.79535981799999
11.410722272999987
11.858106412999996
11.098975467000002
12.731767612999992
14.003926181
13.204414072999993
13.735281722999993
10.590457900999997
9.663874377405115
10.005307434067996
8.635686669900007
6.346397044399995
7.990744894405109
9.505662596101285
9.724625183101278
10.067512095866883
12.528136236999995
12.895145512000001
12.65488548599999
12.437293928999996
12.808427738999995
13.00255931099999
11.001185749999989
11.677538614999994
10.500237612999987
10.20163567672799
8.970273774696148
9.75854385078782
9.091197181687983
8.29262405399999
10.922598670999989
11.124337414999996
14.261226842999996
11.020477234999998
7.785059648099998
8.092654373199995
6.722080328399994
5.216073933399992
7.013267239399995
5.819751019299989
8.553561854594877
11.357447600999988
11.111298104999992
10.308796744991835
10.532777709999982
11.812701755999985
12.309919893999997
11.402564304999995
10.794867133999992
10.477486735999996
9.91579095459488
6.402083316
8.865667634727975
8.397341856405102
8.235869450405103
10.580037897999985
11.584974003999983
12.444504062999993
10.265656593212144
5.1308239547974175
7.7002670424935795
9.97351162714143
7.06704356230382
7.998864198303817
6.466990743999984
6.770355665594847
7.813633204696137
5.586251858499981
7.578693228101259
7.003017750493578
4.864332281499976
5.40428490909998
5.168567155499983
6.285694955399981
8.175141693101256
5.862447341899978
5.764096931506367
5.348814453101254
6.425598855599983
4.352089735399985
5.367181039405096
6.899717460594851
9.320368415863987
7.674292555202535
8.635894818067968
9.695573873931991
8.397618389931969
7.250781517
4.260681512499969
5.716736242699974
5.98722630769998
6.391616694594849
5.715127915999975
5.056216639699998
4.73616870119998
4.181393087799995
5.92202093199999
5.193170880099994
5.650590856899977
8.496860528594858
7.639978945898697
8.270488378898696
5.966077188101252
7.271947460898701
9.533242488067986
8.14014258879743
5.50985417479998
4.59596617739998
5.2534161941999775
4.18996711119998
4.876883500699993
3.9946374618999863
3.4963137542999907
4.638163061499972
5.849427238506374
6.320378210405093
6.1597691681012545
8.586558622795975
9.856674981787823
9.629825558353582
9.699937423795987
7.1619983428987055
5.969323199506373
5.540115620405094
7.972209536696135
6.409960299696137
4.636164414999978
3.482107736199977
5.067337002599978
5.414902790799978
7.8219838469999665
6.316459471101253
3.982042498799971
3.7063185851999743
3.1280037856999825
5.29161212619997
4.911177319299983
3.325809704599972
6.53092338559999
6.426086923202535
8.485385090594866
7.240094567898696
7.938203312696141
6.988749621594856
7.539278663594856
7.279326148999973
7.127525228898689
6.301863067594849
8.068531956506382
6.047947988898699
5.337645005797408
5.258694944799995
6.608148940999997
5.942990138199979
6.435586959799984
6.322171864303809
7.333371467594859
6.659493029797419
7.261380296303825
5.542196639999979
5.618779026799976
7.095177667202539
5.8111300124935745
7.04428904269614
6.235760143999975
5.745153889506359
5.223802699303802
6.983011196898696
8.04375327449359
4.602320210299972
6.28873425450638
9.337252995203986
7.615568014499996
8.500862927202549
9.113852798506397
10.058340310900155
8.455358476303825
8.984369984405108
9.417457214271987
9.037385726898712
9.374438854999996
9.273586787271988
8.45155595250639
8.50258267359487
7.649989506499997
6.28364190220254
7.534498373399994
8.122042845202536
8.219422410594868
10.68484579299999
5.972761596696131
10.628535338999987
8.210016993696136
9.513999835135982
9.705746606282856
8.877381736858528
9.060969422931981
9.970432041929264
10.145232170070704
9.830527270646385
8.60856278379743
7.049817349199995
5.6177198975000096
6.951567610202542
6.560047843899999
7.8087616958987125
8.797583641101264
7.0207670731012595
7.185958485405101
9.482484178135989
9.299171856795985
10.24388536199456
9.795891758795987
4.3703345931999715
4.876535292101234
8.35458928679742
5.896335862696132
9.84032016599998
9.466064793271984
12.719735665999995
7.658480006405102
7.556233613594866
8.141648173493586
9.930119520727995
7.970679055797431
7.811009675594869
8.132349067696156
7.382879508999987
5.880931217999988
8.927630717339973
9.142715582303829
11.437608494999989
12.150299637999987
8.709040457202542
6.606309545898679
6.263905978405083
4.823839289899968
4.41591679840508
5.214092065399971
8.143363661202546
7.264746705594861
3.8774238112999653
3.465136555499963
4.576756042506359
5.972102598594833
6.787051986699984
6.815888897696133
9.71115392907071
11.073449534999988
10.992595122999989
11.078828152
10.930367464999996
11.129520871999986
13.651724836999993
12.258231515999988
12.50894944299999
12.366275008999994
11.749445087999984
8.635758108659983
8.569234753405098
10.034635652135988
10.964559165999992
10.037840713646384
11.920082742
12.806779759000003
12.294988164999989
12.569297172999985
5.826797067303807
7.395256077594852
7.967875947594862
9.788855052141416
12.126792081999985
13.254431924
5.018941439799979
10.639778504999988
11.194716218999984
11.117923624999994
11.874497374999994
11.944537884999987
14.21333427899999
14.451308000000008
14.393940677
12.720988178999999
10.940973578
11.662697541999993
9.898805255070707
10.426259710999986
9.717866725135986
11.305624602
8.235444724999981
9.39816231993199
10.978382369999984
10.563366945999988
11.449837653999985
12.177635508999987
13.053019994999993
13.159154332999991
12.855280152999986
11.172170192999983
13.217153562999988
11.74369708099999
10.874226764
10.977853267999995
12.19405787799999
12.928231374999992
13.495072278999992
12.304767829999983
11.396231095999985
12.45423657999999
11.714645389999992
9.143985400405114
11.230397623999997
13.502842049000009
13.088076661999995
13.378212136999986
14.300904789999986
14.667334657
13.438765392999988
14.379320434999988
13.059864971999986
10.35350007799999
11.865238672999988
12.806817241999987
13.75851431299999
13.741271450999992
13.571120913999996
10.91022660499999
11.473923473999994
11.234363448999988
11.227037052999995
9.443409834203992
9.295369329797433
10.832411640999991
10.092282148900159
8.411164002999982
10.355594033999996
9.428620425271989
8.391022247303836
10.508096619999991
9.485884114067987
9.687983625863994
10.149775501999994
9.104984674101273
9.044412503101274
9.416778163067992
11.198237179999989
12.133475397999995
12.489875293000003
10.767218157999983
12.492421862999997
12.876775828999998
12.833272782999982
12.485942542999986
12.01887187499999
11.544132613999988
8.61859801793198
10.467911923141417
11.956639765999988
12.427132900999986
13.877441935999991
9.71727111372799
12.889611736999992
13.732820009000001
13.043446259000003
12.711995572999998
13.092369043999998
12.562074726999995
11.963106992999979
10.239912608203992
8.223486473101271
4.7886336516999926
5.597000300599994
6.123305741899994
4.905022798199993
4.757413206499998
8.358634127797423
9.029461154202556
10.650630704
10.362188825999993
9.623097964339994
5.93503066409999
7.11422250059999
8.17187722020255
10.803971003999994
11.361513509999991
12.289218233000001
9.512362625067983
11.396362304999986
9.72611131899999
7.00780824430382
7.620754412797421
5.2932962096999745
6.258623527499981
7.311931944303818
8.323452488696152
7.4104062957999925
8.91047324830383
7.125326397700006
7.769699645999985
10.203927690067994
7.651406657405103
9.883536579931986
10.220281033212146
11.195683181999998
8.68718727110127
6.681381350696137
8.262621330303832
7.558090341202548
6.797133261101261
7.779689056405098
8.29505898279743
4.438929298399968
4.264299964899963
8.40349667672797
8.71481428679742
7.62814865420254
3.669907720899973
4.345218240399968
5.712660082999978
2.8956331588999773
3.7289386916999674
5.885532553101259
7.723888250696139
8.710907955931978
6.039153405797416
6.88943738710126
9.257483103931987
9.54754955733999
9.011429885898707
6.625629525799985
3.959077136199977
3.073332543899972
3.4904085143999803
3.1197143279999713
3.647117178299971
3.4977603377999777
3.722309696999985
4.3646251373
3.1140562575999797
6.25928508449999
6.0862819672025354
4.675029496799966
2.6856786071999745
2.8083885665999766
3.3960005599999588
6.109716029399983
4.185668044999964
8.212374969506378
4.52047499239997
2.5923721801999817
2.8238167815999917
3.2604120331000015
4.127937762499992
3.926900614899978
3.640849304199975
5.271188226303806
9.83868357228286
10.211858447212146
4.888578222696132
3.579791325399975
4.145136466999976
8.909921127203983
7.735408937101272
7.456880152899991
5.342811335797405
4.966384878493565
7.224955142202538
5.396437663299979
3.8549863173999785
4.344511325099976
6.0307729201999765
6.9798794724050985
6.00050561219998
3.3572816756999684
5.025122268699979
2.983804971299975
2.8461413848999744
2.562934727499988
2.2485017653999764
3.5451614150999866
3.148929569999975
3.3463619719999684
4.143314312699963
5.124673377999972
5.691161695899975
6.015563496399985
4.529338754299994
3.231215922499995
3.717633106999981
3.4742584900000004
4.263465243499993
5.406694691499982
5.082370831299975
5.597935093699975
5.792796105999969
6.867681179797417
6.015053872696137
1.5718139655070356
3.1940165679999666
3.6832030196999743
6.0241761764999815
5.663561408999976
6.522531889303818
6.094683502202536
8.003972538797422
8.551696438594862
7.920711195405098
3.8783836257999686
1.8612793059999717
1.6306249663999637
3.8416895537973983
3.6088160369999693
6.618066461202526
6.325781732202531
8.301142105101256
7.331183169594862
4.632218855299979
3.4633204452999777
4.626001538099972
5.71147178040508
5.443353636199972
3.0849760665999657
3.628540814199964
3.662263105799961
5.235821839898675
6.601049630696131
7.946872479202543
7.149827989202533
7.433910224900004
6.586076663199982
5.580277191199979
4.6749015655999955
4.948724017299999
6.0881349486961405
5.315628475999966
4.6016964034999726
5.619905120799979
3.075391210899985
4.068987971499994
4.807930941799999
3.5692834533999998
6.418643869000003
10.94079592099998
3.814200700399969
3.816026603699968
6.788694500696133
7.40770049899999
5.433946344000003
7.096539448493583
7.05768356169614
6.414074825999973
4.912498135399971
4.403371395899969
8.432572665405104
6.9189358231012585
4.820389738499968
4.0593853637999615
5.155480253594841
6.834583689898686
4.043808489999974
6.359236869797414
4.938842451506365
6.9940641052025345
7.859523037696136
6.224723141506369
8.060008328202548
11.654941843999989
10.405836800999994
8.978381942795977
9.833186254931977
8.442213334795975
8.043657286067956
6.220084449797402
6.5441135299999775
5.023839395101245
11.195494532999989
9.29313007365999
8.76090619349359
5.36807818599998
5.827249302699985
6.442053010600002
8.266211402898705
8.947667706303838
7.8267520400999935
9.1659224335064
9.934915817203985
11.227140627999983
3.481936544799974
5.077524986299974
6.476896585099993
6.826609937999987
9.594889503506401
9.489185781898717
12.59967328499999
10.642931527999988
13.003667273000001
11.866412658999993
11.514007531999988
11.981714948999986
10.03293807985855
6.7856609283038205
7.855723876999975
11.226801075999983
9.271667089797432
7.769692820696142
7.628157301303821
7.630225540202534
7.777855416899992
8.907761216699999
8.756207456999979
7.831283799696141
7.177532734696132
7.1054221695063875
10.832518517999983
11.190350637999988
13.058865145999997
8.051008972202538
10.856638131999988
10.691738575999992
7.6872412368987035
10.061194416858548
10.161016805999976
9.221803193687984
9.585001274067988
11.093466137999984
8.18070267179743
8.695742239405112
10.034200868141427
9.672261602863989
10.239908568991835
12.497560561
10.157824432282863
7.073926473999975
6.316496719405097
7.158119566303816
7.394315814199988
8.959698059101273
11.82559646799999
12.024278501999998
12.55903820499999
11.553485416999987
9.555810246203983
10.856416818
12.690271198999984
12.586355202000005
12.04571103399998
11.380828542999986
10.391706766999986
11.431879192999995
12.469289932000006
11.539481003999994
12.826138907999999
13.805049006999992
12.757920507999993
15.13174580199999
12.321876241999991
11.066404799999995
13.086790818999992
12.040437703999988
12.642566254999988
12.609347921999987
12.66153986399999
13.57725977299999
14.405879424999991
11.420560465999989
7.7379478377974165
9.954779443271988
10.74596288599999
11.525822664000005
10.555128026
9.465195794795987
9.644944248999982
11.356027379999999
8.489253163099999
11.852000037000003
12.631285442000003
10.80769342199999
8.632454875135972
12.140333635
10.824175373999976
12.865183603
8.315070260594865
10.985520398999991
10.896439979999993
10.048461032067992
9.56135509193199
10.085761468659994
10.29694181799999
10.109939135787826
10.24847621499999
8.064435026594866
7.034226620499994
9.725854835659984
9.819352528282872
9.409056664999998
8.319503131101268
11.03490270399999
10.18274116799999
11.152550698999997
14.73450223699999
14.459173581999991
13.971052681999995
12.962704116999998
13.571816662999993
13.099807002000004
12.608493444999983
9.399252101067988
7.575829980506386
11.676547481999982
12.592416007999995
12.586343393999991
10.541692577999994
10.84847925299998
10.736818014999992
10.098172796717106
10.597889663999998
11.87569495799999
11.974717606999992
11.319496082999981
12.103089205999995
13.618396985999997
13.382447658999997
13.588742995999997
11.536684902999994
9.765316790858545
8.410719734202548
8.173180172696155
8.899870933493593
11.543157795999992
11.679276359999992
10.327317928999989
8.617953872795978
11.347449856999987
11.17513836799999
5.947738223299987
6.671586126696137
7.647379585299993
10.103746374659996
11.313952144999991
11.698950968999986
12.96862142599999
12.296389823999997
12.005540200999985
11.436296341999991
10.600248424999982
10.867756998999988
11.061107009999983
11.443007085999993
7.7690945145063806
6.761989236506382
8.192501309199997
10.047934655863994
7.781381938202547
8.265335908493578
9.653764004646389
9.177934072900007
8.05403598789871
11.150011216999987
11.437333616999984
11.482971654999988
11.344282291999992
10.375432921999996
11.568535843999985
9.842342384203986
9.331184483303836
8.332122175599995
5.121895310999998
3.908183909599994
3.5499022201999972
6.055511688199986
8.143909480203972
11.27499000999999
9.958603057929267
5.325115440399982
6.511255210898693
7.711980996696142
7.413489283799992
6.937507083101262
7.001992802405104
5.188501420599973
7.466627760303827
8.542945056135979
7.562202394101263
7.131731898506385
9.018825074797425
8.17360737459486
6.959201072696143
6.652617214999986
7.362092886405095
8.177440992696145
7.3330963836961285
9.86051924592927
8.483356260696148
6.253358468599982
5.286350257899971
4.951438699299974
4.011630322299975
4.351723826594845
5.184739721700005
5.1132337111999995
6.666473232999983
6.943581202696143
5.633779939303813
6.951235301202539
6.586823968493579
4.82768249969997
6.08795941769613
10.008792195070694
11.665364528999987
5.472807148699978
3.400711463899985
2.562696597299975
2.2280830626999792
2.5619912948999835
1.7382305602999828
2.250887271099973
4.392065794400006
3.83538267669998
5.80713475489998
2.577397648599976
3.1973732955999745
2.783936073299974
4.854431941199972
3.8508036712999774
5.711818212898696
4.028784814499968
2.2015989577999724
2.895983714299974
1.3935129088999807
3.974403930699974
5.18239586789998
4.0335326812999766
4.85579044489997
5.993949980202535
5.6088191817974105
5.695263912999971
2.4723202132999758
3.03196614529998
2.8597141280999714
2.186967730699972
2.7743363631999642
3.3109413573999724
3.47802799219997
5.0674796370999715
4.444866595499968
2.7077853301999655
1.315504350092899
3.364649766499961
4.866196910099972
3.7610751525999713
5.425279128999975
4.989886413599981
6.192632856797409
8.12420360869613
8.48405134727197
8.417663578797425
6.379846604898698
7.0822477797974175
7.560861299101263
6.525455075099991
6.374012480202534
9.151134693931983
1.6417289138858255
2.1311140990999733
3.0661732177974006
6.904838688696143
7.5403997619999705
10.942857523999985
10.083415888999989
6.39548229369614
6.404368131999981
6.788205998202544
5.5001382689999785
8.141337023898698
4.809991174299977
5.644769872999977
5.198215585299972
4.1005931182999635
6.684838893101254
7.379694876101261
7.989916999797424
2.7813387938999625
6.366887736493578
4.432561949199975
4.435071914699973
5.4268082382025336
6.258374536101251
4.612846958898683
2.3207038100999644
2.4953720321999686
2.130982313499971
1.5014103336211833
2.8503391494999653
3.0174085631999685
1.3645372824787547
3.08108949279996
2.444330287199971
4.03397402039999
4.112786653099983
4.951581712299988
6.041390899700002
5.720440153499977
4.330038017299974
5.129313656599977
9.418963348282858
11.078636159999988
6.318731626898689
5.613971044898687
2.0346501204999683
2.8830595778999717
2.7768788787999563
5.471216072101236
5.267005381797407
6.588650701899984
9.300117910863984
7.435924060101251
7.884324346898695
8.257400718696134
7.289421336399993
5.512037023899999
9.373279640135985
8.622057035863977
10.138186296070703
5.219187649493571
5.701838264506371
3.8882619414935617
5.706438354506372
7.142382864405098
9.732536598135983
10.273888631999988
9.883169830203988
10.508421537999988
12.816946988999995
12.92988408699999
9.988078257858538
6.91831377720254
7.012293948405102
6.270162054399984
5.5882061934999845
6.628377545202539
7.956314985696141
6.350045535299991
8.27952292940511
5.458842338594843
4.676361514303793
6.351756617696116
4.574637000999965
5.8970525772025315
8.01915181879742
9.723369636659978
9.962530044727995
11.478250794999983
12.046987662999971
12.345976288999985
8.487359564202547
10.974829471999989
11.696234676999985
12.42146806599997
12.560036721999989
12.388688492999973
7.44804396820254
7.58042490999999
4.788876461799984
4.648710455299987
4.984414970399987
6.764541783099989
8.70257276149359
7.811095538299992
11.515780637999987
10.137326063646377
10.859914583999986
7.581176789898692
6.192839718594838
7.268083909594843
9.536676866070703
9.503037683101276
9.693229624929263
10.884337493999997
10.937682235999992
12.69947885899999
14.288732744999983
14.428046739
12.573749204999991
11.376072948000004
12.237507143999974
12.140630295999987
12.640907588
11.737002808999996
11.850528701999995
11.529041056999993
11.936638256999997
12.806013941999986
14.258566121999994
15.352437849000005
15.17520491499999
13.918725802999992
13.000921485999987
12.995286619999993
12.743726101999993
8.709514637863972
8.597763215727975
9.13841518872798
10.897382929999983
11.983303740999979
13.453151380999994
7.3063315613038124
9.099568754727978
9.380695277405119
6.7459123779
7.294881587199994
10.423650498999999
10.775634067999986
11.709285560999993
14.352516338999981
14.684518555999992
13.814857468999996
12.799988640999988
12.436024624999995
12.501479547000002
12.539693317999992
13.350207780000002
12.763997806999999
13.075087291999996
14.259573926999993
11.707239876999983
14.469112401999995
12.103040347
12.804565505999996
14.116888605999987
13.438506310999983
10.014495141877763
9.553687747135992
11.838811789999996
13.171256823999991
13.769166268999982
14.66011419999999
12.400849982999985
12.865261912999996
13.678744409
14.747287673999994
14.171811914000003
14.027920270000003
12.782567107000007
15.503084057999988
13.656300676999988
14.571085740999983
13.32703242999999
12.359467018000002
12.355239358999997
13.609278066999993
14.017004592999992
13.930875844
14.110594709999981
12.25471949299999
14.174347005
13.464671253999995
12.619391665999999
13.982720524999982
13.682301912999986
12.877595957999974
15.100200094999986
13.559982403999989
12.94001090899998
12.875373447999985
12.291336045999994
11.440840740999992
10.848903486999985
10.184908190929269
11.019475211999985
9.838142596271979
10.938764104999972
12.972719410999984
13.42847637599999
13.917459652999984
14.426803031999986
14.93736678299999
14.910383017999987
12.600304610000004
12.184281009999985
12.672608299
12.406957030000003
14.294443897999985
14.900734543999993
15.007245827999993
15.148045638999989
13.873304648999987
13.039579328999986
11.969593328999984
12.103095208999987
12.28277936699999
8.734795985405109
7.514913151594864
8.303375411999985
6.743517498799996
6.941820451399993
11.76320905199999
14.111503447999981
11.55278668499998
9.496678349311985
11.598000927999978
12.965417138999982
10.736152869999993
8.656837817405112
9.518162753203988
10.163629759135999
10.62834927499999
9.065002850303827
10.97676270299999
11.369152884999984
10.92007017699999
10.996625919999998
10.726188612000003
12.43799485799999
11.144219892999997
11.632151349999987
9.162386422795983
7.203169755594864
8.889423609898703
9.68897363893199
10.877654799999995
11.278098664999998
11.444007003999998
11.322608996999996
11.258409695000005
9.705384648101285
8.544551678506386
6.79856279599998
9.591086196931984
9.168100828727981
10.11615476079599
8.31355312350638
10.594674783000007
10.066802131795995
11.688785071999982
11.631096477
11.320691219999992
10.39709655
10.040702960141417
10.602847030717077
8.011511740101268
7.262482092303824
5.7896282715063645
6.013595968594846
8.046188259898688
9.97405809178782
12.681696557999986
12.23934787899999
4.781806582599977
3.6384158980999795
5.553841111799984
4.907424697899982
4.098126249699967
5.893523629799978
5.675904771399979
5.326991593899976
3.3265144683999748
4.532487120099978
4.9969163193038035
8.199869087135967
9.851580781717095
11.091508399999979
10.617513218999981
3.7533569625999714
5.604705735799972
6.080439758303817
9.70720418227198
9.579110636931981
8.48506121369614
7.748835612506375
5.82673207240509
8.892630779999982
12.02788194299998
12.433419394999987
11.547861042999982
8.596855302271969
10.767939750999979
8.386957475303822
3.8529179076999798
6.748360955797409
6.79615966950637
10.035336901931986
10.013289662135989
7.315687565594862
7.226473428303814
7.827615742506384
5.186741850299976
5.654391508499995
6.477223054499984
5.7092325225948475
5.318863264506369
4.45866098940508
6.448715728797402
7.368880555696132
6.982314913898696
6.9585953826961235
6.9683400908986926
9.255399987863981
9.61347609572798
9.194987974493598
5.022174563599968
7.091828597999982
5.6408417235999835
5.978327943405087
7.202115490696146
7.754632893405101
7.23841893920254
5.365089477493566
7.909100717202538
5.8942551024935685
6.770872779797418
6.646756703199981
6.260940115399979
4.312427975499969
2.23857934719997
6.173803745999976
5.538504545594848
6.309831047101251
1.26502671118584
3.287513352999965
2.613723760999977
3.512490510599968
4.910765545699972
7.402495205696139
9.54342601786399
1.0022266406999838
1.2915527441999743
2.1210223067999747
2.374868547099967
2.7628879271999662
3.8838388732999696
3.8197821441999693
6.479178813202534
6.9047044417974215
5.144128390499981
6.6673052398987025
7.711429919405103
5.758587850999972
5.185062220797408
4.993070223999963
5.75534995269613
6.768426562493581
3.366454615799978
2.7550255523999985
2.312182856800003
2.5313869460999854
3.962538130200003
4.23269863279997
7.27545006410126
7.389657746898703
3.726417053199964
7.748439799506378
6.379998693797423
5.438326248202529
5.701656098898685
5.985867710899982
5.61947296449998
5.782975172399985
6.040070957899985
6.864800509594856
5.40749160920253
6.606746125797409
7.58294271999998
6.974713505594867
7.461285624696144
7.044101315299987
6.270037055999984
7.70136319430382
9.17459625227198
10.650183616999984
10.676276916999987
10.779848835999989
8.933799981696144
9.30570578779598
8.284634806797426
6.901347203101258
6.0715996215999875
5.743789434800011
7.089986810299996
6.3615198989999815
6.965095365898702
10.461091363999989
1.8770190078999607
3.9661122817974
4.368313796999982
4.2941203948999895
3.434084088099985
3.34355463259999
5.745888314800003
6.562024990799987
6.917625480696148
6.689794992101264
6.997013690202539
7.580835160797417
7.806503323405094
6.104803498797407
5.7593887161012365
5.472535958898669
6.800226811202528
7.517036726405095
7.816353759797413
12.778970826999993
6.29475955049998
4.560185595699972
6.232540872202541
7.857189808696143
6.789790855405088
10.403205529999983
11.242772852999993
10.229222419787826
10.433860775999985
12.016498440999992
8.716562747202547
6.876542153899986
9.637269911135993
11.660956522999998
10.343578605999987
7.729155892898692
10.52296273499999
9.623600047203983
10.861449770999991
6.289742095898687
4.23397671359998
3.5776457351999817
8.605155949271978
7.976336711099995
9.387360015931979
8.067895379594855
6.996435420202532
9.869347277858534
8.21175911559487
7.90484133759487
8.350725402797426
6.30687470699997
3.5533516067999678
3.4852659606999747
6.606954894999988
7.7580618713038225
5.4988404586961295
9.19561064772798
10.311340981999995
7.451890129099998
11.532476970999994
9.26988368386399
7.395924522399988
6.024572360202534
4.572521871898675
3.3719980224999677
4.170277999899965
4.858232794202523
7.017728860506372
5.722063525405096
11.327930094999985
7.151526859999978
10.216851167212143
8.713740420500004
9.395639692696157
9.283287812797434
10.526702536000002
11.830459922999996
10.869337543999999
8.614321945202546
7.298160867299991
7.2987569381999915
10.728939042787815
10.73117946299999
12.254872194999985
13.116024712999991
12.690637784000002
12.987107683
11.664429250999987
13.248021006999993
12.919567760999989
9.663102366727985
8.208804690594857
11.709887649999986
9.0403644484936
8.852379176311995
8.274281140101273
10.728805260999989
10.110828338727984
12.45611699699999
11.364699862999988
11.791526364000001
12.300325817999996
12.086551767999996
13.76179525799999
13.913186385000001
14.373742081000003
13.033805413999989
13.648990273999994
13.52044273799999
11.081870646999992
10.90256386699999
8.846680760135984
9.31563112021214
9.336582931493592
10.787954809999995
8.856134869405107
11.546287386999985
11.94632204099999
12.777119059999999
12.958733265999994
14.837776391999986
14.619220804000001
11.666549343999995
10.29632097299999
9.576239692795989
12.590979085999994
11.64685271499999
9.738855520594875
11.360120072999987
12.185832526999992
10.390364672929262
13.44077416499999
13.042104117999987
11.91969274599999
11.076944680999981
8.969959631303828
12.63466097299999
11.609549851999983
10.69144702799999
11.870972400999992
11.899728003
11.075861944999996
13.941563735999999
13.628184681999995
14.148226302999996
14.023053068999992
12.901554949999994
12.935275622999995
13.417506287999998
14.435337119999994
11.450880697999983
6.516462058999975
10.803641622999988
12.91948835799999
12.846638808
11.859591731
12.540074676999994
14.089139303999994
13.36782181099999
12.994731028999988
12.995524169999987
11.908801191999988
13.469401859999998
13.518713051999994
13.116449923999992
13.128212479999993
12.688544605999992
13.834221007000002
12.215797526999998
10.88789907799999
10.216288503013596
10.659141463999992
12.813666537000001
13.088708144999995
12.514959597999997
11.313478994999986
14.539792954999998
12.611413419999987
9.855798559717108
11.418638189999992
11.167643191999993
10.297544344999997
10.648880306999999
10.791442996000006
10.238254232933443
10.997654012013603
13.242019246999993
12.645008884
13.255982541999998
10.14615495135359
9.286184756506392
8.203447512797425
7.881802337594865
10.144204911938884
12.12318711499999
13.114731238999994
13.576037389999989
12.124375930999998
11.030512569999987
12.145799565
10.31549608299999
8.526475085405103
10.4868474039864
10.908506041999988
11.361086966999988
10.570975387999999
10.89426328599998
9.571602577202555
11.564769819999993
7.991086448696146
7.718818733202536
5.8551644668999785
7.264745945696143
7.1656097366000004
10.856595720999993
10.409583285999995
10.99138375399999
9.04123981169615
7.642771733101267
7.306344255099995
8.354656521594858
6.148656536899993
9.220301954696152
9.654004344202557
9.015037817405107
9.02381034999999
6.781611973594857
5.238086456299975
6.211558842506373
9.38719076220398
9.747599679717101
9.98603801114142
9.35440855559487
6.529325796499994
5.316794035299993
8.179251925696157
8.32590490420255
6.841730406202524
9.87705856179599
9.126936250203986
3.6509170836999782
4.608899780299971
4.431583378599977
4.9224825194999715
5.361907250999973
5.563092500303812
4.943530187999973
4.400672439599982
3.5033826323999757
6.892196684303807
9.681387608212141
9.87827799828286
9.185491046067979
8.215576278696158
7.379968620303807
7.909530277999988
4.474863838199996
4.197878791799995
3.8715192489999892
5.388312844799996
5.142895948797409
5.586644561797406
8.30539171299997
9.588542697067986
8.531093890405103
2.8389040755999786
5.240258052099975
1.6870839965999695
3.231718545499962
3.7466953460999797
3.089018312099978
3.765634767199977
4.8131294692999935
6.55244024050638
4.709804916399976
6.679438023405096
6.831257592797411
7.720974687202541
8.875540008659973
8.603932380795971
9.070763688795973
7.668756947299994
6.936899653594861
4.404644355799975
3.610163627599972
3.9355088729999803
5.2590874099999745
7.266585534696137
6.782938835101255
6.379771508797416
7.942792179898703
10.212299638282865
10.55850899799999
10.023416743353582
9.555195565863983
8.175869401594866
5.879503063999988
7.399981544506379
3.9273666411999857
6.5463710906999815
4.250575482199969
5.052872212199969
4.919748048399967
5.003874371303803
6.550041125506367
6.1860443587974085
5.683240815696132
3.3627121108999676
7.427128169303818
6.900753350797416
7.540636839303812
6.459134030202537
6.126437210099986
5.295276777599977
3.88664945069997
8.670510957303822
5.236669711299975
4.082806607099966
2.12158807069997
3.499414025899965
3.6031416411999686
2.8677978682999727
1.9450540374999796
5.426566418506369
7.499047158797416
10.105169790717097
7.856417527797424
7.111934500101256
8.645963093594863
7.578042710899999
5.253272834799995
3.9047650145999997
6.174952749594857
8.259425825659973
6.446096585099984
7.560411103797423
6.072169361898693
7.564139355506381
5.475249790999972
5.523904540999958
8.681847727999982
8.600524670271975
4.4387431457999735
5.76508996730381
7.884299342303812
8.648743751659977
7.742753422493583
6.838924836696126
7.375290158101257
7.105715977506378
6.7931391478987
6.926434443699991
3.592547874499987
4.205926393100009
5.818950505099989
7.207224641405103
8.618373294067982
7.823961177101264
6.571223780797412
6.102171009797405
5.9923800034050805
3.7877295546999736
9.106308656303831
6.488771134900008
8.785785186797431
9.369885815405114
8.350363421594865
6.801531889299986
6.494456379699987
10.137890194787827
9.709280039999985
10.508330236999985
9.276127946339983
10.267149018929267
10.469587575999986
9.948739196863984
9.618501182727993
9.99509844371711
8.48863972930383
8.719723254405112
9.280989961202556
6.63501540989998
4.694152535999978
6.31242200010125
8.968555567898708
7.150955580101262
9.822192443863985
9.76791996472799
10.059699471999988
10.691021821717094
11.085973882999987
11.768660746999991
13.124583117999986
8.816829090931982
8.628009214863978
6.704589642303806
8.310244193999978
6.93679549559486
4.393629417399974
5.558882305898687
9.279839376863988
5.343641389499981
4.790606915299974
7.0678977797999885
8.71056190190001
6.633976162699986
5.595770867899996
7.2390110396961465
6.501210171499992
8.278599331699999
10.166853747999996
11.126399096999986
11.934561753999997
9.964397590717109
11.540270691999993
10.369699762999987
7.894530322303827
7.17991332699998
6.524598747303819
9.760285505795984
8.113203021199997
7.2220805816961375
9.43820094772799
9.750166189594879
6.50078792419999
8.969066738898713
5.581174786399977
10.723621596999987
9.371503480493601
7.950555017099997
11.564412092999985
11.813116587999982
12.000167299999996
10.552139437999987
12.860627892999991
9.505325155727986
8.248285339405102
7.656208065797425
10.805007729999993
7.350220584099996
8.668020048493592
8.774263578797433
6.741085412599987
11.278513639999996
8.844656646795984
10.79679950286689
5.687257041899979
6.105753652999984
9.343920224000003
8.501004916405103
10.518574097999988
11.094062880999987
11.777176337999988
11.879611319999993
11.145081299999989
13.601618102999991
12.757781179999997
12.063671152999996
8.777986373898708
7.935952302594861
10.265675033717104
10.458900892999985
12.323542954999986
13.28740975599999
12.49098502299999
13.570397546
11.282111106999999
12.985614881999997
10.199369863929268
11.837781460999986
11.092514779999988
13.557255959000003
11.887599286999984
14.345484688999996
