9.824914871135993
9.232885626135987
10.01059589393199
10.663049795999987
13.414861864999997
12.869847783999992
12.387310021999983
11.73719595299999
9.67826377713599
12.680422408999991
12.41553365499998
13.181465127999996
11.605656605999991
9.754048727282864
8.456438481101266
10.666812034999987
11.066697339002712
9.316525216795986
8.622810810898715
11.106639028999995
10.060552239999991
11.93351857299999
9.948637438999999
13.269903975999995
12.677469495999993
10.462208347997274
14.305182299999991
14.003442002999991
10.804575638999985
12.743399668999997
13.724329067999994
13.680950965999985
14.046859740999988
13.88206122699999
12.030777347999987
7.572825140405109
8.469149552898703
11.486468000999984
9.619668707303834
11.403869446999996
11.868964103999986
9.158712081898708
9.394310330141415
8.080287028493588
11.22383448299999
12.201609183999993
12.521189591999986
11.118057262999987
13.176908931999991
13.485033155999993
6.756755265799989
4.4484679259999815
7.073942655898705
9.919685722271993
13.260115107999988
10.539073597999984
8.474658578506384
9.07669707030383
11.30183129099999
13.663122065999993
11.27031641199999
9.594639611863993
9.712805392339991
11.269113595999992
11.651411713999993
11.198052271999996
12.898725747999988
12.577007662999984
13.162017843999998
13.213204996999991
14.590680614999993
11.848094147999987
12.01823005699999
9.671169096271987
11.124456989999993
11.91101016699999
9.250752230863991
9.158217820795981
10.094155139141424
9.240674481202554
9.063128472898708
8.533738008101272
11.940180643999996
11.852983269999987
12.140191398999988
10.589028939999983
9.693835806311993
10.222421212858547
14.213891244999992
10.106694752646385
10.603334870999984
9.936258476203992
10.88915932799999
11.264759530999983
9.480260700999988
10.727225646999983
11.95637490699999
10.189900054931988
10.382947231999985
10.833888250999975
9.326738635303832
8.98102818447998
9.39732946779743
7.515598144493569
4.486326156599971
6.218818440202532
9.701025933858546
5.77957136840509
8.895720483405107
8.678176542696152
7.131266992199986
7.322512301599991
6.537920716899995
8.348784489405112
8.473272347999973
8.880572398405107
9.158486321999995
8.724811723303834
10.978459180999986
8.794134454303833
10.287811295999989
7.0695986862025455
6.828464050299988
6.217570114101258
5.277726568599973
9.461831935101271
6.496344258101254
3.6853039702999872
5.504780111699997
3.7311419723999766
10.289813843999987
11.030396129999982
9.615279449339988
7.702083593797428
7.558717492696145
7.893771760594866
9.073193630999986
8.845821908594866
1.5274373978000009
1.7720681151999955
2.2931155776999934
3.0915830367999995
3.0102576279
3.4454291397000003
1.407486711199453
1.8309372771999979
2.918609716799997
2.543360499599991
4.078496302799983
4.177327729799988
3.346359834299982
1.824631549099992
4.021886674499996
3.900447424299991
6.2294129821999995
5.410381602499994
3.3300789779999853
1.9964977401999997
2.7592194564999937
2.886780332899998
2.1143199553999934
7.289109110999989
5.204277072099994
6.133443478400003
5.558259324599979
5.139255186506365
6.596392864999983
0.8505644620931961
2.488500228899981
3.9980837218999774
7.507439695696141
7.1217465148999874
3.46572310329999
2.745073586999993
3.059962896699997
4.0493927780000005
2.854696314999998
1.2929458159999982
0.87472533197
2.6976530806999803
5.794765998799988
4.040814999399977
6.913978500399993
0.6278334243800001
2.7612509688999998
5.5363502853038105
5.699612733499985
4.959095492599978
5.567909046899987
1.7844759551999951
1.9680916442999932
3.859637181099984
4.817322145099994
5.945585049400002
1.663555706799997
2.076035156199997
2.179416207899988
6.287612687696131
5.407399128696136
5.046234555101257
6.764586039699996
8.285160459898709
7.899010609399997
3.555966819800013
4.458943212899987
6.736884037799992
6.455036294599991
5.619369126899986
7.889642623898695
7.7798266448987015
5.554076345797411
8.39023237149358
6.927798052999981
6.56798229369999
8.036021403493585
6.3401589523038115
3.022529438799983
4.068668461599983
5.363275352506372
4.553368788099995
2.511454891999996
1.6317860747999922
1.239995564299995
1.4217725554999996
3.9839202788999986
3.891921537799985
5.004214350899974
4.7020696456999955
7.168511453199993
7.325971453899993
3.3811241546999944
0.7676237073931957
2.541592886399977
1.3154031317005408
1.5537758300999895
2.3391365111999853
4.8303592895948455
3.067898834199983
1.691391470299993
1.2357396285999982
0.8220161569727983
1.2680597563795888
2.663893119799989
6.648062710599998
1.789749012799988
2.1334733382999924
3.242808937099979
5.490692896999977
7.1938393021012645
5.948049719199982
3.3933335540999776
2.98393257289998
4.650012690699976
6.039075511199982
5.311628070099989
9.030947669999989
9.677917945931986
9.955368972863988
10.099457691999996
4.5883973067999975
3.992798046899991
4.97212830809999
1.7313730483999823
2.0519230605999774
1.9905827331999923
3.7510631530999867
3.8102438552999933
7.0083921051012625
5.66462669069614
6.190139367696143
6.004946589696138
5.33422233579998
5.228939790303819
1.2890225615999953
1.7586321944999745
2.91088813929997
4.822292860399977
0.8797676406931978
2.5141374694999823
2.041423944099988
1.085807960314121
6.400804936202534
7.439193849202536
6.407853417999985
5.448831924405099
6.4935451247999945
8.065826390100003
8.655149034101274
10.811273661999989
11.346050777999988
9.087854704203984
11.882178551999994
11.98263096899999
7.951058239696149
7.347829852303822
7.369486708101268
7.036451911898698
5.349958149699987
6.347804106101251
6.864950437898701
7.503466831999985
6.731747444202543
7.563328474399994
8.838153573594868
0.9843384912339955
10.604727544999985
10.703304481999988
9.375000608863989
10.399770180999992
8.500109545898704
2.6231491591999814
2.1978817199999803
2.5683410125999853
7.608440040594857
9.836309939727984
7.311932963594858
5.171786756899987
2.904326924099988
7.874310122696145
9.021027152999995
9.379442037999985
11.025700884999987
12.22134717699999
9.28428429110128
9.08092908020255
8.397678498797427
6.618783343493567
6.551248875399985
3.4424436522999793
6.108381962599992
5.215777836599992
6.148373818999992
8.348989781202551
9.270126103135985
9.008346276898703
7.706258425898705
8.649271809405109
8.624323800696157
10.351481014999992
9.764868189999993
10.590793210999987
12.241992989999996
12.336412148999992
10.510619198999994
9.852039785863983
10.918062647999975
9.63112534928286
8.94801950679743
12.32406853199999
10.863552329999992
10.65953906099999
12.091462650999993
13.502682421999998
11.370281342999993
7.669735099803831
11.152014716999997
12.211876340993587
10.44888137834719
10.48978476599999
8.4751323975
10.617547919999996
11.51810532199999
11.733669777999989
13.017078913999994
10.063541546717106
9.231715658727985
9.090146391212135
8.680269184898698
9.861796235787825
9.476290289311988
8.540994372594865
6.139493824799985
7.701685620099994
8.653791369594865
6.004434828199986
10.061300456135994
12.246924656999994
12.359293030999986
9.45079578549359
8.936966368101267
8.074688651999983
8.64068214110127
12.957148932999985
9.648678713999992
9.725961151067994
9.454435533101275
10.241414846858547
11.357005251999997
11.662220493999994
12.075173040999987
11.965020264999989
12.10782069499999
12.02096859399999
10.82980786699999
10.937835324513594
11.531338933999992
12.413883075999987
11.853514972999998
12.227393854999983
8.01287452240511
4.869771237199996
9.05394348450639
8.641037797493597
9.867247332863995
11.249684092999987
11.868595311987189
11.00748130299999
11.486344367999992
11.277916585999984
11.77127253599999
10.07443874507071
12.148097934999992
8.789255290202552
9.48337955313599
9.266382899339984
10.177889958141431
11.287379706999992
10.492214362999988
11.342469289999988
10.076698164271992
10.199276660141427
8.838680003405107
8.883793478405106
9.935983497717109
10.815841079999995
10.199015362999997
10.787910930999987
11.142444756999987
10.060396476787828
9.425962123101272
11.060158080999994
9.58915049427199
9.855470632929267
5.568047260999986
9.119538928141413
9.814601335070698
8.576347061207972
10.860257526999987
10.616824184999986
12.726794974999988
11.808910572999995
8.704935853594867
6.555769149799987
8.376052357506387
7.457902206405109
9.906130261141424
7.456089971898707
10.520819056479986
10.305458805999988
9.027752781696147
9.577906686271985
9.271251603795983
9.427817466795993
6.219250695799986
7.047649211101256
8.982402835227978
9.881180419931994
8.18118920289871
7.698668975797433
7.558856001299989
6.105408171100002
7.8264348709
9.744826660141422
7.407974919101266
8.412522099303818
8.814346786339977
9.716342040999997
7.557490907303822
7.476603874202551
9.488395419303837
10.898711080999973
12.214061515652793
2.5241188125999954
7.224604199202526
9.290646627863987
12.450072540513595
9.340690138129583
10.507423847999982
3.742393788099987
4.654102745099996
4.393913067599996
2.4451219344999893
2.99316467739998
2.7947629409999895
4.845560256999985
7.046867497303826
2.1665481658999894
3.4416843444999787
2.7375617400999834
4.379547328199994
1.4136752593999944
3.456009138499995
3.2867339354999854
5.26629292759998
7.568043055696149
9.190881413303835
9.350524755898716
7.048564492800001
8.150898136898705
9.327640089405106
10.159525532646386
6.764217686506383
3.612812931800005
3.765013009594848
4.435530975299988
6.782426930202548
6.155476623493582
4.27241495509998
5.314239395099998
3.459380871599998
2.494153234899983
3.998135378999982
3.6202284682999895
2.4888432570999943
2.620463568099995
2.0176551712
3.0838378525000016
3.7840452651999845
8.190313914506378
7.603611791999988
1.3041540069999928
1.3755008559999886
4.256689486699985
1.424817219499999
0.4412862429599999
2.1152705687999975
1.3338687774999973
0.9908265701096004
0.7384278730400008
1.3504426224000012
2.1395427199999957
4.248702995299979
7.32329937589871
4.396447370899992
3.593557437099995
5.619109406999982
9.151327638135987
8.272051975999984
7.527438766506382
6.291129360999997
5.1961773696999884
7.979303327898704
7.684462762506392
6.77423643799999
8.022495541405112
1.9962113128999963
2.245163442999986
3.3210618758999972
4.258139335599992
0.78832017412
0.509126179699999
1.8029486130000032
3.9050876372999777
5.721771675099986
9.218533111594878
8.20601948389871
2.902851803599995
1.8498449599999927
8.029552513101253
6.964335220303824
6.640375735506377
8.608222502101272
2.212731205699991
1.1788735814999987
4.682415222200001
1.740503367599997
1.590127911399995
2.1613229079999856
2.7873997283999885
2.095522885099981
5.405270178199988
2.9478594710999855
1.2524282605135926
1.768958183299993
1.034112174120392
0.7768344059900002
2.097028183000001
2.844891157499978
6.361809385699987
1.581706986999998
3.4126958602999826
7.945869805898708
7.9984617858987015
8.050678131101263
8.191323223898708
7.669065246594848
9.167449252203983
8.897571394303828
2.673750160199996
2.756834416199982
2.9733268233999897
1.9929520736999928
1.5602023879999956
2.7484128539999944
6.354449197399991
6.910008833303825
7.075828115797413
6.826276917999976
6.837918302898704
5.844936250299982
8.114192456101254
5.167602195699982
3.3105844039999917
3.867047413599982
5.885904592899991
5.1081083022999945
1.979895204199991
3.1771982451999916
3.631583239699982
3.0854700118999854
4.210438207999998
3.45422367549998
3.260633631899992
5.4224047393999815
7.819526032999983
6.240220501696134
10.029980779999985
8.507700115999981
2.441884963999984
4.650766227699976
2.975060784899983
1.5904688979999995
1.142938308614137
2.720701617399993
4.1318335723999935
2.066584162899996
1.6577656218999937
2.446585237099991
4.808533753999981
5.694767929099985
5.902359167506377
6.195863050797418
4.090170980799982
4.608728175399987
1.0767162548067923
2.5186637755999857
1.394392028098905
0.7946201184300011
0.9159512617067963
1.5036915679999967
1.9170544753999892
7.016732606493579
10.316874342212143
3.3327804152999954
0.5687856881100015
1.2547579513999987
9.034413514696153
8.800596766696144
5.454066281099982
8.272520059202542
7.297540568499996
6.478370388799993
4.7840109467
6.43753606110126
7.956422195405104
6.33432836299999
1.0693234488013603
3.30181863099998
5.22081016079999
2.273224272199984
3.8685621627999875
8.472812980696146
9.327102011067975
9.437279464629583
7.4689809723038225
10.979572197999985
8.348808927898707
0.8548863412931964
3.4905210311999855
4.935528901699984
4.964669750999986
4.401903126499979
4.461937907399982
4.087319905099976
4.61219331669998
7.975718658405109
9.536093489067989
10.436206314159989
11.33020212099999
10.481135605989113
11.356818204999998
9.41883164220256
10.136303791858548
11.853488268999994
9.706810520931981
1.9797165481999823
4.706038995399994
6.435026995799988
5.828857900999987
5.802394905099987
6.559298359699986
7.585403178398715
6.964437686199997
6.255544819599988
7.214986254898706
9.594735775703981
10.272124079929267
10.417153618993597
9.437371066303827
9.580383824295982
11.25270800899999
2.1677528731999813
4.0770589751999715
11.113881754999985
12.107297595000002
11.164136988999987
11.532669379999989
10.217609542858549
10.902794079999985
10.985745402999992
10.134840600999997
11.411334914999989
11.636690328999997
11.522162383999994
10.66177960999999
11.062546140000002
11.01623248299999
9.985641944931992
9.88926926120256
8.792950312800006
10.969173543999991
11.494439210999984
9.114645060696146
9.803247174067993
10.350550309999988
8.593580248993588
8.626449514803827
8.694068090803833
9.991049171442867
9.713937429863988
9.672687393295991
7.627813290399994
6.672604327399991
8.236998188797434
11.086084029999995
11.336554964999985
11.089881109999984
10.463245604999994
10.10331862492927
9.936565148931988
8.50719248349358
9.892735932769268
9.931577708282864
7.706807101405112
8.56359462430383
9.449287966931994
11.001651795999994
12.359419906999992
11.688895188999995
12.479403167999992
12.90637214699999
11.795243465999992
11.275425252999995
11.42983614999999
9.675073388696156
12.346340658833595
11.46319854883999
12.413125516999992
12.360369361999991
10.73883138299999
10.549329572997276
9.392364889493601
11.605304352999992
8.885520046999993
9.0662404892
5.3312623504999825
8.22202417910127
6.497260525499992
7.942706364399999
11.261272212
8.194779731797414
3.6908872619999626
7.690662722799998
9.58532564540511
9.86024805906799
11.595778660999986
12.528677480999988
11.690138176999993
11.914316984999989
13.559941512999993
10.87882196399999
10.680244414999994
10.252143858212152
9.368418370067992
13.123458506999997
11.923564374999986
11.823671621999985
8.977178845202554
8.531110601799993
8.933439123493583
7.02875707699999
10.036393104727994
7.707921699493589
7.09203433840511
9.781546754339988
9.130929562405113
7.172638458299991
11.309166663999985
8.096248606898715
13.299505843999995
10.069750045858544
9.19087280729743
10.386003721999991
11.351225866999991
8.667055770905112
8.439243379202553
9.077646833803835
8.859164892594869
10.326183317999991
10.020642643795995
7.108610636899993
6.560760058599991
10.280971235999992
9.226137936405111
10.349923780858543
11.344572507999981
10.45335772199999
8.031649027999986
10.626779270999993
11.824282317999993
12.093603521999993
9.326531559863982
11.103143369999996
9.30848205720255
8.378646079999973
8.077482794202542
8.22460327299999
7.344958462493582
7.968932041898704
7.963671421797427
6.770486265594825
4.283764208999987
4.106531086699982
6.359001257303825
7.485665347299992
9.597859153795987
9.728279101594882
8.392330256696154
10.078742561447035
11.40647379599999
10.01676666713599
6.901597843898686
8.074277964870367
3.9333324538999777
4.5728998717974045
4.793187391699984
3.9558533019999795
9.92615965721214
11.091398725999989
9.097191111797438
8.412297431898713
6.821455245999985
8.707299893202551
7.798153428594876
7.01742560879999
5.656762560999986
1.9676630324999964
3.1743496871999977
5.895239981099986
5.142546685799992
11.045763743999984
10.098382255717105
6.476687028493578
7.2964010879999845
8.518701895101264
8.234309756506391
6.337787686199987
4.6436586989999915
4.030705853299983
6.347983158898697
5.950052633696131
9.029969746271979
5.962111906399984
3.3050463836999873
0.6222830515900001
2.032235009799995
1.2306428009000006
2.081759286499972
3.277070440699979
2.975583895899976
3.72365766749357
1.8529865249999937
0.9923547792271948
1.869774281299984
2.5737553588999655
2.7175656966999786
3.147418073999986
2.8066237685999975
2.143658549499997
2.5544867965999907
3.502741790799974
1.817168975799995
1.1978783096203927
2.4723565108999797
1.7320382750999825
2.2231978638
0.74136010828
1.4830842284999914
1.2625266143999971
1.3424697799999963
5.276419061299983
5.1725160277999835
2.5208619338999805
2.263129836999998
2.376103465300001
2.7918048430999987
1.0662490105717093
1.191734858699999
5.076488925202529
6.611275665299992
4.324238981599993
3.4217651442999952
1.9984320983999926
3.1497300750999897
2.1532892852999854
2.850855332900002
2.7378802245999974
2.5873215424000002
1.1488732182020016
2.7761744048999732
1.7301070907999967
2.7985683975000004
5.9512235793999935
2.6822997498000007
1.3767318465999956
2.542841355899997
2.3253772307999987
5.364662104797413
9.232476637203986
8.060888877898703
8.17149847869614
6.541386059599992
5.77181011659999
6.94323388210126
6.498038738999992
6.021388676499986
5.429940644799988
6.814216662594856
6.075155053699984
1.7794281478999883
2.138988052399985
3.913835810899983
4.750028298999993
6.554426885999984
1.6318751998999945
1.4853711532999925
5.687287815898692
2.74802929839999
2.594568006899989
2.5576067031999945
2.239254940799983
3.9720922027999803
1.539217835999995
1.4778564086999997
1.7142182297000008
1.8143801742999977
1.9060242629999766
2.499659612999993
3.2738793441999907
3.2452208251999908
3.931149258399986
5.343024986299979
5.370493370099981
3.536690840099977
1.674894818099986
4.8406283156961205
2.4217113173999882
4.779356840499985
4.504399269099974
4.774271913101246
3.551562055999963
4.05176554869999
7.327428597999978
1.7511076964999972
1.5328597305000025
3.346547619599988
7.778289300493579
9.10515922849359
8.004119512898706
8.627737477101265
7.513050666797421
7.574287489303817
6.936018177797422
5.877494628899989
6.0874561233999875
9.039378512594874
8.571100195303824
9.899365350203984
9.510643370067989
2.4771138320999864
1.760699578899987
8.357749134797423
8.678349893202547
9.444846691931984
9.23594370113598
9.562696821717106
8.880065219101281
9.60028740389872
6.48438745419999
1.8590300307999885
1.7396288680999912
6.056057875101259
8.006480734303823
1.927716519199997
1.5266150969999965
3.9284724914999876
3.252160128799995
3.0945626983999843
4.990496881099976
4.066037554899989
7.102037181101263
9.577777461135993
10.696218194999995
5.9170684585999895
1.5020952163999965
3.3456695937999776
2.1768610503999932
1.2779796661991787
7.403878915405094
8.1758913848987
6.462584797699986
6.253199359099995
7.2054968491012605
5.009081513999988
5.347518519599986
6.2325298614999936
5.624768894999993
7.032986115999993
9.794235040203995
7.829363011199991
7.409872463999991
9.736992658999993
2.1303112807999955
4.539327215599984
3.0849724196999952
4.533964154101258
8.49888107906798
10.222592954999982
8.993804461700003
8.303621293594869
6.748096733099993
8.62508144530384
12.536830811999991
12.247867641999983
10.650493836999976
9.209713212594876
9.413848384103987
4.138517361499976
5.10841943359998
2.279027174399988
7.127883718895964
11.615403414999994
9.93014624014142
9.775456274282863
11.976634366999996
12.40672907899999
11.527799459999995
6.526843279999993
13.046362476000002
8.549218977405115
8.068150044303822
5.2286553359999965
2.266570053099992
2.5880304152999836
10.306413989212137
8.763963163797426
8.174815049696143
10.792131069999995
10.709879810999992
10.650598372999992
9.407628163067985
12.895219013999995
13.563789716999999
13.073482503999994
11.825371305999987
12.015999418999993
12.043980948
14.06936324299999
14.028726314999991
13.868750454999988
13.50116453699999
13.576332137999989
14.544350800999995
13.548225765999991
9.9622615327171
6.8221024199999825
8.688450341797429
9.453590096999996
7.487151795999987
7.932888082898706
8.94533911589871
7.948700849898703
9.885956588687993
9.639006890931991
9.83721000985855
12.017919729999996
12.040938221999994
10.68157530999999
8.807673373405104
10.84695520499999
10.945598739999989
7.308720420797434
7.753607226600007
6.203068022199996
6.599350198399988
9.741846791101283
9.014025114405108
8.340669872999985
6.412125677499992
9.212099667405118
10.872814428999979
11.48509241799999
11.84109766099999
12.859059322999993
12.239452356
10.87831434799999
14.092880759999996
9.68487748714143
7.230841773999994
7.743548193399999
10.170206740999982
13.123906421999983
13.799832680999984
11.006402739999993
9.454744552727993
6.887376090999983
8.314365216101262
10.719769818000001
10.34587959296945
14.517722656
10.804874492999984
12.06264812199999
9.415706831405114
14.246001267999992
14.62526119499999
12.82655401499999
8.249141526797429
7.376653305100001
11.907480097999999
11.611020929999986
9.837484419212137
14.201907630999992
13.255026861999992
14.319471877
12.700111094999984
12.338832647999988
10.73271469299999
10.434669507999994
10.407840693999995
10.151768080070712
9.302882618696149
10.95603110699999
13.03186053899999
12.356058285999993
9.918389346212138
12.412090436999991
12.911221041999994
11.330310596999988
11.085711603999991
10.075625593727993
11.097875852999989
12.8772409
13.765711699000002
13.180598028999992
13.63922877199999
9.082706817594868
5.718284179700001
7.117104524200001
3.4793271483999844
5.787622828699993
7.421864541600001
12.624420595999991
12.26577167799998
14.07839592899999
12.41106015299999
11.283994277999987
8.323786012303835
10.64778152599999
11.433442231999999
13.08835506999998
8.48159499820255
11.02170852999999
13.332172358999987
10.561894390999978
6.313385658299996
7.328298603797421
5.967946548499987
9.93157959899999
7.625844045999994
7.036679905696139
8.12902790069615
10.907907993999988
8.282105639594858
10.29195099321214
10.993696045999986
10.835156989999989
9.690161624067992
9.782363226212144
10.101902372787825
11.412834766999994
10.111052043141424
12.26903140599999
10.554418395999978
8.631543682898698
12.254859452999979
10.494822999999984
9.323933369405111
8.491919419898709
5.829701405299987
7.178076905799993
9.043117172202559
7.2257171477974245
8.810882324202554
12.258467606999982
12.263109954999987
8.014347412101266
10.510242692999995
9.466862777696157
12.378943509999985
9.903097874353591
8.89891085510127
10.008081658931992
10.946816552999989
10.643909612999995
6.826537962299987
8.799991157659965
3.5039356185999857
5.524391639699998
5.302888445999992
6.962880097999993
10.14667287764639
8.331749793999997
6.989591952493586
8.135950102202536
6.003229341099982
1.5729193740999967
1.4710131561000002
4.9514801879999615
4.673979875199991
2.784345091199991
3.5230390731999845
3.071988070699993
3.8547532302999814
7.590117744405096
10.634115366999987
10.624113573999985
10.988268296999983
6.544007969696133
3.6092369704999863
3.3458103347999777
5.145359721399992
5.21737494349999
9.171849085999972
9.873464697212137
1.2773342154659917
1.5270988402999877
4.312049479696117
6.060524925200003
5.176502654999991
7.481376658594854
7.690947703594855
8.211715330493595
7.491278248594871
5.04017224269999
3.046804055799976
7.461592044101264
2.3789442641999994
1.9916897980000008
1.7873202010999965
6.65410998839999
2.885763091999986
1.7012130584999845
1.1998879302999963
1.9420494002999735
0.6148219739929076
1.7656652770999866
2.1297948318000013
4.682128892499987
6.825470362898694
5.216567329399989
5.7122911712999835
5.6285110595999805
8.599860407999984
4.396202517699992
2.1249236403999965
2.998993044999977
3.872617343099987
4.260265019199981
5.809529528799991
5.908052777101257
7.502064678999983
8.262403814696142
1.1761983756070677
3.7952792006999743
6.015814434799988
8.175814941405108
8.220742405696146
0.806430102730383
1.5309606078999962
1.494178662099998
3.948533012399994
2.107928189099997
1.8749614684999825
1.32127907869999
1.2663877837999937
1.1607355989989123
3.8728801619999826
6.170447367898699
9.501140936203978
10.383972443999989
7.751205354303827
6.628645599405106
2.4979971206999836
2.022982875099984
2.668044914199988
3.89263709409998
2.490869728099976
4.134226286303808
7.593463819898695
8.54787492220255
2.0085588928000027
0.8332930328271944
1.0460271292795995
4.078234416199978
5.236143196099982
6.411632662999977
8.589258846999977
8.033498634303827
11.206045913999992
4.214289288299986
6.992024822999978
7.8950334595063865
2.1179711013999922
6.044513560506374
2.4431779448999795
2.3232841491999854
4.399211082499979
3.804725315899975
5.463990394594859
5.0724953261999906
5.115785475199996
4.948096363800002
4.338347676099993
3.9709034545999917
6.30837984159485
7.632715475506389
9.493086437999992
3.7143708419999744
6.477889370699992
3.71121441189999
4.523681436199995
4.56741524349998
6.841970565800007
7.675859675599994
9.474490495203986
10.078998677070706
8.978196177696146
9.942352879212145
10.318102792282863
8.28496982569615
9.632656088203984
10.630153039999993
8.960845227101265
8.117702311699992
9.515319557202554
6.90278581239999
9.429429475405117
4.465411750799986
9.408643882797433
8.194707958999984
7.538840025299994
7.9546461287974255
7.23880821690001
10.304314126727988
11.286932450999982
9.763267517067991
5.528749954202536
7.994752578699996
1.4864303573999995
3.1479913024999773
6.241115380898685
10.076498368858543
11.087574848999989
9.634340380929267
9.862763592659991
8.567686015203968
6.684818281599987
7.85536359099999
8.433458654797436
10.088726919877761
7.24434100040001
8.678998579400005
11.964255848999988
9.160768905594871
12.10497883951999
11.573085962999981
10.257825129999995
9.731481861931988
11.852277526999972
6.299564798
11.306898861999985
10.208357340999989
10.387772692999993
6.696615348799997
7.161684419299995
10.813156511999983
13.305096361999988
8.541502418493584
5.40624069519998
11.54835490399998
11.464925174999987
7.153042640699986
8.844256927506397
9.833402035659981
10.57871857799999
10.881020791999983
10.091659383994555
10.176325727858549
11.379926934999977
7.786381310999984
8.259081077594866
9.174113111898722
11.713505694999986
5.713975022898685
9.820745585717106
9.444675814797439
10.15842245200544
11.898702564999994
9.47431456299999
7.785637815898704
7.229433805797424
10.094565853929259
8.381515387
7.363399551405109
8.14053893279837
9.098347639519986
6.351245074499988
10.392141976929256
7.096948327594866
9.73499838406799
9.142529299931985
8.77213652799999
8.91150296330383
7.589937829594865
12.944950417999978
10.212034904339996
9.868967488067982
10.973442325999994
10.367413891999986
11.544414251999992
10.966767614999995
9.51998392186399
10.29621386599999
11.443695798999993
11.394490418999997
12.739029847999992
13.049675492999999
12.60322516899999
13.22212015999999
13.010078907999995
13.05841379899999
12.714881186999989
12.985068187
11.356612507999985
12.309735080999998
11.073301352999996
9.721472291717102
10.916521306999995
10.51906104599999
11.117938499000001
11.408274115
13.439215188999992
10.795692478999989
12.546340330999993
13.30127484399999
12.96638747599999
10.880344777999989
11.60503048899999
11.08658777599999
12.638625260999998
12.740458707999993
13.141771357999987
12.179990455999986
11.05867114599999
12.207658065999988
10.74211137999999
12.01159920999999
12.864019762999993
10.588616878999993
10.80269486699999
7.243650031999994
6.703016102599992
12.788199363999999
12.424120298999995
10.25564227099999
11.535104181999989
11.126207731999989
13.611552691999991
11.648355411999995
8.265280779999989
8.052838626101268
11.72592205399999
9.896286967339993
11.952482840999993
13.119926041999994
12.400088856999993
12.027570418999991
12.03262484699999
10.95074923599999
10.435740918999995
10.650416405999986
12.392641303999989
11.19125447199999
9.642666299271989
9.857119110067991
8.186820236202552
6.802423501599994
7.066455021699994
8.56508455199999
5.345704711899986
11.302130919999989
9.854592059303839
12.051110705999989
10.943310868999989
11.501353940999985
10.288906559863989
12.17877069899999
10.750973119999989
10.816685712999996
10.741648226999997
9.920540733203993
11.957407998999999
12.29092244099999
12.802090915999988
12.039630648999998
12.388407700999988
11.065599595999984
11.474811002999992
11.07327423199999
8.82325459589871
8.035330384797417
8.841572105405104
5.03042019199997
5.0397385039999865
6.762712908899988
5.853555329899985
6.067329070999995
6.549107105999994
7.663004435699999
9.078631951898721
12.075829371839992
11.187244214993594
11.393165340993585
10.184706903070706
8.861396899405106
9.835529891999993
10.986869147993591
9.270543983506395
6.452725953699993
10.65712622499999
8.001990083297425
10.637475532479991
10.618749629347189
7.5145703765948655
7.239485420202542
8.31249377899998
5.997546394303819
6.320717292799987
6.892939561499995
9.594195738141421
7.00389122920255
4.62110319059999
6.922310137900002
12.653049686999992
8.463983186303825
6.697120262101263
5.979266339099985
3.822441609199987
3.0873095290999966
2.7847005034999897
4.91367045439999
4.4399646605999985
8.804552401696144
5.7642192123000004
3.073107014499986
4.0717116561999775
6.642863108797418
7.092034368898712
3.8449608489999774
5.680127000399983
3.573614097599973
1.0034153052203922
1.2890796262795894
2.369076469399989
3.0465168822999864
2.983381521600002
4.0908134811
2.812163415499985
4.5952889312999785
3.1944947951999723
3.1889784652999666
3.628716108699972
4.701037963898689
5.665745208699988
7.836002772493583
5.026303915399984
0.5059710762999978
3.6209734038999737
4.822929681400002
3.7221458144999975
2.1240607100999966
1.7442084655999954
2.894385658299998
3.9979604979999857
3.2171651565999766
1.2618259750000005
2.5846530089999886
2.069645120199997
3.4434561751999926
2.452535890199989
4.2464714217999955
2.605973278799989
1.527135627699998
5.002022567699975
3.271488259899993
4.005814092999995
4.132147424299993
6.653007310506386
4.770941853299986
3.364647256499983
2.8756940764999954
2.348042030299997
2.451976541099992
1.4631658619929002
3.461970970199997
1.2141707107980024
0.9339535860100008
0.9623621607863924
0.8884453125999979
1.2941520003999836
3.76060991519998
5.149264672899985
4.783907032799984
6.978152818303822
8.03237678069615
8.109982331797433
1.2698848179858477
2.0955866637999714
3.1983115569999834
4.81732547149998
4.037259030199998
2.8833684188999937
2.2373433562999994
3.6162515441999967
3.4752320632999965
2.0214174804999985
3.4161785232999833
4.22756219939998
6.697103440899986
5.31500195009999
4.172302033999985
4.807912023899979
4.815152673299978
7.161540013101258
5.30736096039999
1.830868138099996
2.4424853759999987
2.1649359528000045
0.6736317524899996
1.3658699643033327
2.258390525799995
2.007211434899991
2.0971258208999988
1.5214538132008133
1.3254642241999985
1.6302795821999823
1.9829650725999914
1.1741315236070544
1.000043234428286
2.99838484189998
9.192427256797428
8.57083775789871
7.648482073999987
4.9905378829999885
5.5629221312999855
4.959434391799987
4.079587531999991
3.3949917296999876
7.397336030594859
6.114819644199989
9.751706326203982
10.072394617008158
8.721547790493588
8.534031082202548
5.686559187299994
2.4958310791000025
1.8016387801999825
2.900915191699973
3.3675838241999774
5.014185177599994
1.7584989593999965
3.2941420318999945
5.562213185099992
5.258861616499987
5.9041699081012595
9.325687521405111
8.880514524797421
3.5083101699999855
4.520760797099988
7.510264364599994
4.867082949799996
7.011386004594865
7.966928070101267
9.809480381797435
3.9132182464999934
1.846238809199999
4.30327387079998
6.852312815899988
7.865531199594868
8.249567420999993
3.728929136699987
2.6467128936999855
6.276851931797417
6.010360909999982
3.345548606899986
4.651264228799982
6.97940123599997
9.93491012279599
6.616753008999978
7.67169077910126
6.2927419632025385
4.765402151499983
6.519395494101243
4.950732298299995
7.354673144493591
9.273019598271988
8.667737260405111
4.4749472594999835
5.932808352699984
9.531147262601273
7.323308653303825
9.368118783594873
7.500541130099993
8.333444079594868
5.540330752594847
3.4997402862999896
3.899394743299993
5.945361254899986
8.81353825230383
3.5038957396999826
9.07678085927197
5.564739733899978
3.240753665199976
5.437424705493583
8.441660267594862
4.927034344499984
0.7450328197499976
1.7011630112000005
7.434084648101262
6.588623992898698
10.724687757999991
6.883890583797425
1.6801388198999987
7.40911649320253
4.382420501699997
5.600641133099991
2.4784732329999937
2.255292407199994
3.9050759047999994
3.6855946670999886
9.086410598797437
11.497853086999992
10.171867967135992
10.165789187717108
7.436113049299996
5.007147505199992
1.002220943079596
1.6777612548999814
4.711626081799984
9.032269218271983
6.411795039405086
7.588992839101262
7.796797323594867
8.419011204493593
2.567011126699984
4.947337994399987
6.701126437405102
7.76917081759486
8.791046092200009
10.841656235999992
8.734300666797434
5.764346261599994
7.285748007202547
8.582678152506379
7.4820808349999925
2.6546585921999957
4.0920445876999905
11.270174503999996
9.845126608212148
7.51892517699999
4.98475330809998
7.727071177696145
5.035389262399998
6.3023723906999995
7.908301420594863
11.31415770299999
11.492489379999999
11.926141004999996
12.05067233999999
10.96560059399999
10.057608375659994
11.697501397999988
12.96390589599999
12.189352897999981
13.585704476999988
12.451785567999986
11.025783776999994
12.907332915999985
11.181119027999994
10.32396315172799
13.094815108999995
13.643641033999987
12.222647434999978
13.60463617699999
10.77033560499999
10.83092652299999
11.498991889839985
9.753206584135995
7.405377114899996
4.555540670799997
6.404828526299992
7.254108566299998
11.846579921999991
13.24291543099999
10.300453586
9.562402610797438
11.613498496999982
12.627769188999991
12.311961477999995
12.885078718999992
11.17713879999999
10.532580567999997
9.23900935520256
10.52406423499999
11.327139065999987
10.227433193999989
10.072895227070713
11.673125890000001
10.961258297999986
13.051785994999996
12.847409343999992
12.02895723099999
10.183019682212146
11.607405091999992
11.16840340999999
13.872422569
12.589398086999989
12.150229696999988
12.82661619299999
13.242938521999996
13.16362076099999
11.542182667999986
12.538632905999991
12.031503957999995
12.676722196999988
11.758297260999989
13.091282885999986
10.543163569999995
10.480685442999983
10.39170754099999
8.220128897101269
10.355264772000005
10.884703260999984
12.563283666999988
8.08377730259487
9.505464207339989
11.799992373999988
8.53659562069615
8.95876585240511
10.067804595929271
12.551159783999992
12.428099105999987
10.636927199999986
10.223363809141429
9.17375863489871
7.576082801799994
9.785010182295993
9.356656979405118
10.498397665347195
9.14030644530383
8.856984287999989
11.302683980999984
10.932649444999987
9.452456266863992
8.022807812493587
9.578871649135994
8.110841337594866
10.237605566282868
8.084137266493588
10.142200921727994
9.74894534606799
8.653106376594863
10.360436988999993
11.41093785899999
13.38435941599999
9.795784397931987
10.393922707010876
8.612703269999983
10.918542725999986
11.170904441999992
11.452605771999982
12.917201511999997
10.603354073999988
9.59902418986399
8.838710064787803
8.568723919696152
9.266271452303831
10.311301607999992
10.806784287999989
9.59397957165999
6.501282517999985
5.46807816310126
8.981590672303827
8.03697090759487
9.560795245271985
4.151952734399996
7.705449642898693
8.239474143999987
12.05142744399999
4.918775775099988
6.541368241898698
6.411268090799989
9.826354026938887
11.595323458999992
10.179042503282869
8.33366635740511
10.213901967999997
9.615882917797437
4.9554478576999905
8.230479351797428
8.415193130506387
10.029854193067992
9.843842504929267
9.842653573717108
10.087396165353583
10.038132717935664
10.49459729299998
9.17340323640511
8.617754576067977
10.582792382999987
10.899815986999991
7.9109528823999975
5.930474812299998
7.74667698669615
6.487436196900001
10.873628989999993
9.687948074303836
7.8996741287
9.475010848999993
7.979812673999978
9.624427313135977
10.30719647499999
9.097187083405114
10.550377107000003
9.75029515828287
3.734423185699992
4.328026069599983
3.3155556992000017
3.6796399811000056
7.967196964999998
6.331970297199995
3.406239993299978
3.991778262299978
4.976133802797416
8.164286894202545
1.4803244704999978
2.809191490199997
6.996201681493577
10.494507044999983
10.280158027717103
9.771467446931993
8.861492100493587
4.3676508803999905
8.27590475459487
6.989175579799991
7.368861280799992
7.636915194696135
7.007896443199992
6.3147505722025405
5.935238879399986
6.5443427672999865
4.385127429199987
4.828450341799998
5.893472651699985
7.464574705499993
4.690824844399992
7.1291278473038275
6.1760463759999835
2.2734530684999927
3.363668553199983
1.9314512923999987
3.753323928799994
4.379980755599993
3.4596784514999905
4.16233301999998
6.945422195405103
5.420332890299985
3.320348046899987
4.807494703699978
0.8449669288600008
1.221297549101089
0.7624985418299995
2.755290719599974
1.9910263168000002
2.608138865699995
3.43930564879999
5.810178993199982
6.137068717999979
5.0228614913999765
7.220558578506385
4.536970400999984
2.239086134299985
4.628690212999982
4.858312493899986
2.1908224715999984
1.4428845595999946
0.5155907540299982
2.8368687713999923
6.564371031199991
1.6521351150999941
1.9910575836000002
4.277216731299984
4.694026939399986
4.64829868769999
4.379865077199988
5.314317318696131
6.557221688797418
4.40180665889999
4.559204029799989
3.8203347014999984
3.4236260512999936
2.8361909987999936
2.608210874899999
2.2182791350999786
4.774384324594855
7.804336646999982
6.868060955797419
1.2459252959999938
0.8525099916506379
3.7739176345999903
6.480261157202544
7.110356042506379
5.878726855499984
5.95689878999998
5.977766546599984
2.9338677688999955
2.1503465255999954
6.821951505999986
7.083333822594851
4.972195609999998
2.1821944915999953
2.3706634322999816
2.7815882888999837
6.276998475594855
7.852314917000001
7.791808721900005
8.972664379931981
10.201754997203988
5.860549970999989
3.4849494048999916
4.527600604199986
3.7391959029999904
5.731771231099986
8.548607342493595
8.65629976649358
9.635759200999997
8.396885589594858
10.286894706787828
7.110127166696145
2.1941863387999816
7.55917658689869
7.407281843594862
6.48183258510126
11.15792167199999
9.293375019797432
9.867505708212152
9.973799917717109
8.865099098202545
4.602589703399974
7.543389536999979
10.704305642999984
11.37948124399999
7.229015063506381
10.58051462699999
8.5796206314051
6.957061103797421
8.22441004179743
7.455469001797419
10.235668652203971
9.166082784999976
10.13818243099999
9.648993984999985
5.89821347499999
2.568249583399988
4.897108598299987
7.763889289899994
8.764933090202552
10.00961137699999
7.560688139303826
3.746325080899991
3.7239975539999928
4.544143330399996
4.5998476256961345
8.360005923339973
6.959628568999995
9.874223338203981
5.8944930434999945
7.4549879654051034
8.321075801101257
7.663638339202549
9.017777697797433
8.803222376999996
3.7070361510999907
2.1958217315999957
2.9288568450999914
4.142495489499997
3.074499200399988
4.530389532499986
8.330708987405107
8.628479278594858
8.008057881202552
6.616195869405104
4.2613765716999765
8.769593208197572
4.940521130399982
3.0317101562319833
8.331774264659964
9.150584205594877
10.643532450999986
12.860966582999993
10.800912771479986
8.851515991196141
9.016978030405108
9.768462521271987
11.449828458999985
6.431735461399988
9.366381906100004
8.725978543101261
9.618448596135993
10.795089458999994
13.886383155999999
10.893755228999987
10.440419697999987
11.987572207999978
11.93580800899999
11.855789698999995
9.323186062727984
2.699880177299986
2.2917999648999774
12.301974177999982
8.332344422898705
8.823622836303828
7.464180534405103
8.355375001493588
9.081889663696158
11.335669962999994
12.545026395999988
11.709406405999994
11.343290603999993
11.161935517999995
10.467205842999993
9.245764305067986
9.179502123999987
9.314889495863989
9.668414822271993
10.488722779999991
7.6555809508987105
8.545655470303826
11.221175513999995
11.944229027999986
11.162857728999992
11.244414420999988
10.788543747999986
10.815088302999985
11.926467170479993
7.377441883899996
10.303705619999992
8.961673957797428
10.978509800999992
10.141123754929273
11.260869266999991
11.608230559999988
12.23015726599999
12.268649165519989
11.341909314993591
11.6325027865136
11.045168126999993
11.28181980151359
11.152012633006395
11.018388952999986
12.265197269999991
11.980715275999984
9.621792260795988
9.068051686101267
9.555418562303833
10.916539708999993
11.681086841999988
8.956526484696152
10.81492590299999
10.503092119999987
12.67391011799999
11.830926720999985
10.87944881299999
10.77799159499999
9.969855358931989
8.305243922405115
10.159672162002721
10.350801859013599
11.514251862999991
12.568899042999991
11.931500583999995
12.794677450999991
10.683375274999994
10.047138893030562
8.949817930600002
12.081959556999989
11.822965732999995
12.342057032833589
11.431065432999995
11.403938553999991
10.107567600999985
10.586225808479986
10.24029824820399
11.735581209999994
11.297504273999996
12.723563813999993
12.44448916599999
11.79468270599999
10.339788622999992
8.876949664303822
12.185449654999992
10.612802035999987
11.889672303999989
11.882309144999988
11.346297161999992
9.117998557999995
8.083020065303822
8.551236964405113
8.436968263202548
9.732016879203996
8.343162562594873
6.378121009799999
7.668274606303829
10.654828702999998
11.641628519999983
12.423049242999985
12.949983591999993
11.781087749999992
11.588470196999994
11.45974807899999
8.678847172493594
7.040010021999992
8.785884037797437
10.877979888999985
11.139035140999988
9.494726895067991
7.522063752699991
6.795081869493587
9.134450573795982
8.342552180506383
11.29899124799999
12.661855526999993
12.457563639999984
11.840257952999991
9.410084385696154
10.97266617099999
10.380587031723502
9.420209327696153
8.337116697696155
4.324874017299993
3.198030964700007
1.5352262710999949
4.780081071499983
6.72570285639999
6.9074731749999945
6.008035936
4.8303252654999955
9.760296385141418
11.335818809999992
11.601105527999989
10.770273822
3.040047538799996
6.2398735672025305
6.12665936429999
5.795160749797425
6.356137692299989
2.3207075088999884
6.292444103999978
7.916497445696145
6.481260290499987
6.401063389599995
7.081371316493578
5.656083793599986
11.370144451999987
8.754331225594873
7.982551635696155
6.5988408966
7.3426322280999985
8.411475587506393
9.182501689067987
8.673608364898694
9.006264775067978
7.997844586202543
6.3565840239999805
2.2041065947999825
2.7381006560999928
2.8057033386000003
3.269278716999982
4.807583732600006
5.363974128700001
7.247144930999965
6.83826770169613
8.244143495202554
10.317354969999997
6.11865660549999
5.9728525574
3.001172947699988
3.4262431670999915
4.278896916199988
3.4118766753999856
3.890735316499989
6.865563996898708
5.47201302340509
5.4642492888999845
7.8072837249999845
8.468868257101269
7.805575500506391
9.346068946863985
2.241381967200003
1.5304240402000004
2.5648617415999886
2.5750670592999856
4.577274539202522
3.5006707091999987
3.5097821227999852
7.418201423727963
8.339771917696138
3.658411227399993
4.814577859499972
6.034523431399991
4.606825761399995
8.378072811898708
9.22137900389871
7.756898770101268
7.499476005599989
4.655616404699991
0.7607960349999988
2.143464227299997
0.9292983532898722
1.2953686141999732
2.538609483299987
2.482603521699991
3.166030165099987
5.2874154021999855
6.904017236299995
6.283474346899995
3.956196810899985
3.520880606099993
4.48157693479998
5.705379922506373
2.6142123488999927
3.8460952773999955
5.684873232999993
2.8928283400999892
2.1048924103
1.277224842190019
1.2909090590999976
2.895513276699999
2.9323648468
2.5050338714999905
4.239596905499987
7.416041966202535
8.137535833696154
6.574350218202545
9.044749073797428
5.266918165599994
2.967705375699994
5.837685218797422
5.1753190413999866
5.592791484099984
6.366709429899993
4.577389182999983
3.9413448012999948
6.214380146799989
5.68142816930382
5.987919634999988
7.107584545899997
7.025771849101252
7.5533235228999915
6.696469357299995
7.24982738949358
5.248319258099976
3.838368620299997
3.505814874299981
4.887372238199979
6.154857238797421
6.035404074099978
1.5845545470999987
1.4763797076994467
1.4943051024999947
4.4873676436999945
6.139830693099987
7.061837022399989
6.211399520898694
6.154897096299988
4.730907513399995
4.03605214079999
6.520944578594846
9.177516807594879
6.168149026499997
4.444234681699999
0.8071092002899994
0.6355818777999992
4.712865910299978
6.91746387329999
3.88354507599999
3.312957861299992
7.938733557101264
7.922976196303817
9.289364540067988
4.473686674499994
2.795473629799981
8.237227526898701
8.276566125506386
8.414291931202552
7.255231129506388
8.065169174202552
9.47654354710127
7.247288120999985
7.448942272898696
7.327847157303826
8.395018328898704
10.931216995
10.209705306999995
9.344758584727982
8.542367188999988
7.0309945984051065
9.246714770493588
8.700939132696142
4.132422396899993
3.5130211348999865
5.025274319506376
8.693584764101264
9.595881237863988
5.1595534469999915
3.7698423385999953
4.513335400399994
7.619919897506395
7.564749548303825
2.0012127655
1.826607961999997
3.0545762481999854
4.614597383099996
7.090569528202546
6.325037371799997
4.789492083699979
4.626277625999992
3.5023800095000035
5.5730928055
5.677447474696135
6.743176618999989
1.6068540819997188
1.3976803786999987
0.9852005187999977
4.14905539859998
4.7851748778999825
7.326707243303822
8.908272422797433
8.445261416594871
9.105282835405104
9.903020581070706
4.5165182113999895
4.537475828599973
6.146788041696142
5.115107546999987
5.588078359999993
5.2437442307000035
6.469217008999995
5.831622259499991
1.9813688659999975
1.199049777313594
2.920574819899987
6.226574594101255
7.906896026594865
5.056299653599995
6.984453915405106
8.949370410202556
12.714966639999995
4.956968130499982
3.633399945099991
1.3949634876212063
5.664241032405086
5.95799356229999
5.9118633407974235
6.934425949101265
8.62607508849359
7.804874977101274
8.4785761138987
7.823847062702542
7.709362887594863
3.3225367400999875
7.840132667500002
4.7754374190999815
5.667423181199976
8.84809557193198
9.301071778898715
8.206934287999996
10.016266377204
8.430426081797435
10.813808153999982
8.670985888696146
9.402231664999997
10.605169834999987
7.505058941700001
6.278474864199983
2.0721771697999967
3.8336611297999843
5.840030714399988
7.482709382594873
8.884415003999994
8.23561004940511
9.656489880271991
11.12833496599999
12.83512122799999
12.966652450999987
13.771061759999993
9.740657057135989
10.063464033646387
8.522194518999994
9.271646310405108
11.922139425999996
3.774622644
7.079926954696139
8.23825122830383
9.105531077594872
7.826619317594866
8.590835134898715
9.022271668999993
8.73212808380382
10.11656320027199
9.542221942070698
11.175891868999996
11.537772234999991
9.921478184646379
13.008888231999991
10.781293789999985
10.939366559999984
11.745843053999993
13.41542431899999
13.962070377999993
14.02778022499999
12.676546584999993
12.319535332999985
9.591882885795993
11.178872104999993
9.320881680311983
9.192166830271987
11.16371911899999
12.39069254499999
13.77311745299999
12.73651678899999
12.376424897999986
11.74433419299999
11.37209950899999
11.59819083099999
10.759547190999989
11.686883510999973
10.515877228999992
9.613761134203989
6.995755010999983
8.195429872101265
11.340578104999988
11.468527915999998
11.890483664999993
11.358279004999972
9.370346038863989
10.161338439929247
9.071587623594885
12.14677984799999
12.181584405999985
9.252322398405111
9.826438806136
10.54545714699456
10.768152811999991
10.930921218999991
12.380019265999993
12.131505877999993
12.16326412699999
9.42787427679599
8.431257174696151
8.119582481405104
8.626999787931977
9.783971415795989
9.747944105659982
13.431126584999992
11.06728502799999
8.371742478898714
8.800343737797428
11.43708348799999
9.806239454787827
9.271011029101269
9.214311729405113
11.932703071999994
10.338696163999987
9.797951866067987
9.531800024405113
12.469058268999987
13.210413010999991
13.043492185999995
12.373806466999989
12.048438192999985
12.483526381999992
12.717216910999989
11.442512853999986
10.727442801999992
8.039129511999992
10.03522807471711
10.07835807965999
10.535611115999997
10.632312664999986
11.18877722599999
11.35672176499999
10.214460967999988
11.158981183999993
10.248508854787818
9.575527352931987
10.67022292199999
11.532011681999998
11.784264148999995
13.75877911199999
12.790429159999988
12.311392434999986
12.318670154
13.047473385999991
11.47971061399999
10.03174501635359
9.10148345933998
9.224771481303831
10.492965514000002
8.117702908300007
10.872636202999995
10.022305017067993
6.870342544594864
8.948399459797425
2.7394413756999905
3.3466046325999916
4.963653794898687
5.226058900500002
3.789939216599984
8.517321913101261
10.719914966999985
10.580318299999984
11.22767735299999
9.810759457271987
6.221736801099984
5.718247535699984
6.021909384199989
7.794160465999986
7.902206375101265
5.15286274869612
7.062628805493568
9.000704586797438
11.013240263
11.277607691999986
8.22041911158398
6.5516234755948615
7.432734023999991
2.1502210051999855
3.6037013808999836
6.291394674699985
4.6601665908999905
5.683124505599997
8.326869258101254
8.977012879929257
6.452721252399988
7.222357070898707
10.254726125999989
7.736297769199994
8.972796664405113
10.232983027999996
7.906877146898703
8.088440496797432
5.191028893999968
7.935444105499993
6.276172489900001
6.079281933599987
4.364134471099987
6.891108798199993
3.943245889299993
4.197000053399998
3.8464233504999883
3.2392973618
4.090086180099977
5.604158970599983
5.132795921299998
8.359050186202547
9.723603895717103
3.9574588241999886
4.315921820099991
3.5145772399999826
1.8407289855999869
4.520089440899982
4.578826588399979
2.8229526900999837
2.8080807174999887
5.436014848299986
4.933844981399995
4.214439811699999
5.21330749509998
4.2642829040999946
2.4882554672000015
1.669949571199998
2.2907207030999963
7.0754973006961395
7.429875062599991
6.068362556499993
6.301042468299992
5.358896804799988
2.6466860061999933
5.173583969101241
3.0696134064000034
1.4571147918999963
3.334656947299997
3.351976670799999
3.3974679442999984
3.681252671799984
2.3203439086999955
1.2057610702833628
2.7501514435000005
3.4199649871999815
5.591246655299989
5.609099723799986
6.721491374202544
7.716119914202532
8.982070884795974
8.212902841202537
6.914043144202543
7.6067929717974145
7.875881820696135
6.2068775482025345
5.156218942299994
4.890704028299995
4.485655430599996
5.035611263999972
6.5754336211999975
6.412338595599997
10.103372914070706
9.83259220113599
2.8501976989999904
1.9822894745000008
3.5748325104
4.043867269899988
5.58370096439999
5.591380590799987
8.20711462859486
7.136013157696138
7.8370922118987
6.921226794405099
4.851777792399995
7.978552662699995
8.350809028594863
7.158996498099991
6.891172999599986
3.6240037459999996
5.438124229399988
3.45435398709999
2.9521839736999946
4.0403508834999915
2.184923352099985
5.636057441699992
5.770888835099997
7.850911993405105
7.963877275101272
7.766318365506381
6.818168888898699
8.875306686271978
6.013767665099986
4.696247389199989
6.934807112099995
6.740283315999988
8.333034771696136
2.668865565499989
2.171259844999978
1.7755571364999845
4.146190296899991
7.8703428557974195
8.615221896271965
8.711234735101261
4.159164669799991
6.928406980898704
10.35578872199999
9.17302195430383
10.070543409787833
9.673920423931994
10.330145156929266
7.76398112789871
6.423705255099986
6.476328773500003
6.486071838405106
7.972653117405109
8.811358227493587
9.93424885406799
10.418577817999996
9.328551722696155
8.38693755189871
6.850463087506386
8.085624951202552
9.24880279240511
8.250312196405108
5.714981164599987
8.587959425405105
7.265638491797426
5.759569822699984
8.73444400631199
7.446249099696152
8.838034623696148
6.147404518099996
8.170702426101267
11.926452637999981
6.969297102405106
3.947033335899995
5.418717048599986
4.429511807299995
4.106608561699983
4.689587048299984
3.9879208175999974
5.790336045799988
5.745745535299985
8.294808941696145
10.521747255999989
12.454765531999989
12.411913256999991
7.701280816699997
10.547787153999987
10.996601211999998
10.161416267271973
12.908353655999989
11.523296254999988
11.48564016399999
10.360220887999988
7.642948565696149
9.95210959785855
8.092748924303825
2.061157931499999
5.214643818699991
9.180902926594865
9.260091825931985
10.155277612212148
9.189904855303826
6.438127299499989
7.460695280499994
6.213830702199988
8.829006166101264
8.405376835594868
10.742890108999987
11.504498290999983
10.854405483999992
12.034037363
11.51430494099999
9.88111789092927
10.473443454000005
12.15887466399999
13.102655697999987
12.360319988999988
11.548502411999992
10.72406957999999
12.358345162999992
11.667056923999994
12.089495041999998
6.0858333663999815
9.212009463493589
9.319329370101283
11.208035938012795
11.78802461199999
11.30737942799999
12.637051473999993
9.725453187727984
10.402812876999986
11.89467062999999
9.700863861070705
6.152232339499979
4.714418575999981
7.806552723696142
9.660666285696157
9.066143737797434
7.309314880405106
11.903330811999975
9.078598939493594
12.373594439999984
11.931339663999998
12.373612824999988
12.035178852999987
12.185216532999997
12.767984067999992
9.882012158135993
11.210711648999995
11.906828852999997
7.3197682494935785
7.443288008099989
9.813896708787826
11.22928520399999
12.130079252999993
12.788607451999987
13.204067008999996
13.792293108999992
13.180154783999992
12.579073720999991
12.242620574999988
11.552549239000003
8.716315901199993
11.231864579999996
10.136309316999993
11.779550416999987
11.790968009999988
10.802362374999989
11.957493819
12.265422245999996
12.229685434000004
13.04638307299999
13.627412842999986
13.660466895999996
11.998841762999987
14.077999698999996
11.341818978999994
11.269232208000004
8.468805830405099
12.93507594799999
11.190967801999992
9.412823359696157
10.04216029699999
9.888757388303837
10.298541056858548
12.466247967999992
10.117755963070707
10.107759829795993
11.50761658799999
13.23342450599999
10.79183148999999
10.282671096858547
9.872676678339989
9.912673553353587
9.663690844696156
7.909316961696146
9.578674085999992
11.588315944999996
12.474078864999992
13.96214095299999
13.112063959
12.947591131999989
13.010596015999992
13.01815241499999
12.477752239999981
11.796515191999987
11.22240480999999
8.85128176569615
9.262334870898709
9.133130813594871
8.606351328999985
11.40833025799998
13.256349372999985
14.624564504999991
14.37556087499999
14.000234017999986
13.60512974699999
13.310875969999987
14.098268149999985
13.749185578999992
14.316456099999991
14.86005538299999
13.23386427599998
8.466346105999982
11.007763090999982
9.24892988279743
9.055805979898706
7.743101197797429
9.93626324779599
10.151064416646388
9.07200367727198
8.396732429493586
8.500465557898703
6.800399812303821
8.177370581101266
8.509720642101259
10.073226869135988
9.644920375067988
10.307980306999983
12.329068030999991
12.384252062999986
12.828425713999989
12.613407891999993
13.192076632999987
12.336671595999986
10.594857960999992
6.202752351399994
5.842031524699997
8.0062216461
5.110716311600005
7.541280589303822
10.263843889002718
10.818125972
10.56254128299999
11.28385993199999
10.050614202929262
7.101636421199992
4.974521284499988
6.5498162384
6.6311879547000006
5.471804078699986
9.24182964320255
11.128755236999993
9.367130857863993
12.618652407999983
10.024766833339992
9.99328340135359
11.362092550999991
11.342905848999992
11.884582200999986
12.034522259999992
11.658935694999988
11.762740662999992
11.486718906999993
13.52433555599999
8.647287455696157
7.082980113202539
9.036398225405106
7.461668637101259
6.54270607449999
8.882336524999983
9.463368313594868
10.372006066999987
6.872501525898704
7.9432317841039755
3.7027195754999886
3.843360060099995
3.0483315154999975
5.392895277398693
6.855459863303827
4.4407402678999865
5.994113194299992
6.366149885599986
3.805472828699995
6.195617228699989
7.392430398594862
8.86140013279742
2.7110240355999897
2.4167765029999977
2.6945948592999827
3.217097616599977
6.514223736594858
1.7617273208999942
3.0278631271000043
1.9977331497
7.153166249101261
5.612120922899985
4.690031153899996
3.8966091216999916
3.441057202099995
4.960360868797416
3.2488230910999927
3.757758296199992
6.431596672099991
7.287187417599989
4.678675732399996
3.9306245437999983
3.9060690673999985
4.181607286099989
8.806734556594868
8.852127224696149
8.584034953303828
8.17114999240511
6.567275094599989
6.703330332898694
6.20178609009999
6.391239419599989
7.099783016999974
6.771977653493588
6.744197437999991
5.135461708099986
5.841303300499991
7.8705687697974245
2.9244993270999884
1.3990214766999995
2.7908548980999677
6.837131826797421
7.482887086506387
5.946812574799989
6.724614959696146
6.118485804699999
6.384159925799991
7.3364966263038305
5.16006612089999
2.3874870254999916
3.294298420699988
6.735030467202542
1.7801495849999942
1.7704100448999902
4.858421099898694
5.926525779699994
2.543610548399992
2.8827386901999916
2.417442549100001
2.4257804885999876
4.10524765779741
6.360067556797407
4.968234736599978
4.102901661699984
1.539738729900001
1.3281524158013618
2.2863750106999974
1.159039369500129
1.1365148642659963
0.6436170022000008
0.49501411896000136
1.1497688130991848
0.8389898597700002
1.8743507476999748
3.857201109299981
3.379157902499985
4.048723420699984
8.578779946898706
7.707281193493584
7.113669535797419
7.07817024379742
6.087396997099991
5.650431878699984
4.795613043199983
5.26394877619998
2.9603056121999844
2.549809982299985
3.0945247039999826
4.877817802399998
5.368058749405103
8.231081469696136
5.957785824599985
2.21476710509999
6.296060667399986
5.6160367049999875
6.013137831099992
3.6203541686999934
3.5384318938999946
6.661368133500005
2.987503111299994
8.76463123779743
6.345563191199992
3.9730984954999777
7.49560952759486
9.20793520806798
8.065469306898706
7.85932447049358
8.16897984010127
8.721035726898705
7.750877380405113
3.824493365499997
3.6963716140999883
1.4812299605999892
3.2178673247999945
3.9626514052999955
9.525932934727976
8.856731698594858
1.1541178743271958
0.974570227050001
0.8381574795700011
1.1005543353070568
2.2063583159999895
5.254922395303813
7.144820408594857
8.636956204202548
1.9636492934999845
5.270795460499991
4.603887425199976
2.1810230437999816
4.672409109499987
8.891526222202542
8.502338438405099
3.87845829469999
9.407082784999984
10.099418357858545
10.221846401999994
7.919018481405103
9.495543127405119
4.128298026999984
4.309245429999968
8.210499267594859
7.384124020399991
5.353704080199995
4.970398805199981
7.898687103299998
6.474448965506381
7.463923733499995
6.563361265599986
7.825153153999994
8.212433171101278
8.837071890303829
6.317444052099994
6.0600912307999915
2.6440322936999907
9.51734031069615
4.791355651899991
2.819925239599972
3.556839166299985
6.00589215849999
10.281041149999991
7.050055024699987
1.5506229155999975
3.720006976299983
6.602699903899987
7.766137602202548
9.523672576931986
9.507347352594879
9.65168166672799
7.337795065303828
11.544479771
9.302656074659982
6.536005909699993
9.093661794999992
10.171169159002721
8.81857073072798
11.40432747699999
11.99006124999999
11.636561544999987
8.925949774135978
7.3806617339999905
6.9542375304999995
9.350365716584001
8.664326043696148
2.67470126189999
3.6786005050999893
6.812517137099989
7.9981614014051035
7.80799171299998
10.709554409999992
3.0487003463999844
7.016003640699997
7.716305792200012
10.767418453999994
10.193467425646391
12.134099964999992
11.643911043999982
13.115525463999987
13.49242916299999
12.71828605199999
12.420303525999998
11.371644661999976
13.847970566999988
11.97318095099999
10.832868128999996
10.48258391299999
12.008111593999985
12.926269857999989
13.66021274599999
12.91086704599999
9.016753393583988
10.870774360999983
9.221228060898715
9.703000622727986
12.247124428999983
8.951031399493589
9.500604528863983
8.180646998594874
9.133785403405113
12.091513999999991
14.067150930999993
13.022938039999989
12.811554372999986
13.304019097999992
12.143676241999996
13.747361959999989
12.745311081999992
12.790054444999992
13.194975185999992
12.567089359999992
13.009142293999986
12.67564123799999
13.855540432999994
12.292365145999991
12.495212760999992
12.650949291999986
