11.281899493
12.926928845000006
13.083105092999984
12.451637781999986
10.990488389999996
12.796382416999988
13.45793381999999
13.119856720999989
12.94471375299998
13.502670612999994
14.335971558999994
14.146340384999993
14.511273180999993
12.756502765999985
13.21239640999999
12.242047498999995
13.490080199000003
13.224249706999993
12.295750672999992
12.13393297299999
9.774236433271987
10.194033935646388
10.95567275699999
11.064504293999997
10.021553141863992
9.389524598696154
8.58718958889871
9.056161961405115
9.241049175999988
8.92648668979743
10.09627075799728
6.008200556898693
6.154579392999968
5.550245634506366
9.349449362135978
13.457873984999992
12.862488817999992
11.574571345999985
6.111911717202513
6.070144065898696
10.15491401814141
10.780413225999979
12.013557502999987
13.124480741999994
13.977656821999997
12.918488054999994
13.219380591999991
12.771673375999999
12.190873925999997
11.598098279
13.075481655999992
14.829575426999996
13.108957746999993
12.977460399999998
12.118270929999994
13.261023339999994
11.830642325999996
12.020362636
12.261107480999993
11.129206240999988
11.376998366999997
11.404700654999987
10.890700207999986
10.254106172141425
10.428993813999991
12.248559295999991
13.472820780999998
9.953194477863986
8.902796539303822
8.682388320898704
10.803466536999993
11.04864357599999
11.809795533999997
7.500414085405097
8.40683680269614
8.210350506727973
8.609668714931972
9.47876901699999
9.995240068067991
11.876176070999987
11.383062591999973
10.299678507999976
9.95667100820398
9.926826165863986
5.143242616303809
5.412555015594847
6.619154916405094
5.63683011779741
9.893039164795978
10.270510040212146
8.244677195696154
11.12522937899999
12.24117767199999
9.541451715070705
9.885168356212146
11.59688366199999
11.356048438999983
11.765233306999988
12.55178477799999
10.696808779999984
7.97582959899997
4.057257116696121
5.433851438898678
7.238697688303815
5.363401400797412
3.9736860518999633
5.701850651594852
6.43773975520253
6.799732768202525
3.89042448119997
3.1138967742999744
2.8622136947999643
4.581662794506368
7.486085981797419
6.100579922506373
4.2724288817974
12.041024166999975
10.99256816999998
7.000802908303818
2.9653103591999663
3.9103593718986844
4.134280851696129
5.907267565898698
5.027695523099978
4.911125706506375
5.159292802405082
5.146437324493557
4.742725286898679
9.19061423633998
8.336395735202538
10.399977111858538
6.924209048506366
7.557438035594848
6.896404396101247
4.929492594898685
5.872621122696138
5.664185949699983
5.444774409499983
7.374233990506379
6.667452836594844
5.730269967696129
3.98432151339996
2.833590191699965
5.719234890696127
5.521863249202529
5.082161378506361
7.547478614863961
4.360019987506373
4.117624400303809
4.366886433405069
5.630775059493571
6.490005860898691
6.764610646101253
9.492307194659974
9.998534753271983
9.349246932999975
2.1880828368999716
2.3300010543999665
5.777892048594845
2.622935263099966
1.7284380187999673
2.7500220519999745
5.620765945399989
7.040568519594849
8.20072420959486
6.9773589538986975
6.364057250999973
7.594602453594863
5.790240255699979
4.296715646399972
6.405060717797418
3.6600915740999693
3.5984549560999732
5.116376322899978
6.090768035898699
7.37341798710125
6.654780375696134
7.287023144493574
6.773131700101251
8.067197260999974
9.507347761659972
10.929820409999984
3.588560182199979
5.577898612999978
2.8823297957999796
3.7353259368999767
4.56643270869997
4.717194401599975
3.2305962813999756
3.1351825713999837
3.3904495604999867
2.678411939999979
3.769558161899972
6.802389329493575
4.759862824999969
5.686832374594841
4.931075462299975
6.096207675202527
5.15101401369613
2.1159094390999695
7.296431060797422
7.63012884220254
8.514920416203978
7.889549551405105
6.308552001999979
6.782157112101259
5.054344436594845
5.007724418594844
5.280720239299973
3.1471401305999613
3.1347717544999654
4.696110389696118
7.082621011405084
6.682930786101249
6.475092823797413
3.808464970405089
4.5329910628999714
7.038476663202535
7.74457605899998
6.654468717999964
8.404735511797421
2.538049235499985
1.8716260695999716
3.447066087299972
3.6494115935999702
4.273962046799971
3.608021360799974
2.7795291930999695
8.71273201899997
5.564226023898699
3.9935214919999735
7.347559271202527
9.508626483135986
8.70621150210127
4.0005474105999905
7.681705189493584
8.993292591898708
6.022529133599981
8.364135429271975
3.9948029677999783
6.623179560899988
7.6664358521012606
2.540678218099977
5.164021888696119
7.905567011999971
4.767238746599973
2.6641125319999683
4.781433393898689
4.973014387493573
5.763248110999974
8.322250103797424
8.870072007863982
4.447318939202523
3.8551920379999625
4.330877990696124
5.455871870405086
2.9273579940999603
3.9495367171999716
4.816654827898686
2.8901403914999633
1.2758935096787543
4.040578837599966
5.023001011699978
5.746175773594849
7.70519938806797
7.55642648319999
8.635538642931975
6.0501017867973985
6.466027630594841
4.44917238919997
4.1304911422999675
7.7432802215948575
9.643035501070697
5.152567074594852
2.504546021999965
3.5383084305063583
6.767971137999961
5.6492813492025284
3.284888111898678
7.391017924499986
8.035204984999984
8.840142860405116
8.33601750179742
9.462774591067975
12.443978155999993
11.20757733299998
10.21670617821215
10.323039602787821
7.234610476696142
6.4178920944050875
10.016353535353582
10.714035160999996
10.580739309999988
11.424364867999996
13.251662111999993
11.510855408999992
10.733805638000002
10.787103862
9.50698206927198
10.333664544787819
9.665842861929256
7.145157412696125
10.008178173863984
5.159926373303796
9.774523352070695
3.3172690871999686
3.402449491898685
2.6819805678999646
8.553128448339955
5.4720384368986865
5.698555674696126
4.844260435506353
2.160950208999964
5.054813490303799
6.771066958594848
8.785540669303831
9.020570431493589
9.992029768271989
10.431437886000005
10.569168561005437
11.795664637999996
11.483446836999994
11.900373039000002
10.215906959659995
9.736145294135982
7.4586631087974125
9.883073556659998
13.23249270499999
10.42272602799999
11.102548639999988
10.762428232999984
8.652851150659972
10.527197920135986
11.348195609999994
9.831553785795986
11.838214177999992
8.1780672408987
5.59239860079741
9.095692587203958
11.082453290999986
11.646913575999998
13.327649202999986
12.916696207999989
5.189554209898692
6.578702349898689
8.290801718067966
10.979480713999994
9.147791725202552
11.069610865999987
12.667716552999991
9.132553248717086
8.323606092797418
9.532747245863977
7.206620043898699
8.57057229159487
7.861111057999981
8.715058764594868
11.08187962599998
10.461974113339988
11.919710207999985
11.97886173399999
13.104857629
11.542647732999997
14.101311049
11.919183218000002
12.913757667999995
12.796714953999993
11.000817136999988
11.764588236999996
12.887762194999992
13.786578635999996
11.448541182999987
11.548688173999993
8.595555036898704
12.795484526
12.615473304999998
12.472015616999991
11.370088936999998
11.995875115999986
11.740518560999991
11.140089577999989
11.602757653999996
12.180453062
12.142979169000007
12.554746532999989
13.093223385999993
11.587137111000004
10.917756595999986
11.291139005999984
13.888698494999991
14.58666060299999
13.908424824999992
13.895719851999997
12.066316211999991
10.391451317999989
11.685043339999996
9.679871739135983
10.212472203067993
13.014026262999998
11.361909104999997
11.453038368000001
12.06863449699999
10.371153982646383
6.822360244797405
5.6857062881012554
7.432287188696132
11.896712572999991
11.88691839799999
12.695971937999994
11.24382313099999
10.777002757000002
9.447338024931984
7.980977714493577
5.816357319594854
7.44373303379742
9.35919736630383
9.568011476101278
10.262066179989114
10.743971692999995
10.491413294999989
11.10993757
11.382866451999993
9.81973151399999
11.208200974999993
11.366211519999995
11.431899878999992
9.734639833067988
11.217834696999988
10.84052009999999
11.52434932399999
11.566275634999991
12.220191906999988
10.760483639999995
9.745811665303846
8.825429673797435
8.851671755999995
8.32463650049359
7.664748222399994
9.741717198135992
8.951860377659981
11.628835291999998
11.115426200999984
11.367893204999994
11.086382929999989
9.810027656717109
11.435907914999994
9.709939012070713
10.74620590199999
9.401175877282858
9.84156618499998
11.157261950999986
11.643137140999993
8.460435795727967
10.593150164999992
12.216720160999992
10.830343519999987
12.007641419999993
13.024646528999998
12.288647350999993
13.333353743
13.018264350999994
14.48419800599999
12.875489438999987
10.250464887999975
9.438035842929251
9.326595132271986
12.119374157999994
11.254000948999998
12.236447506999992
11.064213674999989
11.301782454999996
11.499646711999993
10.973149929999988
11.532395905999993
12.467625664999993
11.375296805999982
12.07144859199999
8.307718843101254
7.397588981594861
7.043895695499997
5.489441290299985
5.722375157199989
7.366101608303825
10.258083128282866
9.569219525067988
11.636211292999988
12.233861823999995
10.287538304070702
3.322576896699975
3.4044387252999764
7.369397517405095
6.345728880303806
7.5332272583038025
9.986996354787827
10.891258057999977
10.43028586721214
8.754472456271975
8.610592068339969
4.877154109202523
6.0448490173038065
4.0505880828999805
3.4439525252999768
3.209760078399983
3.48320213779998
2.9411462676999722
4.890960771199981
4.636510618599966
8.177334367405097
6.4269468459999715
3.998112048303805
8.59275389706797
9.325644537271975
9.828111521931984
9.626922991929263
6.370766824303824
2.9766281051999792
3.5334605086999624
5.092854339599975
7.12271511540509
2.944423501599974
1.5090837966999753
4.839981637599979
4.775872567699979
5.837925035101248
7.757293255594867
8.51420761259486
5.485594341999978
6.012733555599981
6.091232340999973
8.4106476928987
8.55772161410126
8.327861585999976
9.484881077727987
2.9522721251999755
3.3191207885999754
3.9041457473999888
2.8057544311999894
4.475965031399982
6.474872126797412
4.434750056506366
3.274313050799971
2.712531144699977
1.7855829757999702
1.830992246999968
3.228895611599971
4.215353114299991
4.877839529399986
7.552197000101264
7.364594236797402
9.199846791067962
9.341418620212133
9.599395753339973
7.066537602202533
2.5757919723999705
1.4154015838999785
2.2503961242999644
5.509246829202536
5.383630914299981
4.20929242859997
3.9360454131999782
2.235937306199976
2.8880194869999687
8.075038206506374
3.859912400799976
3.961986543299978
3.6358242293999816
3.257087667799983
3.41875072479999
5.669847360199986
5.74567104189998
7.699688536101253
8.569713951101262
3.3236755858999665
2.0452864104999686
5.0385587874935736
3.9678716414935673
4.781897051999973
8.75700562727198
2.5065693282999764
2.4580467223999696
5.133030255099981
4.169454811099971
3.6909383513999834
2.7026578872999902
4.081230465699981
4.9454643524050805
8.255853678898692
10.55874942199999
9.521387370203984
8.448822697405104
4.600542597999977
4.053454312099979
4.554817744399971
6.740836343405086
10.001736325070699
9.558851412999985
9.01754233399998
8.962680364999983
8.764181182898705
4.2005736129999836
3.578950497399986
3.732452238499975
4.845081632999976
4.626730013999976
6.925181538399986
6.883616607699978
9.027327558931972
7.223752525303809
7.934621043405093
7.909204754594855
8.670051719696145
5.10623229059998
6.520977613799987
5.4787001616999875
5.237640753199976
7.68856983640509
9.465687855659976
9.52769554292926
7.84091504210126
9.556061816271983
8.631637953202548
6.378363366696139
5.8132169052025295
6.227532173202533
8.001215762303815
10.038716177271983
12.098454275999993
10.042473178070704
11.387471871999985
11.389662382999989
9.811899177717095
7.086528674303798
11.420378176999982
13.333545974999994
6.051298741101245
6.491767800898693
2.9305175017999643
5.2807253386961195
6.059160960405077
7.744673384101257
9.877131521727982
10.218373997353572
11.813018195999993
11.878059345999988
12.760087565999992
12.989330579999995
12.41322551599999
9.615278863659986
9.28210186310128
9.113557891797429
8.114190142797426
8.51082613220255
9.746232498141426
8.94590239879598
11.931121525999986
11.83765650799999
11.144700722999987
11.57896471899999
11.612988231999994
12.356984766999986
6.237079489101248
9.255433668659975
7.3759843184935745
9.029727780135975
9.119629626506391
7.094902247599991
6.779280671699988
8.141827300999985
11.582360595999978
6.571965568493574
9.415077526898713
10.668340209999986
9.040560610999984
10.003466873135993
9.911754338030562
10.685409343999993
12.04646496599999
13.744598838999996
13.06711873899999
13.165642566999992
12.138205391999987
13.16139452699999
12.75252377299999
13.091411808999991
12.429379236999996
10.547057109070696
10.82679582999997
11.42915544099999
12.262035524
13.279976972999993
12.515945562999997
10.459238379999992
11.623396311999992
11.176855527999992
11.471626713999989
10.380012845999994
10.557832389858538
11.647194430999996
12.126724805999993
7.2749402419999685
11.254793378999992
14.249417722999993
13.657263429000002
14.558724158999995
10.589478241999986
11.82663498799999
12.357474906999993
14.240902601999991
14.022813724999999
15.513728792000018
14.935112313999996
15.097848566999993
14.820212829999997
13.826626513999994
13.027481617999982
14.423335627999991
15.238821653999988
15.117476256999991
13.763920391999996
11.74358808699999
13.38504417299999
11.992694264000002
11.609211918999993
12.402202677999986
12.343561292999999
12.048099395999985
13.474848821999997
13.291000997999987
13.861167090000002
12.958364939999989
13.47690032999999
13.955928522999994
11.167485673999993
13.798701410999989
12.647856823999994
12.648524027999997
12.34273819
13.551745785999998
13.780328225999993
13.687284435999988
11.997941242999996
6.718356434599987
7.08929729919999
10.779590308999989
12.119307668999994
11.177908649999988
12.098110767999993
11.832553368999994
12.065727681
13.807666424999997
12.94015149999999
13.63863021999999
14.080272082999995
14.292877323999997
13.895584922999987
13.965680444000006
13.929091874999996
14.608630628999993
12.261810450999986
12.51323302499999
11.319601673999996
12.18279256399999
13.01681417999999
12.585114201
13.320747056999998
11.337904105999998
10.187621268999989
11.253262391999987
12.121857453999993
11.851437337000002
12.739682984999993
13.17543541999999
12.947189582999993
12.41422055399999
12.563595452999998
12.599053000000001
11.517577242999979
13.094841713999987
14.702028951999994
13.605728228999988
14.131404921999994
11.527851233999991
10.788988078
9.112204621898709
6.888628482101251
6.2792948853038135
10.029781263787827
13.295970127999995
13.610645415000002
12.880049099999994
11.726084537999991
12.436058664999992
11.236059855999988
11.399041204999998
8.727015214493587
10.122987730271987
10.58025469799999
11.293729538999994
9.874407490646385
10.389717252999992
8.527644667100002
9.236895153797432
11.663661071999988
12.548048162999997
11.551552529999995
12.128645276999995
13.119258042999991
14.692399733999995
13.275381428999989
11.396275411999998
13.034727646999992
12.08727112599999
12.110639419999996
10.308694188999992
8.738759126303831
11.315212572999986
12.169261486999995
12.160200388999979
12.181762430999987
9.360620455931977
12.89840861099999
10.442685239999989
9.455573229999988
6.676035446199994
8.645277819797434
11.473550107999992
9.939269917311995
9.711123384067989
9.401273080416
12.543702221999993
13.123830813999989
12.672926590999992
9.986657327212136
10.655868224999994
10.645518494999997
11.275270150999983
12.52567483099999
5.984897579999972
9.274537817271979
10.877481527999993
10.97761507899999
12.566981075999998
12.228406280999994
12.132646796999998
13.011603406999997
13.409608719999996
12.199668876999999
11.460162113999992
10.37702027899999
9.737427813795993
10.250455353999993
9.860032194646394
8.717623179594865
6.345420349099992
8.13193353879743
9.995080845717105
11.820478382999994
10.837223089999993
8.244095785493569
11.00789725199999
10.562030742999983
5.867327349898696
5.668382133499982
6.245792861899991
5.102029972799994
3.3141933333999916
5.631548028599982
7.386529496797419
6.285245626797409
6.163486880506366
6.208419811999963
9.362945640717093
5.476742687999965
2.7698770034999645
5.316287368797407
6.980240272499986
9.254579928727978
2.580868269299967
3.270346990999965
6.168178025797392
8.184704301506375
5.370337651101252
8.69020457149359
6.725220104999974
5.143777409399982
6.8324051635999865
6.23505202330381
6.881952987696132
4.80479476779997
4.958613325493562
3.5400943328999874
2.500927618399987
3.3671220015999714
8.1647377274051
4.542494894399977
4.267722553999969
5.549568547099971
6.897152304101252
8.097380635101256
7.671327989202536
9.041409310931984
3.6907265288999964
2.0550413146999835
1.5980556426999857
3.31680453639998
1.5242204146999885
3.0016694686999723
2.5648568236999782
3.82736080779997
5.99563492279741
6.03702047579741
8.329593034271971
8.126695812999973
8.482449887067977
8.016503778101253
8.358024752797416
7.046593447898706
3.1823103774999777
4.214943444799969
7.203476559405101
5.793861213699981
2.2613595305999747
3.969580126999976
6.41354017939999
6.611861137405095
5.667203547699982
3.2126029601999817
3.7802232268999765
3.764071238699973
4.305232627899975
3.481089088399976
3.4506559554999696
1.6244378905999681
1.7705716277999721
4.468934577899978
1.8654345611999665
1.3856001126211832
5.265850357101234
3.8415620392025174
6.974472564696134
8.869452098067985
8.15048381199998
6.801375712594857
5.530322070303803
8.053807849067958
9.061612870863978
5.269642150898689
6.8232827636961355
8.759407707202545
8.610450355659978
2.009577789299985
1.3544527526999923
3.7323863341999757
4.361383526599985
2.7234396148999727
5.185085742199971
8.868020353795984
7.295527815202539
5.908119726594854
6.1917664306961315
3.8584824569999667
6.41822748720253
8.163055578600002
5.52617037509998
5.214848677099981
5.472590354899987
6.023039700299988
5.394051589999982
6.615419428999985
7.060313999898697
8.46735912169615
8.203740991202546
7.335487921101262
8.767249197271976
6.451417948898693
8.400335223271973
8.650854008353573
8.546409013271976
9.665445689271984
6.485528474405099
6.776666345199987
7.057541326898707
5.321905564899985
6.21218682559998
6.627173071303817
9.430650248795981
7.365892810101249
6.653348727405078
3.8726914504999654
10.30303418278781
8.691851179493586
9.010243095405105
7.782993472303818
9.748873094135991
8.650336523405104
10.325770501999985
11.330729619999989
8.135083036797415
8.000779937696144
8.587211816405105
10.692798987999986
10.119139060999991
9.097747422863971
5.794045529202527
4.128266181899976
4.570124859599974
6.190808653303804
8.290297886696145
8.215567039506386
7.367368705696145
8.07758310999999
7.2625577834999895
6.9880909926999895
5.036248812899983
10.016277907999996
11.124533182999988
10.287026018999994
9.632550154070708
10.176719680863991
9.345775602787809
9.93722897313312
11.641654342999999
10.785573667999994
10.822259284999994
11.41321664399999
12.469844983999996
12.541602517999998
12.633221996999998
12.442840926999986
8.584486489931967
6.7340243087974105
6.917822979696127
11.41574182699998
11.542070011999982
6.683313102696113
11.22341709399999
11.160173372999989
9.733286691311996
12.398645499999997
8.21775478813597
9.229753845202556
9.534943048101278
11.309658405999999
8.928353172303833
10.483571859999996
11.5265007
12.682543753
12.010927531000007
10.009003588931995
11.414679017999989
11.310969352999987
7.431360659797405
11.640557615999978
12.335011516999998
10.797780074999991
9.853548666271998
9.37765823679598
11.215879226999991
10.801279693999994
10.164876364070702
9.957921746858549
9.732080281070704
6.828660055493573
7.729443359405095
9.58682140810399
9.942707449212142
9.984322369282864
12.253528461999982
9.039664306727978
6.6294977463038105
9.29397515406797
12.04314173899999
12.558005254999994
12.756041590999985
12.526483085999988
13.47230764599999
14.232747063999994
12.64244220699998
12.75609576299999
12.388201456999987
12.174192664999989
12.446133529999985
13.147379468999988
11.65410998399998
9.252176762271972
6.302493669101248
4.283378298999965
11.134761683999985
11.885031428999996
11.94043357499999
13.233704982
12.42606732799999
11.422263828999997
11.749342008999989
12.211083947999994
13.830707550000003
11.174916128999993
12.389900019999999
13.923394256999998
14.830530068999991
10.039504913212141
14.285947533999991
14.362118427999988
11.033612159999988
13.340705184999988
15.176728258999997
13.922695519999994
14.00031521499999
13.389575068999996
12.427748015999999
11.597364388999992
11.490138714999999
10.190153928999992
11.057904548999995
10.767479331999992
11.789246955999996
9.778647628863993
10.796922632999987
11.422186536999996
9.737042303339992
12.104179290999989
12.476281760999994
13.865638006999998
13.747366360000003
12.777966399999984
11.014750687999978
6.175910131797417
6.581869816594857
9.874762741070708
11.013227685999981
8.86050150907069
8.975001084898711
11.61649173299999
11.978122414999998
7.299565383898687
6.186607923898687
10.400546955931977
9.123455317795973
3.9282787505948416
6.046302188101241
11.034504365999979
14.786661892999993
14.283430747999988
13.505736237999988
11.350214345999994
11.528186382999984
12.82072492199999
11.195296352
12.897465674000001
12.52485999099999
13.362650780999994
13.74770521199999
12.915387322999997
12.605347517
12.521389235999992
12.767013296999993
12.762915864999995
9.941032627931992
10.233303200999998
10.856472785999989
11.806712354
12.231543142999996
12.317552635000002
13.342856180999993
12.734409228999994
11.85419656799999
12.304288218999998
12.14207494999999
8.573368292202554
8.833819209303837
11.217417228999992
12.512379864999996
12.872117034999988
10.496320891999991
10.726089126999998
12.016566536
13.279074975999997
13.53725985399999
12.485808850000002
12.159587830999989
13.051245681999992
14.595700664999994
8.202870284999962
13.713232526999986
12.488676688999986
12.031116272999991
12.866311602999982
11.375991903999992
10.729706586999988
10.003528349212147
10.823914260999986
10.130629453999983
9.624716966135985
6.797203332493564
6.394774316405082
12.00600533599998
12.677356440999988
8.211883369405115
10.517584858999983
6.5543977019999735
7.406578871202551
10.360108654999978
11.414587122999995
10.80452368199998
6.08682287450636
11.869399207999987
11.225261086999984
8.267621081493575
8.750514645271975
9.021170413135975
7.288601603696129
6.891226269493577
6.78642161099998
5.610222669999983
6.71616827849358
6.74754419099999
8.670496821727975
11.108843014999982
10.742999247999984
4.28437197269612
3.200835870399969
2.9677371383999724
1.7887356658999622
2.121142044099981
1.9580864211999727
5.576032273899979
7.085693096898686
8.924958865271973
9.876177511717096
9.013313107203981
7.193239109797416
9.325707183863972
9.103039173898717
11.780123974999986
12.13982201499998
4.24760136259485
3.620229984999968
2.1096127242999665
1.7453447494999703
3.2509507689999677
6.1369205123999855
5.05138061979998
6.111212000999976
5.722341928101253
6.2406813659999685
4.100888551299978
3.739092666599976
4.576870660399986
3.5332708739999883
4.215418312099981
4.754469448898688
6.51506307679741
5.101805194101245
7.022127401696136
8.101134381101257
4.685097653202533
2.502785552999966
4.408227773999965
3.6694905776999707
4.790411804199979
7.01236397859485
4.020646034202531
2.270518583699966
3.688326524399967
6.211315309101251
6.724055828898695
6.305961662303816
5.343547973594849
4.234624281303807
1.591990565499985
1.3593143401999952
3.2593674910999733
2.4915585586999778
2.7534692840999675
4.255498930399966
6.2385383895948445
7.601442094405094
7.773530639594852
7.126786538696129
9.217954722727983
8.538574598795975
7.567883712797411
7.089874349999966
7.566596733101249
7.100485287506377
3.337040652499971
5.675743366999964
7.823193283101257
6.060501917999968
6.59574361420253
7.762509835797415
7.474886799594857
7.965275056506373
5.417875027506368
4.6974312713999735
2.2479868911999765
5.32492125849357
4.698644645699977
2.1983932387999676
2.3396631698999695
2.9852309066999694
4.6194890853999695
4.890549450696128
3.894861479202527
3.723775535594841
1.8053003844999609
12.23360849799998
6.185910273699982
7.371798377999984
7.691155483999974
4.05688808899996
5.270990115405084
3.4692693161012436
6.9560167801012565
7.635243684399986
6.961394557202535
6.784243209797414
8.245431220999986
6.133344802898679
8.968249883999983
8.43009585879742
6.265749314898696
8.085480964696153
9.697633142067982
9.243229428067979
7.921933314493583
6.009221916202536
6.314385987898701
5.411559295696136
5.330432728599976
6.050265066499981
5.311841603099981
3.3386557876999796
4.194709014899979
3.8504738784999866
2.7863381545999766
3.876349241599977
5.153312393199985
5.007888200399978
6.2479699019999835
5.026186132799993
7.856793148797426
6.474417332506375
7.749075149493577
7.068786346405096
9.658072627203978
10.659950982999982
11.089643030999984
10.44549999392925
10.871163860999982
10.836180578999981
9.855088282858535
12.447704482000002
9.685485600303833
9.705761956863977
9.743172738717096
6.137723609898682
10.323345489646375
9.901425723212146
5.94080005799997
3.3780928604050775
6.353520918303805
8.184983627303826
9.122541712999977
6.541662086506358
4.653072788999958
2.667960093699958
6.28751473240509
8.285665406863973
10.094641619931993
10.776967457999996
9.599254957717093
10.486970069999991
3.686605261199975
2.8388409453999635
5.01395302119997
7.76531582793196
6.246124514797401
4.2116682067974
5.01965860289868
6.349622128303798
4.2044181671012275
9.734415318203984
6.408411059594843
7.873617767203967
8.08471845549358
6.927687187202529
6.794395768696131
5.675255340594851
8.192542495687961
7.340427778594858
7.94777539519999
7.098225614898698
6.5367443314051
9.080653208898713
10.432839061999996
10.418177632070698
7.454844026202535
3.877297177099969
6.847538601699985
7.265409826696142
4.692958955399985
4.143618388399985
4.109647219799989
6.141322796599987
7.184751914999987
9.943754719646384
11.888401131999988
11.884305295999992
13.554027495999994
9.535113517858537
9.603962454135988
7.897065164202547
6.479572882099988
6.637215458696141
10.568618033999986
11.322897597999972
11.838774312999986
11.379749637999996
10.997737998999984
11.655725470999974
12.471387705999982
10.43195660564637
5.567057440202534
2.9252106917999647
3.5368630828986767
6.778691868594856
9.286109085103982
10.31495335999998
9.693663609212141
9.193162177999982
9.97224283906799
10.067749430858544
11.06003892099999
13.002749071000002
11.80373351899998
11.091711535999988
12.660735952999985
13.243744072999995
7.410030990594847
5.825032690405091
4.390393722499978
8.479658036797423
8.850830436696144
8.466510526999977
6.5690956161012455
8.007124328594866
8.064392791696148
9.438659864863986
10.218486318999993
10.533847683999996
10.573464254999985
11.68943975999999
10.542474801999992
9.128694303898714
12.273271387999996
12.917271389999998
13.395097011999999
12.298948675999991
5.428959954797409
9.38460570520398
9.77277647233999
11.235552376999994
12.393262398999996
11.06367194399998
11.558757485999992
10.524374990999993
10.79889208199998
8.11352546230382
8.397502300999983
11.162974202999985
12.282136544999993
13.164060125999995
10.951836620999996
13.057286513999998
13.355508045999988
13.745033928999991
14.084260906999996
13.417158686999995
13.630396905999998
13.093806785999984
11.165013558999991
12.120985276999992
12.341143844999994
13.099660804999985
12.156192895999993
12.545027639999997
12.899627012999991
12.454270319999988
11.609900847999981
12.731377321999995
12.93782035399999
12.993890597999988
12.925601441999996
12.087474869000005
11.316158846999993
9.941379585212136
12.082395214999996
12.146319364999986
13.946090212999987
13.285341519
11.359630203
10.939153492999994
11.864477593999997
9.606811787405116
10.127326164135992
9.301837182594873
10.502152154999994
10.273790671999995
10.309781571999997
10.696898556999988
11.645071637999997
10.762089757999993
10.263107742212144
12.962359704999995
11.601685195999984
12.386351912000004
12.161961436
12.730147125
12.381483977999991
12.128215175999994
12.051349219999999
12.667295916999992
13.239010558000006
11.487210821999986
7.517550497405089
9.129489550863983
9.792286103863988
9.284724102863983
9.985221124212154
10.526029468991828
8.236548890696143
8.51729280865997
7.780655322303808
7.176536921696135
10.776261744999987
10.071352766282866
10.01403138285855
11.409304099999998
11.864283471999997
11.950563224999998
11.843591117999992
10.924145330999995
11.306813813999991
11.738869512999994
13.787104767999992
12.98134919099999
12.945880094999998
14.385345022999994
12.257969080999993
12.416890549999998
10.697901639000001
11.326757590999982
10.269514060999981
12.758220829999992
12.800521491999994
13.548539440999996
12.183441802999997
11.021928535000002
12.046604087999986
12.470657515999989
11.017947133999996
10.908224187999986
10.786909397999995
11.706915113999997
12.533757813999996
8.309134242207975
11.356060970999993
9.027010519405112
7.933403752099995
9.155993336506388
7.30696500699999
7.975163145405114
9.128145152303828
10.169292575067992
10.622977865999985
6.9558222289999865
9.345822141999978
8.139167825303819
7.30277028499998
8.616975175506393
9.51239046785854
10.141010159212142
11.428870969999984
10.454683086999983
10.77888222499998
11.087124990999984
10.380775163212139
9.221704235858535
9.569756347787818
8.95864710228285
9.959454118212145
10.040428279070703
7.699687286271964
8.28072047879741
8.270400642271975
3.458263107299969
3.749706889299979
2.859368823199966
4.853091937303803
4.385858959999963
7.2867947754050935
3.760090125999967
2.8195526488999643
9.154159931931968
10.56944034399998
2.598523245199972
5.182919273399977
4.033213534499984
5.370200711101256
5.709216940303814
5.858741241506373
6.456024470499979
4.626141119405081
6.534366026303819
3.1167919143999674
4.421104362499983
4.228482000699979
3.729201058999984
3.0673223403999708
3.4192430098999735
3.2638615935999797
3.9775072402999734
3.644636195399968
3.829080870099972
4.718008369405091
6.036823084999967
4.294829658499971
4.3690381271012395
6.9269684035948496
11.158959290999983
8.60636631320254
7.452180421405091
8.021140898067971
8.158964709506376
8.69043776699998
10.58459102499998
5.74645644989869
3.7525088729999867
2.2677300673999814
2.019390295399982
1.4416833648999898
1.5786843718999797
4.097073020899965
1.950425144999969
4.707309521499969
3.4918218368999696
4.45582380369612
5.468638401797407
4.137758538797402
6.292522965999969
8.516052513067967
8.90090619672798
7.319511903399988
3.3658074172999775
3.120456860399988
6.2638016799999825
6.06685839999998
6.207176911898701
5.6304255813999875
5.060421887199968
5.80753787079741
5.802760343898687
7.923753796405096
7.885198348999976
4.62365071869612
3.940221765099966
6.204309281898696
2.46687733309997
1.6495740981999694
5.42966764069612
7.488772753898702
5.723175027499983
4.624658579999981
5.915993843101245
7.2199691375999855
6.245347787499974
5.951229591405087
6.735644198594847
7.080992327898691
8.205235133405102
9.193041204863983
6.067691514594844
8.577182894931969
7.550594282493569
8.76192121113598
9.090981593203978
5.612499786405083
8.442371891797423
8.481976911898707
8.375284928898706
6.9720913834051
9.581121025070702
7.451775581405103
5.692919164999963
5.784513345303809
7.70995019230382
8.361245301863972
9.801388827659993
8.95778650979598
9.607987097135988
9.416145501795981
8.5946803328987
7.599883630405102
2.1551863479999906
2.4232672423999686
1.8425397963999681
1.5924409011999692
1.763796739199972
2.4778062255999687
4.2354666884999705
2.3609601180999675
2.2431301040999707
2.908653982499957
6.034063798499981
6.201220582594853
8.212481053135969
8.298544404594859
9.511757681212146
8.613596440101274
6.670024282799989
8.348170687931969
5.506580573999966
7.52621748049999
9.08545197433998
7.767089248795973
8.920880076594875
9.788564982717098
5.821960812405093
7.373139802594852
8.356413279795978
9.94399248035359
8.743157289101266
7.58260225679742
6.307152014202534
4.16434564819997
5.032600559999976
6.945835995499982
7.8230748275948585
7.901244116202549
10.388186246999995
9.077631541405106
11.842996686999998
10.54001660899999
8.353414746101258
9.45336558992926
10.841739034999986
3.2264515807973937
6.004954763797409
5.331931257599978
5.796831707799985
7.086389593493581
6.5643152282999875
6.459271350099986
9.280248066687992
10.50536912799999
11.621649640000001
11.900737688999987
9.426851402203972
9.49858760386398
3.833811775199973
5.73023985899997
8.264501585405107
8.007120750399995
9.699005396999983
10.788662385999988
7.36156622010124
4.649351007101235
6.024667045594842
8.855355612202548
10.85243596799998
12.876714046999991
11.35207671399999
10.03428965135358
9.391915986717098
11.820660227999994
11.623347655999986
11.202714536999986
11.895657683999993
11.239404259999976
9.261336076282856
11.418869030999984
11.615886400999987
11.264469323999988
12.270266735999984
11.744012497999995
11.831242455999991
9.120599421795974
9.276499261339987
10.406292866646382
11.135430333999995
6.809599873405085
9.236242300271984
8.934471003696153
9.58695500327199
8.954319584696144
10.677601238999978
13.052076461999988
12.866916002999998
13.583450011999998
12.401628894000003
12.985132932000003
12.755580573999998
12.758313353999993
12.913274914999986
13.134409827999994
12.417846784999993
12.192065925999994
12.373398418
12.106628333999996
11.804879909999997
11.714729498000006
10.219486293
10.290572466999983
12.334550384999993
13.055589789999994
12.767085509999998
12.491440853999999
12.478539582999996
13.209849152000004
13.562935677999992
15.032338094000012
14.89811840499999
13.51537793899999
14.072095858999992
14.101529180999993
13.330408152999992
14.322066163999992
14.17758218099998
12.461961043999993
10.420805494999984
12.85355680399999
11.701184343999998
9.948657145796
9.616118228067991
10.142578858931994
11.766308721999994
13.430062645999996
10.901995687999998
9.828571626203997
11.269558228999994
12.258568998999989
12.646492272999986
13.661168805999996
14.979980350000005
14.575061291999992
13.75346839399999
13.220235958999995
12.865706005999993
11.580499270999995
11.403853139999992
9.543907989493603
9.04141580510127
11.121167768999989
12.955859483
12.092478162999994
12.147911562999992
13.926561098999995
8.5363555923
5.881540138199983
12.747961539999991
13.299017912000002
13.553357361999998
13.396745229999992
11.44630145299999
10.56703376799999
10.002803554991836
10.50145348399999
10.227329945282866
11.746290619999991
12.298684418999995
12.440428905999996
12.622958077999996
12.912020534999996
14.111381527999992
14.309686258
13.837222115999994
11.67372548099999
12.901628950999998
11.093636229999985
11.32973766799999
10.06871613306799
9.768813684101275
8.602413240101273
10.937262531999993
12.780341491999987
13.576002161999998
12.439757685999991
13.492354569999993
10.932795618999995
11.541891364999996
10.250524526999993
11.148692283999992
11.89122873099999
11.850457469
10.842566297999989
10.984037317999993
11.43353270699999
9.032274926863973
9.225689616271978
10.456951751795984
11.775430436999992
12.336637143000003
9.959377290203989
10.665189901999993
11.540349698999991
13.206557491999991
13.463929836999993
12.727497587999995
12.652457592999987
11.957516558999982
10.836681025999983
12.734076464999987
11.106460151999986
11.900357165999992
10.312398556646388
6.533163699299985
7.3828833037999955
8.199432725499992
5.723393945303812
10.008472590728
10.852663163999992
11.569870217999998
9.928981526141436
10.573147953999994
10.228889214997277
10.562280549999993
10.423016337999993
10.399652645999991
9.226860647727984
6.666201061999988
4.5850864547999794
7.452859086594849
12.152322772
9.675062020929264
8.365710531594859
7.624863731405096
6.58602848359486
3.510642808499976
5.88995421450638
5.984408346594853
7.047875888099986
8.295472737101264
3.5251932891999767
7.740578298999986
6.473135949696141
5.869522732499988
5.102484373499988
5.748224072299985
6.332312538099987
6.3049008773999935
5.68955295409999
4.053412319899992
3.576528993199972
4.150799540699978
4.24746207579997
8.451535244863976
6.0206238585948535
5.995355966202539
3.9316943648999745
4.314029414399967
5.217152889999969
4.769532009898693
6.809682566797416
8.05673349459486
8.68455183106798
8.47626322479742
6.263088967898703
7.126403671303805
5.21696055149998
3.1270100844999726
2.8731605712999735
3.104386900299973
3.614294691499974
4.941277824399977
2.8820714995999674
4.324366400101249
4.088623835799967
6.756144561797423
5.352264453099983
3.720634809899975
3.803733378599984
2.9353814803999723
3.029032611099967
1.9290610702999782
1.4178693099999822
3.5826045012999708
3.7799701003999746
1.989951341199973
3.2414883544999715
2.5946452147999786
2.9590910705999742
3.3650860167999626
3.4753288680999748
7.743049421696146
7.3781006179999755
2.091520954899975
2.005175953699986
1.801456547499971
2.290327001999968
4.215240426599969
4.934743583696126
4.131584338405089
4.8766883269999655
5.4467769562025286
7.33087831730381
8.416749525506376
8.89554607833998
7.581501042202536
4.092613064594842
4.966204531898686
7.348899787899988
5.958658863797409
6.215958607506374
7.32450035549357
7.434518975797424
5.977806495699989
4.754586886599993
3.8443443160999915
5.082500520299973
5.6620975554999795
7.101380320696128
3.3108302443999746
1.8620196563999674
3.426502699299969
3.895332662999963
4.790784759499975
5.279949560499975
3.9599532744999753
3.4014716231999707
6.099944601405089
5.7995009597999765
5.507017091405094
3.631970309399976
4.25457966919998
4.09063725739998
4.596267245499975
3.8035195403999675
5.676777381898688
6.1724089416961325
8.264623529101256
2.165301228299969
3.6438453521999654
4.258771794099975
5.220609677099984
9.305761576863983
8.865802561999988
7.556150401299992
7.678703170799995
8.720686636405114
8.560673213202543
5.220570686299979
5.1609480864935735
3.893275436399976
4.005286419699973
4.061523435999971
5.403389453101253
7.651261793493573
6.47821763610125
9.620935287339982
3.182141592399962
3.6177145293999713
7.664998516797408
8.587008077999968
9.61629500893199
8.822642587303822
8.236200836199997
6.404493684405097
2.339954176299968
4.169688124099967
4.605205415299969
2.2754639724999617
1.7423043273999606
5.528226397696121
6.392239193696129
5.988311712599987
4.819407200599976
5.779193234303799
6.24748829799999
7.057650628699983
7.495109381101245
10.054492428717085
10.162378382929242
10.203494933997279
8.974380778659974
10.528379249999993
9.784902711339997
8.985986314271978
9.815533837931973
8.209969982931968
10.74425634599998
9.67543314979598
10.130746128858538
10.784957252999977
10.974226566999988
11.708680265999979
12.159614516999987
12.780524139
11.307659414999994
8.783403268405097
3.625406845099981
5.548105023199982
7.088389253202532
6.393251792898678
5.130107438696119
7.908576464863964
10.307893800282857
10.883069913999982
10.712687789999983
7.661389779696128
9.96006220871709
11.424705388999985
12.533533603999986
11.483923911999973
11.547467652999968
10.435878840717086
7.341914982727961
4.544146079999956
3.4378914245948273
3.7150211059999516
7.562126301594858
7.216905744899992
9.730340891999967
12.54045826299998
3.745126637303802
6.756685232493566
9.385792079141417
8.315876370135967
11.129956537999973
11.494784511999999
10.127340486070704
10.93246831099998
13.39775282399999
13.41847797999999
13.383950532999988
11.599005961999982
10.881776153999992
10.633197495999998
10.906123908999996
12.663224367999991
11.835154088999998
8.228827647271963
3.646071971099973
3.0677411147973985
7.4398319396961305
10.852277579999983
10.257744892929255
8.80304060969614
10.740280085999988
9.78452216628287
11.156709073999991
10.935203182999997
11.093225292999985
14.734113623000002
12.008137658999983
6.41439796599997
5.192536773696128
8.95466731578781
8.315164819303822
10.58134371492925
8.892491419999956
8.156231722999957
4.977664463797405
3.4676722122025185
4.838442083696113
9.658306372070676
13.087629107999984
12.247138294999987
13.116022085999994
13.561642473999992
12.840117510999987
13.395679473999998
12.399921341999988
7.936149487203961
7.756605578727948
10.781956037999988
11.91449546499999
10.053147283999998
10.771536156999995
10.396870484999988
11.987350074999997
13.80768277299999
14.187661887999985
13.50794606899999
12.537185724999985
11.451405810999994
13.01059928299999
12.860509897999982
12.943203293999984
11.553482503999996
9.867066116203995
11.629147407999987
12.621266082999979
14.544025942999983
12.310728064999992
12.087698945999996
12.852267289999993
14.370689019999984
14.28057446299999
11.817999209999982
11.142058697999989
11.747095581000002
11.882741172999982
13.376442661999985
11.32356737199998
10.467173984999992
11.270534827999992
11.181117923999986
10.218120524717108
10.354796425002712
12.777782049999988
11.125111461999996
10.533157076999977
9.24181756740511
11.814216678999978
13.958621163999993
15.477935241999996
15.268220730999985
14.916536521999998
11.295722771999998
13.977169948999995
12.387940551999982
13.435426610999992
9.96246619878782
11.840995217999986
11.95087488999999
13.723523241
13.451352712999991
13.800571407999993
15.785386521999994
15.791980866999996
15.549953133999978
16.479514818999988
14.986314921999988
13.42506511499999
12.745006292999987
11.373418813999992
12.625748800999999
12.594078042999985
13.762693657999984
12.311677677999963
13.042321790999992
15.20372841599999
14.974621792999988
14.916904479999992
16.34257375499999
14.92132032899999
14.14889444599998
13.93605038499998
13.095093866999987
15.386575081999986
13.465452195999996
12.040764805999997
10.630786504999996
10.128547943070705
9.292663627583986
10.768650060999983
11.175594135999994
11.053883695999982
12.96752604399999
13.408744199
15.13321915899999
15.326607575999992
13.003070852999986
14.30333881799999
13.508638782999984
13.68615322299998
12.967202537999981
13.307006334
12.025550960999965
11.943466787999979
12.582251224999986
12.450482299999988
10.69793773799998
10.46540925399998
12.597664940999993
13.541233523999988
12.594704329999997
8.939322430405115
13.351123514999985
13.910213184000005
14.04742476699998
13.528245167999993
15.306043856999993
12.633308700999986
10.180581094282855
5.917408972202521
7.697427989202528
9.522955227787811
11.110220258999984
12.514443936000003
12.933462785000003
10.935746474999993
12.369724721999992
11.69129560399999
12.64405961499999
11.698531386999983
5.748531353797408
6.885132894898697
6.74016653750637
9.047015747070693
7.6370275969999595
10.98711311999998
10.754371096999986
7.011404348797409
10.082766505282851
11.984856095999989
8.173138111898691
3.8602236281999667
5.451655099506365
7.658730851696131
8.648227867070684
4.033721772797403
4.428380667101239
5.927192460594851
5.08383959199997
5.522423683202537
6.498049452202538
6.578925694303819
5.3911334426999895
5.747560067699987
6.204460720799977
8.004204814067966
10.923628080999972
11.152967734999983
3.0944509276961205
4.326352894599969
3.662442344699968
4.070381010399971
4.056454681399971
3.645030410799972
5.423014800999993
3.1048112838999806
5.1975918807973995
6.436689646898689
8.038176890727966
4.485284254506371
2.5471715468999636
2.9187160933999667
3.026609657299967
3.1674479476961195
5.6427527785948515
4.2721560378986885
3.8277063522025205
5.015171827699979
4.013013909899981
3.135108839399978
4.787856755099971
4.344725994899973
7.235081021101248
6.276074475101246
8.73718868099997
2.7978227462999694
8.954851242070687
7.63956295010126
7.380307827797414
8.807551754863972
6.5083258285948435
6.020921681202523
8.44828648679742
2.529087429799968
3.950838865699967
6.051134320101249
8.291820477303819
9.184094338999975
10.321334188858538
10.769787209999986
9.584848168931988
5.706044235199982
7.640623550405097
7.605533306898689
7.388114549303809
9.461519764795987
6.682020300303812
5.822292074594844
6.528936793493576
6.807046838405087
5.960176441999964
7.23333696127196
5.497770243797403
6.478115565506366
8.020886541696141
4.628990904199969
5.635980123898691
5.4831025100999735
3.314626867699973
1.68472112119997
3.408404312099972
7.374324655202541
5.367494401594853
5.982770866405077
7.932073965506374
4.638562606797406
8.860732658405105
7.51436228030382
7.390637422202538
6.960758172594851
7.704728190594849
5.567632716405093
4.69206025089868
7.210593637101243
7.245527505506376
6.706589500405093
3.6565860473999683
2.565150576799966
2.879945954899969
3.1488957305999663
2.405203982499966
3.1029643218999667
1.7960228194999681
2.86724155729996
4.280343890405081
4.8424608977974035
5.344637408405088
9.174910310271976
9.97469474493198
8.664425620999967
6.915571684303817
6.079296423303814
7.867208216898689
6.398382517999961
3.6563584044999615
6.210687676999962
9.199640521202552
6.895032907101262
9.734379807999982
7.601253909303804
8.827610737727971
9.275780163727974
8.672050111271975
10.81138958699998
5.323301362594844
7.419034474202537
7.333962875405105
8.617193980271969
8.995030059863973
7.066277207898695
3.3929064423037976
4.967420629898683
9.06941982413597
8.090190380931965
3.054777397199966
2.018549526999967
2.5100935744999586
4.06352449340508
4.320693069506359
5.484357604999953
7.490099517799996
8.062532153203973
6.842095809899992
6.2143351485999885
7.661325390594846
5.304186532594842
5.430145306405087
3.680995201099968
5.461677171303814
7.831384410101262
10.481467037999975
10.554195931999981
11.033287899999985
7.546415318303811
4.621806422405083
3.5792041901012435
5.577513250696129
6.085126219202526
5.6829241684050915
7.784732575999971
10.544555379999988
10.051341641141418
10.50384386599998
6.907567239405087
7.348329685999969
7.056088584898688
9.499248310931975
8.034996191271969
4.3970352019999535
5.35529995269612
10.482972586067985
10.640841918929253
6.808529254202522
3.7852418807973915
8.926695327863975
11.325258059999982
12.486151961999994
11.442186054999992
9.70828624885854
12.348890315000002
10.877807894999997
11.45424727599998
6.8411268524050985
4.485077754202526
8.534523318353552
11.31147051199999
10.67184663499998
9.44278441172798
8.727395330863972
4.592895297202529
3.6738071456999712
4.735002717599975
2.970313420099968
5.747955531303804
7.922340696696128
8.582183079659966
8.836182626203978
8.953998852659954
4.685062132303793
4.646050653101237
4.100456068405078
9.195246243303835
8.690970648135982
9.952079589858544
13.456368379
13.254153487000005
12.288148189999989
12.991641038999997
12.730613437999995
11.941056759999997
12.620016993999995
11.087987948999984
4.566804106101251
7.933026687727958
10.75770506599999
11.396660496999983
12.220769326999985
13.323365038999995
13.254606522999994
10.669011820999971
6.048116134594851
10.283676440271977
11.134647693999977
11.256654020999985
11.524586636000002
12.287697284000004
11.835992705999985
11.456048671999987
13.481284813999997
10.36429054599999
8.62475742189871
9.600434854067993
9.38937978969615
10.365071680008153
10.227175913999995
12.544684566999988
10.930071393999995
12.124298963999992
12.919803554999982
11.625875364999999
12.335633474999993
11.714398600999989
10.760824048999986
9.23674320830383
9.475904382203993
9.47276424406799
12.000148353999984
10.252369220986397
14.365683014000004
11.51475293599999
13.001735213999991
14.582377511999988
10.328995649787815
5.3401462692025286
11.334288793999976
12.684738915999995
11.779582087999987
10.554438326999986
11.482586985999989
10.858628560999987
11.124709720999986
9.901478880203994
10.781273560999997
10.388236892999991
11.230270402999993
9.437001147506395
9.664389471271992
10.302792173999999
8.828113493303832
10.684840117999999
11.495827271999989
10.169076490863993
9.682274516203988
10.593669703999991
10.090146261727991
12.489529290999988
10.260076652999988
11.239232503999993
12.115615462999996
13.336805964999979
14.076184259000009
13.082922785999987
13.401894687999995
12.867525869999996
12.375575676999995
11.347036213999989
10.643924993999994
9.770883157203988
11.980301537999987
12.739399984999991
12.114067525999996
11.86134749099999
12.787083337
12.668487047999998
11.54817184599999
12.499969283999992
11.951399779999992
11.825044515999995
11.945847629999985
11.072420800999987
9.408543112202555
9.60766029210128
11.993515018999991
10.94068529199999
12.084731878999998
12.873108567999994
12.167581971999994
11.59835726799999
12.013887032999994
11.537745200999995
11.602850293000007
12.599136365999987
13.139133734
12.918103784000003
13.254911408999996
13.606453348999997
12.904551418999999
13.385255428999988
13.35707892599999
12.066748220999985
10.761099405999994
10.601631446999995
11.433708452000005
11.075883741999993
11.208725680999999
11.383599635000001
11.94881381699999
14.349421725
13.148107714999991
13.130353890999988
13.88756977699999
12.315965384999998
12.402386047
11.730436928999998
11.20874464
11.067750176999999
12.00504279199999
12.537299535999992
11.227380146999979
13.656199854999988
11.60247586099998
11.251568969999989
11.823486337
9.150390902696158
9.518286929203988
9.22782662659487
10.654752872999989
10.525715465999987
9.719631266797435
8.833676379405114
8.802598985303828
9.270084695405108
10.197457179212147
8.689940309067978
5.8131691375948495
9.222805628999973
11.599371050999995
12.456943928999987
10.850556916999997
11.612217000999989
10.700764468
6.6654344253999955
6.852398103299993
8.102011834699994
9.618898759353584
8.15202247159486
9.67427959899998
10.080400669999989
7.783995223999977
8.067020396405098
9.304795980863988
10.24762815099999
8.764727397202542
8.008121166999981
7.805007720898698
4.758037460303815
8.404810316353558
7.247160424797427
7.262096810898698
6.225232368506379
7.144529473898688
8.683679351797432
9.040089234931985
6.306299609399986
5.348675959799978
3.8202690642999713
3.4025229613999652
4.891805659499973
6.7276414153999795
5.811139886499979
6.00722169189998
9.038323809863972
7.39014528959484
8.20278487865997
6.8696171279999705
3.154666113299973
3.596471690399968
3.2710079329999724
5.8676043654999885
6.924626882898698
6.182500682101256
5.035572007797404
6.323751795999966
8.120404591405094
9.367513886999978
3.9501751143999653
4.434850494399969
4.93504544069613
5.063628356898693
3.744954649405081
5.632633421303814
5.777595324696138
2.46866092989997
3.271872024499978
2.003375440999968
2.126182777399966
5.628987692303796
4.519078362999979
2.305288911399969
1.9891759108999727
1.3574314640999705
2.29383992309997
2.7650165038999677
3.037772904999961
3.752920399499966
5.962423124696128
7.106673277303814
7.70821059879741
2.8138825469999778
2.6269843383999665
3.7972770019999684
5.339239237999972
4.58229497830381
5.0288356171012465
3.699221519499962
7.0707651764051
7.904209101898703
7.689314849898696
7.666206869493577
7.2855419434051
7.203325033594861
6.305266133101248
5.6355274215948485
5.2107577376999705
5.444323300199976
5.9073649566961315
6.73738348850637
9.231101345863983
8.574957406727975
3.5252846068999686
5.4589152694999745
7.119230441303817
7.8507745621012575
7.343888102696135
8.042026930202535
5.571924392699985
5.165848023999963
8.317300413493584
6.530339250202533
7.2560160186961316
7.006822404499988
6.078296885696139
7.397471411101255
5.287198519899981
6.019152360493577
7.420890850797411
6.727088224797411
2.9531760848999715
6.423066108696131
7.6036286484051026
8.076782484405097
8.453392617863976
6.531927604696129
5.935428056303809
7.257474822999966
8.335936556999986
8.089548593101263
6.948502159101255
6.107186428797418
7.575606565899983
8.18389092249358
8.495276689067973
5.484800485202532
7.421861120599987
7.313254122898691
5.465021246303802
6.877147421303814
7.221949195898693
3.547908946199961
5.171992529303802
7.9507351105063755
4.447921148696119
5.230243373099972
6.873370971696135
10.071213806141422
9.021635438493586
9.857187504717103
2.9786806563999786
3.254981422399968
1.9332647704935595
1.7502118728999654
2.711635028101235
3.762951751696119
3.2075722945999634
5.600662907405078
5.5091394835948435
4.123262835696121
11.478647973999985
9.695094171067977
8.830987786898703
9.360139559931982
8.67113161320255
8.567134574898702
6.323299336202537
8.539752886999985
5.23008800810125
6.646726811202543
9.417117013659984
10.38849896099999
7.874896034199993
11.271026386999988
9.362872570797428
9.716712826659982
10.489161278999992
9.929412277135986
11.889777691999997
11.634213179
10.698298833999994
10.51770463099999
7.686585308797413
8.293613233898702
9.183585775863982
8.416086282303818
8.612448632797424
8.699180262800008
7.522920776399988
9.955763301067995
10.927769727000003
10.393553342999994
10.787364053
10.44957265499999
8.57625477749359
7.172137869299988
7.735265635696138
10.658805773999982
8.49861826313598
5.803163748202515
5.28536185610125
3.6812362534050846
5.199147186303804
6.746186651594845
7.914767533898693
8.757004499797427
10.087090098727982
4.195522055101235
9.232532885687997
11.615788070999981
5.469080425999956
4.622841557303797
4.911515235898683
3.6475484451012314
6.994177809101243
11.96714335499999
11.098066588999986
9.314237292339977
3.604780740399967
8.71862199859486
10.86672663099999
9.853529270931991
9.78315179599998
9.227749272135977
9.986792500212138
4.096352525303804
5.518077601594841
7.171752319303814
8.63030055999998
9.306088957135982
9.060370182863977
5.688239414999954
9.699171993999979
11.023099750999986
9.337040277067976
8.235860346999981
9.236446845999978
11.107778902999991
10.454827711353584
12.387599820999997
12.856558880999984
10.165731571999983
11.234495150999994
10.91709175299999
11.361266162000002
13.13769816099999
13.10218175999999
11.65953392599999
12.710388906999986
10.359333741999984
13.39695436699999
12.951096900999985
12.489906891999992
9.241835354727973
3.9124790145948394
9.61047233586399
11.441743567999987
11.131700225999985
9.22012516020255
10.73532962299999
10.42342277999999
12.371920535000005
10.178689239999988
11.053369819999988
13.357176790999993
12.572352020000002
11.728342223999997
14.267269295999995
13.952654536
12.070503846999994
12.799941527999993
11.365238453999996
10.803809049999996
10.30254100633999
9.911842079135992
10.119736921795994
11.039238793999996
11.667808243999986
10.394498673999987
11.290543265999993
11.880996364999989
11.754866848999999
13.332522803999995
13.595310279999996
11.506391918999997
11.813735628999993
13.456217193999992
10.971080428999999
10.854767096999993
11.371113213999994
10.97499806799999
12.564317548999995
10.992143216999992
12.503614992999989
14.329293606999997
14.918563358999997
14.816525110999995
14.323194382999992
14.167189171999993
12.303147483999993
13.170509530999993
13.582339303999985
13.66172302999999
14.32819766399999
14.881005127999993
14.586771310000007
14.297279722999995
12.755720749999988
12.404845337999987
13.618354321000004
13.778373147999996
10.047557600271992
12.461100324999991
11.792698896999992
11.605986008999988
10.716819918999988
10.026649778795989
10.940822877999988
11.364170899999998
11.000143813999994
11.792547994999998
12.657716569999996
11.059723038999987
9.869198313931996
9.858164283797437
12.356229282999994
11.359827654999995
12.553438784999992
13.071126284999998
11.848632804999998
11.801752395999996
13.22478385
13.412176368999999
12.771745041999981
12.991816982999989
13.689305846999995
13.417001334000002
13.692036603999993
12.295348954999996
14.288571935999997
12.352265087999983
11.064797504999985
11.208191150999985
9.891465174929259
11.926088386999998
12.704448103000002
12.626311628999996
11.251622417000004
11.379292682999987
12.185900864999994
12.503109347999994
10.23568964693199
8.700116293299999
10.166435609282868
10.067197679067997
10.188267086858547
10.438092161999995
10.325877257999998
8.510913252303839
7.885922361799994
7.328376867699996
7.922075180099991
8.512922688303831
8.365203980999983
9.779398229999991
9.331085978787822
8.235741798405106
8.353477870202548
5.935701061999991
8.826370465101267
8.006760464506383
10.338560322717102
9.053921963659976
10.318524793999984
10.833549405999982
7.239933947797404
7.275552862493566
9.674232542271984
8.801852998415992
9.796958560141414
12.157361959999996
10.008926899795984
11.529954911999985
10.678546113999982
10.740533133999993
9.011969277999977
8.92270825972798
7.6986460769999825
6.060863798493582
3.5568692153999732
5.770058024594847
5.182184349101249
8.574543963727969
9.623487727271977
10.672296653999988
11.348983969000013
7.228250720202543
7.529635548405108
6.855408991999977
9.41705359192926
10.332460258353576
10.071720123212145
10.182844581717099
6.972341667202534
3.5043930846961127
8.3180687134051
3.757159338405087
5.496748986797405
1.523416546599961
3.9309617141999675
5.381683831797408
7.259336004594852
6.726873268101252
4.8437323928986835
4.852415130594845
4.471124850499973
5.517123872399974
3.801038859594842
7.098013919101249
6.59919216769613
9.048356561203974
4.760288339199979
2.9822160430999705
3.4405439727999716
6.793444764696129
9.766423318353578
8.997742175203982
9.080678655999987
8.044989454696147
7.351961758405103
7.327996484405098
5.719134831199982
3.3060685531999705
3.282730395499967
2.9458789351999712
6.509659155303815
8.081936236594853
7.151580328405098
2.377558987399978
2.373112354999981
1.597190370199982
3.039859129299988
5.251854992696137
4.576853553797404
6.375910389696133
6.008593176303811
6.941108006303812
2.5723019469999615
2.243365235899977
3.8016620513999624
3.4497340926999662
2.3538274108999673
3.721431832899982
4.164490272499981
4.002748847999976
5.925703004506375
3.965221151696128
4.038224461405087
7.033716719101255
4.08205938569999
1.4866571410999814
2.071381684899975
4.059590870696131
5.730119906594854
3.160778143299972
4.300049870299982
3.890220039399974
5.850864938405092
7.991221919303821
6.950998374898704
5.411960153202537
3.6210360900999774
4.924763594101248
5.783268432594859
3.612204659999986
5.686952340696135
8.730603231797419
7.927592845202534
6.579522416696134
6.383224734506369
3.5757461089999705
2.2903697539999732
3.126204647799974
4.916976744099967
6.854585406506381
7.552921742202532
7.3961534499999795
6.706341003405092
7.402773873898703
3.1176477553999637
7.983350215101262
9.597836257931986
10.729346398999983
10.080343217353589
8.319638207999978
8.981011004594869
5.666182650799981
5.222111392199981
5.205846639999989
7.670632618696139
9.276440856931982
8.522707290594859
6.875024775696126
8.470988711659977
8.109077607696138
7.5755295181012485
5.4729509856961265
4.946320771797414
3.2953719100999654
3.448984936493565
5.737414808696117
10.407358703999986
6.346827287303812
4.565655075101249
4.22277862239997
3.0214824554050783
2.7816543349999607
4.74519799799997
4.08013395540508
2.468200469999961
5.8234645476961235
8.43483231506797
5.684453854405084
2.850126328999959
6.403416827405083
7.369832109101254
7.42691552279742
6.801253297399987
6.529663134799989
8.315872949202546
7.843262351999992
9.291726617405114
10.401444589141425
9.81974448864638
4.741699830594848
3.641256814594832
8.559274346931982
7.128007705696135
6.1748144592025325
6.159021800202529
5.847844839499979
6.421221919299984
6.677450834699988
5.466641490199991
9.118284231727973
7.147305854797412
5.879086167898688
6.580610514799982
6.740427970898696
9.464983798135988
10.785507627999982
11.549744021999995
11.293544491999997
10.164273777858545
10.231091056999988
10.826991897999996
10.965653820999993
8.948163339135984
9.098646452203985
10.723207737999996
11.058546738999999
10.031038056929273
11.670690044999994
9.664037170271973
6.532585130303807
9.016260453863973
11.31757808999999
10.071626092999994
10.648659942999984
11.386811658999996
10.486707497994555
10.30286374064638
7.810167645303807
6.07586299440508
9.106377830659968
8.722832394405103
3.9212613692999683
5.53889575959484
5.610037072797398
2.7889920089999616
1.981561590599961
3.076529438797396
6.391624870303813
3.5703700606961153
3.4390129744935463
2.3878705825948385
4.6493424239999595
9.47514670099998
5.417157681303805
6.427370631399979
7.004804586797412
4.2616874907973905
3.823821879594836
9.07014651789871
7.594271371506382
9.191848448141421
11.853322413999999
11.309734522999992
10.712276070999996
9.866655966135987
9.544865290797429
12.330144463999995
11.940842577999991
12.163977432
8.931798780858522
5.922996400506356
8.011201214727967
11.483779616999993
12.507201726999995
12.389169336999998
12.606806285000008
12.603130420999994
13.422041137999996
12.094222155999978
10.56208764635358
6.06183385620254
4.330830921899978
6.373991232303812
10.937036895999977
9.212545913795985
8.53241494899998
7.804346746797414
8.955899774135982
9.102249177594876
10.110030447271996
10.431425159999986
12.269887278999995
11.938794913999999
13.160818354999996
12.725714046999993
14.192764072
13.401316541999996
12.564979240000005
11.370515987
12.099271692000004
11.087012194999994
11.381334997999984
13.763860825999991
12.545178797999988
12.694368605
13.700336086999993
14.034692273000001
13.000782294999997
13.415476710999995
13.360653013999992
13.176047567999989
12.710451673999994
12.340513086999994
11.506089843999991
12.14733780799999
12.684566259999995
11.99324086
11.683264016999988
11.85503868599999
13.10017330499999
12.99997093799999
11.963812104999997
12.819969488999991
11.625847677999994
13.057472885
12.752121641999992
13.024173227000002
12.767812383999997
11.658858172999997
12.154370548999987
11.51305303299999
13.293816896
11.545493680999998
10.454036274999993
10.487288849999986
10.171486064067988
8.640872840898716
9.216526924101272
9.450720359863986
10.607099923999987
11.312755118999982
12.437742687999995
13.363154069999997
14.059271578999992
11.91052204599999
13.14989743199999
14.39718113299999
13.96771980999999
14.397065684999992
13.522423595999992
10.573856186002718
10.347904067999995
10.955728647999985
11.691227147999992
13.402336499000004
14.176488754000005
12.895597655999987
9.464477571067992
10.452456489999987
11.271046663999991
11.848715052999992
11.977019978
13.392500377999992
12.33773844099999
12.065815677999998
12.423541861
13.188068677999997
14.242923704999995
11.851106649999995
11.717758603999998
11.616963439999985
11.64248150199998
10.815405199999999
10.879527666999996
12.838761217999991
10.176585677010879
9.924873616000003
9.774524935931993
11.916837800999994
12.643027163999996
11.254082015999987
11.381191237999982
11.441808399646392
11.882566572999997
10.838818126999996
11.121557584999987
9.173054260303834
8.195605425999982
10.003343107717113
9.99447542578783
9.742472242795987
8.97096590730383
8.148955993696141
9.653179606594877
10.315322254929262
12.18432003799999
11.629713675
10.547236614999989
11.609854900000006
9.157278053303836
8.515736296101274
9.084985026594877
7.106197663899994
7.037781568900001
6.299660229499997
7.779821285999996
7.9067224547974355
10.288598951787826
11.38466805699999
9.020983229067971
8.09502676527197
5.549757754493568
9.85660737914142
9.019655320795978
11.300617043999987
10.720243857999995
8.947416409203976
9.741479057203978
10.81277881899998
8.56927326506797
10.03961870279599
9.926857577659986
9.478863041795988
8.730734840405098
10.209539663787819
7.313117350797407
3.8045577147974026
6.36560965730382
3.2394341796999635
8.49917249465997
9.422477882271986
8.215482177696135
10.901488794999981
9.797141577067991
4.118245556599973
8.004724623101266
8.966730300931976
9.188607705795976
7.96828570859486
7.103192704797424
4.162108683797408
7.197040908797411
6.333727938797407
4.018067025799978
3.0043541167999797
4.205674346898683
4.656790292405077
5.799780920405086
8.258917161727972
8.82496122286398
8.407792663594865
7.325283554099986
6.847367869594859
7.307468031303813
8.772439242727978
8.724356361271978
6.950169709797419
6.429087602202536
4.691116198699977
7.273692431594863
5.8855316131999835
4.0761889617999785
4.807931095899977
4.956028327899982
5.8312118178986845
5.946627171303802
4.990305622899967
2.9369077147999763
2.579208232099974
2.813444908099972
6.1059292739999735
8.155660572797414
5.5241769286999824
5.5636173278986885
6.908008062699987
7.338833943202537
6.368091584799977
4.855024421699985
4.2399893187999735
5.435366426101245
2.9962124968999757
2.848116409299972
3.593099986299971
3.6867706634999693
7.641253153999974
8.150536875898702
8.045586987303821
3.2851968398999767
4.90829470059485
5.57090569459486
1.978775942999971
4.578102470399973
3.0245346160999773
5.551224015797415
5.280777165199975
4.44962159730381
2.90545746769997
3.52952289429997
1.9486553267999653
2.302036361699973
2.9053124755999744
5.8031822173999865
5.477630035405092
4.313500144999969
6.054836648594854
8.789057815727974
8.582979916405097
5.881781106594857
1.8457021850999706
3.8583542342999673
5.933021664399985
3.588052661099989
3.5551028121999866
5.472598185699988
4.801508094799972
5.735906166099974
6.05137717740509
7.307954559303811
6.766263449101251
7.118533416699985
4.845870017999985
4.947625956699975
5.8582440445063675
4.342768884303807
6.780823425303807
7.215873158303811
9.620733872999987
8.769107943696138
4.516789012099971
8.775435177594861
9.055420111067985
8.174523568696138
8.534051315303818
8.469149732999991
6.250170562696138
3.5438569900999917
4.026476011699973
3.3499961440999653
5.064004479999976
5.3793572433038115
6.822972779799985
6.009171481299989
7.1569446335063756
8.142896501202543
8.92631172793198
8.623395661898702
10.667101952999996
8.966318841594871
8.258295132405104
7.291629608199994
7.144533496099984
9.32207288813598
9.531264030339976
8.726457728727976
9.822662979067976
9.863381745929269
5.4284904251012485
7.142583419797415
3.557774177599968
7.1436012999999665
8.475288931203966
8.554007714863975
7.999218681303815
10.06657329571711
9.072563464271973
9.376464169203977
3.291379861499964
2.861496220405075
3.8518653091012376
9.722525678999986
9.980405874717107
10.410045629929254
6.3038807357973985
9.696501654070671
11.25501162699999
11.900490204999992
9.809189982594877
11.402132996999978
6.108401460299984
3.150885971099964
5.936615292405087
7.600031269863969
9.17169232640511
8.453170979303822
7.487777369696141
9.32582098540511
10.313910801999992
8.85563728330383
11.176363817999999
7.076311074797417
6.189808029202524
3.1666864913999673
5.1420856917974005
8.021154890405096
7.774972926303823
7.704515632599994
8.093873495499997
8.696224259898715
9.917395642070694
11.447057885999985
8.38236198279597
11.459150765999972
11.210789460999992
11.492133600999983
11.815536078999989
5.063758401506362
6.59613237299997
8.536830064271967
11.596607252999991
8.297608253339963
9.374480731207987
11.319219021999986
12.026437273999981
12.04163996099999
10.75515998085853
6.449220907594836
3.5382222136961117
4.5209116637974
9.290846665999965
11.15832946899998
10.229030047999984
9.529050823999997
8.836491715999973
9.823888760271988
8.767169508405113
6.94992130129999
7.7586532836961455
11.721299450999984
10.85888884299999
9.79356047514143
12.132363024999991
12.216039791999988
11.772913305999989
7.994356246898699
10.911072121999984
6.879493199202532
5.844393772898676
10.560031736999983
11.108755773999995
12.573099426
12.434944791999998
12.000054737999994
10.97593445399999
9.296142799415994
8.594616708405104
8.943235662797425
7.977667755101267
10.534102070999987
12.38985829499999
12.271236027999999
10.628874373999986
11.321898082999988
11.999102747999991
7.539141786202538
10.830546508999989
11.635885521999983
12.602788215999995
12.25830017999999
12.019961533
10.657028504999987
11.885877538999997
12.77714139999999
12.346476302999987
6.850343078594846
12.291052190999972
13.290821192999989
13.030791585999996
13.213812510999992
12.173877161999986
13.027943525999985
9.681628549135972
8.875212911999979
9.953409112646389
9.532461045863991
8.872185456863976
7.6606373154051015
9.902818353203992
10.124588230999995
11.130998920999987
10.695179350203984
12.658940018
12.573429300999997
12.689520556999994
11.426061672999996
10.558475079000008
11.259184455999991
11.262368929999994
12.384317206999988
11.259328831
11.070942840999988
9.532816712999992
11.805251342999984
12.83324283099999
11.272161513999995
13.559406014999995
12.474776227000001
14.158801835999999
13.298438437999994
12.675519611999997
12.477274003999993
14.314004744999995
12.361142356999979
11.19691315599999
11.452238495999994
11.823248152
11.202075852999993
13.25297704499999
13.704427994999987
13.650991620999996
13.477667949999999
12.161381428999986
13.032573179999993
12.629438856999998
14.644525051999986
14.458802839999993
10.494425525999981
13.485809444999987
13.174750911999984
14.404297297999985
14.107871871999993
13.56722585099999
15.234810233999994
15.050202703999993
12.956778075999985
12.23205439299999
12.787080289
10.919092099000002
9.667202723795988
10.725684560999985
13.508276502999992
11.40295752999999
12.566333509999989
12.470406395999998
12.44005681799999
12.930839795999987
12.467360109999996
10.230082398999995
11.586877884999994
12.079817070000002
12.703173502
12.799635922000004
12.255633431999991
13.331478786999996
13.084929256999999
13.135630145000002
11.681733391
10.711657677999986
10.335098813989118
8.56726901399999
8.859621777303827
9.962354351863993
11.452230279999986
12.691688741999997
12.083843563999991
12.982331019999988
11.454538871999995
10.762348623999998
8.348126057405114
11.217783777999989
12.278261217999988
10.757312427999999
8.015735287506386
10.011866952646384
12.721490206999995
11.309382814000006
12.663372877999993
12.133406609999989
11.661087356999987
10.704264103999986
11.796834290999994
10.88280483999999
10.712070672999989
11.738729697999995
9.536752896101278
10.971755085999988
12.626547925999995
11.95643903699999
10.347700101999989
13.227399172999988
12.132107847999986
12.464309629999985
8.943269613727987
5.351194274898693
8.603418595931977
9.720886849999973
8.675789935303833
9.88615394589872
10.33036360299999
9.34544506068799
9.60508449233999
9.127982340999987
7.7230699065948585
8.755722483863979
9.534344804282865
9.158353543067982
8.207626652659973
10.511696889999989
7.460234939594863
8.002491715999968
8.194563360594858
9.45372528827198
5.442548771699984
5.778450495898695
4.609144726599981
6.382062739594852
7.535416885405095
8.570359107999982
7.870106033303831
7.011710374499987
8.188867929101251
6.463228231797412
6.838884133898692
6.912918029797413
9.452175538717091
9.012135739070693
10.197927067717101
8.701466030929248
9.249369090203974
9.720241343787817
5.300811944594846
6.910616729696131
6.800748440594858
7.000955035405094
6.931424966405093
8.156967565898691
8.487607379135968
8.949084974795976
8.345618855303815
7.73426994169613
8.346591224696141
7.2664263167974115
6.0230999724935765
6.0148990524050925
7.383767054696142
6.497313682594862
4.846999470499988
5.050228004499975
5.55974503019998
5.121377307099981
4.669580712899977
6.177175758405094
8.672618168727974
8.63870585779742
9.474597813282857
8.702103659101263
7.448216657999984
8.178085777303831
8.558600700405103
6.8604623198986925
6.402785243202537
2.7210080962999816
4.1166922759999816
4.723458668499988
4.910282949797407
9.786166540646386
7.762458108493589
7.515818972797421
7.374893734696136
7.407082430999989
4.528296424899987
5.451351905799976
7.512209037797424
7.37756387630382
6.777676055899984
3.4436006057999915
3.626066902199998
3.563141557299974
5.656004424999972
7.163593298303817
6.483955700699982
8.85517876893198
8.394274615506383
8.921465302999984
7.091185566696138
6.790906974797411
8.066607162339972
7.610582632405098
7.751752572594859
8.905393431067978
7.721742747506367
7.623796197493568
8.507283219898708
8.18869837027197
7.828341418506376
7.837993287696144
6.001853372202538
7.231540553299987
6.527596699493576
7.328061865202529
7.160385911594848
8.260685813898696
8.119580282594857
8.088444615202542
7.516142210405099
3.1162499297999777
4.357604067999977
5.747769467199974
6.202080584696132
4.919284104898688
4.4946421279999695
8.104075193797417
8.848049618659978
9.685948474067983
3.004623207099973
1.9220951278999685
5.59570412450637
8.543860713135972
7.734208180202538
8.747741743339972
9.485629226787811
10.50924547899998
7.826797799696139
3.0000925414999724
6.807139910898688
5.967702745099979
6.442592794799984
10.445680117999988
9.717066946282861
8.937579602067974
8.120394554101265
6.8020868575948485
6.668479898101243
7.913267860271965
10.158964931008159
11.366287296999992
10.068897534141415
8.38626777027197
7.300934948696132
4.729629745506364
2.7846294356999644
4.991361570699969
7.380607954399983
4.989515769999985
6.3973154113999895
7.009935720797422
8.780352188101267
9.221233267202553
9.121552679405113
10.807759801999982
9.899914650000001
10.158357179212151
10.377228620966726
10.66105589399998
11.333681692999999
10.388921972999992
11.583055156999986
10.25174902599999
10.99273474599999
9.358127458202551
9.913348684787824
8.517391297931972
10.015242848141426
9.515164591999987
8.532346610999983
5.639551835599981
9.178788037101272
10.42474620399999
9.06054022220255
10.63092077599999
10.038752172966719
9.947065551858547
11.811724402999992
12.871251117000009
12.930647046999995
12.384125974999998
13.329997379
13.022124358999989
12.527534896999995
10.621217057999985
12.63532286800001
11.719881800999978
12.02877051099998
7.203183151202546
6.126649752799986
5.806101599099993
5.466865255699988
9.584340135135978
10.600928754999995
10.47388830299999
9.952118144141432
10.200845413066558
7.97420951540511
8.867579379303834
10.667827646999998
11.999488663999978
11.162507700999997
9.85219888606798
11.653669880999995
10.248901792929265
10.511319208999995
11.440138067999989
14.246839687999996
13.188427808999991
12.943152782999999
13.573687876999983
13.339282989999996
9.137552702203969
10.20553702092926
13.126697782999985
12.429291132999982
12.05152794199999
10.476349483999988
12.349082032999986
10.932483052070689
9.85701697392925
7.801341360506371
8.817923863202541
7.850853738405088
10.971490522999977
10.966634888999993
10.28768351299999
11.27884418599999
10.856504549999991
11.145619512999986
12.554416791999987
12.840388547999991
14.386026822000003
12.25456201
12.341543279999991
14.125794275999992
10.102023612999979
12.906135180999994
11.975521966999986
12.752496210999992
12.979439310000004
10.31819273213599
12.599161913999996
12.170944025999994
13.54299045599999
12.81179353599999
13.024602477999988
10.357223702999976
9.983355978282837
10.851438645999972
11.390898589999987
10.78325465999999
8.229655166594869
11.105064867999987
13.308093580999985
15.327022258000001
14.76610872199999
12.634785248999988
13.071798200999979
13.30927827799999
13.160065247999984
14.60715380399999
14.360416897999993
14.304175998999995
14.489921493999992
14.18893691299999
14.299103464999995
13.40951707599999
13.886042524999988
13.147507445999988
14.704499799
12.422873559999996
11.007748421999993
10.086995078999994
10.22268254999999
11.652313059999994
10.874539692999992
10.191336125135992
10.489359981991838
9.249021533135982
11.571584931999997
11.993308623999988
13.687110489999997
14.748761313999998
13.416150561999988
14.321926264999991
13.438830761999997
12.073273679999996
13.186975136999994
11.072817396999984
10.317987423999993
12.267519591000005
12.945667502000001
11.578455495999993
14.078211533999996
12.648234720999996
13.411566092999983
13.495717515999987
13.610944608000002
13.29256889499999
13.841039620999993
12.139976121999993
10.749225016999993
11.479962861999994
10.603790770999991
12.89688126799999
13.576663105999993
14.525770542999993
14.123143853999991
13.832628609999999
13.361202503999998
13.179773395999993
12.596642058999993
10.912500548999992
12.281787098999992
11.18367812999999
12.46642225799999
13.931363767999992
13.769555541999992
13.162301754999996
14.276581783999996
12.720500191999996
12.665237290999992
13.037052500999993
14.078698264999995
10.909719439999993
10.653289989999994
10.484925107999986
9.132858782999987
7.82621050869615
9.196885861202558
12.643712101999995
12.700632750999986
12.832950428999995
13.654985361999994
14.066588566999991
12.251877924
13.528152328000008
12.26986951
11.668844149999986
8.874420631405103
11.902037360999982
9.784472364863992
3.967340353405086
10.731116555999987
11.024884531999984
10.57441844199999
8.101719625898694
8.964940174898702
10.238768377999989
11.79155720999999
8.845266178931976
3.8729073836999754
5.212060588099972
7.710542251594869
9.539360148727978
10.024567137067997
9.322612455696152
9.290670535203986
9.396382112101278
8.945643928493592
7.589366136202551
6.9193210463999915
8.207471830696146
8.82134756010127
7.0852591613999945
7.541111239594866
9.078228645203982
5.184973474101247
7.5329391585948535
7.444471714797425
9.176332804929256
9.479945179687988
6.70147307430382
7.605505474898695
7.952541799898709
7.494329763797417
8.405948838797423
8.346305123898713
8.834891989101271
8.888121552999975
10.909429505999986
9.093383720271982
9.29716930527198
7.44861542969614
3.2966401488999746
3.5514634292999694
4.078981686399962
3.8352330474999756
2.650400074799968
2.9056646392999688
4.23812256769997
5.778744332898691
7.719873051506371
6.412381237799982
5.790507833899983
4.125418777499969
5.077336758405087
7.3215801743038025
3.972226730299978
2.5588228316999726
4.630212849399975
5.434675060999975
6.791879293797416
5.9962075851012475
2.6740646300999678
4.617185942099985
4.225138539099971
4.766810147099986
2.6937652114999673
2.8604123107999677
6.329647712696117
4.816758267202526
3.896235606399972
8.861188342303828
8.652816947898703
3.41862880399998
2.995191668699984
2.2313825347999887
3.533891467299991
4.158693380699965
3.833566610699971
2.608732035799966
6.057378454599988
6.295873310899981
4.391514549299984
2.5005943343999815
4.065958282499988
5.194248724405092
6.887240742506371
2.1526067412999716
1.6147732421999674
1.35754496973533
2.8402974425999696
4.558894113202516
4.413812121594852
5.625317892499974
6.351406161506378
6.321087651101256
5.041288406405091
2.81237597809996
6.811688925202538
6.291454400594854
7.948917282101264
6.354938667299994
5.9445180068999885
7.587011082339967
5.485220597797404
7.0941189163038185
6.124749072303803
9.342565710271977
8.012073982202537
7.632041975405092
6.868596562202529
7.4458340514935735
5.926709823599984
5.562791719099976
7.132464178506369
9.066395913795976
8.474396731727975
8.55351670679742
1.8832280852999732
3.918870500199973
5.455820675696136
4.649993203696133
9.489119143795982
7.018278678898699
5.178570948797413
5.59558216859485
3.0589956099999682
3.019475544699971
3.868604016099974
4.425933421299972
3.334081043999981
3.846924323999984
4.379001164199984
4.463666337599976
4.762379313696124
6.777113644405087
7.42446320189869
7.426954359405094
7.712683193999978
5.49703907469613
8.832839767339983
5.152816838099978
2.84070115509997
3.8688886794935597
7.1774822249999755
5.581226689099969
7.926846124303817
8.652987921101262
8.38107536159486
9.264349044863982
8.261404620405102
2.648827818299974
2.1122744323999716
4.083482310506365
7.092839607202536
8.622338784863977
8.443087283303822
8.368766082797421
9.135115693795985
5.822668450898691
6.852021549999978
5.274661766099988
6.544730624399991
4.508310940599975
5.166900444
8.61978380130383
9.417032488999977
10.269299017212141
11.693679200999988
4.70725849610125
1.5450633986999782
2.3046498031999736
3.312143691999959
5.9681492476961315
5.824462680099974
8.031137803727969
7.7279765152025455
9.053850550863979
8.794923620594862
4.070830615202524
4.537098365797406
3.290541166699963
3.9004969315063613
4.411537968405074
5.003063874797403
9.690480592212149
9.252914369135985
7.637597790493583
5.319388616899991
6.281694253499985
6.1780253478986955
6.751912629699979
5.641908769202525
7.7187653045948545
5.80343582310124
6.685486566202521
7.155214955101246
9.240384159931976
10.394103805999988
9.280166558858523
5.992555923506369
9.717832206787826
10.11191886899999
10.19787032478782
10.098841209271994
9.49775292206798
11.62787120699999
10.089327282999989
10.072541526858542
3.8482059112999702
4.168134501594845
6.671421147202541
7.70035944369614
7.563250727797423
8.68194155120255
8.220037617506385
9.651970378067988
10.05636125021214
11.541946741999991
11.178422365999982
7.412213835101239
6.95878962099995
1.8765836547999635
4.7390129822025235
5.750304353303809
7.848008772303826
6.3270670241999865
7.71186466669614
9.861784771787823
10.295369068999994
13.152258249999994
11.098038898999981
12.541103639000006
12.312727231999979
12.197116956999993
11.231971560999996
12.460804229999994
10.266118778999965
10.447178410212128
9.792360920787821
11.728562568999997
12.006029723000001
11.457605811999988
12.774955132999986
12.303301005999996
9.153128030271976
15.31495047899999
13.406866300999988
14.102955756999995
10.87169533828285
12.033535972999994
11.266304719999987
13.016269358999986
11.614277791999989
9.944406755067996
10.888913671999992
12.670614516999995
12.189968026999999
11.262347475999988
12.802707032999985
13.014051914999992
13.493293502999997
11.591635228999985
14.432950409999998
13.713063665999986
14.103429137999997
13.635808840999983
15.524509495999993
12.459031545999995
11.945676652999984
11.108887893999993
10.775462571999993
13.493531229999991
14.647632236999995
15.679773635999997
15.021806139999997
14.038377157999994
13.655419034999996
14.245175499999991
14.444276983999991
14.864933417999993
13.83979758599999
13.020935978999997
11.941726758999993
12.078244254999994
12.354990406999994
14.424398586000002
14.162792496999996
13.99608308399999
12.801105065999986
12.465298655999995
12.5045791
10.711674491999993
9.940114192135997
10.316549417067995
10.958540294999995
12.03851156499999
9.393291319303836
11.249468154999995
9.461489039717105
14.011884263999995
14.653058014000004
13.638054983999979
13.49429061299999
13.647405430999989
13.215171981999996
12.362861556999993
13.383241370999993
11.911090020999989
13.063755976999987
13.78358005699999
13.715149419999992
12.714480103999993
11.692905793999993
10.823961304999997
11.663098049999999
12.707323794999986
12.183768030999989
13.760268722999994
8.828490292271983
9.57770955672799
9.104030207863985
9.81159118799999
8.118544290199997
8.094098902898708
6.2069830153999925
6.888661227399993
8.374698084999968
9.622936668282861
11.131479508999986
11.67667708099999
9.404514016696158
10.30155694699999
8.719636758405109
11.386381359999993
13.096388971999989
11.691917258999993
12.245984842999988
13.298124610999986
13.397153977999995
12.733652838000005
10.81183763599999
12.392582595999997
10.80538564899998
12.220219835999991
10.581391186999989
11.406386750999996
11.340741932999984
13.534592107999995
13.663767192
13.63450913499999
12.32391787899999
10.091669302271995
10.386781415999984
10.657208442999991
10.742927102999996
12.639795687999992
13.608527857999995
12.220156280999992
13.642185797000002
13.061908318999999
11.978903188
11.580151838999988
12.669501478999996
12.663298025999996
12.299492705999992
11.198824682999987
9.589548239070698
8.89232065579743
8.212501003999988
7.568027142303821
9.773774726929261
11.592374968999998
12.581916372999988
12.131931223999985
12.349035943999992
12.475908042999988
9.714026229931992
7.60438435210125
6.763660580405092
9.804480877787817
11.413075359999983
12.733465904000006
8.636704267900004
6.942151927199997
7.560893733199993
10.56258662899998
10.694675751999991
7.580877740506375
8.148583830303817
10.298652160999989
11.552311646999986
4.737344749499974
4.009128185999979
2.4127807082999726
6.977308630405096
3.498505880699978
5.146369801303805
4.868718901101246
4.050816186499969
3.28725855559997
4.144778414899977
2.7482380614999715
2.920098780799967
2.5884990432999664
2.526871415699971
3.399763366699969
6.199514445506371
4.960895262101247
4.993996714797409
5.508620002696131
4.609744680799974
4.03381283569997
4.688585549899971
3.2874960448999695
2.047722550999975
2.247234233099963
4.605967407199973
3.429301513699976
3.9052229033999706
3.6878128737999756
4.575675689699982
4.398459937999991
5.619587689199984
6.759627964797417
8.503249887101257
7.008474171405094
5.392951391594852
2.800748995999965
4.949518637101246
7.33780740969614
5.614893704202536
1.9205862319999676
5.787716561898683
5.076499256898691
5.816798179594848
4.866349171399974
5.204899853499975
4.042008157299973
2.700952403299958
5.741725387594852
7.702786411999977
7.674289291405098
3.7402463317999697
7.007661796594859
8.56855115049358
4.08703333739997
7.109229751594856
9.118168197727986
7.428254879799988
9.437586346271987
11.106195102999987
8.938110557727978
9.47634206227199
8.668114315863976
3.7270928481999754
3.028092587299969
2.8696240630999754
4.045579820299967
6.44721815950638
3.165928538499973
2.3090430465999745
3.3144728469999634
6.022526185599984
6.8221855315948545
9.176660415727977
4.208872442599979
0.8561633655646328
3.363775953699986
4.958758235202534
1.8349628814999694
3.722056277499964
6.838507255594852
6.785176904303812
8.332681425339967
7.0046304336961285
6.7325040114935755
8.392857978863976
8.349876356493587
6.18152984159485
5.733270434594842
6.8595190521012395
7.065894825696129
7.838672477696139
6.0910393508999885
6.28864619749999
8.49066449430382
5.960040302999993
7.843398391696137
7.746603216594865
8.211727889999995
5.818643679799983
5.93177582239998
7.23497828669613
8.518408229101263
6.994392338594845
8.177450094727972
9.337580917271985
9.134094844067976
8.759275569135973
9.505804481646376
10.292273467999982
8.655370342999984
10.038861425858547
9.687028570727982
4.677984449797411
3.161189593499979
7.056376924101251
8.01436705169999
7.652848318499993
7.648160620101254
9.658981668067982
9.679477958696154
9.98869101272799
10.43051029199999
8.490404658493583
8.848606687898707
9.491447326687988
9.625710482797436
10.856483066999987
9.973803741339987
10.916701449999989
8.15245548859486
6.044865824898691
5.760978730797401
6.668553095999968
6.543924739099978
5.766773886099972
5.835660429399987
6.979510508696142
8.172226576202542
9.219922499101273
7.46509144899999
9.483301942271973
8.42789810179743
7.594292948899997
8.825670645101269
10.151723100203986
7.550062766999968
8.860907429659976
10.482928390999993
10.980934556999989
5.295147845506375
5.487912260399968
6.754095350599986
6.824980996699992
6.585283515899987
7.143006887799981
10.636549459999973
11.537033057999983
8.619893061863971
10.345323368858537
6.709077062999962
3.345746722405079
8.42055263513597
10.516204847787815
8.75965847479597
6.734071250898678
4.394007984898674
9.480311166271981
10.307159427999983
10.410621030999986
10.20877184764638
9.174444300858543
9.361393551717091
3.8345623322025153
1.837695745799973
8.530866894659981
8.420004383899993
5.632204988099987
6.189304266399988
9.60550429993199
10.546514219999992
12.034611354000008
10.853837685999988
10.658716314999987
11.396211942999988
12.005453409999983
13.35876733699999
11.852113561999998
10.670653501999999
4.998312496898684
6.4596879272025305
9.482069724999988
9.733595767135984
10.37663089292926
8.77485177913596
8.692967376795963
10.178525978070699
7.531768420405103
9.739987110931985
10.387119213999988
10.794044091999986
11.753186574000003
11.192757033999989
10.460835807999983
11.876303591999987
11.77609282999999
10.277581605646375
8.530708561795974
9.253475241101272
9.713341973931986
10.29635893599999
8.798772294727977
8.142230464135968
9.104651504493589
8.629232136659974
10.126693653929266
8.35335644079597
10.773039734999987
10.852626024999982
11.046875124999982
9.85049254906799
9.743362623727977
11.916753527999981
12.742407625999984
14.345931495999992
13.804660089000004
10.854702349999991
13.473127556999996
9.215245384202554
11.634638744999991
9.307735133415992
10.182126441999992
10.05732695478783
6.826557804898687
9.435466485727977
9.766743995787825
10.019072061141427
10.011297007858547
9.808424739067993
11.29569923699999
12.683998821999998
