13.290007094000002
14.883295868999996
12.602785120999984
10.44591236099728
9.643931211931989
9.451855392353579
10.195107359212148
10.510289029999985
11.147173876999997
11.336763178999993
13.051377837999988
14.897505395999993
15.452589629999991
13.605524337999988
11.829213473999973
13.907684432999993
13.693960636999991
13.837749630999998
12.863521966999988
12.525909603999988
13.826054219000003
10.294438752787817
13.750897659000003
14.223485253999991
14.889025931999996
13.77591317299999
11.970756854
12.91603297599999
11.57958555500001
12.57406601699998
13.326449244999985
13.969842035999994
12.913942301999992
11.276839370999994
9.756176657067993
10.334925586999988
13.263783626999995
12.584166121999992
12.549881618999999
12.693527515999998
13.765622645999994
14.124965099999992
12.85962701999999
13.843561750999992
13.699341019999999
12.26219747899999
11.808201057000002
11.570328402999992
11.711682319999992
11.102606322999987
13.711336645999992
13.67822531299999
13.266101999999991
12.223504839999988
13.387973208999995
12.03955084999999
12.146619007999984
8.795084303203977
11.25370121199997
12.920878724999989
12.763130378999984
12.574077096999998
9.517261846898714
6.985796820099994
7.226074748202539
11.835190000999992
11.315932619
9.110668185405114
13.027449987999988
11.710943279999992
12.328151557999984
13.767985990999993
11.820331916999999
9.844602104141424
10.486221738994555
9.170627679271979
8.828106512339982
10.343269134646386
10.889948591999993
12.429764824999996
13.258085991999993
13.950531013
11.81453393399999
8.838509388696153
8.158220262101269
10.276643532999993
10.294779598999991
12.667956449999988
12.837499365
13.415070943
13.848418744999998
13.225776809999994
14.70429803599999
12.367454810999996
12.29676839099999
11.356942219999997
10.739807474999987
12.212421445000002
10.11102851572799
8.830667045594875
11.111897806999993
9.607565324271995
11.310476551999994
11.967764885999998
10.627309781999994
10.075297117717113
9.96744711771711
6.279583581493577
5.031119647202531
5.8144918059999675
8.43119509420397
9.457737858727985
6.214427389493567
8.987458242863973
10.035914967212141
6.361690502898693
3.5602390441999754
3.15211296229998
5.877388722202531
5.513543119799981
4.609265168799986
7.43267371059486
8.587201718067982
9.71686387928286
9.663624339212136
9.423318234203979
7.319624514797411
2.0698643722999743
3.983337898299966
4.35763250889997
5.534024130199984
7.773342689493565
9.163471116727969
6.18099460450637
5.310418232696132
7.309330099506359
11.12432312599998
8.39901952210397
5.612988981594839
4.62787919920252
7.4799858017877865
5.4465710677974
3.0208444442999665
2.587391116299976
3.3147505263999615
2.144627204899971
3.563919079599971
4.127733497599967
4.1083919539999645
6.674100079299989
4.8348536818999825
5.6395700438999805
4.3977107055999705
3.9976927077999718
6.346204785202531
4.614298162799971
6.493632530202521
6.711697845506369
4.645551052898688
5.819449943493577
2.2633327666999765
2.8904992202999646
2.2392761779999684
2.9228947295999723
3.395567184399961
4.904225137299971
5.632691470303805
2.1542529021999757
2.646041432199968
3.0508664245999606
3.4509734450999665
4.957131042499976
4.671446253999972
3.7113664321999735
4.607248516799971
4.569073158299975
3.0331382522999686
2.432214366099992
2.642057954399969
6.202155635099989
5.858748342899991
6.8362164734050985
6.576219818101253
7.043638787797421
5.230646418797403
7.380494845594844
6.4870717986999855
5.081194000199982
6.232867738303824
5.649621331799973
2.6968333800999815
3.2318533797999813
1.9071835586999824
2.575778012099972
4.008016386405082
3.285292024202521
2.945957014499964
6.11311431269613
3.6979219893999686
4.440295667999969
5.957573001101249
6.047447868303807
7.754652928202533
5.710500935405097
3.5784299651999736
6.078086080898691
5.848110461399977
6.775308500696135
5.603635415594848
6.099556341594857
5.623573924303818
4.9297769210999824
3.8197655288999774
2.7091089812999773
2.9557255401999853
3.142986814899971
4.022263670299976
7.50133521579741
8.847475089999984
7.686734287999979
3.981896748399986
3.867192600999978
4.580935510299976
2.656561698899963
3.697720234699967
2.8937693496961208
3.626556558199981
4.179270431499972
2.7752220168999617
5.288329565399971
6.491548423799983
8.249101780795975
5.208836643999965
7.100317753594841
1.703617318699976
6.359240446506366
5.1703271194050915
2.9187732345999633
2.6512799453999674
2.43498921509996
2.6665737823037983
2.551001998898669
2.7672519896961156
2.6419688735999642
4.146468772898687
3.136757815599966
1.747434374999961
4.645431086696126
5.483858398405084
6.409382539405094
9.086114033493585
10.118491635070706
9.706235356067978
10.004918142787824
9.90934936686399
10.075069644141426
11.521457465999987
9.490871729999983
9.065205236863981
8.800635516271981
8.202769842493574
9.005062724203976
8.831245645067979
8.333610801696143
9.198237405271978
8.332177662696136
6.859561500493583
5.054324504101251
5.883497373999975
5.2949365737974095
8.190174191203962
9.381449211070684
11.412097672999982
6.155146902506368
8.685226924067969
13.032504267999995
11.051637414999982
11.392421187999988
10.616071268999978
11.961120186999993
12.339528261999995
10.3920146560707
11.62163626699999
9.810806404067984
8.624255613795974
8.718037654067972
9.273709490999984
11.322346296999983
12.307621021999992
11.861143003999983
12.390572391999989
10.463686934999988
10.546332621999989
5.929728115797412
5.232582258594843
9.389133094863988
9.487594932717096
6.528635046405082
11.670799160999985
10.621263466999986
3.9663213791012426
4.974778230303797
5.6616479782025255
6.351698196405081
4.7375924895948405
6.911121850594846
7.579498495506373
7.904481951898709
7.226622386202537
10.241074618646385
10.724970661999986
12.713806937999987
12.089092095999991
11.076964185999998
10.536780532999984
10.584867350999998
10.236806223999986
11.280008513999995
11.296530251999993
11.530518740999987
7.968874638271971
10.524976812999974
11.77901447399999
11.175195179999989
12.11951442299999
13.243576156999993
9.835154629646366
11.666005655999975
12.205897281999986
13.215142316999989
10.253993603646366
6.752483991999953
11.372458634999996
8.314356585699992
10.567506920999987
13.200340870999987
13.60959991499999
12.549230338999998
9.173849825999968
11.779166663999991
11.073287168999988
7.9004600417974284
7.8439695374051075
10.193505021787828
11.02036740899999
10.27004973765999
11.51533213499998
13.657211829999993
11.030569301999998
10.727049172999985
10.592038532999993
12.698786618000002
9.556090121506397
8.493641244493583
11.437715050999987
10.807744957986401
8.185099630696133
9.403093528787824
12.960420220999984
11.970790420999979
12.633032874999989
12.538908951999995
13.069820865999993
11.396739818999993
13.051555710000006
14.960705990999998
14.359475356999997
13.711431255999996
13.540657030999988
11.677127428
8.320467637599998
8.8581822144
8.166504806493588
11.753618657999986
12.004928316999987
13.08050121499999
12.110124820999989
13.875895203999987
14.909182964999992
13.722256832999992
13.645990442999999
12.343946360999986
13.376479528999997
11.557187955999995
13.956735413999997
11.977530933999985
12.71924367499999
12.00916273999999
13.325140482000002
13.848959682999993
13.202995720999997
12.805852350999993
12.158500837999997
11.001624941999998
11.84397372599999
10.939600309999998
12.579525231999998
8.974037799101273
9.584042286795995
11.080785833999991
11.838061532999994
12.419910073999992
12.707343415999988
14.168214993000001
14.566227844000002
14.61421783399999
12.502633698
10.74349462899999
8.524511285271972
6.161507653797414
6.5518007751012535
8.171252520863968
9.831620017999988
10.853515288999995
10.791082410999994
11.291875356999986
12.542130636999996
9.00787361910127
12.959764976999992
12.877799215999985
12.359248923999992
13.979525838000002
12.653706731
12.80827454399999
13.785213957000005
13.238978993000003
12.68048552199999
13.065886112999994
13.002611496999993
11.480865575999983
7.397929379299995
8.217247799696155
8.939099011135989
10.632619965010875
11.831373195999992
8.893031048594867
12.855335482999998
11.449879215999998
11.339249830999991
12.217662314999986
10.775884318999994
11.846491979999993
12.145552814999986
13.752248418999999
12.066118628999998
12.138044893999993
12.270004145999996
13.121152332999992
12.871002704999995
12.978676410999988
12.697559845999997
12.346856824999994
13.232233555999986
14.070237632999993
13.245719216999996
12.120124080999997
11.713245026
10.834777311999995
12.292459090999992
12.268258644
12.658106072999994
12.137898755999998
9.650650205999986
9.27457026979743
8.973120129405107
8.958317849696158
6.641347134399994
11.649780343999987
12.061586895999982
12.325502602999984
13.056307581999988
11.678854377999995
9.367165345791987
7.23743838810125
5.978116436799979
6.564542317199984
6.414803488202542
5.968411518899988
6.505442890899984
7.936050627101264
9.895253631727991
8.266374827594865
7.235077632101261
8.766229310727978
9.792026501353586
7.858361904898704
7.752511549405101
7.988135020405095
10.509330781717098
8.750153346203971
6.672835642999973
3.955716456599975
5.60721979520253
7.902228434797409
5.123200334199973
4.920793930099977
5.11385233309998
5.135559345999982
5.17551325839998
5.340646438594846
7.662200733898691
7.429406880202536
5.058723203999971
2.37352952419997
2.70161609339997
2.5535866851999707
2.07728678589997
1.5992806121999759
4.23042537539997
4.085514683499983
2.9637629546999906
1.996811878999991
3.1852749755999854
6.046079963696126
6.333189523303804
8.01074744259485
9.640356758070693
8.864521652135975
4.790262455696118
4.886633230594848
3.1630097991999624
2.4680782241999575
6.961132389797413
8.05720082240509
6.82886027979741
5.913637953202531
8.498947366203975
7.64255487820254
4.644289918499971
4.397292462199967
4.542736750799971
4.506461645499975
3.9057830916999796
4.307709263599974
4.766226246599971
4.366780404696121
5.578977616898691
7.060748609898696
6.874463883999971
6.972493632493579
1.6213802901999705
5.659568064898692
7.53590554659486
6.017188854999981
4.863523022499979
3.1535951751999685
3.057443669099978
4.088139898699977
3.291097006199981
3.552217936699989
1.6208391906999884
2.239895272799977
3.1050928527999644
1.281740278228257
2.5426583785999637
5.392079965202534
2.648449099699972
1.5766335525999724
3.2060052642999737
6.532172996499984
5.5855757384999745
4.961708146699981
4.238031199599975
3.2350150466999885
2.218107405099992
1.3620093459999925
3.020993197599975
3.2151983382999685
4.435022747797404
5.904307351696132
6.024427926594855
5.288049136405092
5.495269059797405
6.173716105696135
9.316659553659958
6.264463871797406
6.47424541020253
4.416526496899973
5.825862229898698
4.078441671799975
5.5791468795999695
5.637795111101247
7.027973068202535
4.318669908101246
2.3452023055999605
2.2363841842999705
7.539575189202534
9.680715252795984
9.26818850572797
9.68088617233998
8.443110923863962
8.96659304199997
6.892133497594855
6.947793504303817
6.598523597696128
5.141104482999967
7.185011239594849
9.214790318203987
4.802847340399967
7.578685087594858
9.298998159863986
5.235736735499976
4.376558013898678
5.833475904797403
8.36484318227197
10.328311837999983
10.279388426141415
4.413628823898686
2.170839541599968
3.340036016799957
3.586010217299968
4.128017797899971
3.4540248734050834
5.217910073898688
9.278632739203976
7.794162493898687
2.699924459799972
4.0683439498999725
8.53016913299998
7.281068986493574
7.84691837010126
7.772533018339967
9.03288229820398
9.258246124203984
10.052290872141429
9.322077650339985
9.38387512979597
7.779254757795966
3.4409372542999686
1.7888768706999638
6.692569406101251
8.961807783659975
10.94919017299999
11.62508420999999
10.023714996203994
9.896268066282861
9.54032238172799
6.956148602303809
7.808094290135967
8.044692867999983
9.835995255999986
5.108273008696117
7.925339475999976
6.896680535898689
8.366517558203972
9.456303955070691
8.351816557303826
10.812607488999976
10.436127976999975
7.685904321303812
3.6673331161012377
2.952733567797402
5.039502038594833
10.957417057999987
12.671221634999986
4.305633442696123
9.066557679696148
10.032208492999988
12.280844355999982
13.183757931999995
12.499960197
9.788642634717094
8.185390113797427
11.882268340999985
13.345146689999986
13.524646750999995
13.050322100999992
14.086536770999999
12.012251381999992
12.951360174999996
12.184242792999997
10.66200437199999
13.030334047999988
11.95887029899998
12.180279118
14.401964402999988
12.98365890699999
14.202527814999995
12.576786161999996
10.002854328931992
7.142675308199993
6.578897836299993
8.209517248493592
9.792133160122246
9.191947874500004
7.772151908898708
7.959001528898702
8.350736231999983
9.693567408858549
10.324389324999995
10.097759739999999
8.997136431931988
11.021956438999986
10.011402140858543
11.16811162999999
13.287067753999988
7.865292665067949
11.233539161999976
12.288733298999983
13.550047870999988
11.768723356999978
11.913259528999992
13.015299563999996
10.81360522499998
13.810741669999985
12.633789313999985
9.415984947141409
9.560349047929249
8.616664208999959
11.862980654999975
9.163547055067982
9.568019988999977
9.64737503506799
11.399380109999992
12.443874582999985
12.726381768999987
13.812905716000003
13.816609223999997
14.214102587999989
13.536367772
14.551289089999997
14.129064593999995
12.193381772999992
12.420599227999984
12.983696338999989
13.589128684999993
11.126283922999997
10.937107880999989
11.691507396999988
11.863539741999999
12.179154694999982
13.25025842099998
14.058277540999983
14.429737973
13.013213025999999
12.497512725999997
12.251667762999997
12.377242063999986
14.058909160999995
14.56046882599999
13.79164649
12.994446756
14.655361240999989
14.202871970999995
13.878892434999988
15.014563982999988
9.941740560931985
10.365130859
11.438181531999989
12.42749572099999
11.874013056999981
12.587513105999989
14.939010599000005
12.837881286999988
7.14112823940509
11.07934571499998
12.747497265999987
12.831750054999993
10.698741038999978
9.896480189646372
13.522354728999995
12.843007209999987
13.766331484999998
14.150811632999996
13.10889276399998
13.777444280999994
14.204556218999986
13.436943871000013
12.656648235999985
14.11561527699999
14.364163270999992
12.739022677999985
13.943398223999996
14.882235179
14.053948510999986
12.17564425199999
9.400572300787816
10.69308104099998
14.160689712999991
13.48755617099999
13.042334350999994
11.197762679999991
10.328591832999994
9.490017419405117
13.439770431999984
11.853667818999991
9.710592642135994
10.208398391795994
11.296422339999994
13.026376993999996
13.742156652999997
15.200853135999996
13.367332429999994
13.188064184999995
12.51192360699999
9.93302756335359
10.881560476999992
12.610767702000004
11.100832071999992
12.032470539999988
12.832135442999988
12.23997309099999
12.217984769000005
12.819003604
13.366085335999998
12.824212705999996
13.608969205999992
11.782774801999992
9.507151773070706
10.415507996997272
11.02734491
8.736870812999994
7.352721911599988
10.912335030999992
10.44745824699999
10.930451185999999
11.927757917999998
11.929260540999993
14.102453673
12.252051610999995
13.610604726999991
14.004691749999989
13.133988289999985
11.77979626899999
12.130564521999988
9.407196144067981
9.965311016863973
8.159741436797415
10.040240266282861
8.60555265959487
12.051243523999988
11.791612707999994
13.770622364999992
12.106412612999991
8.860595957931984
8.08504244079743
8.356879931594866
6.7090382918999865
7.198585894799988
7.075377644303818
8.120768847696137
11.345886109999988
11.342873746999988
11.189715531999994
11.088358877999985
11.159112926999988
12.20792360999999
11.12152613099999
11.245775304999983
10.859294304999992
11.713362698000001
7.718730297899993
9.348253919999978
9.298013983135984
10.616472378999978
12.078293802999996
12.271821699999988
11.909955437999985
11.699691317999987
7.644157530202523
8.707929768415976
10.261767312717105
7.526416216999975
9.054651451070699
7.201995155303812
7.307408795202524
8.039542938202537
5.829757296797412
8.010794653303822
5.828289939898696
5.11875145419998
4.897586024506373
6.330134959405087
5.472495973199977
7.996061056493573
4.571734976202528
4.866390106202523
5.237480093405087
5.774751597594853
4.881772833303806
5.814403802506365
7.373180996696127
9.35440874486398
7.623943391405088
8.879684184303821
9.52946829530383
7.991029042101252
6.599430006399991
4.601143739303802
5.502526039099979
5.531714776599976
6.623419761696135
5.701716633594846
5.201025654599981
4.622217288199982
4.388792251599986
5.340055355799987
4.83675319369998
4.9826072784050845
8.177871534795974
9.011852926727974
9.13058283393198
7.336296124303809
7.984617446898696
9.153847170999974
8.018389822405096
4.565570463599972
4.542494587699973
5.2034175246999705
3.987784576399978
4.612659982299975
4.290494604499975
3.131195820599977
5.073524055499979
5.375232777405096
7.087755470303817
6.758911086999973
7.254676686101243
10.430051718070697
9.855835456858546
9.175831870999986
7.043447369405103
6.516490124493572
6.564934555101257
7.62521597289869
6.763460215797424
4.310909129299976
2.771661103799974
4.369984947199977
5.25560666349998
7.656870402493574
5.483939099101249
2.9561993483999687
2.76374867709997
2.964842887899979
2.5830536986999633
6.13888079829998
2.71057167509997
6.25022693179998
6.220264344797413
8.466130758696142
7.402114857506371
8.80653580013598
6.4601948775948435
7.015215818797409
7.214083109999968
7.050619891405085
4.564601602202523
6.785409153696127
5.754137947101246
6.0023119994935605
7.057403822299989
6.992794006299983
6.333634193405098
6.594742750493576
6.556830543493575
7.034714298999969
7.57388654940509
7.361930209405097
5.79205883179741
4.96050935819997
7.5017864273038155
6.484869653303813
7.457515708898699
6.720334147594856
5.084300775101239
5.495497201493557
7.3735934402025345
8.55331499013598
3.9926695464935666
5.913305371101249
10.127689555282863
7.678625602696143
8.66869694679598
9.473985446135986
10.579811086999992
9.179300349405107
8.928689309696146
9.531971563795993
9.597726245067987
9.763755866999993
8.429758085594859
8.368913386493585
8.50231148379743
8.760576812696158
7.721891897594862
8.13179543610126
8.440672204594861
8.660169949303823
8.312613244727974
3.716879321303796
10.602518181999985
6.683123500101253
9.536042336999982
11.249575086999982
10.688962348999977
10.250339477646381
10.24483300921214
10.774693656999986
9.820576213070703
10.252333915999994
7.889739439399993
6.333120376599996
6.552081489594854
6.9310800034051026
6.968701779202525
10.032528997858547
7.46529454649357
6.838860678101247
9.048445181303824
10.295504478353582
9.758624679717105
8.86773489993198
6.4550997939999615
3.0187474868999584
7.8713154159999625
5.696744496202528
10.173159887787811
11.296081949999987
12.138424201999992
9.793074146999972
8.002721485898707
8.892500265493593
9.496397740135986
9.987522360135996
8.988463561999982
9.32561912379743
9.883944496141428
7.0613280502025315
8.434651524271967
9.891858424282871
10.963380932999986
12.192038936999982
10.58627711021213
4.904796537797407
3.790010240202516
3.8974048264050785
3.2677492142025057
6.299760545303805
9.223686860795972
9.395779885931981
3.749257075499963
1.9840193587973982
2.926073187303803
3.639151328999942
7.588902601594857
6.865498422202511
9.738999639931995
11.443585384999986
11.063984127999985
11.885919355999992
11.082485969999997
10.860400182999996
14.366996666999997
12.253433359999988
11.880982023999993
13.103304603999995
11.899848583999981
10.985125655999983
9.190218218999986
11.26228445999998
10.464617849999991
10.208147248858543
11.297170501999997
12.842977459999993
12.072813477999993
11.647044340999985
6.466608883696133
5.656552970898688
11.644304007999992
10.62067599799998
11.909818911999993
12.690580274999997
4.770719238303814
10.816106055999983
11.915008153999988
11.394301102999984
12.128709368999992
13.390497077999997
14.10709789399999
14.069120712
14.710100542000005
12.45501565099999
12.226732100000005
12.809499895999995
11.985010178
11.647366684999996
10.918265580999993
9.963509231717104
8.32973253020254
10.807326714997272
11.993919459999985
12.957618738999997
12.058100326999996
13.458146779999996
13.531661687000001
13.853820902999997
12.468732447999994
11.093404345999986
13.645328794999992
11.918085436999991
11.704363668999992
12.422608856
13.301415037999996
13.497827405
12.215176058999992
12.034684925999981
11.675891910999994
12.367564168999987
11.71757768999999
10.657223424991841
11.142503177989115
13.1037672
13.295312212999997
13.933038479999984
13.503587990999987
14.05374110599999
13.91602919499999
14.789500162999994
13.282040107999983
10.217436916999985
12.535208921999992
13.225541451999998
14.474354491999996
13.773359668999998
13.242339077999985
9.7375347337171
11.570474047999983
11.371102866999982
11.838976795999992
10.972740215999993
10.569284540999984
12.663830245999995
9.752460800141428
11.388798456999991
10.209007894999994
11.481815812999976
8.829907902493591
11.067586678999989
11.564824614999997
11.751171474
10.23349862813599
11.720590275999992
10.631695133999994
9.459746801797436
11.22913304899999
12.457393517999993
13.178900270000003
12.119844201999998
12.954642484999995
14.022812322999993
12.488102341999983
13.739599799999992
12.603481913999987
13.111787835999985
7.088358343493566
12.447288465999986
11.700671441999988
12.363148322999992
13.742930420000008
10.911788814999992
12.082657793999987
13.469191765999996
12.720773151999998
13.640198232000001
13.644736583999999
12.384964081999989
10.944722428999988
11.405308458999995
9.887937757931988
6.752491636699993
5.9446130813999885
7.759399519299997
5.842785145599988
5.447910563699991
7.3689623137999885
9.203739080797428
10.26228514099999
10.894934778999996
9.994927741999991
7.035561383099989
7.54011534119999
7.722306268303807
11.244625501999993
11.544537031999994
11.753345049000002
11.240524730999988
10.040123832787819
10.042506759727988
6.327033190898691
6.988689993303818
5.909084149202533
4.958881979405092
6.779757842999975
8.817532347101263
8.112950932303823
10.128358950858544
7.831555288696147
8.131471389863968
10.81744240299999
7.292530433696132
10.762301207999984
10.798694774999982
10.603899830999987
7.179396081493576
6.129507179303813
6.967488775594853
6.962275836202533
5.730502944899973
7.053202600101253
9.482706339999977
5.019181167594848
4.923861988797393
8.545903167787802
10.806756255999977
6.789931262202538
3.35322619929997
4.308715275599969
5.45537360079741
3.7047985396999734
3.0145939589999635
5.7921457046999825
8.304005799898698
8.581816943271976
6.11272866519998
6.828399731405087
8.606550324999981
8.850811152727982
8.564975329594864
6.05829721679998
2.8382711959999734
2.799073428299971
4.244835888696129
2.81291985629996
3.6967415496999703
3.4530286269999664
3.8085928801999738
4.025751211499985
2.549976003999972
6.223335255399986
6.6789296538987015
4.814035391202528
3.6380184295999682
2.6930182311999684
3.299581019599964
7.195195494101254
3.435696760599965
7.4275227279999685
4.685195333898689
2.991458196999972
3.9037683120999898
3.993800985699991
3.0359739211999845
4.032330027797401
3.282932792696126
3.6536126677999645
7.40052340999997
10.52521402599998
4.466598800699974
3.2543728240999674
3.579706431599967
9.229767457727979
8.484638034101266
6.970088288899993
5.597631098899976
5.009058270303805
8.235927146931964
5.698794343594853
3.81935306549997
3.4119147796999707
5.9190940246961325
6.875272471594851
5.604943768303797
2.664793775899957
4.428020022599977
3.0130598922999736
2.98484737699997
2.2428340804999767
2.2423406585999768
2.886702331499974
3.097642436199971
3.0089438460999642
4.289630514499967
5.768972909493571
5.669201614405088
7.697787571696148
4.55388655549998
3.4956547133999822
3.7336747100999728
3.563370117199984
3.5995872146999828
4.832170182799979
4.987572192399974
5.628559526101252
5.888023342898687
7.463419369493574
5.938422433506372
2.448359226999975
2.710532394399962
3.465684652699966
5.921064614898689
5.572520576506374
6.285868077101246
5.203616992199971
8.445347882101263
7.502252137797404
7.04188621520254
3.4524884963999676
2.8815867080999715
1.2410356490999737
3.1866052123999626
3.7317604110999665
5.399724673506361
6.84449033810125
9.047383311339972
9.070703930696148
4.675678462199979
3.242800602699967
4.139873019405086
4.16061464689868
4.9055051604935676
2.612400215099959
3.3668931014999637
2.9369490828986766
3.3255391144050725
7.444560948135959
8.416400562999973
7.8895699524050915
9.059470037797436
7.580917376696143
6.082780126999964
5.08326267699998
4.211780410799986
5.271790469405089
6.254898992898681
2.7939173354999616
5.88205140229998
3.730211128199974
4.509019920299979
5.401860513299983
3.4265037261999733
4.896538603199986
8.804358833203976
3.6063945311999746
3.96704563140508
6.434191952493568
6.82082631069613
6.769154161099991
7.1405958495948605
7.181329235797416
6.977123593101252
5.2484835602025335
4.546515566999962
7.918710505696132
7.197035966506374
3.893680236799964
3.15473407749996
3.983610781898683
6.936142678797396
4.867092347696127
5.00568898930381
4.299958143594839
7.334592217999969
7.274115252696129
6.629217001303807
6.601871028101238
11.33875737799998
10.740999877999988
8.630866415271978
7.974929023696133
7.045934239202524
4.535352693202518
4.013987019303795
7.910583322067965
4.067769941696113
11.130364428999984
9.440751396135987
9.452677015795988
5.871370124797407
5.624060501101249
7.645805425999988
8.08717580259486
8.819130071999995
9.773166783067992
8.910427012594875
11.035174112999982
10.35280166014142
3.499571440099963
5.527213275101252
6.263197349493566
8.011213767999989
10.868441377000002
10.515205526999999
11.368237639999982
10.972413759999982
12.773379184999992
12.709003182999995
12.865488811999994
13.422600292999993
12.068713827999991
5.866931848101246
8.565391484067973
9.966854893353581
10.078467739929266
9.727367156999977
5.813459298696125
7.3273275602719545
8.861561732506388
8.251422442594865
10.19252471171711
9.449062049931971
6.481708157203952
9.00130893099998
11.231228304999993
12.80735570799999
13.131145032
10.217135533070698
11.089779392999985
11.039651299999994
9.223176988135991
9.580678346203984
11.83148796199999
10.247672141999994
9.22279073627198
9.959494377070696
9.549799456797436
8.712011917101265
9.411690437212137
11.046715529999991
10.143374893141429
11.798051093999991
12.793501366999983
8.393545454271967
6.393625448594844
6.472167622405079
9.067772611999988
9.745474757271994
12.144059658999995
12.341459603999992
11.922232013999993
10.731237180999985
9.300572560067975
12.142323717999993
13.361413419999991
13.608227792
12.755276240999995
12.197270411999991
11.58882358599999
11.244178299999996
12.056235915000002
12.395181722999999
12.697172229000001
14.619361794999998
13.048007454999993
14.802402755999989
13.074116530999985
12.036158181999992
13.726862366999997
11.092285068999987
12.945652002999996
13.254963123999984
13.86590798799999
13.184389763999993
14.500862307999986
12.168689177999994
7.46595791630381
11.220481368999991
11.889814599999994
10.870033002
10.568482219999998
10.324690630999998
10.188920254646389
11.412370630999987
10.658637618999993
11.505448592999995
12.982007256
12.323657132999987
12.550584542999985
11.535667335999984
11.627163669999977
13.157235017
9.861366920353577
11.323743711999988
11.450246866999995
10.780437041999983
9.61505041365999
10.924106550999992
11.287992078999991
10.308352225999995
10.82572840099999
9.027491488594874
8.067677738999993
8.763157614101273
10.55344371299998
11.244822432000001
9.014476975999996
12.535708513999992
11.418461318999999
10.565199499999993
14.481550928999999
14.809592490999997
14.46050097699999
13.675339110999994
14.212026655999995
12.625129369999986
12.557720751999993
10.564424460999987
6.175068864399988
11.493369738999991
12.965167472999994
12.857250382999993
14.390178722999993
10.108168859929268
11.661660008
11.061976917999992
11.28487506
11.945860543999995
13.025962755999991
11.526927041999993
13.39425726799999
13.243973208999995
14.092484014999998
13.179482201999999
13.406380617999996
8.556194212303826
10.330419005005435
8.50070585479743
8.579202871699996
10.45406957899999
11.31843682599998
11.257538364999998
8.315849087646352
11.832346634999984
12.195745614999991
8.151715391493585
7.091371693405099
8.613552445999984
8.899564591999992
9.773152554212146
11.938932702999985
12.295223607999988
11.645751392999985
12.60895296799999
13.74514885299999
11.797223971999992
12.285893084999984
12.004213341999991
12.23409973599999
11.522635222999995
7.769984815999973
10.006312829727992
8.944680244405106
9.39543568413599
8.678889547795977
11.122863785999996
8.971398249799996
9.850896507203995
12.485047240999988
11.865219768999994
11.923341555999988
11.765103763999987
11.070209984999986
11.160956882999985
10.851346683999989
10.367168035929266
9.366367724594872
7.03524767299999
4.357821903999986
4.703136523399985
5.150530276499976
7.103218899493569
10.375727345212143
10.183877841141419
5.921129273999977
6.260231750506364
7.941306051594866
8.789138403303827
8.331549963405102
6.6750928574050965
4.969431951899969
7.544279507405094
8.94596122120398
9.130547590583982
7.611485850493583
8.128574652101255
8.966730024795972
8.282709593202535
7.499440942405097
7.855191387898683
9.399899696282853
8.423806671101252
9.366172775212137
9.688455955646386
7.254134805303814
4.513506867999962
5.3054654571999755
3.260324996899967
3.495296441699962
5.871439343299985
4.90915921169999
7.251672404506373
7.331400999506364
6.41551138459485
7.6440324982025345
8.116577696135973
4.530412383999966
6.576198298594841
9.268541003271975
11.31899170699998
6.378344677696137
2.618529788199966
2.496779560899967
2.0742708938999734
1.923124771099977
1.5508700393999766
2.2347448470999756
3.4929586104999846
4.060178666699975
5.7667966186961355
2.0278580077999675
3.038156683299969
2.4821676879999717
4.201832272299967
3.4914485732999765
5.529242323303813
3.627354704303799
2.3717385192999805
3.2572228713999634
1.5449067138999748
4.2168276732999725
5.970591961696136
3.8282194457999683
4.2975866271999665
5.155528398099978
5.658955644202528
6.901606425506366
1.7531486922999704
2.493900187699974
2.9430607940999685
1.8286241149999667
1.617998277299965
3.53486640169996
2.622653964199965
3.7061565978999695
3.4776412536999763
3.0020231154999695
1.2435491038211868
2.5240918487999577
4.452371902499976
3.5436452834999748
4.800335992399977
4.381684149199972
5.08463304899997
7.964604371594856
8.409993968135968
7.989880299405098
6.364383789101244
8.015404431135966
6.838688073696136
6.748655038499981
6.134178478999969
7.5666470809999655
3.0567854018999867
2.3155963073999675
2.2601424590999617
6.645547604405093
6.364197656202529
10.172542303353579
9.555112661795986
6.811563374303823
6.9192204575063805
6.322420768696135
6.101356022594853
6.387139044202528
3.837073670999972
5.340776870699976
4.871529132101249
3.5073506087973985
10.269267631659984
8.219047744797416
8.448347386135977
2.221571710199964
5.59731995240509
4.277288503999973
3.764019102499974
5.0033461745948475
6.460452221696137
3.6175878859999635
1.6984079833999708
1.9031260039999678
1.719337637299967
1.3205756693858242
1.6164919704282514
2.788437884499972
1.9626387542999708
2.0600144347999665
1.2520247881928934
3.544917546099972
3.103439126599971
4.314299079899974
5.221076367199987
4.88708556210125
4.449777841202527
4.777767326405081
8.213607018999966
9.194282635353568
5.41525993189998
3.1603681060999693
1.5778321608999741
1.7615811477999657
1.5916467833999637
3.002634300202506
4.064916570999953
6.509924655202522
9.694746791067972
9.083538922070684
7.970629083203969
9.854967982353571
8.869607621797426
6.465239146399996
8.691474085999968
8.699181344727966
10.926820597999983
7.082768757594846
5.587329269405085
3.136031686405082
4.761352773999952
7.737413461303813
10.914368319999985
10.495334344353576
9.868855158999978
11.657116732999983
12.414626682999986
12.643305939999985
10.442962029999979
7.270921844506371
7.029959381101245
7.361055631999985
4.50385007169997
6.625020896898695
7.740019000135953
6.571584449797418
8.340600758271972
5.854908798202515
2.2374875214050776
3.7149202042025076
4.736566772506358
5.79732555999995
8.449239280795968
9.796877073787812
10.825154720999997
11.976350275999991
11.615081399999978
13.10674361599999
9.94334666735359
11.077864785999974
13.123115519999992
12.080656344999976
11.179741050999972
12.459402031999975
8.43564259933997
9.089756562863982
7.114398280303815
6.523241259799989
6.643162310799989
9.261069262696155
9.022079190101271
8.339584428405104
11.18705481699998
10.640136307999978
10.857913555999977
7.696596704067958
4.558026606797403
7.382364163135969
8.599096813999964
11.276421471999996
9.410942980999979
10.659547204999987
10.76424038099999
12.642658028999993
14.662269112999981
14.58072548199999
13.457430965999992
12.118852147000004
11.416902811999986
14.01754914699999
14.344021710000002
12.231296987999979
11.965612430999998
13.823973250999991
13.227097807
12.88306922099998
14.854045839999992
15.534869980000002
15.20856817799999
13.447841175999992
12.564175196999976
12.28412440199999
12.82270239399999
12.176047230999977
10.279377752787811
8.685343191659976
11.047258169999987
12.692314399999987
13.179310308999991
7.302916412405087
7.6665274947974105
10.898153580999994
8.633835867303837
7.958923524499993
10.557045119999986
10.919790044999996
11.553179860999993
14.655636092999995
15.215093837
13.941850678999991
12.720972307999975
13.091881454000005
13.681563324
13.601653154000005
14.166056464
13.06364256099999
13.125582747999994
14.176945670999986
11.496344047999983
13.914192426999987
13.659738952999993
12.463351589999988
14.59826210199999
14.559240432999994
11.256607816999995
10.437809084999989
12.054613152999977
13.484592173999987
15.104249700999997
15.251419359999996
13.88507071699999
13.190276835999994
13.59819483
15.397733079999998
15.229233365000006
13.245153792999997
12.789120237999997
14.065301772999998
13.945927784999991
13.23306356699999
14.112833118999985
12.885182033999996
11.911476523999992
12.60952617499999
13.673918805999998
13.031824709999997
14.613632316999992
12.897322419999991
14.218398050000006
13.963795182999998
13.562930668999995
14.37856175999999
14.347618198999985
15.09153230299999
16.146680684999996
14.853149087999988
12.848814368999978
13.326349279999977
14.526020119999988
12.108968209999988
11.252113364999975
12.245667634999986
11.137786942999986
10.68153950199998
12.610626800999988
15.681113824000008
14.792708143999999
14.000728762999987
15.55610831799999
14.958871451999988
15.969130240999986
13.908768726999995
13.224424296999993
13.29270023
12.169268468999991
14.879803156999987
15.072354188999988
13.983970131999978
14.874258707999989
15.347047994999993
14.512564545999982
12.671751984999991
13.440418854999985
12.648321700999986
10.89082391999999
9.271660815271982
8.665478959696145
8.826073329202544
7.850244959999993
11.321626323999991
13.562022127999983
12.444121552999972
9.917150961212132
12.013364214999994
12.369332148999984
11.801280329999996
11.512833417999992
9.542528105141425
11.104473208999996
12.832949431999987
11.349411420999973
11.568796978999995
12.117607999
12.737497228999995
12.193913122999994
12.104810973000003
12.16903889199999
11.844006222999994
11.633087583999984
10.818031623999989
7.769772891202535
8.859742738203975
9.53652246235357
10.852144752999985
11.880448925999987
12.091628853999993
11.800214559999995
12.836994827000007
10.852795683099847
9.152627079797437
8.419917831271972
9.330479728787813
8.88326106713597
9.24677886972798
9.459443124271978
10.97029729599999
10.015417199795985
12.391976249999981
13.320220656999998
12.718288530999992
12.106675470999997
10.574424259999983
11.137071262999978
8.115849659696128
8.108437451135956
4.065082968101235
6.230409223898684
8.26273469393197
9.556906460727985
12.407694274999985
11.975263845999985
4.8552086486999775
3.949967324799975
5.291764012101247
5.057068476898693
3.476804664594834
6.548388407898678
5.971529334999969
5.802329095506374
2.04597363279997
4.094716583299967
5.545902003506368
7.2825506926961205
7.546297749303802
9.818781272929252
9.67666143028285
5.491006896999976
5.359432438696123
5.241106259202523
8.270707244931966
9.121458120795973
7.673094270303806
5.842893519594854
4.5196410522025205
9.285893083141406
12.170171560999975
12.861872526999987
12.448324335999981
10.164546371353568
8.665555818141408
9.186287498339977
3.9781971282999695
7.097471441696133
7.653945803797406
10.750150799999979
10.709451513999985
8.07815020749357
7.234482743797406
7.458977879303812
5.151480306999974
5.2391928847999845
5.82005878749998
5.8577504287974085
6.776236180101247
4.328557978797401
6.9537953719999654
6.657585295101246
7.19836808620253
7.767470120202526
7.135698408493569
9.236052549795978
9.686434454212138
8.846305017101265
5.229194345099971
6.423024597202531
5.3911395461999865
6.016089315797407
7.930677105696142
7.994123597696137
8.259589549203973
4.902889961202515
7.900858914202537
5.952333866898682
6.412162849399983
6.359331735199987
5.55172904049998
3.6963059356999697
1.9512090941999685
5.196717243999965
5.03186254879997
5.6585325821012535
1.5183182525999814
2.0823454436999635
3.4496008681999717
2.7122756072999663
3.528300123599968
5.581755958594846
9.773703874135991
2.2188914763999774
1.727155981399975
2.798332755999969
2.5287762588999736
2.634173170499963
4.184340013099965
3.464870146202513
5.166696714797398
8.294315692101259
6.456498910493575
5.650312173506372
8.344817840727973
4.819872346506363
4.289527513101244
3.6122140563999676
5.877547328202529
8.083350561493576
3.0997426925999734
3.215365829499989
2.316458006299989
2.366271835299984
3.3069509108999795
4.6227732436999736
6.4826607132025345
6.877571847493571
2.8962539458999665
8.332386874271974
6.657112484696142
6.983366931199989
6.04213136599997
5.1618424561012475
4.706599409499973
5.535217156999973
7.087845724506378
7.07302066959486
6.633587022405088
5.7858756499999675
6.650803610202534
7.731818775898698
6.961592488101252
7.014003219594863
6.468466320797416
5.953123239101249
8.150000865135969
9.433556529141413
10.708192013999987
10.964378461999987
9.738268762141416
10.148830439858541
10.64530582099998
8.79313985293198
6.097627995303809
5.9681792693999975
6.012681312599977
6.001704486101245
8.116943504203974
9.134788687067973
1.8293902923999772
2.409323164399953
5.059116017199979
4.8753562209999926
4.424560060099983
3.8756669326999873
5.119100840799985
6.073121362303809
8.117934040863979
7.866406249999974
7.191559590101249
7.824048182696135
8.877635746863968
6.218989398202515
4.0422801651012294
3.439103375202504
4.690037722797387
7.24315833727195
8.921078320203954
10.915067673999973
7.407628782696137
3.6583700896999685
6.706294587696128
8.470791308727966
7.777303291203965
10.485846285999987
11.290590207999983
10.463093253999983
10.543986797999981
11.636448421999994
9.610859803858544
7.456826843303806
9.872792437795983
12.086568075999994
11.552660212999992
10.6389404860707
11.47943656799999
11.109104966999986
11.413138518999986
6.596495248405087
5.5494753464050905
3.618875363202521
7.755180487101256
9.248283666999987
9.056869386203967
8.42678257899996
5.892970248405073
9.807400894135979
11.700255214999988
9.928111823999973
7.78549170679741
5.9674897567974
2.8244525039999453
2.6436324157999636
7.731729194594865
8.40572312613597
6.8481361052039516
9.532853367727991
11.175539797999994
8.62960009920255
11.004799782999982
10.129130665717105
8.181931703202542
8.337425591999976
3.5707543731999607
2.4749511458999582
4.031579605101233
2.820046826202508
6.96773596799996
5.333089019797389
10.85922998699998
8.832767150931971
10.335092344999984
10.126520211999996
9.599383480863985
10.030591395727994
11.409759264999991
12.969592766999996
11.972130086999995
11.828745145000001
7.809149481202543
7.344914575202538
10.54515539599998
10.839848389999991
12.740612911999978
13.507073108999991
13.799798030000018
13.607942661
13.244040601000002
14.740194254999999
14.595841531
13.956785625999991
8.436551884506377
10.97336084399998
11.244523463
10.37289797086688
10.76463049306657
10.761019161999993
10.86594850599999
12.954862156999994
11.538298336999985
11.980649335000004
12.540147424
12.582276111999995
13.862652099999995
14.335828159
14.184316103999993
14.058931527999999
14.368628913999993
14.770625769000006
12.768451951999998
10.127153849863987
9.877152699212138
9.318203169212136
10.662419886999984
11.55488956899999
10.601495858999995
11.525112765999987
12.706625379999997
13.308224728000004
13.341180161999995
14.85773695699999
14.095909557999992
12.859793406999993
10.494724994999991
12.058013559999996
13.154607239999999
12.30065732399999
12.542606352000002
9.658964092999991
12.236101293999987
11.842911446999997
13.666644762999992
12.552921119999985
12.187548751999989
11.557508516999995
9.450888981727985
12.51417410099999
10.903252527999983
11.895600229999994
12.664920707999995
10.945398842999998
11.873769256999996
13.428543585
13.219694068999992
14.652623028999997
13.652119140999991
13.576193445999992
13.537119022
14.168049637999996
14.668494761999991
13.806913556999993
6.53965737759485
11.946134343999995
12.902776687999987
12.832543667999989
13.202301079000003
12.931040756
14.498322739999994
13.951201864999991
12.578991945999986
12.33401968699999
12.849458974999989
12.75274912
14.530654224
13.435566399999995
13.55330469199999
13.220930640999994
13.687458849999992
12.870780988999996
12.090289834999995
9.898674264646386
10.588758249999996
12.777632926999992
13.024539106999995
12.543171721999995
12.127187555999987
12.921577143999992
12.413568667999993
10.754121436999988
11.675673081999994
11.870103029999994
11.558695754999995
11.59231551099999
11.579989013999997
11.489366487
11.224634996
12.920423066999986
13.036312681999991
12.406101462999995
11.520312925999999
9.897054768282867
9.183450762931987
7.507478572099992
11.284217618999996
13.499802117999995
14.391470940999998
13.950600570999983
12.581800855999989
10.415300309858537
11.27908406199999
12.766324254999999
10.923465081999993
10.214814231931992
11.18724785799999
10.842330332999987
11.550496377999995
10.63066095599999
10.20086106407071
10.965406971999988
10.543611374002708
8.320357543898703
5.231235183696131
8.669318122931974
8.6995879333
10.08176766814143
9.890500265646379
10.156249035717108
9.805680355858541
9.207819979931983
7.768787255898703
8.830544576999989
6.865542594899985
9.272176599070688
10.159827561999988
9.54175902264638
8.255278393594859
8.547437878271973
3.8325956115999644
5.546933752405096
8.86261852272797
10.660081678999983
11.285889660999986
9.957252976999996
7.477506349199992
5.386005516099992
8.167565490696148
9.27895692427198
7.1894515991012495
10.447010119717104
9.487649887067972
3.990114219699974
3.7218287520999698
4.002209779399966
4.804120973199973
4.969825425696123
5.541268908696123
3.6229553130999665
3.081709768699969
3.5679929198986837
7.210001586898682
10.055371939070696
10.412998303141421
9.936962757929255
8.79670116879743
8.23978253013597
7.3937734527974275
5.313837577799988
4.82897045289999
3.8741269774999827
5.487236614999986
4.935168670696121
5.514604040493571
7.714991079696125
9.059046563795976
9.09105358113598
3.345580573999978
4.443890202299973
1.6698711699999715
1.5864424575999676
3.964675463899969
3.440161930799971
3.524826486199972
6.25389709469999
6.8594771377974135
4.408450971999968
6.562757588202533
6.821034944202529
7.545222718797414
8.550296758999965
8.895264587271969
8.974705773931964
8.886173565696152
7.43102917330381
4.470843299899972
3.6101939971999633
3.8495417144999733
5.019618925506366
5.895266641202532
4.683535790999972
5.381851206999971
8.196098646493574
9.74917952278782
10.706379018999987
9.53234659113598
9.535686054999978
9.079223977795984
5.997502894599989
6.943014337202535
4.165541558799971
6.37872589569998
4.884719523599971
4.437988539101247
6.004229717999971
6.305084324594853
7.488960629203965
4.412523786898687
4.838650070202532
2.9765825911999655
6.805844703696139
6.631272758506371
6.63788210450637
6.538670350594859
5.491897372399972
6.205095538303811
4.299758319101242
8.024224626202539
4.7486546767999736
3.5827534469999676
1.780233196999969
3.102064382899959
4.016546777303807
3.2665834136999714
2.461104664599971
3.9691385483037993
7.043164570594854
10.575797753929256
8.789047630303825
7.892343946797411
8.114146307405095
9.016687824999996
5.342208671599984
3.386605293299986
6.128537087999968
7.200760673493564
6.996968412797413
7.5081714339999674
7.184595608493565
8.041713745101257
5.457845941202524
5.198652055405076
9.88830654433998
9.800649565067975
2.9791648818999574
5.165431515493568
8.382669467135972
9.11917189627197
6.761161047405086
6.183956805405079
7.131439645405087
7.25604358059485
7.409195503202537
7.803487046797415
4.438623677099985
4.683024493399992
5.395470930506364
7.048887441999974
7.9774390777974125
7.995109022493579
6.232819299303806
4.336101647898673
4.744921279898677
2.3218694564999685
8.716307430999976
5.966181817599993
7.601723059099985
9.509415435863987
9.135520848067983
7.164602352898691
8.282977267339975
9.84637424478782
9.401904382203975
11.366612725999987
9.229932890203978
9.965278294271984
10.475377585999986
10.161605786067984
9.93398696899999
9.670149290339985
8.883101136797428
8.874006780999986
9.180901560999994
7.320046684303819
3.2823919936999673
6.663097105405088
8.05977480320254
8.351481329303816
8.920974554271977
9.939335655135984
9.024595666659978
9.546025686717098
11.278079584999979
12.03697540899998
11.889529987999982
7.971654655339963
6.514491206405083
5.494101147506371
9.174871221931973
9.685617648203976
4.563765344202517
7.103244375727961
9.251990434203982
8.3623146468987
6.321972637898693
8.765613954202541
8.299340144299995
8.634451927202546
6.758796076999971
8.629303990202548
8.650629336493592
8.807642846696147
10.431520075999986
12.186683283999999
12.328152007999995
11.688387975999992
12.10783613299999
12.370505218999995
9.361313398795993
7.760442321797422
7.942377598594858
9.523491068999986
9.20261437230383
8.642022700479968
9.979034179795987
10.16370534399999
9.0162973267
8.88336336059486
6.558406156898687
9.678830116212147
10.505819596999999
8.684199534594871
10.314667460717102
11.563369507999985
12.349551810999984
10.703330288999972
12.874411811999991
11.923694446999994
10.083966569646382
9.56100502006799
9.950150990212148
9.757516322203992
9.242064375203984
11.048569738999985
6.4278869293038134
9.609806207303834
9.271859109339983
10.574519930999994
7.355051176339962
7.039895194999971
9.005581855797434
11.008730825999988
11.357854435999982
13.03008732099999
12.057069294999986
12.90273583099999
11.912194387999989
13.297832316999996
12.673807699999989
13.151928072
11.19338725099999
10.373342198141426
11.32559807299998
11.254182886999986
11.96330664799999
13.392861849999994
13.356408060999998
13.937130632000008
12.634750604000004
13.461267029999993
11.241050110999987
12.188249941999985
11.510232354999985
12.159010555999993
13.144074949999991
14.37721571999999
