13.74453615899999
12.801400425999988
11.875295622
11.466025983999998
11.83528875999999
12.724328504999999
13.05470241399999
13.065820232999988
13.38805860399999
11.772798038999989
8.37534929672797
11.356849865999985
10.95587700499999
9.824680313067999
5.305207499696135
9.038901769999985
8.652727343797427
9.453435356101279
9.972962284931997
9.637289781135994
11.86504873499999
12.991228634999995
13.11527551399999
12.165792582999993
13.190524480999983
13.096599935999993
12.254695778999995
13.110043583999994
14.023865960999993
13.637754110999998
11.858493783999998
11.918315622999978
12.973199106999994
13.593437520999988
14.093803246999984
11.733251395999986
8.901864271493581
8.819989434797428
11.149413625999985
11.312470604999996
12.012818326999989
11.527771578999992
12.921941563
12.832641620999993
13.117433139000001
12.246494024999988
13.447120301999991
9.751461706646388
9.779187922795993
10.780527593999992
12.100099303
12.056995839999994
13.27008032399999
12.554955488999994
12.83150824599999
11.19821010899998
10.467596239999997
13.12791315499999
12.23922492999999
12.77571006899999
11.79325596499999
13.765735070999993
11.850444488999997
11.761470365999996
13.345160970999999
12.755624827999993
12.32907627399999
8.903190774493591
8.882101150493593
7.585734695399993
8.926692663594874
11.258807682999993
7.257774732999972
9.189711775135981
10.207802648999994
10.904850010999995
11.478575948999993
10.562959325999984
10.068121763717112
10.667477581999997
9.76335912013599
9.147454243506385
9.375892416282852
9.614949041787822
8.65141189269615
12.771658109999995
12.685265687999987
12.705487855999992
12.028752752999997
12.110599251999998
10.750872233999994
11.273243012999997
10.153253353931994
10.272590786999999
11.976486381999996
12.943299201999999
13.265557002000007
11.767105185999991
11.049020945999999
11.552121781999997
12.635991514999994
11.091904246999992
12.065296682999993
12.405771569999988
12.34532539199999
11.906672715999992
12.601679365999987
11.558295981999997
11.33907121099999
11.132060091
11.051372039999984
11.507370334999994
12.339902624999992
10.900083921999999
12.506829635999987
11.61105729199999
7.404403123506373
7.898716357405097
3.9464109450999754
5.75674679569998
6.641601588405102
7.540198811303821
7.581729356405109
7.341103890999977
8.867641667202548
8.267428805493584
7.529833445696143
6.334398075899987
6.209853510999984
6.076521504202544
8.627983622696135
8.386767130999978
9.43231658486398
6.48478456120254
3.1167693740999725
5.639411872898693
2.4747583648999725
6.220322256506379
4.991291892999972
7.53466799620254
6.402115991202534
7.108596647594863
5.730320887797413
6.082719236797414
5.028186398303813
1.9773529647999721
2.0999825713999734
3.1713117446999655
4.548392529299969
5.110146591199983
5.1677014129999845
5.146947444202526
6.985713297999983
5.1764136840999795
5.897764207506376
5.1813070128986904
4.89328508449997
5.52820960240509
7.507902928202541
8.283834030202538
8.339549235493582
5.120158381696128
6.6082089614999795
6.433361213696134
6.658836654696129
6.529081298797409
5.916366062898694
5.809441490202526
5.26058333589869
5.991516949506365
5.800188519303809
3.7739054976999675
3.121158456399972
3.481525797999962
5.376412799101251
6.360034887696135
5.049181430099977
6.207100598101254
5.6911697754050925
3.4324412505999673
4.026894840999982
4.708893234299996
4.042636459399979
4.93208896329998
8.132708367898706
7.211708631898697
7.493996617101254
4.236465447999963
7.610753625506369
9.920137995929258
7.370043276999978
6.205272503696124
5.064345101898691
3.4693066222999667
5.767773458898695
6.342314497405092
6.807418585202532
3.9950822173999754
2.871935812399978
2.9341270675999827
2.517969831799983
1.888360568199979
3.024354266399972
4.249239689599977
3.7112843673999714
2.924670858799969
4.7422405974935655
6.635420693999963
7.276656925999966
8.049046926898697
9.124386732339977
10.579340970999988
7.203776371797414
7.656824124101259
7.533689288303826
6.584245826699987
4.890746780399994
4.546004109199995
3.0082187850999893
3.0785094726999778
2.9209457168999857
3.4890254638999827
2.9653073653999846
4.683568501303806
4.128281774898684
6.679039205898704
5.6774878783999805
2.855477703899965
6.499961738594851
3.439619445799969
6.974501518202526
8.619754685999979
1.7894068419999705
4.623913600199971
6.860624487303819
5.750153311202526
7.342829511999967
10.217384925858545
9.870165592999982
7.567403716999976
4.607667835999985
2.435906481899992
1.7870518691999935
2.7096025725999864
5.0644600432999765
6.617459826699983
7.91693853910127
6.17073243409999
5.223023142999989
6.421468873594851
7.772107017493582
6.01122478329998
8.366718083202548
7.218803874202544
5.780305923506378
4.913784075899981
6.8003527541999835
6.075389857499995
9.848603340070701
10.090939885999997
9.429299397203986
5.691771736101234
3.4340827621012355
2.3590804198999615
2.9290634171012333
7.708987325999978
7.053460815271961
5.4532870743038035
7.493345417797427
10.242122943070706
10.064609735070698
7.672878976405089
6.65696871639998
7.639837577797418
8.04212291559486
3.6561069473038024
5.3670862578986736
8.001511248863974
3.53957816619996
8.802118131999972
10.166497607282857
12.405003905999983
10.801002381999991
12.054914765999987
8.978747323727982
8.593202636696143
9.72202485365999
8.95683531799997
5.579318797303805
7.497554219101254
7.512081448405083
8.350996169999982
10.085796359099838
9.888592388969444
10.121575756858537
5.230438088999953
6.924571546898677
8.800808523594876
9.540202850203988
9.692992990067987
10.280871280999989
9.42450245072799
9.423673814271991
8.773535826101273
10.104400052999992
11.948691028999995
12.981793377999992
11.812028411999991
11.631430561999997
12.824662395999997
14.851299202999995
6.467092613202535
8.169292430101255
6.350054341101244
6.409929652399979
9.951350237999977
9.265265153659987
8.41468262020254
11.082398084999989
11.191681501999993
11.156083402999988
9.731369195717106
12.192993047999988
11.169749691999982
13.672084311000003
14.078611414000003
11.248392592999982
5.47443213350636
7.936052201863962
11.890613607999992
10.290820962999987
9.174994934067985
9.153860214135976
9.427865833999983
11.89371197199999
11.741611628999985
11.690504155999987
11.630412867999992
12.23391305499999
13.704659594999992
11.775932531999999
11.772883413999997
12.28451697799999
13.922446386999987
12.973660668999994
13.537912074000008
12.701942277999981
14.123665868000002
14.116735260000006
12.889297326999985
13.659571233999992
13.462160560999989
14.086234923000001
13.724696044999988
12.070853449999987
14.879881722999986
12.345983948999983
8.829764538594867
10.591974715994557
13.104520757999994
13.503180462999987
13.84477299999999
13.43671722099999
13.449747867999994
11.817853322999989
11.573839586000004
13.355561772
12.219723955999994
12.27075971399999
12.194336196999998
13.401846564
13.207683874999995
11.57642435899998
13.117388283
12.643188538999999
13.730725542999997
14.012623495000003
12.14936867999999
11.837811780999997
12.51980101299999
13.917615049999997
11.666763917999997
12.428052752999987
12.838940204999997
12.735197309999988
13.144862371999992
10.793937262999998
12.110241237
12.898521163999996
11.298916474999977
12.415789718999996
12.407564327999989
11.77895618899999
11.549525544999996
12.010532496999984
12.951091507999994
14.029797631999998
14.067038189999986
13.102851632999995
14.143891063999995
13.018658452999988
12.833909208999986
13.701120012999999
11.752900115999987
12.028611825999993
11.246424755999994
13.324381760999994
11.752859189999985
11.483260985999983
11.552628437999996
12.51916076199998
12.846140519999992
14.437996149000005
13.445780347000003
10.59381356499999
11.843667587000002
12.484555480999994
12.59744308799999
12.213914885999989
11.42883031199999
11.107487996999987
11.471959817999988
12.851847806999995
14.817473475999998
13.236986951999999
11.39348516799999
10.094459786999996
10.29224316699999
8.929501240659983
11.04532994999999
13.450201909
9.800246449203991
11.300952588999989
12.331404633999995
13.056602191000003
14.193508831999996
14.720634243999994
12.727954256999995
12.359995713999998
14.41823630099998
13.981889272999998
13.967784057999992
11.853975101999985
7.812391899101256
5.157456707797415
5.889303906202531
10.248310525659988
10.425859314999984
8.65061879279597
10.458925817999985
10.57557301599999
10.38618861835359
11.815509255999986
11.660673369999989
10.026519918858535
11.750496003999988
13.49472126899999
13.35551023899999
12.48029764099999
9.600660487271977
8.107648841898692
11.023085843999981
12.817266756999986
11.62567299699998
8.785657304282843
8.20254269258397
6.450108573898693
6.233117610202529
5.517819322199972
7.424733738696144
8.575101885999974
8.757468492067977
8.520805581696145
6.399319470199988
7.4932099685948605
7.308228713999975
7.602315154999977
7.447016664101254
6.531670756499982
4.98415977329998
4.348940389999973
4.1847168120999685
3.068468002299966
7.354831861898683
8.81038307499999
6.109814413499993
8.336069726594857
9.51306165307069
9.10281246492925
10.839257149999973
7.354570568797419
7.674972398405098
8.181932685898712
5.561016719101255
7.655075256303826
8.166747094795966
7.8588295181012455
9.679625584282848
8.717747111659975
9.67698498221214
11.445184780999982
10.438220592999985
11.182013308999984
11.661814417999981
11.779977608999992
8.89051205733998
9.12391378620397
8.917601373203974
9.170187576203977
10.893823585999987
7.949927522303824
4.293109893799973
4.140301365699967
1.8268108489999697
1.542966374199965
3.6865107741999674
2.402122219799966
3.20166544489997
3.260382240299972
6.466544224499982
3.326760229499972
5.69394110720253
7.0755373259999885
8.713938005067973
7.927560966506387
8.36874742430382
7.334035397303818
8.232890748594862
9.067217401101265
10.749311104999988
7.630371824594857
4.255629283099977
2.539956120299978
5.732592466696131
5.775627554303815
7.682783074999967
5.6345584534050905
5.087077018696128
7.691917446898695
9.627903613212132
8.580457076999974
7.224850778202529
3.0379250106999773
2.059025501999993
1.5121900710999892
3.103036282299987
6.102378286696128
8.267564709506376
9.845764269999979
8.26017274630381
9.674737170282857
10.675151951999982
8.126258624303825
6.994984771699983
7.478181089797426
5.892445082099977
5.292183981299987
5.095232662999977
6.613762106303812
5.8677713119999755
7.083041656506376
7.246765013101264
7.677814938405102
7.164879618797414
6.751001049797416
8.63361512150638
6.19301228179998
4.556123390202522
6.347627694696135
5.601418221999979
5.301105335999978
7.813284101898706
6.134657922399986
6.210725936899988
4.62210147399999
3.500905226099984
3.868201928699966
5.046477256799978
5.524395753506366
7.341373643506366
7.982792225594854
6.336504495199981
8.36880480799997
8.585229447898707
8.156397145067963
6.184358795202526
5.523395693999971
5.115734103399975
1.2467269976716824
1.573119475178753
4.532432815594835
6.259408299303817
4.61498612519997
2.5489432296999652
4.947131990099978
5.015107220499991
3.3686241729999713
5.085337373399967
6.287313337696131
7.241534620696128
10.156389060999988
11.049915172999986
4.457990479999972
2.3835873565999752
3.970432145699981
6.319593159499997
7.062132504299991
6.635754281594854
4.9249336425948504
4.202558344999974
1.1098567260999892
2.541803346299968
5.0999330352999745
4.59782503199997
6.0205716628986945
4.320402282699975
6.937982490499989
7.470827458202548
7.591797836303819
7.1965413817974175
5.666299385101256
7.370927508493562
8.866577059931977
4.473219688405083
2.710237564099961
2.26925886839996
3.736607080101238
9.308931611717092
10.217413188141414
8.284760766727967
4.0412284896961115
9.39678836679598
8.688856265212134
9.680333401353572
7.432678045699994
8.598136616659962
7.028888137863955
8.83767446733997
6.451663351405084
7.150219529696127
8.008097976696128
8.530774563727965
9.098847761493596
10.560803312999987
10.001456230135993
9.382008024727977
8.952679807999976
7.746910757271959
9.764191416931983
8.412627976999982
7.327955856303808
11.321783327999993
11.240875072999984
9.853284857141427
8.72229416672798
8.089064036727967
7.105221861303807
7.653699879506372
8.10103316665997
6.14781244349357
9.258166696141423
9.51709151607069
11.060218432999982
14.518206775999992
12.615745489999993
11.811434893999985
13.234308385
11.917442916999992
11.712568418999993
11.583639257999987
12.190038138999972
12.87411065999999
12.334547194999988
13.778781002999994
11.325554123999991
5.808403185999997
6.951811593599988
5.5430051238999924
5.574399154699981
8.793467814727965
5.341231140101235
8.33226813959486
9.125932766696149
10.83095347599999
11.438372822999984
9.795830978282861
11.686521871999984
10.70359134799999
10.777229537999975
11.635292438999969
13.222410430999988
12.78956094099999
6.448084594696142
8.981682537863978
7.762190032999973
9.397778480646384
8.708118945203974
9.78587578893199
10.037197804212145
9.417011935271985
7.817471298202541
8.380930902101266
6.61247687529999
9.032055429067988
8.942788388101267
9.996298086659998
10.901646715999986
11.023336854999979
13.682104324
13.368476313999999
14.48222564799999
14.434887447999998
14.228877011
14.548859806999992
14.794035401999995
14.57106629799999
13.032112110999988
14.306172632999996
14.894448537999999
13.441876219
13.503338895999999
13.854590355000006
13.039563720999995
11.631646304000009
8.682660818506388
10.347411846999995
12.094416474999996
12.498454108999994
13.58521955099999
13.467736851999993
14.799632760999994
15.06951915399999
14.770843570999988
13.63617410599999
14.266221155999979
13.096856000999985
11.498945234999992
13.627995028999997
10.622575718999991
12.84066592399999
11.303290127999993
8.29322969669615
11.612878539999988
9.592604518070702
9.996684518271994
12.580356313999998
13.269122669999987
13.989432358999995
14.198834979000004
13.545175284
13.632296387999995
12.80281942099999
13.540339764000004
14.650883329999992
12.759183217999986
14.076382923999992
13.728707255999991
14.483763672999995
13.886940757999996
13.806447999999987
12.80624748699999
13.932666861999989
14.646529715999991
9.310889541717097
5.813630657999967
10.948079186999973
14.068038654999997
14.023857956999992
13.690048581999996
11.777231785999975
10.910341494999987
13.002472907999985
14.199436570999994
14.126229503
12.728967681999999
11.843615412999986
12.636231807999987
12.862153473999996
12.90458475999999
12.240863794999997
12.95913125599999
12.284316375999992
12.577874900999994
13.262191547
13.166324286999988
11.076825092997279
10.942420450989115
11.382182377999992
10.397886336999997
11.143415018000002
11.660875841999985
9.752839759858531
8.550832875067966
11.840455682000004
12.303869170999985
10.533014176999991
9.392361939999995
11.517032500999994
11.056846686999991
13.224957082000001
12.749232979999999
13.27196775399999
10.713693752
12.337819851999988
10.502321482999994
12.351206572999986
12.200412380999994
13.761065166999987
12.343319198999996
12.361675815999991
8.484088879271972
10.975803730999987
11.993438358999992
12.47284599499999
13.210220725999996
13.277946059
12.302257383999995
9.641874829067987
3.624621755999979
3.734408303799975
8.936598925797432
12.634660315999987
11.893327431999994
11.510902584999995
11.01899977299999
12.891919385999987
11.652601401999997
13.087046325999992
12.709231839000001
9.82856485128287
11.69136552099998
9.954728895717102
7.773921302797407
14.400062573
11.800503606999992
11.648774672999993
11.75084796899999
11.697374378999998
10.111088280994561
11.313550083999996
10.841521403999993
10.691968444999992
8.681422073405102
9.084774945067984
10.121174288931988
7.722579916405094
5.994235374506377
2.694254147299972
6.150795616101244
9.113158587727977
9.542719334282854
4.206503037999968
5.171176162696128
9.982760060070698
10.155836631858534
7.863458955405094
2.89935207209996
5.115430758696127
5.508559583999977
8.202762936405101
7.986602011101255
9.435093119863977
8.943195260727979
9.03662077185853
8.378044308506388
7.920881199594856
8.13654653779742
3.4229981795948348
5.740613075303805
9.31718876027198
9.160755606067985
6.509892834506371
11.299062446999974
10.416543234212138
4.75044390259998
2.5187686385999846
3.505217718499982
3.759857571399975
5.191280052202532
6.046949974101242
5.954943142696124
4.09483487849356
5.194930641202525
2.64089410399997
1.8637653670999694
2.248045793199965
2.9255602904935585
4.796075427202524
3.286331075999954
3.355402639797389
5.351686433405085
8.113510249303813
6.641972225999972
2.777767687999961
4.253053068499969
4.564109349099971
5.013158056599977
5.84512062379998
7.060329074101263
7.561008529696143
7.088374786399984
5.629525111405087
7.053047315999972
5.008627981594848
7.545789004493572
8.05215494827197
7.4948989684935725
5.036361988797408
4.571743913303787
4.820771601898685
3.5149147490999693
2.7839317885999733
4.037762264999959
6.489024601696129
8.011286456303814
8.340855567931971
3.5569260268999687
3.953133856202523
6.686108012405094
6.5494550385063715
7.366755711405092
5.944075976594853
6.366992904696138
6.683550569202532
5.431333610499987
3.7117097701999633
4.86382380369998
4.541293263199976
7.279715534999977
8.514219926506382
7.791798686202542
8.222323406999985
5.843197315999982
2.9615313094999745
3.019218789699982
2.9272924849999713
4.750455190999972
3.038159136999974
1.81184905699998
3.4361590896999727
5.527318569898691
6.4112512206999845
4.842060244799976
4.346420234699975
3.9308212523999817
3.553454624899976
4.960990751599982
5.2292578658999815
6.102110920696137
7.325398335303823
10.308582113717106
8.689503488135976
7.404888632202539
6.065678904696127
7.870127456696132
9.949029847795977
8.909124041787807
9.351040464858535
7.949977781795972
7.924642073101256
8.01793879240511
7.548283599898701
6.496558084099982
6.365243655405088
5.282098670999963
4.846267964202522
4.640569935594845
5.436223730506362
7.769724746795966
5.956336881999968
7.6151212997959545
10.462290268999993
9.732772167999975
9.894605590863979
9.673804472282857
7.14726504969613
9.481188787863982
8.958120933659972
10.518378890999985
10.14387531120398
9.994330012659987
8.752000889727977
9.388895176795979
8.210558819594876
10.144396541005435
10.446027613999995
10.598095707999985
4.505131732202528
7.937485473727972
8.209596214303826
7.30869214939999
10.250990827929256
8.162040560898692
8.30784813220397
10.06459097427199
11.26373592099998
10.552388096717097
10.959549480999984
8.956802242999967
10.759709458999978
11.148197259999991
11.742872718999994
11.602908805999991
9.995186338858538
8.021199104303827
10.423662475999986
9.852248251203996
10.716863502999981
10.911092593
10.851565352999993
12.584949590999999
10.259055565999992
10.43822139899999
7.81725532230383
7.500149049405102
8.451312441999997
6.904209904499992
6.032368336499988
5.52179951629999
5.509126226799988
7.0282050399999925
9.344288940271978
10.294295063999993
9.708355377135996
11.079630950999983
10.681765790999988
10.188347202999996
7.96327860720254
9.514320960999994
7.146552627594863
7.300855313101257
9.520863011135978
5.121810049405088
7.204532693506366
10.536441382999989
9.573881819135988
10.63570164799998
7.703011849999965
3.9426408446999632
8.375291488594872
4.4584945800999884
6.163416422999978
11.090727711
10.205171114999992
11.303820759999995
10.429511204646378
7.661819329863966
8.01743663179742
9.538461244141418
10.643962009999996
11.486904534999997
11.41761321899999
7.996763909931963
3.1190624161012424
8.719289800999979
9.444858799787811
11.412135195999982
12.285384484999986
12.07973422199999
5.273986103797408
8.715946986271977
10.104557329999993
9.067278977999978
11.275758513999985
13.955403941000005
11.462123273999977
11.300941373999986
11.971025787
10.378658640999992
10.722585364005436
10.159256330999986
12.219021970000004
11.139149064999996
11.798466089999996
11.35782654999999
11.320198270999994
10.693941741999986
12.344065278999992
12.976057538999992
12.386437197999987
14.021225120999997
14.409294077999995
13.354582659999988
14.296220914000001
12.654289591999982
6.248037237493566
12.48456142999999
14.22011640799999
14.853015352999991
14.610267664999995
12.049495706000005
13.322261637999993
13.911084129000002
14.495140823000003
14.341824278000002
11.596010261999975
13.179964464999992
13.418387671999996
9.825595170727988
12.825542354999987
11.522235126999991
12.238741269999997
11.892683928999997
11.666863736999986
12.322988486999995
12.992993767
12.816562665999996
13.42021389199999
12.777727794999997
8.399385537795974
13.037213187999996
12.48509693499999
12.477766175999996
12.149951539999998
13.425104688012798
12.05116878999999
10.91780869899999
11.103550153999995
10.313572222999998
10.53480088999999
11.997182242000001
12.122487534000001
10.551673859999998
12.606557750999993
13.428595232000003
11.680413856999987
11.841923896999988
10.493013193991835
9.973137283203997
8.615597509797434
12.515196552000003
11.935701309000002
13.625488715999998
13.441462301999989
12.712071312999992
12.871836977000001
14.419311835999991
12.58755979799999
13.38312141399999
12.982040264999991
13.472205488999998
12.174082702999987
14.163850964000002
12.119955187999983
8.464089437898698
4.485382485999971
11.991156846999981
11.559486681999994
11.399799830999989
12.313383440999981
8.208303718594868
10.005204179271994
8.476651596101275
9.157050230271981
11.551966643999993
12.981039766999992
12.20686153399999
11.81852195999999
12.293885317999997
14.221460998999989
13.265095124999986
12.175033658999991
12.482734958999995
11.406168386999989
11.776748711999996
11.44784328599999
11.865380295000003
11.294376769999989
12.554576109000005
10.455680436999994
9.180635058594877
12.039501783999995
10.125046723929266
11.639793593999993
12.516929186999988
10.316697306858543
10.19418780513599
8.028640724199995
10.356921540858538
11.536539315999992
10.63177767599998
10.832245313999971
7.116039166303809
9.523294496135977
13.001710496999992
11.456751204999982
13.154635647999989
13.931575127999997
13.07217674899999
8.624918250999983
9.094930223101269
13.085243610999989
13.095600248999993
12.823742174999994
12.324590424999993
12.31557164299999
11.993776925999985
13.059113343999998
12.415876160999993
12.322844785999992
12.505810386999993
12.883494153999996
13.050983344999999
13.051384861999988
13.140774886999989
12.453572725999997
11.310831285000003
12.619644117999986
12.499055208999984
11.287661722999992
10.98296634999999
11.319493979999992
11.463573481999992
12.373840659999995
9.436777265931982
10.14527584828287
9.491231307999984
5.024266206399973
4.427894149797409
5.839139079299976
5.871143849202534
8.716156260696154
9.294719462717095
10.208144148212147
9.656198591717104
5.806967845202534
7.545897251898698
8.64933023520398
7.486135172999974
7.513980229202541
8.080486114493585
9.820425839135988
9.786584196353582
9.337908459339982
8.928504711898704
7.826242452999984
4.906137724299973
4.529741424599968
4.9104444488999714
5.188877754199972
9.997215370135995
10.48282787921214
5.604370364399979
5.916232517999981
3.907570690898688
7.117367367594849
7.519967417898696
9.832104009999972
9.972448599141421
8.657733523727975
5.886450030493572
4.3789770629999785
4.512233169599987
3.1472483291999773
4.165684411599985
6.952815255696138
8.697380931067975
6.037548950202534
5.258946000699972
3.4959589705999696
5.166749478101248
11.434810642999974
9.468155833271968
6.526995123303813
8.227894251999981
6.742179653899987
6.460179923999978
5.933236131303816
6.544098026999976
6.565120486506372
7.152998303202538
6.5182853255948565
7.392148973101261
6.972180541999977
6.02748065030381
2.3988408462999713
2.9530170073999638
6.812339622506375
6.01213293299997
7.95994015659485
10.741783768999994
5.082579432696133
4.4142541671999815
2.6754457717999895
2.4380503890999816
1.6608050246999833
2.0846235671999755
2.5820133605999733
3.0086850799999696
2.9776299361999627
5.17523321989868
7.765128250101256
4.190762701399977
4.955565594506368
4.420183866899975
3.1525075850999658
2.2400442870999577
7.7538139282025345
6.5535130432025275
7.44178168030381
8.647745228727977
8.059692372101255
7.377259062202537
6.629651209999969
5.667281129506373
5.057674995399989
4.631906318699969
4.618794422899974
4.27245245819997
3.9483606552025217
5.788657720898686
6.367903051797401
3.0235008071999636
3.2715148681999686
4.470692542999958
8.640486027493594
4.996224870303804
5.0528419188999765
8.324396762067975
10.250819011999988
11.018717191999993
4.639433554099983
3.6339607757999772
6.558513418594861
6.9278662215948605
7.870440330493574
8.532571400339972
8.284674708594858
9.36391598372799
6.71117295989869
7.817562318405088
6.877610990898698
5.369937692303805
4.472724908405081
1.8981901488999589
4.690039927699981
3.27525219569999
4.495036254899987
4.446992153899992
8.85049695130383
9.702705131493598
9.525927676271985
9.425288886999978
10.177082885787824
5.761363214101256
3.6530577071999764
2.596908686799969
2.1874715438999606
2.3639264771012383
5.175597322101243
4.738432752999961
3.5396993957999614
7.087106664999967
9.681400405929253
10.540674505717092
11.498634755999978
9.1229754074
10.780152941999981
10.39948539585854
10.71191412499999
10.402363186999992
11.700997829999984
10.468593431070694
11.033618281999994
9.700962609929258
4.592987229898684
6.4669723205948495
6.797812741101238
9.340335153141407
7.700708077999954
11.214723339999987
12.269334499999996
8.815405046067978
7.074445516999981
5.846741288799986
8.195560179101259
7.009767958067954
3.9459289809999714
3.2613665802025222
4.982090495303797
5.018369638101246
3.006887895202514
6.617152647271946
9.80890382693198
7.689546128799992
6.6336549590999985
9.594998190203993
9.594115815787811
12.348435497999997
12.042892766999985
11.828703444000002
8.463964022797436
11.562237032999983
12.763665259999993
12.32527744899999
12.377681154999987
13.346068089000001
12.562751671999989
11.853913357999998
12.246700492999986
11.279948893999975
12.886084549999989
9.829411354070688
5.283182217405086
12.91837366599999
11.814656797999989
12.020675796999994
11.908489954999993
13.094030784999994
10.870041080000005
12.510152966000005
13.300750161999991
11.156232892000013
10.359665400787817
11.847210850999987
9.259632501135984
4.9684767761012525
4.496059123202517
3.896088268999962
9.209881959646367
9.992639147929253
9.670002429135987
9.728583778271988
10.17234869385855
9.655067655931987
11.679404096999992
12.603529316999992
11.47781994599999
11.26440296799997
11.191324508999982
10.747520000999982
12.440319176999989
10.918007749999981
11.177958397999983
10.412933802858545
11.586356166000005
9.498564276067992
12.317029445999983
11.944044332999985
12.030556460999982
11.752992634999986
10.131583868282842
7.052656928999966
5.774439324999969
9.952237875271988
12.55777084199998
13.20098074999999
12.332393174999995
13.106223645000005
14.289194507999996
15.080771825000003
13.35245506599999
12.752296831999999
11.872955637999983
14.376216765999995
14.509762375999994
13.816195328999994
9.463187045203972
10.612231016999987
10.464458890999989
11.053316210999967
8.92013089899997
12.100163377000005
12.47999436199999
11.059656400999987
10.553102764999982
12.135976053999983
14.559796871999996
13.117708864999985
13.467143158999983
14.251744225999998
14.672622808999996
15.078710067999992
16.371470914999993
9.45249063271709
14.45465856299999
13.876783004999998
14.538280774999992
15.50817988299999
15.13468649099999
12.101039811999982
10.123261184795993
8.383663220202553
10.174963522203997
9.782133962999978
11.97636087499998
13.761598571999993
12.759410108999994
12.907777257999992
15.049839908999994
13.21875385699999
15.313561538999993
13.648845467999992
14.256867362999985
13.275614190999992
12.075168038999978
12.786344013999999
14.90864037899999
15.056074283999989
15.137896709000001
14.345411223999998
15.168358371
12.983082465999988
12.286434516999996
12.447139005999992
11.938574508999997
12.012775115999988
14.266034584
15.514804696999997
13.146411469999997
13.86496670199999
13.168701841999985
14.35191975599999
15.378744192999989
15.344770916999995
15.923684137999999
16.449067811999996
14.833197109999986
12.275542901999977
13.515117283999988
12.023665586999986
10.844796355999984
13.343177263999983
12.56633078599998
10.978611043999978
11.050641669999969
15.065144088999991
13.34026351199999
13.21592932599999
15.234756152000006
14.931584128999999
12.02640708199999
12.541566399999988
12.477618673999997
10.697011368999995
8.86561179050639
6.773063165299984
7.2784479964999935
5.318921467599989
11.54029850599999
11.834022919999983
11.986646204999987
11.191423856999995
12.499816884999987
6.271288690202516
9.264350237999965
10.278801312212133
11.359995991999986
11.904017084999994
11.491205530999988
9.74507116533999
9.886905598282869
9.763744786070701
11.071507972999985
11.78296807299999
10.313590570070707
11.112903675999975
13.801958493000006
12.209289980000003
13.168999264999997
13.049043091999993
11.763133713999984
12.729600281999996
12.51900883499999
6.792080076594857
9.277230027863983
10.850723969999972
14.106272034999995
13.165855321999993
11.276175991999994
13.228092142999985
11.945100705999982
11.930160853999986
12.624969871999982
5.135828192101252
3.70707882389997
4.072148545799972
4.97869802699996
5.134831893898696
4.619249710099977
5.294954750101254
7.848825624101265
7.013503884898687
7.494410301199992
5.979757121299976
7.278849323999973
6.897506898506376
5.839207727101246
6.445510713202535
5.840063757303816
6.652134901405101
5.649971523999968
6.194072819493579
5.610452049303796
8.465011154135976
10.695953747999983
5.043291532898676
8.30333033910126
5.818034461999971
3.227294244399965
3.0346424605999722
4.123536772202517
5.666314549303816
4.974321409594848
6.884300280797426
9.038786001727972
6.257879341101245
2.36186108549997
5.762258161898688
4.2160519637999725
2.765609080499978
2.5964152251999697
2.820688653599962
2.5318713119999683
2.9459087784050837
2.552558225999965
2.7924471709999623
6.5212857742025285
5.199154704303803
5.237215948506369
3.0739780135999664
2.5847643310999735
7.095150459303816
6.183832870506377
8.58943968959486
7.099976675405088
8.500514976659977
7.667045777898691
7.1053589233038075
6.854073860202538
4.3621019454999646
6.658088238493575
3.742609069799968
2.5838405639999715
2.2019541640999725
3.33393609769997
6.001320591696124
5.884208834797407
5.321904801898681
6.424901864594852
10.055677627727986
7.118568081696133
6.277224052405095
7.8105679535063715
7.29398946379741
7.509882075493577
7.532380937202526
5.205184994493576
5.666030889898685
11.623070276999988
5.708257351696127
4.966847769202534
4.526762876898692
3.2638218123999665
3.181281005899959
5.202977151506362
6.475301464797402
5.874469610594848
5.266769432101232
7.859587039202531
6.238017352303812
8.167572024493584
6.675367724594857
6.086046772797412
5.210879490699978
5.4363120116999815
4.800983084099985
3.3931763884935635
4.140216410797393
6.842952203405092
6.060270686303818
5.069485072299974
4.014315089399978
4.092136088599977
5.514647109999982
5.2937026534999685
5.925533662405083
6.424310113499979
6.419664285303807
7.178341847202539
6.362803785696126
6.095952455101248
7.971913082898688
8.790893617135978
7.399437672405103
6.4385365478986945
5.475575930797412
5.557060429405085
1.5646773452999643
5.842970628405084
5.57272368929998
5.874258558696129
6.145852207898691
3.472901048299966
8.537444341999977
8.145183280898705
7.4760836135948505
7.231729840101247
8.124624914594865
7.624709866303816
9.99848046714142
4.075321356199981
2.5637052260999753
1.7644845061999774
4.235266871594839
4.932717404199976
9.316126736339982
4.7742090271012465
5.180023373405092
3.7233585052025293
4.494747726405083
5.32138034820252
2.8840814879999632
5.435466487101251
5.11373938449999
5.311719284099981
5.4836100295999755
6.068874737499981
6.164191133101241
7.731305868493579
8.385570100271973
8.346646925405103
5.842468936199988
7.966066900594851
8.497746597203971
7.951507638493579
8.04809638979742
9.480400299101271
11.082813929999983
8.570860229339981
7.589968762202537
5.585706649799984
6.5060581435999785
9.781095950212148
8.562164099067974
9.902861352659988
11.654149381999988
9.992978448353588
9.911381901717089
3.641192214999957
3.3729263091999666
1.5800918337858163
7.47561153110125
9.528737641931984
11.159663512999993
10.862263413999992
6.186337202506372
4.031174365202519
8.874735191203973
12.236725789999978
11.740800353999978
11.73951842299998
8.09103153840509
10.452423572999997
11.290965513999993
9.287378579795979
9.373161968999975
10.368493285999989
10.663089908999995
10.016561358717103
10.929261492999993
10.546073856997273
9.542633959999984
10.99108788599998
10.931187420999976
4.461543336506353
7.583627981594854
6.87365929406795
8.076708953931972
7.6609748488987055
7.767626850899986
8.225570603898706
10.057807911900163
9.982663554282864
11.282455079999998
11.371145760999982
5.489218237303813
6.343911717202518
2.644161605799961
2.770164521797392
1.9868884780999656
2.408016712999959
8.487203237898697
10.125122959929264
9.089555108594874
7.1605584091012355
9.022951501339975
9.77423769386398
10.054218550070688
9.562887028646372
8.611486486863983
9.943262728929263
11.79844782899999
11.24364139999999
11.172493955999984
12.01089232599999
12.092594311999997
13.123897724999992
11.02620678699999
11.301569237999988
12.965032615999986
14.042153461
13.299321891999998
14.390174059999998
9.015164910931974
6.839204255696124
12.044850515999986
12.429054198999985
11.054408965999974
12.039796517999983
10.910443973999993
10.59776913099998
10.314520823787822
13.057768793999996
14.378980208999987
12.486136487999998
7.666403575101259
11.042617328999992
9.839581985339995
10.072274481141426
11.564689729000005
13.69865028399999
12.541352218999988
14.203784958999982
13.642458452999994
13.428768898000001
13.493123520999996
12.771422246999995
11.962933362999989
11.488046892999991
12.125176867999988
12.946270405999993
13.931230994
15.11122733
14.782319764999997
11.414695376999997
11.262613248999989
11.792761445999984
12.184897640999985
13.875544072999988
11.47423695399999
12.04217938099999
11.248573975997278
11.413341015999997
10.616938325999985
9.509850416594873
7.944636874405112
10.250381074646384
8.954789884929255
11.55973959499999
13.096235747999998
14.09710968499999
12.088227474999988
11.605234377999988
10.446315496858537
8.994016064506384
9.188916899067982
10.937708137999989
10.936662970999986
8.69534099879742
9.796082923929262
11.405826677999986
9.748484286353584
11.733684688999979
12.038717560000004
10.177389492863993
9.517919964727989
11.286792066999979
12.208613270999992
12.374212997
10.568912342999988
7.896359501599987
9.632543664717101
13.846621399999991
12.954472713999992
13.831334228999983
12.650211716
12.531712641999983
10.739078591999986
10.54689213999999
10.963557119999985
11.216173937999988
11.423186934999997
13.188828478999994
13.119630234999992
13.372715687999994
14.328260599999993
13.457610520999976
14.992824396999994
14.704767571999994
14.886486634999999
13.543109149000003
12.915980225999984
12.567341378999991
13.482395412999995
10.475557943795987
8.74853300479743
10.549231935067988
13.96006043399999
12.906470118999994
13.887991852999985
13.950348273999998
11.654053950999987
9.995433898929262
9.380647004696158
8.113251405299996
9.069810624787818
12.272713346999986
13.115083765999993
12.863168801999992
13.940606620999999
13.049025190999998
11.970177448999998
11.003578705999992
13.991214028999998
13.394674854999987
14.409458440999998
13.730633512999994
13.813531670999991
13.661490188999991
7.577786151101248
9.939149253858545
11.215540775999997
12.904061103999988
13.794026997
13.471861098999998
13.232258332999995
12.975449273999986
10.478515285991834
9.313098634303831
8.392035836797431
9.061004452493588
9.864154460067994
12.21909640399998
10.866672010999988
5.9011706588987
5.529997683696134
9.332804170202548
10.773372959999984
10.08410178821215
12.092376664999986
5.35283289640509
8.801865537999975
10.78291981399999
10.533049084353577
11.348162523999983
9.368528622282856
7.892203080696137
5.446045178202527
6.838555859405087
8.892314781202543
6.398226518202529
7.703637965405094
7.837931275898698
5.483706079101246
10.70017669799998
11.673215680999977
11.290058323999974
5.682382397506362
3.0487067612025167
6.484400671405072
5.907434823594835
10.162794836282856
8.066460848999974
5.015935862696134
4.228274243202525
4.968712023898686
7.657657743797408
11.72782293699999
11.131417409999983
12.033158930999987
11.103844524999978
11.657620022999982
10.333699125787822
12.06302269099999
12.364668276999994
11.093639080999989
4.801801361099978
3.253518771399971
5.506562696797415
7.110020301797408
7.035498199506372
8.359703057931966
8.245611952135965
10.110123489282856
5.118887838699976
6.0106456725948485
6.950625614898696
4.681788026399976
3.157962748699965
2.1796196502999674
4.05720008999997
4.320430459599971
4.0312548690999765
1.7944312316999746
2.4283811110999665
8.563389984067973
5.759918730199983
5.222482197599974
6.153734805303811
6.5132943236961225
7.223016790797415
8.221851338202542
4.769610305797405
7.441790011594854
9.593074288929255
8.226521292067973
8.810955021795971
9.367324104203982
9.109111814931987
5.305559410099983
4.008019447299974
3.494719683799974
4.629180161999977
5.760912319899981
2.806921339399974
3.150022595199966
3.251651426699985
4.278554150399992
3.6383435470999705
3.4995722426999802
4.621455389405083
2.927596314999961
3.5942778167973986
7.607280064405096
5.70341518859998
2.8336264312999693
4.3992641265999755
4.900199394199977
4.9380082168986865
2.4963556716961213
4.805306797799976
5.937060487405092
4.974537396199978
4.642113827499976
3.7068845977999807
3.9357718841999754
4.567882943699966
5.5779883407974165
3.1266370315999636
3.0574801665999596
6.277980062899978
5.85025365450637
5.335091232303811
5.121489926101254
4.345685440101239
5.279891732797404
7.763805213898696
5.216244465594848
2.4103616454999712
2.064654002399974
2.141155618299962
3.455776982101243
4.833512484696127
5.544001199303806
7.172623538202525
4.170512368797406
1.2829451446999838
3.3735002852999583
4.891543368499975
4.6333278304935686
3.8863614409999574
7.850852081203959
6.758599453696124
6.655348294101248
7.762543072493581
7.197179782099989
4.867724174499977
4.455276281699987
5.581741410799978
7.220730445898702
7.6172694869999775
8.430851066727977
7.958712474101266
8.217820350727965
8.910471939067964
10.412504647999985
8.283179394493578
6.599998382594846
4.898885642999968
10.237069384863991
11.63195188599998
10.910258843999987
10.4315230607171
10.81598394599999
9.903893316795982
10.825561620999988
7.856556007405097
8.683757359303824
9.754013081282856
10.18845114292926
10.423907165999985
10.555163187999987
8.225174746696139
7.012642475898684
8.643444103999983
8.552521809405098
6.548082234202537
3.379624594099973
4.52915505679997
1.960913023399978
1.3183653716999775
2.420637779199963
5.74500352630382
7.724813223303821
6.42786408079998
9.258379313795984
8.582094705135981
6.323003497299982
6.189888780199984
10.084791401787816
11.727452443999988
10.780047852999985
11.909367521999982
12.063843792999982
12.037328411999992
11.842905825999994
10.993404412999991
11.261179684000007
7.207442542999969
6.110192053202528
8.29152181399998
8.773522035202548
9.215049116493596
8.83686929620398
9.079379130727975
9.892788056929254
9.34729598086398
3.79759161989868
4.460201541101247
4.105498118594838
5.571320619202525
8.123372752271953
10.602127760212127
9.947400204166394
11.454723986999985
11.140686718999989
10.611623829999978
6.856884641999968
9.205056361405108
9.51466943813598
11.519186973999993
9.70836499927199
8.407230012493587
8.269564747727967
11.398957168999997
12.368712465000005
10.108754553141415
7.030111965898682
7.484122352727964
4.402211256405078
2.9314992401012323
8.033189315797415
9.100981393405114
9.994746580659992
9.098580276339977
10.944600811999987
10.502867882999988
12.91689936999999
13.20029842199999
13.070740004999994
8.574404540999973
11.352913398999982
11.522754709999994
13.833778824999992
13.846659940999988
13.869332622999993
13.843112699999995
13.415191414999992
13.306440449999995
8.296087556339975
11.156809171999994
10.25639890899999
10.31519933499999
10.037326042135994
10.270084813999995
7.114765408299989
9.017158680696149
11.064474540999983
12.395425594999988
11.48511874999998
14.19657289599999
15.293317434999995
11.938951888999984
11.239353258999984
11.604808851999987
13.464751630999993
11.53950099499999
11.073846619999992
13.24282101399999
13.932548517999999
9.450377976999992
10.636927096717097
12.165285795999981
12.133645711999993
9.569453941203996
12.75174458799999
12.000687918000008
10.746987490999988
11.524778776999991
11.63323530999999
11.487194449999988
13.432486811999995
12.921467127999989
13.599220679999997
12.456367901999993
12.653797747999986
12.266516997
11.815776029999995
13.132462299999991
12.619932041999995
11.857057973999993
11.68179856899999
10.995232838000002
11.779869227999997
11.170810647999987
12.222835813999989
11.58184775199999
10.717478385929253
14.813135807999995
14.454872230999994
13.162465159999982
14.531760081000002
13.181659600999993
14.786944971999997
15.491533392
13.190190102999987
10.253782511999987
14.793853847000005
14.608770891999992
13.665925602999996
13.049448881999997
13.686024330000004
14.466776253
14.06470383599999
13.619566129999994
12.114228150999981
11.817533649999993
12.938897899
12.15030174399999
10.29580011099999
4.783868856797406
10.456146171717092
10.996845818999981
12.92116310999999
11.166343972999986
10.945665734999997
10.25920619799999
11.86006829199999
11.351213891999993
12.699453051999996
12.618368706999993
13.186034072999993
11.174831772999996
11.613703303999996
11.808626662999997
12.44883327599998
13.54138511999999
14.530503122999987
14.085795127999992
14.132407015999998
11.334048165999986
14.038926760999999
14.867412474
15.761008617999993
15.826292013999993
15.450303292999992
14.026767641999996
14.039607950999997
10.90937100099999
13.718140529999982
10.621863158999982
12.761303600999991
11.375900069000004
10.799153339997288
11.077325931999992
9.523011849999985
9.862805551067988
9.520341186659978
7.999891761797413
8.261715573101254
6.020103854405094
6.8764494354051005
8.358275591999979
8.038239042696137
7.694561177101263
7.000924183696136
9.578616239931986
10.454001891010883
8.09364887079743
7.226943661499989
4.941904551699994
8.320966381797435
5.939918844599982
12.591350719999987
7.4726742187974295
6.386710058599981
8.384434123202544
8.141211466999982
7.534188255303822
6.905588711493583
7.895669880696154
6.654033245799992
8.054365957594865
8.632386891207982
10.269160203717103
10.77714056099999
11.517903057999986
11.761507854999985
10.465467225999998
8.782963172931982
9.101393737863985
7.265070735199985
8.785239623999969
9.134635948141408
8.648243522727979
9.197834555067985
9.447569198717103
7.772008604405093
8.107443661339971
11.072969219999981
5.430209896898686
6.15665217440509
5.347979101594851
5.936641201797398
2.618310507199963
2.447723567199964
3.7893447173999673
5.13378407439998
2.688502403299962
7.932306249999969
4.7872422225999784
3.764276817299967
5.138667636101245
6.485277233898694
6.500110549898699
5.030180508405086
4.503411065696127
6.1025067444050904
6.433439259303813
2.0088539153999685
2.1913898574999644
1.8897984054999686
3.543760320999962
8.903027119271965
12.228834548999993
11.436572580999993
8.166459370405098
6.911634828202545
8.230072524999974
6.589443464696139
8.968008875999985
8.040223681594862
6.3135328780999895
5.860611373898692
9.664873503070702
7.563012589999981
7.322468336506377
8.17649932099998
8.24764569399998
6.779594538899996
5.914519618199993
5.3881990172999945
5.051537594599995
4.792839524799973
4.8894564864935655
7.79834697269613
6.642176435898691
6.178108644101253
6.806155685405092
6.268911459405092
5.35483237759485
5.794281521594848
5.726782070898692
4.301130586199991
5.795359890696121
4.892273358202524
7.003009558101257
5.288171235699982
2.9987824874999873
4.806781307999959
5.910551789898696
6.555768359405102
8.731604858271975
9.742752793931983
9.090724658135988
8.669799502594875
4.662388012699979
7.338691755696133
6.770520104999974
9.009110325727987
9.451833790727973
9.401068565282863
10.211104940999993
6.294539198299987
8.33843793330382
7.163681954999976
7.512649497999971
6.9654643157999825
6.502025039696136
4.986852987696131
4.284507205199972
2.667107527199972
5.126346774303806
8.183063124067967
9.572921009858536
9.30913584127198
9.738998008795969
4.428540777599984
3.1534554213999706
6.926306002797422
6.308898973101248
4.635743264799981
5.037883003199977
6.423800216696133
7.028001267999976
5.656735125696128
3.688805961599965
4.02069753879997
4.18482571110124
4.381466737399968
3.2604058989999656
5.6560251937974
8.110882026696132
8.192438726797418
3.936136814899975
2.425906875599984
2.0985171065999704
5.323030516099968
7.737048452797415
7.149533236696133
9.144794560135981
9.249588993863973
8.342357275271969
6.535774488797401
5.069302571099978
1.959115817299974
4.123014652999989
4.334323159799968
5.651314024405092
4.58880406340509
5.435164251696131
5.978372894299979
4.8118863830999725
5.595459262101252
7.864881393405093
5.234347805797408
5.322071946696122
3.8495833191012374
8.13247162179597
5.696146249405091
1.2306090840211859
2.301414106799961
2.343617398099961
5.410624478101249
6.801797590599989
8.630284373506395
8.237555165101266
10.070750051929274
9.789112998999975
7.513245654203962
8.792523326101263
8.692314024405112
3.921324435405085
4.533097137506366
5.696393551599975
8.257697537199991
7.90377244719999
11.252653841999988
11.884922277999987
11.373771045999991
10.226541610787825
8.511826701271966
9.482838639863965
9.900091648929257
13.363857709999996
13.793739915
10.835828792999994
11.38226330899999
13.291869022999995
11.360469207999975
12.70241118599999
11.190303153999997
12.901677668999989
12.047436558999998
10.45592307900271
12.204984185999987
13.050164988999986
14.657047217999986
14.537908831999987
13.977294835999995
12.529170524999987
7.8073214858986955
8.644616258202541
8.568376347405112
9.288898480207989
10.492023381000006
12.072799125999987
12.02293996999999
12.32896472199999
13.269118278999994
13.635542544999996
14.169736995999989
12.024819840999998
10.40098014520399
11.221398154994569
8.997695223999983
12.936829996999986
9.954255401717077
12.168580185999998
12.094508309999982
12.554612084999992
12.834845359999996
13.920183446999996
14.570007056999987
13.048295884999995
13.40940168199999
11.734241547999984
6.449152830493559
9.849657670727977
11.347960988999985
12.21495860399999
12.691063398999997
13.508841071999992
13.469991887999988
5.332071015898681
4.691155761696125
12.471816085999995
8.0410801818987
3.779983496101244
6.527381469696121
9.505648213135999
9.459018981898712
6.83587843779999
5.517061395299982
6.665576132199986
5.807672209199984
8.234134844999977
11.073411204999982
10.47999107999999
10.640117370999981
12.578086062999992
14.066648238999994
13.629663027999987
13.681771845999991
11.778990998999989
11.790222274999994
12.304766076999982
12.357530341999999
11.244384185999996
11.986389251999993
11.493757235999997
12.798062147999998
13.593676231
13.209194379999994
14.335625442999994
12.088978946999989
12.736019308
12.75216857599999
13.835495366999995
14.190564005999985
14.500153581
8.22203495030382
6.324265187101255
10.377882602999986
12.242781363999985
12.487437313999996
14.578185270999994
13.824581092999987
12.836412821999996
11.178655280999992
10.885721142999989
12.530902872999986
11.655114789999981
11.617808677999985
12.792999546999999
10.937857822999998
8.869326266506393
11.540432372999987
12.984401119999992
8.337121812405105
11.089427216999988
13.01642783999998
11.588621715999993
13.161544910999982
12.989929490999986
14.15342477099999
14.713393757999988
14.411774883999996
14.354562812999989
12.616945008999982
12.030319848999989
13.252232744999988
11.117386129999993
12.330569524
12.03961615399999
14.172721788000002
13.756541211999998
14.569421982
14.522446320999993
14.430394654999994
14.432805644000002
14.224490058999994
15.298682468999996
12.717268186999991
14.307034440999997
14.301007274000002
14.304568566999993
12.42704087499999
10.999968920999985
9.335384181207987
12.144526364000003
11.331298823999981
12.183812629999988
13.629375670999988
10.795372136999992
11.825011706999984
13.162937843000005
12.15127283499999
12.588644422999993
10.17162234327199
12.744252386
11.852618891999985
9.02841409449359
11.390986175999995
11.888168790999988
13.159487978999993
12.494438010999996
13.63174744099998
14.433015692
13.145019935999992
12.413866340999986
14.344226677999993
13.514334371999992
14.356804923999999
12.526820890999995
12.895384835999995
11.862702071
7.625229289202537
12.009482501
12.084885148999984
11.64437881499998
12.204256902999983
11.320373502999992
12.515050495999985
12.829837404999997
13.90619356499999
13.605685731999992
13.860528956999998
12.747740192999986
7.329468817101261
4.665438270594849
7.35816477359486
10.694840758999998
10.362217417999986
10.207861408999984
12.141025217999989
10.899258593999978
11.158637859999992
6.999225830101246
10.391482072282852
12.44118620899999
11.162390728999993
11.156906075999988
12.253146131999989
13.000372487999991
12.055635096999987
12.741463112999986
11.072372704999983
12.313151964999985
12.99335061299998
11.577916065999988
11.201409020999984
7.569719377101259
9.494501959141424
9.87271260521214
11.08988855999998
10.190709774858542
5.459831962594852
4.339924345405088
8.814157768202541
11.547159694999989
9.521385008135987
10.269038450717096
10.726402231999987
10.611537520999981
9.38948113099996
8.78298421179597
12.392853673999989
9.376397882067982
6.535098121599982
5.755476777599985
4.076179035899981
2.957528193699969
3.991961262493561
5.920684887696131
5.664769113202531
5.7113315947974
9.628633718929256
5.494774172999971
3.390494183299966
3.56459195399997
6.3526784865948445
4.020976559405083
3.947874104303798
6.483924745202515
5.204641845696128
3.8024037154935524
5.254787638898687
4.694678997799972
4.356960768101237
3.709234475699969
3.1758522582999937
1.8798151076999887
3.1720578216999717
3.668211828599965
5.550363075303805
5.2867199004935665
5.752513304101239
7.456180396999966
8.485345010271967
9.628362451135981
10.097519280999984
10.073041989070695
6.643337948594854
4.575846232594844
5.186232722506371
4.873223463399989
3.145845362899988
3.144375512699984
2.423956236299985
3.6176124145999733
2.9363269423999734
2.4237908339999716
4.048470904493569
5.963089781202532
9.333945640717094
8.208637640405108
5.98319398649998
4.7997502608986915
2.844326731898677
3.0193453490999675
7.900291679405101
5.740307823199988
5.016752156101251
4.445987686199992
2.708047520399986
2.5447397704999797
3.9122335982999683
4.026423165898683
5.541552876303804
5.873135769696131
4.3471400223038055
9.914573622070696
9.848660546929256
8.490141610696151
7.794356185898693
7.3389984024051005
5.272473629799977
6.325036495999966
8.818616992202543
7.523508779898693
2.5263359054999803
1.1818727818353374
4.652150033599972
5.320702952594855
1.9426845061999722
3.7509289519999873
2.4569116851999744
2.728971002199967
3.91718245089868
0.6911906597070492
2.5678856994999757
3.090792518599982
2.8759662826999732
3.8722015380999766
5.083292980999964
5.139497204594842
6.202133564797406
5.206248382594837
5.283958804303799
8.130202542101257
6.469253193699982
6.653579890399985
5.9130930098999785
5.309684733594846
4.653928948999956
6.302968122898691
6.7869125350999795
6.15800075679741
6.631527476493575
7.30345956120254
8.646937086339982
3.261817353799966
3.3425355620999726
6.337035571303818
4.581214395099977
4.248109143099973
4.720719073506368
5.911551420594847
4.283182223493562
4.8386307343037975
11.289395278999995
11.281440397999988
11.387637781999985
9.699086816271986
10.57809377099999
9.70459821313598
5.7545718582025165
9.471161291646363
9.682838175999969
10.32361345821214
9.844182470787825
10.648556202999982
10.894079184999994
7.335955230699993
8.663031553594866
8.015604296931961
5.914743060303795
9.610886686795984
13.124918839999989
8.468455390898704
6.048256341599986
7.351412673999982
8.593975199931977
7.165364192202541
5.432937177999979
5.4204594253999865
4.632291574099984
7.101812904405098
10.80406574699998
11.724763892999988
10.876539493999978
11.407990078999982
10.334697796717101
7.8079960251012555
3.1509136184999758
4.396010563699981
6.732280743399983
6.365520982399991
5.090468771399991
7.108650634799987
8.57307909089871
11.020697660999986
10.545898452999982
11.232696444999991
11.941914389
9.259902850203984
11.548316044999988
8.567262063727972
4.673275013696126
5.8328213057974105
5.229094529696123
7.809853274493582
8.176511019898701
8.812261845405105
7.91219517820255
7.7066136016961435
5.476409188799984
5.536056144699985
5.987229177899992
9.348388174271987
8.037849954202539
9.426259194931989
11.147725322999984
11.469546676999995
13.165497332999994
11.547535207999992
10.301585758999986
10.860331360999991
12.257083638000003
13.01163254699999
13.097677761999993
13.04082575199999
14.287394220000005
10.69024600399999
11.579302179999996
9.72879501965999
10.275447999999992
9.413904762303837
8.416554580699996
10.206139120353583
10.415602787999998
12.718520972999986
12.586524688999992
13.641088976999992
11.55480541499997
9.456686909339956
11.855155410999991
7.32018330527195
11.642467439000006
9.907443130353583
13.217365662999988
13.489949529999997
14.166080210999992
14.521832277000001
14.8245713
13.964003084999991
8.98313058779743
11.510060814999983
11.576206643999976
11.344135532999998
10.624464747999983
10.001452377212152
11.55316677599999
12.971340943999992
11.460187353999995
10.914508138999985
10.960854409999982
13.56023737799999
13.131699184999992
12.335174955999987
10.808744436999984
11.877712444999986
9.454928823898712
10.621374375999984
12.53111139999999
13.004393654999982
11.810472634999991
13.720965959
13.339711390999987
14.560664483999993
