12.097465633999999
13.251549206999998
14.669503788999991
12.036206084999987
6.423201863099985
5.581196737699988
8.706421710202548
9.510659355135997
11.323243081999996
12.237531267000001
12.675202974000003
13.071352198999996
13.308963643999995
15.275376217999995
13.732124143999986
15.748970003999991
13.887147710999994
12.703978245999997
13.377005891
13.454960781999995
12.025125696999988
12.134767734999993
9.169708679135981
12.772550103999992
13.64480052299999
14.363117545999991
11.856699520999992
12.449305910999998
11.971700313999992
10.469869220986398
13.718261482000006
12.726990291999982
13.022237118999989
10.931716453999993
6.157910594199993
6.792892929099993
10.064318211271988
12.70139469599999
12.504604892999991
11.657142785999982
12.528751944999986
13.264334934999988
13.89914381599999
13.202025817999989
14.236581969
15.216335153000001
13.249182491999996
12.67682084799999
11.786522986999996
9.835648982135988
12.431062604999983
13.687810642999992
13.42322791899998
13.90503663599999
12.67288341999999
12.503484673999992
12.352954523999992
13.841612903999987
9.49024031986398
10.088163606212133
12.633606086999995
13.21915468299999
11.425083051999987
6.396066500899993
5.177213908399987
8.068839388999999
11.203675937000003
9.621026986700013
9.503794555795979
10.845784272999994
10.213459862999992
14.088140755000001
13.719485753999985
10.969082393999985
9.336032380696153
9.55994178007071
7.693451849399994
8.710002668797433
9.675290704203992
9.9758821078472
11.285113114999998
12.570645722999993
13.496376101999997
10.00408087906113
8.013295523100005
8.622138200400002
9.562139254797447
11.837502602000011
11.45542631099999
12.881907860999995
12.345784033
14.262507831999995
13.404817025999986
12.219707627999991
11.546423131000003
11.937889156000002
10.796351216
12.153921405000004
9.581061746135992
8.639800898696151
8.085975888101267
9.94903423459488
8.079112803594873
10.693172652999994
8.632989878797432
9.231627062999994
11.446360575999993
8.0863065704051
6.14992154389999
3.976867753599979
5.720579731797415
6.993283479303821
8.666601405303824
8.093371630898698
10.947126061999985
8.835594515999988
4.272818287699984
4.553943330399996
3.5005557036999932
5.14252566529999
4.642212579300004
4.788065953100007
6.119523449699988
8.521443904101275
7.973945278898705
10.833181481999986
9.568990460141423
6.477197196999977
2.6093758727999887
2.299678105199992
2.492603010599992
3.547676422099991
8.477519055202544
7.839931472797424
7.084189703405102
5.503049533099982
9.289010525646379
11.167744558999992
6.835039051797422
5.4962693648999865
3.763396902499982
6.971451730303817
3.940591149899989
2.6882555678999975
1.293994650299994
4.2830571792999805
1.570557902499993
2.623091067499987
3.3014390181999844
3.2305805388999853
5.8915520004050945
3.3077062713999896
3.8435765777999857
2.7035049102999857
3.026719876099991
4.803851167299991
3.7505524032999964
6.415326092499987
5.9371780883999925
5.545809759493576
5.40388551479998
2.1799344253999924
2.2064933242999842
2.9171906005999784
3.4486020049999766
5.429271801797417
4.342728749099984
4.156424789399981
2.4194487410999814
1.960427598599984
4.227543580599979
4.177509243799978
5.057124137899988
4.246051832599985
3.361288986199994
5.26908814539999
3.838141308599984
0.6856691222135942
2.665169534299998
2.741584068299985
4.392076205400006
4.1703090102999925
5.42489403839999
5.271091319299986
5.089905212399975
5.326601245101256
6.480226768506381
5.275229089399993
4.216807202100001
5.838708865399992
3.2796620315999925
1.7505885405999966
1.8174897719999974
1.5501639374000034
2.866354243499992
4.50186054079998
4.091429582199973
3.4727891845948364
9.715611669931986
3.2785896117999775
5.901893418899988
6.855732476797422
8.986955871594862
9.423458012271992
5.18703459009998
3.8972730880999826
6.886974342303826
5.724826415999985
5.277343905599989
5.406010588099983
4.66782997739999
3.627567407199988
3.1351695296999913
2.3728185454999986
1.1644807311999972
1.8276531158000047
3.9191570998999885
3.5011638762999833
8.411024050898702
8.985836837797423
5.058459959399985
3.218210601799996
3.077713235499993
4.362017420999988
1.8079208190999874
3.135783084099988
2.7934106704999855
2.350124757399997
3.2093420134999904
3.68320435789997
3.487317556799986
4.49698422699999
6.490447363299988
4.292596816999981
2.0253637618999805
2.4154283874999853
6.272837325999975
4.28831907649998
3.0367585036999896
3.028232583599992
2.9298230956999904
2.4884401977999753
5.141488990797414
5.506822788999968
4.19818893429998
5.206513877899986
0.9733543642999863
4.220480729699977
5.392541799899988
5.3561971343999835
7.316188897699993
9.194131372067988
9.40966949459487
9.878172265717106
10.80571090899999
9.363031742931987
10.032039718727994
10.244645007212148
10.887839345999996
10.119009222271993
8.01493424530382
7.67300217740511
9.258714688101268
8.811647061202546
7.7333338943038274
8.874350958303829
10.033108247282861
4.9514004958986915
5.657925064101246
5.367136546299984
5.725260919199988
9.984418364999998
9.60826320189871
12.13946513399999
5.170748210099987
7.755268791202551
12.107840220999993
10.51655748299999
12.376310341999996
10.802502794999999
10.831100683999987
11.752977691999988
10.22695408178782
9.08397878269615
7.224145712303828
7.256543104599991
8.263021191405107
9.881574868863993
10.880515134999989
10.913644431999984
10.805815612999982
10.038185523999985
10.78124858999999
9.31733267520255
6.0746405974999895
6.189573924299989
12.252360056999992
9.212677752795985
8.099838348405106
10.94503640099999
10.571516996999986
4.536723045299975
8.21048464969614
6.56356407469613
3.879284416199975
4.12265573269998
5.1345402556999975
4.4601020324999885
6.231431617699991
8.868769511405098
10.382776137999992
10.55891339999998
12.548922454999998
13.215825958000003
11.53214184299999
11.502063521999988
9.211948863202547
8.340691506999994
10.19357113635359
12.405747080999992
9.541887272727987
8.695544604506388
8.718793115202542
12.061225626999992
11.014027463999994
11.053013273999994
14.314624337999994
8.934688476727972
12.363285384999978
12.702245533999998
12.114743911999996
9.242933624303829
7.163643637101267
8.72503801420255
7.867148304696147
10.475597313999991
11.882405665999991
15.033022548999996
11.158026589999986
8.819982934594867
10.592940629999978
7.4727076919999895
5.636407412699986
7.324476771499989
9.418830996795986
9.206812646506393
9.143212683067986
13.209943081999995
12.385105874999992
9.730457261795989
11.473948212999993
11.321030398999994
12.121891305999995
6.72612771450001
8.787120936727979
10.375332514999997
8.0039440292
8.526655384797442
10.810046734999991
13.442047584999989
12.30900073699999
14.256652700999997
13.023378194999987
11.94127836899999
10.55391075899999
13.516414204000002
13.777001873999993
13.708793648999997
12.758287043999989
13.188119680999982
9.253077000405119
5.594471546899984
6.765715011599993
8.612853340101266
12.318323195999987
12.547903890999981
14.172906309999993
13.557549526999987
13.992028843999986
15.34228249699999
13.674847338999985
13.852995354999988
12.58510384999999
13.683458300999988
11.44748194399999
11.60938545199998
12.310160808999983
12.796764812999987
11.992459144999989
14.457940873999998
12.94146711399999
12.572531511999998
11.815782532999998
10.844040989999993
10.020016445931988
11.497368755999995
9.769170051727993
11.543793329999987
9.209744035203986
9.298965220594875
9.395364526405116
11.623512512000007
12.408396071999992
13.929018899999992
13.62505850799999
13.901107206999988
13.79708272899999
15.308117690999993
12.220258767999981
12.256906986999981
8.817839993203984
8.073754669202536
6.631692445399985
10.648576337999994
10.89633902599999
10.655529667999986
11.019247861999991
9.724732197594886
9.781941612202564
12.876917353999998
11.683448778999992
10.398714765999989
9.239463058506388
9.643006968795993
13.198981116
13.337090746999998
11.944879651
12.805081406999994
12.699861934999987
12.296805093
8.920432637000005
5.0488457367000095
8.173248454300003
7.797803755199992
12.039087064999991
9.1701269485
12.029047359
11.022346355999982
11.653875649999998
10.811615706999989
11.163266619999993
12.048218390999999
10.988588285999986
13.205986321999996
13.065496139999997
11.718760732000003
12.432631865999989
12.571301136999999
13.012098544
12.552305257999985
13.273880918999994
12.301938379000003
13.644581049999998
13.253093998999995
13.831724720999993
12.514478731999985
11.02695942799999
9.893060673659988
11.684080471999996
12.058818342999983
11.730136587999986
12.708551995999986
9.518609515405112
7.644358642594862
8.410102777101267
6.545282771299993
6.627201310700011
6.784098623700012
12.859461658999995
11.570129854999987
12.930452811999984
11.985657259999996
9.382302049303838
6.334574978599992
5.031498860199991
4.551039906299998
3.9685560393999983
5.595346934499988
4.045014150999987
6.7778481673999895
7.009393833899995
8.070046340898708
7.484469268799991
7.605614610299995
8.515818620303834
9.01520900269615
7.755862794506393
7.495109014898709
8.489271119696154
11.289840403999992
7.866778912405111
4.534232691999985
5.400736349499993
7.146171153299991
8.588837342797424
5.733505369599995
4.36412330929999
5.020848010299991
4.595031678799999
4.8528977584999975
6.001071060200001
5.673062246699987
6.799827398699988
4.135343817099986
1.5937059310999826
2.3365565215999804
3.56462303919998
2.261904974399982
2.0597921599999913
3.7088139937999878
2.3157583220999984
1.3559410460999992
1.0024974477863984
3.002948840299993
3.91046613009999
5.692632022099983
7.565192257696142
9.746020681858548
8.025393453999984
6.39327973020254
4.28035061949357
2.059296644599979
3.9040553390999704
7.481676008594861
7.126415182499987
7.096564128101255
8.053343756101254
7.917261563101261
6.95726149289999
3.9928558181999874
3.7586136107999906
3.258652648899995
3.1699272521999977
2.6332699065999963
4.879789736899991
3.47831273189999
3.171004324299983
6.846397080999976
7.016595153797427
7.950450804101267
4.894108248899981
1.8538927123999736
5.143970426899976
6.35101314849999
5.7821526870999875
4.152361306799992
2.4446762221999885
3.0849628875999913
2.7516463561999935
2.089470379599998
1.7197522643999987
1.0293734676117143
2.3470150390999875
2.553619763199991
1.5914168914999842
2.8847012679999775
4.374002691699987
3.3628967803999856
1.5728406508999861
2.770068467699993
5.409705490099993
5.315314054899992
3.7638189239999855
3.096021726999993
2.0419354385000026
1.5701086753002738
0.9620908229800013
2.7551120772999833
2.9617046340999877
3.419539388999984
5.045249821499982
5.888637895202542
5.490377635199984
6.058068948399996
6.559227189599986
7.678016682405109
5.9990803313999885
5.175274119599987
4.142425723299981
2.9980966384999976
2.6804769317999972
3.694108537299991
4.472196546899986
7.630488073696153
4.84990892489999
2.7572789901999832
2.35372622989998
8.085859416202547
8.53448718869615
8.477087481696147
9.038495722999986
8.735349928303823
10.863845807999988
7.852630419898702
6.125951191696141
8.346856130999981
5.674838970899985
7.34351157069614
7.1280941268999864
5.228316227699984
7.070324679599991
10.374249022002719
2.2567616546999836
3.449119746399986
3.6116213363999785
8.948755856203977
11.02913144099999
8.0355752578987
4.545058239699988
2.3237599547999843
4.549862931799979
3.2199652862999906
3.2624695861999897
2.926009793099985
6.203498579405105
10.264985311929268
6.652024815405097
2.263968630999988
4.298057823199972
6.9905653319999885
6.902231881696143
7.904980258202543
6.9659554976961395
7.948511323493579
8.75314901120255
7.188972737099998
8.548581346101269
10.430295955999993
8.477492253067973
2.3705916701999836
3.5849215362999804
6.939043658405093
9.112839759863984
10.455014422999989
11.155086498999992
8.966637498506403
12.070903318999994
8.129035227999985
5.678660697898693
6.127508032199983
9.163060720797432
10.169031118858548
4.886690426599978
8.722304057203974
5.657837202506375
8.914597409101262
7.81374399410127
6.841392726100001
10.12050076764639
11.393510749999985
5.733612313799974
4.6241317855999675
4.111439395101245
7.472842306493571
10.746254419999998
8.380727484067972
6.899103834493577
7.388946581999976
9.784426409929264
13.313027907999983
13.628067206999992
12.377641099999996
7.682946041899996
8.150343537898706
12.358770724
13.296108593999998
13.165114775000001
11.547196995999995
12.125562549999994
11.814339209000007
11.772472370999983
10.518509472999995
10.192768380787825
14.454507029999993
11.94161128199999
12.304092916999977
13.949988439999995
13.625635070999998
12.256233869999996
9.692858450212146
7.827423352099998
6.512574951200006
3.4426432372999956
7.767566804500008
8.701678729200014
7.028263244599994
5.535198489399989
5.473330038499991
7.984965364101267
9.67386246496945
10.809913013000012
10.110411911
11.62817699099999
9.369182170067985
10.03693618490832
12.32000173299999
11.52400418199998
10.533545483282857
12.089107969999986
12.502766979999993
13.521964840999988
10.146706144787824
11.666273296999986
11.009777173999995
10.43303578899998
12.991885230999992
14.521782113999986
10.919685315999981
10.715546410999977
8.722477815202557
12.052471305999987
8.294751461797434
7.395989021303825
9.92938026114141
11.702668328999984
11.910816141999994
13.493267989
13.734475703000005
14.120125107999993
13.986824958999998
14.015912310999997
13.248149073999988
10.893137772999989
10.21413036028286
11.029010242999979
13.367762957999988
11.356567660999987
11.296933993999998
11.292991587999989
10.795351206999984
10.710574131999987
13.961803521999997
11.085757604999982
12.928524753999993
13.204576408
11.970419193999989
11.741762830999994
13.043041068999987
12.567146195999985
14.659658306999994
14.675182715999998
12.997352177000007
13.164061279000002
14.179179598999994
15.22215752899999
15.457122526999987
13.344148443999984
8.217263133202541
10.136347659212152
11.337884876999981
11.51171968199998
11.037517670999994
12.034426888999992
14.24410633699999
11.42275191699998
7.9811106552025395
11.598045900999987
12.926687253
9.655380873070698
9.005204305999971
11.526355361999986
12.82442969699999
12.027035114999995
13.416158263999996
14.015404744
10.47364355599998
13.358401662999993
12.134302680999985
12.08983296999999
12.585444530999988
11.560887165999993
13.891387346999988
13.891437182999988
14.102316614000001
14.934041576999991
13.389398655999983
12.019130779999985
10.057832176141416
12.414937688999986
14.481495637999993
11.84306364899999
12.056942846999993
9.596652917506406
8.184879515101278
9.223928527797431
12.971735775999992
8.625370909101271
9.561544392405123
8.42967021480001
11.6801284
13.132965293999996
13.597862864999986
14.057420029999985
12.666687298999994
13.204919347999992
12.26679143699999
10.036093561999996
11.661386983999995
13.881584185999996
10.582711171999987
12.455856070999989
12.603010349999995
12.016774443000005
10.891222008999996
13.115845577999988
13.822946186999996
13.416000112999987
13.55633818499999
9.685083561696155
8.84149962159487
10.192433163339993
8.473722222900003
5.752128666699982
8.379536646999975
8.600441134594883
9.513646077000008
11.019293593000002
12.604744886999997
12.853284352000001
12.780649508999993
12.440974906999987
12.117054955999988
12.551069846999987
11.889336478999997
11.156886864999992
10.174418263141428
8.962302093493589
6.614938220202543
8.841449688787801
7.87827274779743
9.359618064898715
13.466576030999999
11.570154868999996
12.431841558999999
10.152822931989123
6.651115684499999
6.730836674499996
5.497900527999996
4.996364257799993
5.427786878999992
4.975181912199989
8.988143667594874
10.435896465999985
11.315599206999993
10.455009772999993
11.988064667999996
12.568683043999982
12.179586486999991
10.282872594008154
9.605468562203992
9.913089286863995
9.146160438493599
5.514441265900009
8.739451399135973
8.467703568999987
10.153514871135991
11.292869979999992
12.481469901999985
12.363101777999985
9.02638473049359
4.767519235199986
6.94846170199999
8.305488069202555
5.670741313199987
7.518173608399991
6.386678976399995
8.095235761999977
7.448390127594861
5.55710130459485
7.6491693526961475
4.5677467727999765
6.060212100202536
4.703448303202527
5.947687338299982
6.439351966899993
7.8585087996961445
2.9912123305999856
5.8544985549999895
5.4772652389999825
4.948973789999981
3.5696420104999884
5.356847070299985
6.932400003099986
9.171965333594875
7.3158103866961435
7.275870977797422
8.184327191202549
6.69322844239999
4.974801763900005
2.9216949874999893
3.452107339499984
4.0551280944999855
4.95982378689999
4.233175082399992
3.953914949000006
3.53180819849999
2.78628536829999
4.348455291699999
3.684753347800003
5.797444003299983
8.169407983405108
7.8083789077974215
7.323679356405094
6.71010409999999
7.018320152303824
9.340071678135985
7.652207176199996
4.263126667799987
4.54981226039999
4.161827941899989
3.1198133468999902
3.698862834199998
3.2530701552999965
2.729232476800001
2.8296261397999802
4.600767758199987
5.407954334999996
6.600368272405095
8.926594290202544
11.206767512999992
10.432550480999986
8.234549647493584
7.147296122699988
6.748558036799985
6.000122540299987
8.346690043594856
5.6056355849999795
3.4322906798999826
3.0611152648999855
3.5683435744999907
4.657105728099987
7.668519656405107
5.2693981093999875
2.8833663115999757
3.65671173709998
2.151690872199989
8.101127270493581
3.6206608947999843
3.508462927199976
6.6913654586999884
7.339598672506386
8.688439849898705
8.796305895999993
7.680881045493583
7.790049499493585
7.499142320303822
6.8497208633038245
8.172188847405106
6.990993254101261
8.272814768999991
6.470987107797419
6.045726583899986
3.8014013366999886
4.9590767821999995
4.308159716799991
4.791112080399995
6.366664413506383
5.5256814255063755
6.441333409099988
6.560380616799988
3.9575847609999837
5.325564326499984
6.887727178999992
4.86758675539999
5.4923770400999885
4.546374734499991
5.114665629599987
4.355938449099982
6.967859501594856
5.341415402199981
3.3325621184999763
6.275505996696142
8.598705644202552
6.8177427611999875
8.315802519202554
9.296300315898716
8.729038034101272
7.226776568594863
8.774560508696146
9.800366567999989
9.163913209493591
8.83635482330383
9.909513600135993
8.054755926499993
8.10845131069615
7.1823673264051076
6.714024233999986
6.986360641499995
8.13608727420254
8.233725938405104
8.460665293898707
6.703921493493579
10.049691697787818
6.707252362101262
9.990549499646383
11.50971393399999
9.351010673646371
10.66730396599999
10.862227665999992
11.114590062999994
9.078995210303827
7.844514855999998
5.31453204959999
4.143521865800008
5.023548994399983
5.063265626499999
7.659203063999996
8.790002728303833
7.752006164594869
6.797518968199984
10.217969689929266
8.769954869101271
8.862321791101271
10.08488675528287
3.4773052672999687
5.529882438696138
9.078844648795979
7.328109236101264
8.816335429405106
10.868455622999978
11.40055960499999
6.7172353469999875
7.6574370315948626
7.671091265899996
10.161007029999995
7.681487187199996
8.229177523797421
6.0602518325999934
6.885602268999983
5.763581915299987
8.146997627303822
9.315199159135986
12.27727888599999
12.752749891999994
7.5664710296961415
5.5584609405948475
5.186020411696126
2.4191055404999684
5.539134088101248
6.1358511474999835
9.051616136135978
6.460517715506372
3.1097784575999765
2.4538596221999693
2.479230760199964
7.040942954999977
6.643109129299995
5.884493264799976
10.664038236999978
11.851758783999992
11.541796264999997
11.774694794999995
12.401848666000001
11.813884438999999
13.32209299199999
12.64366227299999
13.255061997999992
13.20822310599999
12.263824271999987
9.91401963335358
10.221519993999983
9.053342199787817
11.408129387999992
11.079350876999989
12.301886852999997
12.506442272999998
13.005560938999999
11.015382592999988
7.037982440202527
9.720088482795987
6.786696417200001
8.865208142101272
12.944386248999997
11.868140319999995
5.710064308202528
10.803902356999973
12.255004236999989
10.979434189999985
13.01033550099999
12.469798177999984
14.065362295999988
14.217779891999996
13.890054589999991
12.651132926999992
11.029622287000002
10.637281873999996
10.55430114899999
11.637048734
10.006849026339985
10.389540479013595
9.293051892067977
10.269253446999986
11.197648040999988
12.350974936999998
12.148815236999996
12.07738486899999
12.937317756999986
12.46617052799999
12.592827804999992
11.19474737999999
12.969585158999994
11.025932131999992
10.49460012084721
13.029629551999996
14.260438808999998
13.13890788299999
13.610463433999987
12.495449202999987
11.875056289999986
12.728798795999989
11.80276884199999
9.267888862594868
10.210360965000001
12.07095460200001
13.558369149999992
13.986382743999986
15.36782752699999
15.50907857099999
13.94081872399999
14.540348345999984
14.042323421999985
10.288682255999984
13.049900420999986
13.412781840999983
14.064138546999988
14.711354575999994
12.835161629999991
10.329542495999991
11.678098746999988
10.873518059999988
10.639607743999994
9.52305682213599
9.463116918898718
9.528510601863989
9.169073472594876
9.438166917282864
10.527776883999982
9.201390940931987
8.5304448105064
9.959324029659992
8.56595387120255
9.794824830594882
9.003597906506394
8.285892835999991
9.115769100999984
9.527243313727995
11.251124529999991
12.293988512999992
12.634451803999998
11.85479068799999
13.411059488999996
13.445813888999997
13.456877280999986
13.944633045999998
11.815851160999985
11.129417513999988
9.78797414565999
10.164574189863988
12.158820922999986
12.883240589999987
12.330368015999985
9.52308672020399
13.549847403999998
13.188005413999996
12.192495785999993
12.995478624999995
13.150331989000001
11.89724282399999
11.800914463999987
9.47916236886399
7.366416860999993
4.9165430312999945
5.21697196039999
5.414129283099988
3.1588857772999974
4.606914237999982
8.123297308299996
7.145879363999988
9.558901629727995
9.574786839203995
7.074687049899998
5.974686822499991
5.888029487599993
9.59125904527199
11.279679885999993
11.914905422999988
12.574248601999999
8.223095039405104
11.256794605999985
8.587073817405113
6.7810575728999885
6.4126177657999905
4.677035232499988
4.648453755199988
6.593077149999985
7.942105702200003
6.9627181304999874
7.656879185499996
6.8411016205000035
9.299487927202556
10.518896000999987
8.146803263898708
10.303040610999995
9.747381854141429
8.489748321493588
7.688050582899989
4.910170260599985
7.946365656999991
6.193327125499995
7.290464665199995
7.909957118202545
7.981019201696149
4.4836500274999755
4.217421800199975
8.473379351797417
9.426726394795962
3.598056387299976
2.9836346785999774
3.581807107499987
5.09002668459999
2.2818669860999865
3.2666247161999893
5.478953143299982
8.290344125405113
9.222172637931987
5.927613575696134
7.604353187594867
9.66622547772799
8.859982641594868
6.9631270781999905
4.925147952299987
3.8406873000999884
2.0734877349999867
2.8544406753999887
1.8324394622999904
2.296336601299981
1.9553522170999895
2.1408658553999915
2.328869015500006
2.594877862499986
5.259615270999988
5.213464952099991
3.7495090850999904
2.6855989287999935
2.8761148070999876
5.599310995506353
4.405959928899979
3.6737263717999737
8.251889991797428
3.7533874129999867
2.025900135799999
2.0369856400000046
2.0179861954000047
2.5795572326999885
3.292861672999991
2.988712741099989
4.986844917303807
10.413150461999988
9.509662995931993
4.999699639898693
3.6073245070999804
3.6606130492999895
8.655603854405106
6.409812773099993
5.809108276399998
5.73356735989999
4.87050880429999
7.620175587506382
3.1633858703999795
3.395522215299988
4.0866751754999955
6.106170606999992
7.4605819244051075
4.267869650299981
2.9811842254999785
3.45090932159999
2.0261011702999925
1.6865692382999922
1.2324674743999948
1.8154934493999904
2.751648176599996
2.4575466369999948
2.3646877608999866
3.1012912200999856
5.079919451899988
4.934178210399984
4.9090534163999955
2.811456964099999
2.333187371800003
3.8280361022999965
2.2455377044999967
2.9860621734999975
4.552014430199992
4.946831338499991
4.469586743199988
5.3743287307999825
6.330251414499988
6.219889660594865
1.1246764878211983
2.805377888499974
2.7818765090999844
4.732182388299979
5.221519409199985
4.317680218499985
6.0505095642025415
7.875755079696143
8.436006430101266
6.349068235797412
4.197371826202529
1.5171025466999926
1.1639679022858396
3.9368036269999727
2.871622677599987
7.297202191202535
5.634085053999981
8.94244953459486
6.659515432696145
3.3514991210999865
2.303668165599993
3.5958008208999863
5.255497370898684
2.9631171615999783
2.454692614699982
2.377220509299988
2.355186518899986
4.248105041499979
4.990404273999983
6.9017359740999895
6.184644004799988
6.0137193542000045
5.170303681899984
4.052785346999984
2.7921067519999934
3.3910893692000004
4.352824479699991
3.8711825042999792
4.38649380489997
4.578405953999985
3.285395613099998
2.4241446792999954
2.609725633200004
2.081290051300008
4.39767320099999
12.316841556999988
2.274801470899973
3.7610377242999857
5.910549092099984
5.253910588099993
2.9971393906000046
6.611892904699987
6.467328512594861
5.146906779499978
4.707761175499986
4.414082664499985
7.533861617999989
6.432428099099986
3.710178379799985
4.075937782299987
5.076891534399981
5.776782575999977
4.228234950299982
6.212926158099988
4.960216628999985
7.790678803999983
7.342012661696138
6.363556027199986
8.031148489405117
9.047029316696149
8.55802535099998
10.158328283795992
8.412208084101263
9.063700123727985
6.424797148101234
7.393494134493581
6.598993011506381
5.038553652999977
11.398915503999993
8.179689933797427
7.399649282799993
5.482863330099989
3.524743496699995
4.723977273599996
7.767200772101266
9.305976681493597
6.706304687499999
8.578307635506384
11.480908516999987
9.577728134141424
4.086358654799987
4.6115191268999824
4.973647663899993
5.242076345799985
9.358386166405122
10.452227514999986
12.261244109999993
10.985063097999983
11.33322692699999
12.682350805999999
12.532223052999985
11.823703206999994
10.514380373010876
6.775411468493578
7.667458325202537
10.186503512727985
9.474988641271988
8.165956201202548
9.486969918797433
7.132749633800002
6.921217596400001
8.674380317696155
9.654034214797438
7.054939846797405
8.76980409699997
9.304349699405122
13.523405146999997
11.649494283999985
13.151958314999991
9.241417269898712
11.180617995999986
10.581092782999987
9.010830033931985
10.791494118999992
10.425811275999987
7.829965208399993
10.786538628994554
13.236754065999987
7.677946798696144
8.558052697797427
11.463246667000002
10.161488651999992
11.264163856999993
13.321163927999997
10.500994565999981
6.719593652303815
4.7715755843999785
7.871046037303831
6.7120194304999865
9.234628454594871
12.114139020999996
12.626866430999995
13.699978917999998
10.640243633999987
9.097560404999992
11.402719315999988
13.057740604999989
12.058103438999996
10.503274526999991
11.947585200999988
10.944744172999984
10.54456794899999
11.081653290000002
10.925609983999994
11.722252974999988
14.052355182999989
12.504993000999992
15.126797983999992
11.950588999999988
11.888951952999989
13.334262093999993
11.93676740699999
13.329213303999992
13.216860766999991
12.405794944999988
14.447879395999994
14.908826029999993
10.22392169635359
7.537606512506387
9.991028138795988
12.078915378999993
11.172163135999991
11.131411623
10.004862426863987
10.590271332999986
11.243808767999989
7.475950379899999
11.777544730000008
14.006318741000001
9.999609500067988
9.547283087135988
13.726057211
11.109631258999983
13.213705728
9.204404359405109
10.947008564999994
11.973602786
8.839548120101265
10.218319332931989
9.405545541405111
10.05340052799999
10.544962688999988
8.451041303999993
7.187996090696146
5.691556407199995
8.806598059101274
9.00764766689872
8.6404838135
8.889856152203981
11.847303397
10.07640380235359
11.156497917000001
14.563830361999992
15.782973334999989
14.056289118999993
12.985212414999985
13.24468806799999
12.753599547999995
13.643706946999977
8.193759048506381
7.837046168493577
12.091826705999981
12.029928595999998
12.94114855699999
9.690103532405116
10.778704162999986
10.96758076499999
10.720996209999985
10.83787824699999
11.897537365999986
12.309529265999988
12.165765450999983
11.775998092999997
13.40150551299999
13.140732053999995
13.171569510999996
10.999921811999986
10.498407009999985
7.638714895599994
7.449973004199995
9.463315553203993
12.203379749999993
12.364869759999987
11.542010369999993
9.11265287920398
11.412236794999988
10.530982926999988
4.763979792799977
7.377834663405102
7.9701161529999816
8.85705481720255
10.617543981999994
11.770434252999985
13.532522518999995
10.74103292399999
12.27826023599999
12.131520711999995
9.776108100929262
10.323316972271991
9.98259186399998
11.502974036999996
8.559685690303828
5.87524083559999
8.502177308696146
9.948909983863992
7.186529946899988
7.371519750999992
9.222214483594874
7.850935345506391
7.7345859055063775
11.79523624899999
11.920789045999983
12.671443403999987
11.198987168999992
10.198252144989118
11.402062665999985
10.222743046717108
9.311809812931989
7.998904775999991
4.10039997249999
3.3702239531999894
3.4470955352999932
6.057475184599987
8.789499748202548
10.131231039282865
9.540347087067994
5.864569775405098
7.049948187303823
6.472913458299987
7.116728498797426
5.2068837340999865
6.6911485015999865
5.3113429076999825
7.752334419303815
8.104574052405107
7.452094183299994
5.175868403599988
8.099504095506381
8.4209548004051
7.698590328999977
7.098206811493589
8.20080428310126
7.250336283898704
6.88579280849358
8.56935732269615
11.052053454999994
5.472730544999992
3.687541694599973
4.585360847499989
3.40750393679999
3.7289348037999845
3.2003247527999976
4.421623159799994
7.55941239930383
6.1093312453999875
6.238071298202538
7.745569421405106
5.904600065599986
2.809324481199983
5.751007328797418
10.948585228999978
10.796169985999976
4.103388580299979
2.142648481799987
1.9652489959999864
1.5502854354999889
2.499742105099991
1.2897249785999878
1.4655059218999877
3.9124429291000027
3.1051552031999847
4.520417774999992
1.7735620818999913
2.4722710341999856
2.1298550841999795
4.092684808299982
3.137045205699987
5.558181169099991
2.315444213899987
1.1185056737929235
2.5733267501999784
1.2682604552999963
3.338151534999984
5.261587152099981
4.102090975999978
4.368120017999977
5.381852308699978
7.112222677594853
3.837635098299976
2.1159672332999855
2.5666417800999923
1.7346253173999915
1.2407389602999936
2.174739918499979
2.2292391326999854
3.0601985747999856
4.095144035299969
4.670369013999976
1.6417235351999813
1.979064587399968
4.354607994099977
3.997602191199975
4.5724292861999745
5.480833700599983
4.1696551940999935
6.343701092493582
8.32984170530382
8.967061148067977
8.33237220610127
6.61072567439999
6.767418533303823
5.924113308699989
4.305264430199992
7.19230955810126
8.163098733493584
1.2064300084070527
1.7365743850999684
4.564679011493547
8.305710328696144
9.779888941999987
10.79577416399999
6.935028216599992
6.101373606898702
6.750748940999982
6.570230726599987
5.543046244799991
3.475719386299975
3.630924439999982
4.285906582599986
3.292482861299984
2.6606771560999842
5.458437248202537
8.425445930506381
2.9650898208999767
3.70604495240509
6.563029077101265
3.3221961348999858
3.587093591299989
4.798103796399982
5.5255535933999935
2.9459885344999743
1.6619365432999809
1.5257657760999894
1.1355533635070625
1.0629159962787678
3.0920548308999622
1.7144592406999788
1.0986756493716996
2.5910493606999734
2.0584044799999766
3.412344360399989
3.268111918599988
4.337805912799988
4.813372209199996
5.365651013199991
4.206599479699991
4.642505818199985
10.298642472999987
10.321024448999985
3.7777415267999643
2.1385674636999776
1.75230346829999
2.7437031814999884
1.830447372399978
5.40968112179741
6.170697511303808
7.6078632216961495
8.275089486696146
7.551984477202553
7.965160678101271
7.024130009506387
5.070788255299998
5.056403990199989
8.328881393405105
8.053811766101255
10.343461715999984
4.275290302999982
3.618075738499981
2.4507425658999753
5.577963667299983
7.423555148300001
8.85840346369615
11.249966930999992
9.63242456979599
10.913672825999987
12.975070498999992
12.180904680999982
9.354136210727985
6.3063839858999895
5.666254910299984
6.84859049219999
6.2514549560999955
6.971868241899994
7.178453419506386
5.7275623992999884
6.9340504790999855
5.9122384078999906
4.347605802899975
6.9653782883038255
4.813406249999981
5.561793748499981
7.757141892999976
9.918514631795993
8.5863114624
12.431079007
12.141215052999993
12.267488350999994
7.412086726399992
10.946171244999995
13.396964577999999
12.668750081999987
11.866287447999989
12.075268706999987
8.144008470202554
7.431031028699997
3.6572861587999843
3.8489485915999926
4.349794296299988
6.401318560799987
8.621882836898703
8.607848307797424
11.860598585999984
12.235828736999984
10.24922884699999
9.477672575282858
7.613710819999987
8.973611666898703
8.264818934594864
9.887137078969442
10.656540967999986
10.656677928000002
12.006066165
13.767723664999991
14.428445084999986
14.901848796
12.700018149999995
10.932731946000006
13.669583205999986
13.104272674999985
11.552763199999987
13.655801694
12.811382542
12.480837657000002
11.325985250999985
13.538724254
14.186544379999997
15.813426645999996
15.68425458699999
12.337936031999986
12.709443345999974
14.841233111999985
11.78143702999999
8.929776441999984
8.980973921202553
10.876817589999977
9.719829521141426
12.962798432999982
13.373438379999985
7.623344930999969
9.32777699585852
8.574358142100005
4.619474168399997
7.521807148699992
10.741808584877772
10.37171729599999
12.193964522999986
15.166126002999993
15.765054075999993
13.756810526999997
13.773823290999996
12.443549689000003
12.504870138999998
13.806842976000002
13.209153856000002
12.731551833000008
14.681262302999992
14.126829929999982
10.422471728999987
12.29259087999999
12.219060746999999
13.451420095999987
15.42109017599999
13.391204148999993
9.48994259030385
9.484611085493603
12.640462665999998
13.046279668999993
14.880861861999987
14.160535908999995
12.879769002999996
13.521796195999995
13.247725385999992
14.80834105199999
13.634523338
13.727488751
11.546855825999996
14.670802070999992
14.834672983999988
13.497541100999982
13.181141820999986
12.543540679999985
12.650097480999989
13.819398700999988
13.873646032999988
14.043825495999991
13.418776519999982
13.222178502999995
14.220481128999994
12.737762436999992
12.659914226999991
13.326368711999983
14.119149589999996
13.416849982999988
15.799921010999991
13.346423356999994
13.143200434999985
13.363082757999988
12.47256156599999
11.746454931999985
9.926170530787816
10.170271295141427
12.097351337999985
11.959090993999975
11.427447397999986
14.217392504999987
13.58876882199999
14.674998339999986
15.036211603999995
15.633104563999995
14.392197330999995
12.25790732399999
12.033219944999994
12.284786964000014
11.56181184699999
14.99367699299999
15.589888831999996
15.80754895299999
15.21854658999999
14.793311393999995
12.773180668999988
12.794739495999984
13.333883227999985
12.751851960999986
6.664713919101264
6.835613511696143
7.0996604523038265
6.111398356599991
7.018137393202542
12.650276739999994
14.640049127000003
9.87174188999998
7.7133763778987
12.833134490999988
12.322301572999988
10.521970099999988
7.60481262359487
9.058551258898714
10.405658408997276
10.991435958999991
8.942734323101266
10.743046001999993
11.735626314999987
10.883721685999989
10.598022506999987
11.552491743000004
13.54130522799999
10.483052312999982
12.527323249999982
8.670189587405106
6.635167089799988
8.159917282101267
9.218232191339988
10.358862514999993
11.665706194999997
11.883330919000004
11.470648654000005
10.063254719833608
7.331894679300002
7.292155696099993
6.224323197899988
7.107288722202541
9.269328816135983
9.62657183220399
7.609476478594868
10.194334368969454
9.345998495506397
11.833506330999992
11.573622086000007
11.081248819986397
9.298414584405112
10.426396195999978
12.843081386999993
8.031884892303825
3.397958846999983
5.55223233640509
4.608773303199984
7.978789208999976
10.85789313999998
13.234493485999987
12.893745473999992
2.7707663024999847
3.856941015599965
4.497922801199984
3.288011573799988
2.8161714507999793
5.945764117399981
5.11187912899998
3.315671264599978
3.175895973199981
3.8111997573999883
4.870276635696133
8.373699769594857
10.186446166999978
9.98652006686398
10.294166641141423
2.1835944793999773
4.541729234299991
6.378272166405106
10.312633109999993
8.597724998506392
8.39658848569614
5.593812132299983
6.34751236879741
9.900228752070705
13.670578826999982
12.67660354599998
11.71532054599999
7.487018652303819
10.593785398999978
6.03700654299999
3.50091588589999
6.966349064599989
6.713471287499993
9.671875794999984
9.36947602840511
6.543874739099991
5.884441633599986
7.063578012099992
3.962966076699993
4.870462100199999
4.530096029699991
3.746860151699979
5.338591076699987
4.257897695899983
7.619571672101259
7.675498022506387
6.796391921999988
7.102766506999976
6.634456225599993
8.147739454696147
7.468319642599989
7.192112649500015
3.2103244887999836
5.313007853699995
4.22831739649998
5.605252496299985
6.526086054999979
7.951603440898702
4.228407607999981
5.242409086599978
7.553584760999993
5.068047320599982
4.971150677499988
4.159813810699988
4.664442002899989
4.36687599489999
2.1338342589999777
5.441339195299982
6.04669268489869
4.093040606699975
0.8767602897727982
2.6057583022999746
1.2530100198787741
3.1557810744999757
5.006447389199971
8.917027899202553
7.555347314499991
0.6705694962499974
1.203879483507063
2.1831852965999947
1.9363729995999832
2.1401268065999846
2.531729511999989
2.9590149703999846
5.976400083898686
6.118246131899989
4.103753013599989
6.122083735696146
6.568836360199988
5.217865049696128
4.447457394399972
5.403465454101259
5.854252262898702
6.225308290099981
2.395983030699993
1.5512770247999992
1.326632388300004
1.8087884673999943
2.2786709319999963
3.35851003879998
7.246501444999982
4.363419003299981
2.8301447524999848
5.775186894199985
5.039651150499982
4.239080641199986
5.263032173199991
4.519316278099999
4.783059023999999
6.196144784499985
5.37635491939999
6.8219358214935815
4.742070539899986
5.658401052899986
6.417607319594866
5.227973672499991
5.752324816899993
6.043286492899993
4.8548242736999905
6.570033158898702
10.04536706392926
11.02847100399999
10.484926386999986
11.69876047999999
9.421366757135987
9.605347576931983
8.494710984797429
5.983031080599993
5.460611686699984
3.6541486984000047
4.6830606445
6.126576252699985
9.217341863999978
10.012596302858542
1.9489107879999712
4.17746196749998
3.755045268199993
3.6372143416999987
2.5142216308999905
2.376597531099991
3.6684204360999995
6.113520904499989
6.551404258699992
6.2017683059999875
6.461061466999985
7.431434956405112
8.270422872898704
6.164407832303823
3.988526605199976
7.405565904202541
7.531408843999977
7.07385802610126
10.100946462999993
12.037397762999989
2.893404479999972
3.9827539306999893
5.416644450399986
4.590001318399978
7.961514199797413
10.77938636199999
9.66898253320399
10.935483166999981
11.148900365999985
12.566744666999995
6.984458036797422
7.2715046371012635
8.895893322797424
11.795102141999987
9.916949919067987
8.11118631589872
9.64414024672799
10.483205742999994
11.866812700999988
6.91136440730381
5.694989561499989
4.409113508599982
6.449049021898701
6.5627536346
9.118617355303824
7.524247334303816
6.77271287689868
12.273101267999987
9.148979243506384
7.9063114058987125
7.501656971696149
5.42530193629999
2.97496609799997
4.633612304696128
6.5329640181999995
7.530683424405107
5.729248492399981
8.946859361203984
10.741945073000004
6.496573349000016
11.646622468999993
8.74368351440511
6.581285902399994
6.395323838797412
3.936487843299963
4.368308645599982
3.872394848599976
5.137572625699974
6.712912675506367
6.103180779999979
11.88487340999999
8.685388775594863
9.494385055659983
8.166959219405108
10.60607329399729
9.999854048061126
11.835704813000001
12.13827937299999
10.981120879000004
7.634063400303832
5.139842222599994
5.918052979999982
11.761517449999985
10.567373194999991
13.723445522999993
12.805251565999999
12.86370956300001
13.145893453999996
11.582761153
14.575328441999991
14.16325457799999
8.809978434797422
8.198838896202547
9.668845658898716
9.829461468847208
9.723472976900164
9.86056862793199
10.117861476070708
11.00835459399999
12.859222245999987
11.176754999999986
12.536173831000006
12.149985982000002
13.060825783999999
14.497343204999993
14.351849721999999
14.202770863
13.872114899999998
14.240758825999995
12.334381116999989
9.650736939999987
11.497769883999995
8.790431942696147
8.469523875405109
9.308996253999988
10.236521009999993
9.977395783999992
11.543359171999986
12.398813537999992
11.965705523999992
14.135933556999989
14.824292632999985
10.730819463999989
11.969542647999985
10.182663847282864
10.910476504999991
14.017688372999988
11.362620025999988
11.838323372999998
13.331235352999993
12.15631164899999
11.904972275999985
12.581894236999991
13.251371233999992
11.739309330999985
12.131286982999983
9.232657858203986
13.052419788999988
11.81346492499999
10.694551298999986
11.90264921
10.854197114999998
11.348414600999993
12.589464429000001
14.6236866
13.67135796499999
14.071703376999995
13.573852289999992
13.206315867999992
14.849129963999996
14.51727614099999
11.49831992299999
7.8200615767974195
11.335329702999973
12.768294654999993
12.664186736000005
11.975826027999998
12.546587729999985
13.86869858199999
13.632091984999988
13.09169056499999
13.430650551999994
11.58058689399999
13.963812066999997
12.755071351999995
13.140652332999986
13.03542064799999
12.399466843999997
14.037566602999991
13.529168017999993
9.088297573931985
10.054582687282865
11.065250742999986
13.324448328999996
13.916558600999998
11.446701722999991
11.207473557999984
15.00893141599999
11.772737945999983
9.078911424303831
11.350985242
10.797490984999989
10.954946146
11.038717497000011
10.416648127908324
9.651329835493605
11.700121120999997
13.616892959999992
12.814130935999996
13.472175011999994
9.994427867067992
7.970301785303825
8.707284329202542
9.62790388493199
9.6843798035064
12.903673580999996
13.202461405999989
13.08519512799999
11.331926296999999
10.523364251999999
12.972343900000004
9.205906320202544
7.061626550299995
8.709546729999996
10.2133397780707
10.966457656999989
9.39423020169615
12.397947327999985
9.550319224493599
11.545100033999999
6.017611997999983
6.69806919859999
5.0165138137999845
7.331857684303817
6.008083419799991
9.320196455405112
10.354819826991838
10.601764258991835
9.085723934898715
5.2053889373999915
6.031424131799993
7.737278469797427
4.925480747999982
8.83038421169615
7.7849979294051055
8.523162036101265
8.813817146303832
5.069857707199984
4.657346345499978
5.513300807199978
9.424989024271982
10.144576949999992
9.754842512659993
9.892562683067997
4.879443406700003
4.935351257299988
7.703750192303832
6.876389897199992
7.343462786898699
10.113432650858549
8.43807569269615
3.6532176253999764
3.5401853896999795
3.8265214004999812
3.5169280395999816
4.657138314799991
3.352175501999978
4.958986355599988
3.295297996499987
3.435536329699983
7.151333596797419
9.976447428931994
10.675334107999984
9.61032169633999
6.62404403229999
6.564311579899984
7.2781134841999915
3.494347856100006
3.537648533600004
3.9775359527999985
4.5998182219999935
5.637935227999997
5.228133666999978
8.122654370101259
10.284531220999991
6.855109069797423
1.384334748799989
3.0331152343999834
1.3610173397070622
2.920919213899975
3.311772192399987
2.3345980239999946
2.585587060499988
4.123933460999986
5.590288284299987
4.461849288899986
7.17906285399998
7.658024478101257
8.54081290279742
8.856115684659981
9.226275039795981
8.29625242459486
7.571868971303822
5.336905105599983
2.852180821199986
3.178198864699982
2.9623856109999913
5.830506474299983
6.557108784506381
5.8332970458999815
6.748486538696142
9.253997296067986
10.927304317999988
9.280754324203988
9.026236523405109
9.123331896999986
7.21987232359999
4.885485017399989
8.030505113202551
3.7400717254999907
5.242854788199988
3.3230657348999837
3.9770214004999866
3.273059693899981
5.216482333399985
5.814471768202531
6.706993086202541
3.914435250899976
2.8799247466999742
8.182362760898704
6.503754803506382
7.5902507979999765
5.447065014599986
4.386949345399991
4.738306019599989
3.655664753699991
7.718378533898696
3.1765307647999865
3.32775463709998
1.4729808950282688
4.295465977506367
3.2909105758999764
2.3497801482999754
1.6567475203999928
5.398657862898695
9.143000009202554
10.313170904999993
7.3613280135948616
7.25889811099998
8.431985722405113
6.387836799599999
4.2596372756999985
2.9688045532000022
6.342760700999982
8.187986877405105
6.6926549468987035
7.151463636797427
6.087638371299986
7.161283749405108
4.587532290599986
6.239803965797409
10.597249630999992
8.183750889594865
4.349906599399983
5.745336395299988
7.720359435999988
9.042182940795986
7.066798318506386
6.909177331493589
6.957413342303816
5.280668379199987
6.5649905974999845
5.2921640120999935
3.0231928161999937
2.0347582901
4.9839020461999874
6.464517718499985
7.811386027493583
8.154930393999992
4.253212922699968
7.937016438303821
5.5161237502999745
3.602680674699975
8.620797912594877
5.704006864900012
8.913496020493591
8.519077256797427
7.6748958282025495
7.302316758696151
7.2668622954935795
11.589582804999992
8.891650822405103
8.349319474797426
8.482349813797425
10.355614984070701
11.06382652899999
9.922687498353584
9.074247691303833
9.475381733687986
8.04512653199999
8.261497587594878
8.541400920101271
4.753748808299976
4.062579394499977
6.449918615699984
9.555585414067991
7.88567951349359
9.524007360863985
9.868266801339988
11.284385821999983
11.812619706999987
13.34101063099999
12.30857538899999
11.60134039799998
9.268406056135987
6.100985494999956
6.769929757696131
8.166076461797426
4.195468173199966
5.796261891199988
6.804169425999984
8.42118370820254
6.05762474519998
4.87777515409999
6.339631843599986
8.111975022899996
4.8078703444999835
4.436819604499983
7.069750291405103
4.979028356899989
7.96605171510127
11.349642793
11.851530080999986
12.006406604
9.53721492920256
11.41498380699999
8.977100549303827
8.013404170202552
8.509975100696149
6.89114184419999
8.309818937696148
7.735891491696151
7.7241661041012675
8.681856753493594
10.101914881931995
5.740210035699993
9.644427807717106
5.788362412999983
11.138760799999995
9.380701004000018
10.104206270005438
12.177486771999991
12.205988657999985
13.387272522
10.792301703999982
12.965137232999995
9.671881428659995
8.72047241513598
6.189373094199986
10.874476142999983
6.87075530699999
8.163221081499994
7.635508084099997
9.059660424863976
10.393314519999986
8.602194944797423
9.999960987931994
6.457840261797412
6.99203297120254
10.380637925999995
9.97012470699999
10.860324807999985
10.881011573999993
12.045265479999987
12.214590901000001
12.527145708999997
14.241219488999995
13.042314931999995
12.232785196999997
11.271939727999998
9.514321780271992
10.828339197999988
10.981225074999989
12.515432279999985
13.538676977999986
13.216464715999994
13.043068760999997
10.681181371999994
12.443685622999991
10.651841123999985
12.361544204999989
11.962476194999988
13.710385965999997
13.73598248099999
