11.809700951
10.964310213999987
12.210697597999987
11.771624539000003
11.095447532999986
11.728801825999987
11.812332192999989
11.205064016999982
9.316724049271983
8.769928277594875
10.297074220099846
10.446688825999987
5.820361051898688
6.777766203303812
8.190652752696145
11.76556281399999
13.504453782999992
12.04386757799999
13.314398168999984
13.90330466199999
14.368736101993598
14.348223365999985
11.227027522513588
9.733893254070699
7.648397485405085
11.147926948999986
11.63783115399999
12.222168314999985
11.329449215999992
9.34782285459487
10.851374486999987
12.216970762999992
13.425834910999995
11.472701816999994
10.797493586999991
12.307741556999988
12.497703008999986
13.557703185999989
12.641031182999988
13.213595296999987
9.038367639135979
11.24517455099999
12.763410177999988
12.896386168999992
12.929371227999994
12.611494701999987
14.507530781999991
13.78805462499999
12.409142447999987
12.839940932999998
13.410852143999996
10.220532866999992
10.867145507999991
13.982963750999994
13.451327549999988
13.824997541999991
10.887761031999988
9.380720425271983
12.35570184499999
13.666853515999982
14.460161135999991
13.974038842999988
14.541884040999989
13.415400402999987
12.911407309999984
12.034137096999986
10.908586945
12.503359281999984
11.113176319999987
11.545621483999986
10.939545606999987
12.018802025999985
13.278250329999988
12.414743167166389
10.454746342166391
11.07425131965279
9.959093771431991
8.628330145303822
11.258074767993588
12.180371555999983
12.460792772999998
10.703932394519986
11.268161364999987
10.98285438799999
10.96228845699999
10.019366017135983
6.458139950594845
7.315652531405087
11.267909902839968
10.555038396999988
10.54254742247999
10.715954529999994
10.85060169799999
10.98748146099999
11.257697902999986
8.893801245101265
8.243264016696148
7.312556372101264
9.137462803594865
8.542649496506382
7.613982255594848
7.552206260696132
8.637871307405108
10.200398416070707
13.300304064999992
11.808485021999987
9.782125013795987
9.262873371929258
11.951680762999992
10.876062406999988
9.326059367282845
9.213041091898717
7.069627928202537
9.143898185696152
11.604874207999991
10.33588995099999
10.476949493282861
10.571980358999992
9.53494490065999
7.957212773099999
11.212196258999994
10.668742920999989
9.135280738863983
10.241516013999991
6.563998657202542
7.490905882303827
8.5207530502
6.9987230576000075
9.699882434067996
5.383517178299984
5.001867666599992
9.205809936659982
4.681524465899974
3.277515264899993
2.7360093642999943
3.122327838099992
3.393832160899979
6.92208133849358
7.284601515202542
9.590653652999976
6.66497014159999
6.603056356797407
10.83960951099999
3.7774955214999935
5.305947766099991
5.90611656339999
7.925099552899993
5.997258875999998
7.36888961330382
6.616443792699983
1.8369231948999922
2.743334007299984
4.279587895199983
4.429694470199986
7.142948602299996
5.249572816499984
5.734200520299988
4.449048605299987
4.056810993999989
3.200070564299986
4.976203558299987
2.065107951399984
2.691187063599994
2.6369955794999913
4.249464112899987
2.476650401299975
2.3477640487999714
0.9405442802271914
1.7888217223999763
1.1515548668931932
2.4651497771999806
3.0633771346999854
5.633146864303813
9.008172709795979
7.754631697101256
5.211000634799985
4.567395902999982
1.818936399799994
2.5362359710999995
1.3902580687999981
0.9418171604141361
3.3688860915999808
3.752984760999989
4.965779388399991
6.444076663202546
8.787151434303821
2.360119676199993
3.709070992999977
6.817682853699988
8.69403910679743
2.254049670399996
5.835639031999983
3.435929505899987
2.9384841521999867
1.6925862700999923
2.1378152053999924
1.5428959701999947
1.89504172209999
3.2380923949999887
4.838371351600005
3.233847424299989
4.651869660899996
5.806416662599985
4.151256805399976
7.839950781202543
9.167560365303839
2.852121842999995
4.805879504405089
5.9731727187999875
8.493356019594863
7.608568070999985
8.103388777202534
6.1396251754999875
5.031321411099991
6.799721786499992
1.8464930404999906
1.841341940299984
2.41790853119999
3.2496430648999914
6.21203361209999
5.2059693999999865
4.950946446199987
4.841418695099987
4.47634867549999
7.1580907821999915
4.440491848799987
8.116754243506383
4.622324664299981
2.8372595794999813
1.7406919875999851
4.852053674299976
6.1392688964999875
4.283954452499989
4.574908428999985
4.696340379299991
4.367816587799995
6.5769184112999834
7.611282984898712
5.725471998599987
2.9445301513999995
3.3437243239999868
8.490668688999978
6.838808175696135
6.774982900999978
2.424287776199975
3.3750158187973973
5.062576075699979
7.186517550696141
3.804326937899987
2.0821685073999983
4.049411451699991
6.474720385696144
9.017488287271982
4.5427648620999825
7.44878176120255
8.742908125203977
9.554334220931988
10.765575944999998
9.109035873405114
9.888120188931994
11.016955749999987
11.80687201099998
6.331661401405096
8.891108650202543
12.325429892999988
9.521439594999991
8.014321420303837
9.53090289920255
2.1800162749999803
1.2831341735999973
4.201968958999988
9.703085023353582
8.614123583999984
7.368798048405086
8.094246200594856
3.1511045501999697
3.249293797299991
3.9658346068999877
3.342472535699979
2.389007060199978
2.4130050384999806
9.358036769067974
11.087527982999989
10.356867674212143
11.825568276479997
9.532072824067987
10.470675037000007
9.229887907405109
10.161286153994562
8.37257739869615
6.487520851101259
12.001284553999989
11.635543380999986
11.238545302999988
9.922797654629589
10.79123108199999
13.251971647652795
12.747803713999991
11.741260457999987
10.926386067159996
8.52174981989871
9.841467799282862
9.444165632727987
9.833816639795991
10.35638862615999
10.79751518548639
10.77648067916639
11.000711909
12.010559456999989
10.641957996999984
10.549252157999984
7.79425445710127
8.102100392202555
8.616839450101274
13.226872970999999
13.605657132999992
12.681361048999987
10.530760904999987
8.46997924500638
8.244211712594872
12.356793012999995
13.658451095999995
12.109452190999987
12.931231862999985
12.271020116999994
8.839556709303823
11.274110563999978
11.183774387999986
10.254341288858546
10.346525970499986
11.89975938399359
13.826412563999993
10.708164300999988
9.464575866795984
8.238508981303825
10.429668052999988
12.396936535999993
10.815915633999982
8.23323295289597
12.245247649999982
12.224264049999988
11.684216678999992
12.77450297399999
12.41236590899999
11.199612345999986
12.048862096999997
12.929492057999997
13.241309423999997
13.709019535999989
12.144435288999992
10.494368851999994
9.421204009999984
9.34437244413598
8.928167106717083
6.794454701202522
9.717163832101274
11.505254294999988
11.461165137999986
12.137462366999982
13.171146625999988
12.95811998599999
13.30641620899999
10.631689283999982
12.953465648999986
13.64135530199999
13.545489210999989
11.835012342999987
14.085169620999991
13.62579706999999
13.137072620999993
13.34845023834719
13.125034676999988
12.563905761999989
13.113549390999989
13.81008305799999
11.173961291999984
10.095098020931978
9.355722888135988
7.663220397898687
6.045615592999967
9.501571751271989
12.120240633999988
12.151576127999991
9.220868862931983
11.417559414999987
10.00822298286399
8.836211781203973
11.053352924999986
12.362372675999985
8.779176478727972
10.442620921212136
12.527789783999992
13.798249596999995
12.398015391999987
12.682359627999995
13.047440836999995
12.137124708999988
12.942309980999985
13.039811608999988
8.607977415506394
9.180259432999987
8.93231245730383
11.759961959999991
11.58271422899999
10.968300490999985
12.106558002999993
11.561056400999988
12.196780129999992
11.879327160999987
11.822358382999987
12.663885769999995
12.488996874999987
12.774217821999995
12.531206670999989
12.233864364999981
12.726691776999992
12.419886467000003
11.317396768000004
11.847100236999996
12.071315703999993
8.087469839506392
10.031301461863988
11.395435705999985
12.603465355999987
10.764860140999991
13.541803196999997
13.697049796999995
13.536087783486387
13.748451124999992
12.802019576999992
11.982632895999984
12.494662350000006
10.365723119999986
13.95570788
14.094332812332787
14.19001912199999
13.99102013099999
12.82904296399999
14.47816982099999
14.52836878099999
12.05136677399999
10.951576166999995
10.87991930999998
11.633117736999987
7.170744448898703
8.123738107303815
11.480606817999984
11.106717524999988
12.900062426999991
12.009925181999987
12.285723942999986
11.77684009099999
9.992590721070705
8.002293780493586
8.656050932303813
11.08180407899998
12.15767232499999
9.045494287094872
6.86698817139999
6.726730432101267
8.631701412999986
10.111877941929261
10.417469065999988
10.70135362999999
8.84028172610127
9.554186453141423
11.07586948199999
10.97088836199998
10.766436962999986
6.853212503099991
2.6489949050999915
7.850468739303831
11.065443926999988
7.079371873506379
5.577479185499979
1.7185154662999915
2.4649415923999936
3.519477598599983
6.0675398834050975
9.29725486299999
10.980533532999988
10.197824432282866
9.459821647594877
8.91173363327198
5.637001109299981
3.6708722762999924
5.108597996499984
4.963322161899982
5.6541642196961375
5.845092604099982
3.5786389724999768
3.0019647048999936
3.3109286651999823
4.898823554999985
4.611953649899986
2.902965753199981
3.22450002139998
6.049068928499995
11.041531850999991
1.8853406707999913
2.5425929519999895
2.887097120699998
2.293557562299992
3.3505173247974076
1.756623498499983
2.226578807099983
4.945838407899976
1.4815077224999897
2.0654980834999863
3.9343827666999913
6.621865553299989
5.599698710594855
7.973877905303826
9.816268405141418
7.0616949234050965
5.002764706399983
2.406517600999994
1.7917090484999938
1.349961108399992
2.393597329699982
7.666105940202536
7.045644953898703
1.4673568633999903
1.503046639999993
3.4662054885999805
9.732785598858545
2.843714402799988
3.0888551360999856
2.970888369799987
4.839341139199989
5.259378460699992
7.54375798650638
6.935871389797427
6.624850357099992
6.568250640898706
7.110649606303828
7.403530963101263
8.936933634898708
7.898989146405096
8.539569403101256
8.578945710863973
7.439580972303821
5.287655174303812
1.4996706969999802
3.7358863433999874
2.377560955799993
3.076951460299992
6.221913246199988
8.123609695405111
7.214275768999976
9.994630763141425
2.5033157302999927
1.485433077999994
3.7417014739999788
1.9076224196999907
1.4040875243999968
2.465415673799993
3.8105168670999987
5.028255471799989
6.054398132299989
3.3248955398999835
3.110597715799982
4.448596308899987
6.312121684299988
7.088771444699988
5.996266258199986
7.858728678898701
6.24295125119999
3.4566291350999916
2.6075946181999887
3.3179989699999877
4.352181484999996
4.037751341199993
3.049118177799985
3.51060361179999
3.971764338699987
3.7384481963999923
2.670492317199991
4.832468897999987
9.403514584271985
7.415778321797423
4.102438030999975
3.4897375915999915
2.1740072967999957
3.8257592711999897
2.2062066100999864
3.630803541599976
1.1023553088135927
2.0781642379999794
2.0938192504999895
2.7763074691999834
6.262269010898697
4.791184988399977
1.389931799299989
1.3539457681787739
1.6697387465999856
1.5836238341999882
3.6720313109999845
2.7649386306999943
2.569424090600002
3.3654311233999947
3.1170068328999894
7.754436947594857
7.416896116594862
6.25434451749358
3.4788850219999863
4.806844360399979
9.896679186999988
8.098909950303831
4.697419824199976
4.732804206799976
9.08536689906798
3.345934283399973
2.8393758285999753
5.443277523797406
3.1072087661999777
1.6139627471999982
4.757133210799987
10.665887354999983
10.793476452999982
5.682274711594838
6.614218072493582
5.060076310699979
4.999003051799986
3.1112665877999874
3.349909449799992
3.2782022963999906
2.584303198199994
4.565228738399994
1.6658290420999997
1.204776626599995
3.57284541319998
3.725710661299984
4.091934101899988
5.862780308499988
7.883554904202544
6.324765246599985
8.064956004303829
9.168506002863989
6.7911683639999945
8.526739929202549
11.084389408999987
3.6314573531999885
1.7554472014999802
5.729214161699982
8.337889358493594
11.381304737999988
9.227419099271987
9.232917077727983
8.951377632101263
10.369361481994558
9.819453703203997
9.91077057499999
8.568162498506394
11.056627860999981
9.323325019797434
8.677971928405107
6.051753741499986
5.814238206499988
4.6267445572025245
6.21927481230382
5.639029711898693
10.032198052999995
11.491032952999994
11.44387552599999
7.154630720493584
9.711222436659986
10.213129037353584
11.813010892999994
11.371382004999992
11.053993822999985
11.765807869999984
12.725817849999988
11.975840188999989
12.60382249499999
12.130264734999987
11.942283298999987
9.536495425271985
9.234315164135982
11.013586025999995
11.447219145
11.148730119000005
12.291531902999997
14.053365458999997
7.338247746303823
8.663272238207972
11.959863840999986
11.623090021999987
12.764822745999998
12.896669887000003
12.790916263000007
14.026583127999999
14.134084038999989
13.203921450999983
11.88067604399999
12.411718111999992
13.537194375999995
12.409042740999988
12.903677266999985
12.766577924999988
11.850615125999996
10.664848285999986
8.522561648594865
8.59509994659486
11.39602517999998
12.864056116999988
11.67767758799997
9.03501826168798
10.961136770999975
13.784534194999992
12.934966297999983
11.03634522399999
14.440273897999994
14.20039987499999
13.314938872999994
11.134760882999975
11.077301523999989
10.913219684999987
8.446419766202549
10.82217208599998
11.159254577999988
7.046267980999981
10.141477477999983
10.322438604787822
11.303640926999984
9.638997738727987
8.455639448493587
9.540609803863987
11.515765265999994
9.52625974113598
8.794844467202541
10.963369776999988
8.749459266795983
8.004282109101256
10.31308225601088
9.289541137795988
10.50042235999999
10.850075777
11.12739083699999
10.517174808999986
12.884415301999987
12.79317366899999
10.700445029999985
10.435213460999988
11.343610970999984
12.48520888699999
12.678409060999995
12.981967330999987
12.335200796999995
11.384469771999981
12.383957148999986
15.133848554999986
14.78863462199999
16.109215859999992
15.390107882999995
15.434089597999987
15.25547575799999
14.136245182999993
14.057100857999991
13.700773449999993
14.750411745999987
15.60083477599999
15.030498847999997
14.060093395999987
12.707434058999986
14.123278306999998
14.343049610999993
13.432563260999986
12.919620336999992
12.469825712999985
11.840731958
14.439904999
14.939658005999995
12.572899917999987
9.224930058203983
11.863052332999985
14.65522381099999
12.87527126899999
12.788157985999982
14.34535426799999
13.797348469999985
13.97505315199999
12.032375928999983
10.392873728999986
13.629986863999992
8.728954318202547
12.371882671999991
13.311197664999982
11.678160067999986
9.130134666282858
11.929475142999992
11.673772588999984
12.152137908999988
11.60087005499999
11.920434090999986
12.135263201999985
12.362212262999984
11.915204172999989
11.891245733999998
12.713125035000004
12.860838212999992
14.656316240999985
14.10214760699999
13.422733016999986
11.824982847999983
11.340893339999996
12.770821384999994
12.19603479799999
14.821134907999992
14.184561466999993
11.52523855599999
11.828003940999993
12.396051658999987
12.474136814999984
11.23166221599999
12.555733314999987
10.943388404999995
11.84937194999999
11.670718421999991
13.96695280299999
12.784648258999992
10.92827782299999
9.258789092999995
9.614393963727991
9.249432891863988
5.340213667299987
8.19160822450638
7.788631281999983
7.2655138153038195
9.475534063795985
11.291421409999991
8.887906782493582
9.648767622282863
10.875648572999987
8.630887275696143
10.00895635821215
7.892907507303824
7.811358610493578
8.894140360999987
7.090951272594868
7.477680635101269
5.230279600499984
5.021648925799984
7.395128831506383
6.006098315399986
3.5405285750999838
4.394010356099992
4.332845483400001
4.344165908799993
7.910180697594876
7.237707202099995
8.41305368499999
7.956056738303829
7.47405541379743
4.941308566299982
4.341730584699986
3.842318438699983
4.32456959079999
5.756908001699996
7.748836447101266
8.506674975594864
4.367378518699976
6.78786126099998
6.346829838599987
2.316945629899984
3.1023558288999764
3.611359486399983
4.287609406999981
6.197432466099988
7.26415186159999
6.454962197899988
2.59255276639999
1.514397790135345
4.960669319202528
7.794754791303826
7.025204418898707
6.142916471899984
3.485672940099986
2.5304701720999887
1.960183282499996
2.9933185180999864
5.82743981169614
9.79618058921214
9.758520474141422
2.688103472899974
2.7384640258999835
2.935367764299975
4.394302487199985
2.916215389999983
4.730387472493568
4.688119622799982
3.9646673614999823
2.236305918899989
4.509190689099979
3.2444421584999863
3.146739547699988
2.3396921081999853
3.030171253999984
4.514074166898691
5.566683846999982
4.12099300689999
2.0204747664999996
2.406172135899997
2.0319857070999925
3.6444070388999856
2.5928721969999904
4.322534066799977
9.031970344493585
4.637249027999978
8.136290805101256
7.1840280898987015
7.912686381499994
8.498329125999987
8.054455213899992
4.948739555399995
4.916252128599992
8.031339623999987
3.93518085169999
1.9993591964999937
3.525831747399991
4.098951780699988
6.451241407799992
4.235246621699996
5.678183760099985
4.504553721599979
3.1768447646999842
1.1668488457795934
1.5983708907999943
2.134622788999992
2.0164102920999945
2.80579051359999
3.3484875625999915
4.641713241599986
5.699184156799976
5.438647592199995
3.8683237121999987
6.5090634566999945
5.127659712199991
4.5449198180999995
3.796507884200006
3.233599362200003
3.3205310759999986
7.858237271101274
3.546155442799976
7.730904377696141
5.208912083399987
3.686283958399986
3.5186197951999953
4.324863851899987
5.623046087599987
3.815579617299981
3.0436226287999837
3.351234083599987
5.1968852523999916
6.6896667205999965
8.035008767696148
8.714305870101269
7.449793603493587
4.371146113599984
8.154871078506382
9.720299180727991
9.258274630795983
4.740662760899979
5.155445573399982
6.985502430696141
8.541719952405106
10.064096340929261
8.00330483250638
5.089007243299979
4.271329469299975
4.0214408996999875
7.505975836202545
9.010708285493587
9.564758407727988
10.001652030929266
11.021966854999988
9.674389182999986
9.033520716931976
9.040777082863986
7.467656234696148
1.6657150847999844
1.126805829421211
4.247667936699978
4.615718917799983
2.227771093799998
4.398699488799989
10.611076764999986
10.636860877999986
9.291966299271987
11.19855342899999
10.371270792999997
9.640914169203985
7.81614460599999
9.371241351303837
8.279793354797429
7.16039618529999
6.125168792699989
3.1036749038999836
4.635537971499986
6.440528196699991
8.394118235797421
6.130702560399984
10.153258162999991
12.119220601999992
6.235504980506372
2.8308716567999763
5.60877057799999
6.036642640699987
10.202869941999992
3.1076746963999846
4.1961391555999885
8.126424186696145
11.442850390999988
9.684711263999985
6.351092202797417
5.819210671999977
7.183682336399986
9.359754251070699
10.353281434717099
10.687608664999996
11.526499789000006
8.420467260795972
9.041013359067982
8.239604656999973
10.456461155787817
8.476987464898698
9.828004394659988
8.203802316303825
5.087511346405089
7.257298471101258
9.015873091101264
9.136896009797425
10.159889277717099
6.941600111405096
6.35486908420254
7.47655516969613
7.534209394797415
6.189233785999985
9.539692265203984
9.246525195203986
3.7804527266999712
4.740632878101243
6.227356825297422
9.687274247795978
6.562352308696137
8.544784150696145
10.626526029999987
11.754617968999987
9.359921133271985
10.983649934513595
10.421437476999989
10.196306849999994
10.493620502999988
11.79444426999999
12.238425182999991
11.511083555999983
12.41290874000001
12.624267617999992
7.669032609594871
8.602514327999977
11.675235557999986
12.76880679799999
12.292169559999993
11.383958248999996
13.245341768999992
13.648020392999992
13.722799872999994
10.088455943212136
7.985220521659972
11.151305137717065
10.774976113999992
12.031662270999991
11.465721903999997
11.87136109299999
11.038374148999983
6.824714309696134
10.129798744135986
12.30367761699999
12.956217899999988
12.670695927000002
12.330654300999987
14.418536774999993
14.61109193399999
13.150434652999985
12.730482940999982
13.656103319999987
13.129722858999994
13.600297066999994
10.869554111999989
10.315932621999998
8.56978609620254
12.953402782999996
12.735278946999985
6.0529655837973975
7.559493096895961
10.883037354999985
11.981114733999984
13.183809891999992
12.01873928099999
13.922034032999981
13.83405147199999
14.889268932999986
12.226395406999984
13.555694965999987
13.944386521999993
13.39002252699999
12.643648607999989
12.130150573999986
13.41319272799999
13.439295144999994
12.865337394999987
11.93606961499998
11.25064506099999
11.33732384899999
11.863857146999989
10.636355643999988
11.586097379999984
12.34148109299999
10.671787107999984
8.295814405797422
12.022593487999982
13.31248490099999
12.374061069999984
12.719320907999991
12.898585731999995
12.944141427999986
13.377507943999987
7.028407830797414
4.281713406399974
8.43663585510126
10.171324827717102
11.079621793999994
10.871993287999985
12.302424111999994
13.45272797999999
14.000872565999993
13.11703807499999
13.078668604999985
13.238449105999985
14.369253727999999
12.248187711999986
10.688179540999982
11.017821152999982
9.403051309141421
8.515101449594859
7.138449394202534
8.831292210405099
12.802397600999992
12.407119419999995
12.539184047999985
12.788187826999987
13.138025774999983
14.589234980999993
14.762568264999995
14.253411716999995
14.587029056999992
13.431948095999987
14.40217762099999
13.828032915999987
14.024935935999988
13.721632831999989
12.515530343999988
11.973549486999984
11.952507577999992
11.413337700999993
11.706630390999992
14.59873585499999
14.144210344999998
13.045250210999992
12.790481193999995
12.658058281999983
14.043143616999991
13.042332403999989
13.177442928999996
13.984338711999994
13.33057771099999
12.60630451499999
13.472492946999987
13.080704433999989
13.74246641199999
13.068200289999996
12.910407363999994
12.702669890999994
11.756304361999986
12.396553240999987
11.814770551999983
11.755203200999983
11.028390891999983
12.46895056899999
13.363600245999985
13.068347555999988
12.427636744999987
7.893619503797424
10.221685365212139
7.326838458303819
7.820368397493582
7.405687594594859
5.742903266898695
9.909587959203993
5.883455703699983
7.2592662491012625
7.069534014898705
9.275866749727983
7.55255080869614
5.034472370899982
4.815862278699985
5.915266781599984
4.754754597499977
8.253510806303824
7.95881896969615
7.4133729201999925
9.491867993202554
9.877844905067994
11.18735285599999
8.933207319594862
3.064317297399984
3.7117550155999783
6.1825911025948574
6.501180541999988
4.808004872099974
5.698054760699989
4.385224098199992
4.145624995399979
5.819371878099985
5.305252542099991
3.5836683349999934
4.032248203999978
1.868162422199983
2.6894064071999746
4.640258956899979
3.227194374099978
7.257467701696143
3.8101938704999894
3.5747619765999854
8.392566825898705
10.427958652999987
3.424563108799983
5.429363435405098
4.66016850429998
4.275578482099982
3.6857588744999754
3.074311996499996
0.8728521959299996
2.794832469199993
3.3994468322999754
5.194694650303812
5.74045181579742
2.9507009261999944
2.182234336899993
3.105980712899992
5.320143487499985
5.560704273999977
6.223731257599988
4.698980435199984
6.259229923999988
8.068840559399995
6.805374737499996
5.822442484999989
5.770655737299994
8.10659157410126
8.557508499101257
1.489142970299996
1.4955165069999756
1.9873996093999893
2.1648365447999915
4.2387934539999845
1.4606200744999978
2.54923143619999
4.1224380309999855
3.986438113399994
6.382680078099986
5.561205563399979
7.785835359135966
7.300810877999993
5.6024201827999836
6.833524122594855
7.955744712797426
6.450429244999978
8.403159977699994
6.177040287799988
9.222626448101268
9.549751293931994
8.44047691799999
8.246186259506388
5.21775490569999
1.5144568129999914
1.7179457229999877
2.947242022699979
4.0215763015999935
8.19706045989871
4.161590844699995
2.653151463299993
6.226500491299987
6.540032838405103
4.465750958299988
5.652243882797411
6.5617190886999905
1.6471649444999894
0.5767278300299982
2.6085355681999745
3.694912832599989
2.1823751815999968
1.6039688660000007
3.439664520299996
4.872500137299994
7.608315957594862
6.892234541303821
6.2389267043999865
2.617751783799991
5.929503979499996
8.344340238999989
8.02314601289871
4.712648718299988
6.735085513303822
8.377838949594869
7.111566108696141
2.102638310199987
3.790662646499984
4.109806591799982
3.3157521026999826
4.642469282499983
7.591014662202547
6.347537139899982
4.799336587499977
8.105288592493578
10.754947432999996
6.787699491899987
2.3958757079999864
2.659676341199989
2.096245480299983
2.7475484679999926
3.6252142959999922
5.007891078199994
4.203950598099999
5.60467197879999
5.98675969699999
6.030146188399994
5.157686842299996
5.532612341299996
7.335927734399993
5.0343145705999754
1.8504380813999837
5.239875122101242
6.51667817079741
5.786991770898685
6.492735421799995
6.010992568999969
3.5379017974999796
3.440751956202519
7.422856047101259
9.336896800135985
10.475678083999998
10.426053635999986
8.813965455594879
10.964553313999991
6.070681204202531
8.15740107879743
9.800221758999987
1.4380909865999902
3.062118298299975
2.167604637099985
2.604207324199985
2.0295427367999923
1.4469368468999972
3.207780958599995
3.8081437652999925
3.695491287199998
6.226902152999996
9.539577485795988
8.009576005594864
3.8885115004999853
6.866231367506381
6.590684715303817
9.670127355999984
9.738523379646361
7.293976138303817
3.9151602752999777
3.8574807433999854
10.75571687899998
12.331835883993593
12.476880172999996
8.552693496696147
11.39362637199999
12.31982729499999
11.81526987899999
11.67458124199999
10.818694590999984
8.936644680797432
8.415255053696157
9.426458311506394
10.443277834010877
10.287473409999993
9.712051501506403
12.14875698499999
12.511441961999985
7.816742915303816
8.634656144696152
8.356897354101262
7.2118414764051035
9.002894869999992
11.967854578999999
11.648906009999997
12.075095858999997
10.820395180999993
11.448867011999987
12.017346790999996
9.343522581506388
11.705563959
8.257261779797428
6.612078474400003
9.67543325499998
12.45669353499999
11.85647808199999
11.009041411999993
8.122882170101267
9.476511621067994
11.830943136999988
9.846306951929261
12.537073110999986
10.987021248999987
11.18882502699999
12.20498114299999
4.586514253199972
6.960737031594864
1.8025930633999772
2.6589983031999678
6.908743928493553
6.4915095748987
8.55216483310126
11.547445058999985
13.908904307999991
12.967197843999989
12.592243786999992
12.885867197999987
13.72730278499999
12.848382793999994
10.149766485727994
11.906225120999988
12.67116573499999
13.002771410999985
13.601538666999993
12.70042760199999
14.31414315599999
13.876338120999993
12.003423969999991
12.54820688499999
11.599987172999992
11.935127068999996
14.055372362999995
12.747905486999988
12.763347336999995
12.378169802999984
13.54985995015999
9.928148187212146
11.881913468999988
8.54442391820255
10.817181883519988
9.875153746166387
13.303311423999988
13.880968593999995
13.96484139999999
13.194767147999993
13.715210791347195
12.943678579999995
13.831698972999993
9.758059690931994
9.403841679271988
11.210705236999988
7.322366664099987
7.662677896099988
9.753941383405119
11.588402743999994
12.297741715999996
11.874217597999982
13.529399386999987
11.973265984999996
11.592575931999995
10.670106467999991
9.716463702271987
8.676784944202552
7.8374309052025515
8.500636549405113
9.581995317067989
10.021452787863998
9.115664761271988
12.36470574999999
12.970348481999993
14.337446096999996
13.158284194999991
14.26371212299999
12.79337674599999
12.341600525999986
11.855810158999985
13.674575046999994
13.844552845999988
13.273546045999996
14.238434401999992
15.555518342999985
14.178056162999994
10.595541686999983
6.122807981899988
9.988129597353586
9.911138479727992
10.527500687999984
11.640092432999985
11.677816550999994
12.462573287999998
13.577322317999993
13.375574198999994
12.92317508499999
13.054580645999986
13.500996772999988
13.429840000479988
13.255514419999987
12.944164640999992
13.250320081999998
10.847406980999986
10.31032989299999
11.212302265999986
11.66072434699998
11.059551948999989
8.641471371506402
9.091293527135987
11.715530245999995
12.40445073699999
12.689118549999996
9.826957949863996
11.584815890999993
12.44753567699999
8.812513752696137
9.859696290727983
9.49187010799999
12.527560012999986
12.576789029999986
12.741625512999986
13.053478747999987
13.24350979199999
13.044924668999988
12.639133239999989
12.570854171999992
10.275172151141426
7.958793699594856
8.312080244405097
10.473924693212131
10.770139170999979
11.032643029999987
10.872341836999983
11.86825978199999
12.045477694999994
11.78284956799999
7.446921939101254
10.506054166999993
10.514029952999989
8.283679988101273
5.6427428710999905
7.046270019499985
6.808971197499986
3.1660854674999914
5.288846606399988
10.67823954599999
10.780446648999984
10.64036553499999
10.25181508628287
11.804685239999985
11.475985589999985
9.988314663787827
10.89848807099999
11.336858954999986
7.744554086303813
10.118132508929268
10.022733056727988
7.6395736862025405
6.040016192599984
8.987373069797433
8.034440145898705
5.191585630799985
3.915775900299989
6.025443171696123
9.255947253271984
9.576190963787829
8.563518434101269
8.566011917101266
5.496403756699985
5.985860748303817
10.368484014929264
10.783006211999988
7.918318460101258
3.015964797999981
2.4519655700999925
4.747238729899988
5.750975601199983
5.559974385101258
3.6998174499999954
6.030640711999983
5.995801866099982
3.009788951099987
2.5531407775999964
4.559921467599985
5.271560591099984
3.557321224999991
3.22535040279998
3.941899537699977
5.135310438493574
8.877057484405114
9.883187293999988
8.616190553303834
3.1808013793999943
1.7800288527999983
1.9444568816999912
6.351508024594861
6.162581983899988
7.290865112299989
7.905531613202548
6.925532478299993
7.347673564099994
8.691198388696145
10.34399727485854
9.90572521678782
5.2799551314999835
3.7621860091999935
2.7733293807999866
1.9856457091999846
2.7846364333999785
2.2179737014999907
3.371618969699996
2.3026318816999938
1.7201376876999974
2.490294229099992
4.827458251999983
5.126806448399983
8.798497465659963
11.21130223099999
1.5399839965999869
1.0957225218008022
1.762981936599993
2.0919784057999946
2.0160084640999947
2.3661326949999943
3.0655502044999943
3.5061426772999957
6.254899366797425
7.599157456999992
7.558461317405111
7.26189764399999
9.102620915202554
2.0229121505999816
2.373554830899993
1.6224591826999926
3.4284913833999964
6.2975395369999925
6.470681115696146
8.33310193330382
3.2199066863999874
1.5999556824000034
2.2737159469999813
0.9291939482795979
0.6582339459399996
1.504216607699995
2.4073009261999907
4.254962036099995
5.3426431060999855
6.267439102199989
6.53499816889999
6.587640290799995
7.970353796399997
6.0027424666999885
6.846110836797424
4.649477441399986
6.551763978594867
5.522430154399988
6.838099345399992
5.769621185299988
6.868955082699991
4.786037481699987
5.701869407699986
5.414063717699991
6.784401911899992
4.039273811299979
5.5849943129999815
6.191399955699993
5.328214721699992
5.341256124899995
8.685121356202549
6.668602296399989
2.9381702102999867
2.0449057158999953
2.696937322999996
2.613827780199994
5.310027098099988
4.395498400899983
3.7913627059999873
4.429057495099986
5.482176074199982
4.390439564499986
3.044268569899991
2.4329662125
2.8145575179999907
3.7552122481999914
6.741329580699994
4.028062446599991
2.6969483947999904
3.9007744246999922
2.4671051468000007
1.9255720245
3.5950735671999876
6.420546565199991
4.289783166499983
7.54611621859486
9.606638215727985
12.30967680799999
7.8715065491012615
7.152919975303823
8.875432934594865
10.142673480141426
6.798235375999975
8.54480676420254
9.050075715594868
7.857622094696142
8.041724867202543
5.090311508199991
2.849070530699979
4.098781803899981
7.69534161069614
7.825712765493577
9.138210960405114
8.106038664202543
8.870593597271977
8.883218336506388
9.140891651898706
9.102505351203986
11.237199267999992
2.7065246886999703
5.005682862899981
7.227309262101265
7.650822332797423
9.176017654398706
11.214102552999996
9.872024227931991
10.818676192999991
4.341865260299979
6.475061299101259
9.378787458797436
11.460074540999981
9.929182980212145
10.356794239999992
10.034171440067988
9.44200733799999
9.60986277913599
8.291217570506392
8.72787036289872
6.565641433699993
5.73831227259999
8.12451755369615
4.463611802699988
8.28384109189871
10.645923556999989
11.723799451999987
8.376977922101261
7.567355693101265
10.436745939999987
10.54276049499999
10.880996322646393
10.806814370652791
10.28523195313312
11.127068769999997
10.411506713999989
8.494364147898706
3.650741503899994
4.267510960399981
6.770450970499986
7.418961556999993
11.112240012999989
12.023625034999995
10.787849375999992
12.450850945999992
10.44266826199999
6.831116021696145
6.074765232799983
5.836031484999995
7.3632291733038215
8.246395831303829
10.63753537299999
9.799019378796
10.710336232
12.821173525999994
12.595033719999993
10.890478579999993
11.64407309600639
9.322526803727982
10.943627892999984
11.887476400999988
11.551087398999996
9.623314134135985
7.711634550506383
10.448411855010873
11.617689760999983
11.17202289399359
12.08172153599999
13.51117500499999
13.731965513479988
13.811726141159992
12.172264617479994
13.081694509480002
13.14729258699999
11.86666169899999
13.144795080999987
11.803828447999978
13.26382763199999
12.306869886999992
10.701900799999985
9.741374198931986
8.528829322797428
11.982850060999995
9.766147546282859
11.196283237999987
10.791578696999991
10.862209951999992
11.177236921999992
10.949601122999992
12.226757110999989
12.241388065999994
12.557741454999999
11.702998067999996
11.738214216999994
12.058719317999989
11.918274436999992
12.08224599499999
11.872396164999994
13.035370694999987
12.244560314999985
12.72476375699999
12.259094166999992
11.537294455999985
12.51100810399999
13.277678141999989
14.254881897999994
13.28217631499999
14.16765150099999
14.617279587999995
14.449445719999988
13.70358682699999
13.827719887999988
14.746040360999993
11.763695745839977
6.640731967202532
10.204564035513593
12.216479951166392
10.764111309839995
10.894976444999989
12.201263851833595
11.728592415993587
10.33475463399359
7.768188282797432
7.763785623202546
7.300433322101264
9.61190325006799
8.752975869797428
10.56405662499999
12.472960848479989
13.455812871999992
13.470333420999992
12.01248495799999
11.23978416399999
13.060723847999983
12.94188350499999
9.175722918696149
9.636682514999992
8.675540432696147
12.658058198999989
10.265015791212145
12.195310688999996
11.460700849999977
12.312945405999983
11.678918383999985
12.496738601999994
13.307271485999992
12.231881801999986
12.610001961999984
12.65465323599999
11.16213879699999
8.722169689931981
9.739359220931991
10.787695313999992
13.251370752999994
12.830537934999985
13.091580390999987
12.64320933699999
13.368718729999987
12.550749804999992
12.055878135999984
12.011067142999984
13.038489631999987
11.283897777999988
10.37331019592927
10.72932762499999
11.585599043000002
14.471678534999997
12.076658663999998
12.070413402999987
11.60139505599999
10.953511306999985
9.283615315135984
11.126562157999997
12.419948931999986
10.890172896999987
10.862027857999996
12.504664980999992
11.166582642999995
10.105879379212148
11.527167083999995
12.74958339499999
12.991797939000001
7.318751777594859
6.1943029067999795
7.773884086594841
8.818755972303832
9.514694194159977
10.09001099092926
10.580917927833585
11.032871989
8.059943116797431
4.707449668899986
5.609561375399979
5.477559365799981
6.546683557099992
6.74414837799998
7.28217200319999
8.024326808200014
11.978491607999988
10.520733207999983
8.212168200702543
6.9957164734051
10.402345473999986
7.292614851399991
6.25170131839999
4.327874095199994
4.33986061099999
4.38885916599999
6.60503943179999
11.931055865
10.419015432999993
4.120227485699985
2.425611453199993
3.2988741317999923
5.030850711099978
3.3850116576999865
6.137916538999983
4.79384107509999
9.973943746762865
8.150270646702545
7.594018012993575
8.78645735470255
8.309392983999995
7.819471218899996
7.193640747101257
10.800669645999994
9.518918373067986
4.315566125499988
5.534140071099984
8.94746696320255
9.119164199797435
11.13594450699999
2.8577277236999796
0.7728374868271969
2.3219086562999873
4.0146652480999725
5.422431306506368
2.178058734099977
3.6753191268999728
1.5541437499999822
1.4040903243999832
2.809873417699991
5.068970828199994
2.1791839965999937
3.7851916518999866
2.4413077849999856
4.050615759299985
7.791992951999986
8.377041963202544
2.1981631774999904
0.7604671472500003
1.6573168258999806
1.2945812678212012
0.8926982689931977
1.6604113952999924
3.033781246899984
6.3554659575948556
6.0852886184999875
5.749869122303801
6.038367117303811
6.35133563230382
3.312472347999976
1.947441159099991
0.9564182306203992
1.4560793990999978
1.9776097625999827
2.784061433399988
4.748970013399977
4.826063697799987
3.504783267199987
2.5927439071999845
0.9985910337271932
0.9205279167135978
2.3475464110999833
5.611260987899988
6.590693254101264
7.705048763999989
9.51561658927199
7.652108106999992
7.6123749389999915
3.9393936278999977
4.472396371499983
3.9607038421999974
5.856971784999973
2.592630931099997
3.0588564986999924
8.449326580797432
0.8130387994863963
1.307909983799989
1.779553614800001
1.3131601348999944
1.5008261291999976
2.628102067599993
4.088951197799992
2.0584247344999818
2.9027866683999757
6.195993308999986
5.699393275499985
2.573860800199984
6.853569374101262
3.6310831267999886
2.757581477399977
2.808413565099985
2.7419400817999775
2.7509504485999834
3.5345858092999873
3.5391158690999953
1.8552869567999928
3.089970086700001
4.70598384859999
2.7945815215999925
3.0958787688999916
2.2939816359999794
4.3039151015999835
2.9721124907999887
2.2499378768999936
1.8565420165999946
3.194276464799992
0.8055307364339949
3.7346593856999717
1.98386358029999
3.4651941757000033
3.668124301099995
4.797190000899986
3.2396976165999756
5.048048287999986
8.21481388240511
9.259369625931985
7.804052807594863
5.950589199797419
7.9890019135063834
3.2609508834999743
3.289382673599968
4.2444290252999854
4.20507444309999
6.344276884506388
11.12859249399999
6.483252084405105
7.1188009536999886
8.782127276594869
7.3352428161999885
1.7605910567999896
4.628285353099974
5.211071900899997
7.122963258399994
6.322873619099986
7.1703723312025485
6.982719967699995
4.7662847824
6.843938806199996
4.7531891754
2.92114402009999
6.805136277799995
5.697238105799984
9.689858689931986
10.352472304999992
9.56653739478782
7.9202587615948685
8.961739175405109
10.269793050999992
8.793804975898716
9.101655023202555
10.202518253010878
7.905339132696146
9.537954138135987
10.369244792141423
9.227466587863985
5.079671804799975
2.721923448199969
6.2253906249999815
11.156522622999992
8.719323002727975
10.734694991999993
12.212535380999986
11.367705884999992
3.94701559909998
4.500228955099983
5.696547183202531
6.407945565797412
12.665734742999986
10.578132403999975
8.589076307696134
8.06329069979742
7.452509243797416
6.369456669594853
2.2393623717999764
5.111981808499982
4.7514934874999755
3.3624627181999713
7.678342288202541
5.92148031009998
4.12978985899998
5.558597189299989
4.881888589499983
5.041283473199982
4.373534449799989
4.320403344700002
1.547445507799988
3.938513619999978
1.5219510787999875
4.019541828899971
3.350392071499972
7.844058286999985
11.646511657999987
8.712678890999985
7.050559023999984
7.524842294303828
7.034992324797431
11.42724777200001
9.636694140866885
10.625203108513603
11.06266751699999
9.534978961141414
10.342076545999992
11.289985416999993
10.822430669999996
10.639367977999981
10.02757073813599
9.402020529207984
8.365656364405103
9.252304363999974
8.941905003405111
11.605265757999975
7.598840914898701
8.923409909101261
9.906073431271988
9.367309110999988
11.481829853999999
12.534182561999991
12.310984063999987
11.895790165999994
13.404139840999992
12.583653964519991
12.17685097947999
12.233979752999987
11.132972174347184
13.05432299299999
9.906354972698532
12.168367257999995
12.672553766999993
11.218002729999984
10.941887839999984
8.40072217099997
8.38367941130382
11.400092904999982
12.896850686999995
9.391909178135988
7.818115438799995
9.180391033898726
13.647569960353595
12.616070773159995
12.577233906999988
13.328960036999984
12.941409260999999
9.99280037693199
12.932807853999986
12.743693932999992
12.285849058999998
11.053917579652795
11.40303170483359
11.768582505486396
10.697483948006392
12.743030073999993
13.380346083347188
10.917446859652788
10.2476013047235
12.901859393519992
12.262246511999997
11.952859981993592
11.312748324999985
9.985976930141428
10.039614266999996
11.742597194999998
12.567978081999993
13.149954854999992
11.163923804999985
9.61172541033998
10.258800244067986
12.04303272099999
12.39796766099999
10.607890658999983
10.587216118999994
11.013693049999985
11.768998656999988
11.321269506999986
9.109711065795988
9.328264173931988
9.957647657858544
9.727794473212144
12.132637713999985
12.265159295999988
12.337166900999987
10.92415454299999
11.057109075999987
9.346265351931986
10.375679938999989
10.725049051000001
8.599594392405107
11.128875263999987
9.003100442493588
7.68443368070255
7.706295980799998
7.149965046699986
8.593742450006399
12.374729832166393
10.104509675999994
10.649162392999994
11.422402233999989
12.004658986999987
8.116715354898703
7.343594370999982
7.62312395320255
11.680199351486399
10.384450875489122
10.515687900005434
10.670799737999983
11.924233104999997
10.747207512999987
11.910134971999996
10.417873993999994
10.850702132999983
12.320426650999988
9.421192814727993
11.669114351999994
10.22139743193199
9.658452761863993
9.112633149700002
11.282832353000005
12.70963700999999
13.074377726999995
11.39495699499998
12.70149206515999
13.727189406999985
13.223907691999989
12.297614500513582
11.922658361999991
12.449376212993588
11.772085129999999
11.835063462999988
12.50550384999999
11.312728202999985
11.228340639999987
11.241595429999997
5.850564239499985
6.666740658594858
10.174809474135992
10.477755045010875
7.970753456101258
7.280857141101264
7.691415934797421
7.653289108303814
6.854685060101258
8.77598667299999
9.82324934693199
11.185234461999997
10.260402512997272
9.970524928203993
11.120809893999985
9.683699322646381
10.233941501002718
7.6604724196961484
8.193745466594875
9.889367242405116
11.120104023999994
11.971561211999994
11.607458825999986
11.743490441486395
9.398178597999985
9.32462549121214
3.419549870299975
3.7514540511999805
8.0021642624051
7.17804806520254
9.95068160235359
11.016539301999993
7.439411782797427
7.088937564101259
7.234367913797425
9.984926409931987
4.877125030493566
2.968464448499973
6.687943316696136
9.852525869858543
8.218289501999989
10.603096111999982
6.346933108499985
7.960040013101272
6.752315641799991
5.505068400599986
6.093487031594855
8.14077265779742
11.373957013999984
7.921386555506381
1.4423798598999906
3.8571972060999853
1.851572564699985
3.8777402297999957
2.6962610335999937
3.161890377799996
2.404830203199995
1.537599897799994
2.2008759780999987
2.5820516921999928
1.4589392669999846
1.495215777599995
2.0253757094999987
2.3599641692999938
1.7552471160999925
1.2249400878999963
2.3651769286999866
4.2486675841999775
3.6530370498999893
1.765965496799983
1.348551892099988
1.7007848235999945
1.9809057448999976
1.626148669399998
2.4158815597999928
5.615549427799984
6.630449095202545
6.524991468797415
5.137289068594854
5.236121090699977
3.403074616999982
5.190692257699983
5.624860876499999
4.047671855199986
2.7361213134999884
1.9617758803999827
3.457743293799978
4.562519578594855
5.610959155299984
7.613658854696146
5.03842984009998
2.1241328750999857
2.429084707599991
5.366539361599993
3.9452043487999937
3.0957861114999945
1.910490504499993
2.2139363128999965
4.527439862099991
4.4679545897999935
3.6862718612999874
7.041088056898706
7.372258216898705
5.051042394999984
5.888414735405104
7.193571603405106
8.756081013506387
7.376355087299994
7.34397591549999
4.9801081405999925
1.3277096831999917
3.1596087433000006
6.140544235199995
5.586415609699992
4.683179261799985
2.3914210341999977
5.221771548499985
1.7092532012999895
3.8350089400999687
3.388670652799981
1.804549630699995
1.828484060699998
1.1834270047141326
2.7964307601999687
6.121749859594861
4.644465611299976
5.335520994599986
4.015099223299992
7.519242474405106
6.013969952399988
6.676972701999993
6.886806840499986
8.616128971898714
3.621573152199985
8.363367433135968
6.562539964299987
3.5604203368999894
6.930915846303823
8.986816564898712
8.560079650898711
6.790333622699987
7.13135753020254
5.224463491797414
5.764045729099983
2.2973321868999865
4.687183995099993
8.801282345594863
6.475328695699989
7.042805267303832
4.946429820299978
5.506469049101259
2.3505817794999815
2.8028055770999893
3.3973433242999835
5.270754130599983
5.418490183999985
6.674405053699992
3.1653647384999837
2.3715374282999786
2.6553845168999755
4.367476353506371
3.28151074069998
8.284112608303822
4.360398951699982
5.81505404359998
6.163824352999986
6.419643569899985
5.602383729599987
5.784198171999985
5.947285452299982
9.041590943898713
7.811997193898707
7.6835204757974225
6.88093863369614
8.010023738101266
11.342980407999987
4.957280439799976
7.013844888303815
10.063714741646388
8.864752522303833
9.158686599696155
5.834299330099992
4.084406722999996
4.403602691699989
7.479552889999993
9.614218391271997
9.835215963787823
8.594933349594859
3.7476296630999766
4.496544825699978
3.8640679932000066
8.721256486493584
9.277527006659982
2.5517434188999824
3.3200436873999815
7.745691165202537
11.634446561999994
10.343659637353577
9.933520642070704
8.604206631506388
8.720750929303824
10.522712731999992
8.959210298129586
10.423896570999991
11.648468857999994
9.702706161339982
11.339635898999983
11.551607769999988
10.887900707999984
3.826514039599972
4.194059893799985
6.283059698499983
3.9336042327999925
6.915325938405094
5.477824528499978
6.237172924799996
7.666090136696145
8.345858511405098
7.800843955999974
7.779752406303815
11.118985578999993
9.39882304989871
7.036114544696142
9.376464845303833
11.811240316479994
10.815639017999992
5.107763816797412
2.618474975599967
5.470002571099982
10.082199375929266
9.141976747067982
7.483071046405117
8.253890975999987
11.735540989999992
10.826103179999993
9.88840399621215
9.409651809696161
9.31115371399999
10.68334342699999
4.884312992899979
8.055091136135962
9.772356758067987
10.09641332564638
3.3905677566999803
1.793374232499985
1.8858065581999814
4.935898518399981
4.865913026399979
6.631961711101257
8.030665258797427
9.983156605646386
9.303573902898709
8.812804162594883
11.346437947520005
11.033650586999995
8.649109378101262
10.002322827070701
10.276818954519985
5.290190383898692
6.700709664898692
9.078054215999988
10.209846380999995
4.552480667101237
4.468248205594833
5.425374479699977
7.2184076491961475
6.596248373399991
8.887093901101265
8.89480326389871
9.163900244094865
12.120826143999995
12.296554613999998
10.396898238999984
10.808776151999998
12.872750165999982
13.100106160999992
13.624146981999994
14.178391498999995
12.582721607652793
11.234761934999995
10.935141952999986
10.700500159999988
12.11369789599998
13.908807503999999
10.074387672282853
8.292090789863972
8.424254978898704
10.85683347799999
10.414154114999986
11.503080996999993
12.853478354999993
12.276888523999995
12.938413729999988
13.911785743839992
12.15017034599999
13.884829242999995
12.87044019799999
13.461484908999989
13.217410496999987
13.06647759399999
12.873927077999994
13.606602750999992
12.72228917499999
10.52198439299999
10.622779203999992
9.184572857696153
12.035198830999997
10.080265003999987
12.062580424000002
11.231202942999989
10.08966375113599
11.902445714999999
13.023153698999993
13.834747013999994
13.060177436999993
13.088945069999992
13.025030076999991
12.294899991999992
12.012875753999985
12.49240373199999
10.530308449999987
11.014434066999987
12.446441376999987
12.509765455999986
13.324524796999988
12.217046125999984
13.226229555999987
13.315968598999989
13.440478588999996
12.805203390999985
13.368067904999986
13.650961519999987
12.22621471999999
12.531103466999989
12.501901673999981
11.436379310999984
11.201350225999986
11.413163846999991
11.782180271999986
11.466606943999986
10.62064238399998
12.838194249999988
13.007018969999997
12.098979329993591
11.174603516999994
12.394249864000003
13.58585656599999
11.745859314999986
10.124490161070707
11.682241955999995
12.618478571999995
11.156566920159984
11.90443373299999
12.27311495499999
11.733634881652792
11.03255550199359
10.958091378999988
11.624546360999988
10.007717321697596
12.219962859999988
8.715815380898704
9.229871981863987
11.861277067833583
12.24646361099999
11.546977820999992
9.369305303999985
10.534799053479993
10.883041797999994
8.848436041303826
7.463833608999981
7.6122889603038155
9.230163719135987
9.548756921271991
8.499883915696145
9.967369302271992
10.7571019284864
11.10510005499999
11.690243171652781
11.789415001999986
11.813438321999989
7.748944020101263
8.240798150594872
6.6914573166
8.137285813900002
9.073121816999986
6.70560556950638
9.393777004999984
8.810420809931978
6.723753681898704
4.130904684399977
6.8711841628986985
4.974282304399988
5.83144212039998
5.676074063099982
5.482889393599985
6.222424906899993
7.303284162898703
6.103267411799988
8.773249468999987
3.978051779199982
6.664537623594858
4.354674874899975
4.936523881493567
6.850623846399989
8.555868423506388
8.061370182797429
8.693925680493585
8.793054855303827
10.496460163999984
5.15126135409998
3.0452824294999865
3.2857493545999867
6.776871763594864
6.3227726577974215
5.410296655299981
5.702997114599994
1.600052627599995
1.8179438979999971
3.692554692099996
3.6386485152999946
2.6897915420999974
1.9723065719999964
1.9113837859999985
2.8766894408999986
4.72079511409999
6.421889111303821
7.554866961696141
8.168432781999982
9.639992747339987
8.390437286405108
9.621836653067986
9.779362950070702
10.409811711070708
8.759221737795976
7.656751855506383
6.956245684797422
11.016691683999996
9.428730941797427
9.336617243999989
7.289895159898706
7.381012716699992
7.729138249202543
9.391504054203986
6.273955345199982
7.591967840594859
7.844336424303831
6.194817761199986
5.297102525299987
6.3841807067999925
4.296528842199995
7.05610573730382
8.191353332493588
9.074793894999992
9.089919068898714
5.634385168499988
3.5375973479999923
4.599045054599983
5.699954836999997
2.6422807723999884
3.3766816375999786
7.153700199898698
6.250396144101261
3.580341354399981
2.391072196999991
2.679320468099979
1.4335268443070606
1.3261266720858402
1.8863618926999883
2.713837483199996
2.139291993699994
2.137087104799999
2.072072943099998
1.9356714431999915
0.9982008025135986
0.8570095231067971
0.9186153030282839
3.6220946578999755
2.1233548110999942
7.404776647898707
3.2030708358999953
4.102719074999991
1.5999755019999955
1.093864432033996
1.2344005105999925
1.5078391402999947
2.6873622588999933
3.6551831557999863
4.7400173629999856
6.07536259309998
2.7165819091999794
1.7614317763999818
4.975229054299982
4.212781527699982
2.425643997199977
2.011701116899982
3.6934761580999784
2.7403129729999707
4.588718153399976
5.7764719161999825
7.834089491303827
5.196601631199987
2.450231260699987
2.2797359679999882
3.1359531707999793
2.311539018199974
1.5850867446999786
1.555016490199994
2.9417323714999712
2.1037142638999744
6.042633430506381
6.801567602499984
4.910048539696134
9.639363171271986
5.128397032199975
2.885225614899976
1.7664615066999834
4.2512177718999915
9.294213073795984
9.207958673067983
7.188308953898703
6.5542884125063825
7.441253362999998
6.802635211199994
8.56341759489872
6.1334028716961395
6.975837560999986
7.770865354898703
7.864954849202543
8.007077876303825
5.682212820399983
2.963612530499974
1.440003060599175
1.2546940777863917
1.3517895369999915
1.5893432540999826
3.842612805199979
3.3173146316999738
4.9590414687999775
3.914391322299978
8.70722953933998
7.489296583594865
2.260320381199984
2.3574438323999845
3.5653634765999773
3.2418982650999766
5.456378559898702
7.02868300169614
3.524487115499969
4.003004536405085
4.421589297506364
8.780460760506388
1.9480317443999868
3.9734166213999713
2.528419432099969
2.9750041396999696
8.449110313271973
7.29202543789871
7.368004087797434
8.364382047999987
9.707820021103993
9.716429908858547
7.871705462600005
8.861203468303836
10.572895119999988
11.118495167999992
10.1363178710707
10.019532577646382
8.88826490620398
9.904738827646385
10.199942952999995
11.243896557999992
9.055140209999994
7.826479995696149
10.269181353999992
9.026811506795987
10.702089512999994
9.448292030303831
10.824456240999982
8.702339611797427
7.361682096898703
6.8814854415948625
6.66603384249999
9.094907511931988
7.821139186101266
3.4016198195999663
7.142171603405101
8.42415005189871
10.223792471212144
10.975061578000002
12.342426151999994
11.65529760699999
9.256967713931983
9.362623228339988
12.400128438999992
6.830820594797419
8.641723583999982
8.77912787486398
7.792709664898709
7.1207983886961435
8.95086650999999
7.883622466999991
8.169058210797433
10.305189004646385
9.902482829212138
5.910393275506369
6.000135830699977
4.744555656399977
8.828038841202547
8.52650692899999
7.1111471724999875
9.789024586339995
10.822386719
8.113413560506368
8.95866617727198
7.563635963405105
7.07258135379742
8.080056585702545
8.210174809303833
3.69384586329997
5.4483378235063675
6.110544290202532
6.753746929899992
9.176809634405117
9.635255990594876
11.85641752199999
2.6482462310999844
4.121383109999972
9.425653346203982
10.709582711999992
11.985024437999993
12.877825964000001
13.542266329999993
11.898057761999983
10.33740991799999
10.081693725717095
12.666181106999987
11.141123548999992
12.556853927999994
13.705118872
15.428969183
13.99794211299999
14.368784133999997
13.86076771499999
13.446102778999991
12.033352732999996
12.124106754999984
13.081697497999988
15.650986709999989
13.06488390699999
13.311683779999987
13.49045988599999
13.439507757999994
12.79039576699999
13.640895728999988
12.835287218999996
13.582330214999994
12.270959279999989
12.315508075999988
12.045095413
14.08648773699999
10.044249046204
8.67350984650639
10.971024802999986
14.187308521999993
13.690504348999992
13.416406414999994
12.762914593999994
13.501733506999985
13.806582824999987
13.776281811999988
14.649315243999988
12.433787317999988
13.576522201999992
13.035343111999984
11.688801191999977
12.521716956999985
12.678829618999988
10.42998482399999
12.912247324000004
14.30447105899999
13.019876362646386
12.332000829999984
11.155188256999985
12.228530221999987
12.591685101
14.55870173199999
14.237536854999995
13.418972204999994
11.384510895999982
10.6607612
9.02641008150639
7.924086834699992
12.932088755999986
12.728924225999997
13.406948153999986
15.478320310999996
13.185094697999988
13.523168284999986
12.71810045199999
9.901813676339975
12.37813050399999
13.226191332999985
13.593278737999993
14.27643021099999
13.459080102999993
12.883760317999984
12.154472069999986
11.290824643999988
8.847320092797423
9.64322508999999
10.71189203899999
9.041636570696145
10.414030467141426
11.402957795999992
11.322265210999996
10.527814169212142
11.940935120999994
13.410446364999988
13.59992055099999
14.443480492999992
11.77476556199999
11.414151000999993
12.652812462999988
8.02778480830382
7.5285224486961475
11.669502277999984
12.935349575999979
10.608503232999983
11.002190496999981
7.646485026594869
6.932875071696128
10.704557158999991
5.343257246399983
4.869591715999985
7.1757284607000065
9.809796403659986
10.466135149999989
10.348015168858542
8.978955482339991
10.150364216717087
11.235154825999984
8.273815884405105
10.10826490928287
4.845309207199972
5.938631661999983
7.751136869797423
5.117647091696126
5.4143811813038
3.6410644484999835
4.415257371499976
2.691837196399989
4.378974565101245
5.923528099099976
7.256603858899992
6.420564663699981
4.6799724761999855
5.13188563540509
7.198135012797419
8.524572238202548
13.008130318999992
12.832544510999988
11.793075005999988
10.176792515717105
10.070231468135987
6.578510676599987
6.175294497696141
7.3889466338986995
8.682710855067977
5.9115990723038205
3.570147503699979
3.180978498799984
7.1059283203038115
5.708410967999984
3.2816038436999846
3.0362314177999763
3.31466334379998
4.048283006299982
4.398261381499982
4.246751686099981
8.726362774696144
7.876541526797423
4.810279634099979
5.558363198899982
3.9189202544999864
4.348201510599978
3.19779236449998
4.126265725699978
7.200459612999975
6.408337542696133
4.120295477299991
3.7646861312999707
2.011197053499989
1.7810749175999834
1.4363967238999922
1.7025001739999845
1.5784108001999901
2.8763164168999906
1.9410331847999918
3.10363515779999
2.763011318999995
3.0700971129999886
2.236213474999992
2.461989494299988
4.377623750299982
5.707952461199984
5.7174555816999915
4.399794747899993
4.739305104099999
4.84762054139999
4.104021926899985
5.041291770899982
4.731168325799979
4.944464529405097
6.694874308797411
2.8251497130999983
3.431744090299984
7.1560814514050985
7.150335125696143
6.681068679799988
5.468703506499996
3.7305409240999974
2.4057867278999945
2.8212140365999967
5.73011271819999
4.572167811599994
5.3980535674999865
4.011351596099982
1.5097982772999934
1.881033549499981
3.995310545299986
2.7215231399999893
3.8112309020999753
3.60303695979999
5.81520124820254
6.283915272493579
4.452643501299979
3.1575846496999835
3.0108850341999798
3.6447768996999734
5.924637150594855
6.685231884797421
6.781739822405102
6.426088812299985
4.276068629499971
1.2024187237795914
1.4555158024858437
1.2076632961203941
0.8823586119795946
2.969706556699979
3.52454546359999
3.324217097499994
1.819891403199993
1.213231135599995
1.1282746870999987
1.4553228896999917
4.393170815999975
7.5766643767974164
8.282170899999976
4.470748454299994
5.942205642696138
7.953465391493585
6.03504638369614
4.337364173899985
1.022024870106792
1.3811742156999947
1.2946595000999963
2.1689467986999826
3.0886248061999826
0.9701801758858403
1.2411285857141272
7.268487083405102
7.960569622797422
3.361202995299996
2.20065161899998
3.111877853399984
2.6450611220999845
5.522972872899986
3.3514116271999734
6.781349575797425
4.437544018599978
1.29225716189998
4.421626919599975
6.8796274994051005
10.075327355999987
6.331089726299986
3.22156439359998
3.3820118682999802
4.402062855499989
4.331675527999979
8.863609237795979
6.731132185405101
5.324949499499981
5.886918254099985
4.7740608031999905
6.192214875799993
5.946610516399986
4.452518495202534
7.760467312594859
10.266222615070701
8.635407144202546
3.5354555846999802
3.32120792239998
9.313883837898713
5.808514100599988
6.305981397999979
6.7970908844050815
7.9228018951012595
2.7477659209999796
3.3552784911999876
5.546771543899988
7.726971794100003
9.819573115659987
3.4025112151999704
4.884538201899972
11.07192624099999
2.326901135299981
4.132905851699974
9.799774899212148
10.496894364999983
9.84024316707071
10.634464998002722
9.998784024000006
8.231675976594865
8.952644186405125
9.062247035202546
10.936966894999989
9.761283485271989
6.8050213866999965
8.820952950999985
10.000961978067993
11.664443723999996
9.523553453067988
6.795365528898696
7.992461442594863
9.459687470999983
7.602499371303816
9.610941052135985
9.801499853646384
10.463018143999989
7.721309698506383
9.054539732405111
10.069244113141426
9.615922987271984
6.582913503999983
8.0346906174051
7.389247813405094
6.723371644594863
6.9538347335948565
7.091472332797416
7.49571359099998
8.427039230303823
10.649207236999986
6.763153601101258
9.525873649727982
3.849545999099968
4.647674552899971
7.076746865797428
8.768986286898706
6.252632160899988
5.351173374899989
7.597936607400006
11.639778769999992
10.290222230646373
10.235164862230704
7.5438687592025415
7.995355012499997
10.121685261999994
11.226018905999988
8.742739865103974
9.086542411863984
7.806747582999985
7.375927305594859
8.521742370594867
10.447505419999985
10.358783716999987
10.11701078327199
9.68120679930384
11.171194772000002
12.304627267
12.293085302999996
11.008216765000006
11.240447150000005
14.154619042999988
6.0598708297999835
8.267791250594865
9.768163035727989
7.840742059303821
8.073341146898702
7.761744189506371
8.79159804230383
8.961804603594867
9.43602155910127
7.763467791696139
6.88874058530381
6.803286422696137
7.397488905303817
10.489801563999977
8.974187496898708
10.326840880999994
11.376333243000003
13.074527022999982
12.639768441999985
13.327464632999988
12.289728405999982
11.797903664999987
8.227392307999992
10.727989037999999
12.181305574
14.393600371999996
13.829759499999993
12.833458592513592
12.870274206999994
12.68028951299999
12.005185886999998
10.62274012799999
12.173368421999989
10.944764666999994
11.29975549299999
9.169494953929256
12.638963807999989
10.437909092787821
12.913632163999988
10.541147925999987
10.355416630727984
10.927457223999985
11.922794907999988
13.750987581999993
14.122063016999997
12.512907482999987
13.94822422199999
13.846597814999983
14.12109801599999
13.52170712999999
13.979066924999989
13.999020537999991
14.916211213999992
7.186801322898677
7.903808192405093
8.42534527740511
8.376054614303817
12.844660434999984
12.199017632999988
11.652025054999989
12.411014802999992
13.750694397999991
13.694927489999987
11.588809726999989
9.75166839127199
9.897941261203993
10.881977617999992
13.015513817999992
14.232425168999994
14.547503116999994
14.224120525999988
11.912140362999988
13.672026858999994
13.60447261999999
12.629934367000002
12.113608978
10.64458492099999
13.18694091599999
9.51640830993199
11.72579615199999
11.875547147999997
14.446592933999993
13.740352878999994
13.99588864399999
11.381385624999988
8.800449587999985
9.16945504610127
8.868029943797424
10.356860503999986
10.902938445999993
11.50199925700001
11.653432300999993
12.795095424
10.853497254999986
12.231842693999987
13.574594579999994
13.399793581999992
13.639126645999983
14.38045097999999
14.407708809999988
13.523852920999989
11.608683794999989
12.842965674999995
13.189460129999993
12.274254993999994
12.639585886999985
8.338370461999974
10.998758214999981
10.107142343070707
9.78970369413599
6.744526553303828
6.760542423999992
6.124432214399992
5.4105122710999884
7.5899357483038195
7.83005423130382
6.6950170196961425
6.45207590330382
7.160296852101263
8.58781648099999
8.89246108250639
8.410917387405108
9.24157513120255
8.638943295303832
11.832672263999989
10.000060160863995
11.559508771999992
10.950106493999984
12.651454996999997
10.812324039000007
10.949985982999987
10.461855209000001
10.233149405989115
10.637398559999989
10.847871285999984
11.715166915999983
10.525554035999985
11.174798101999986
9.90945086071711
8.68333011469615
6.022075556899985
8.519854550202547
4.48787692409998
6.947741981493565
7.633008877594867
4.380476318399988
5.885543316696128
7.857125103797411
7.583229952999986
7.263787167400014
8.40080005800001
4.8986857039999885
9.039071217303835
11.045828139
9.936933537203991
7.020137327594862
9.231066218594869
7.203466207899989
3.906471322599986
4.295013639799983
1.9794764312999769
6.071106320202535
5.023537567099989
3.4075198531999975
3.51523122709998
6.973652651999992
7.11688783109999
6.6110120452999865
1.8212833175999934
6.2041364089999655
3.4395819106999888
2.8609905944999894
2.856402374299988
4.616530258199982
5.636104162599984
6.328586619599993
6.206043443299993
4.370536668399995
3.2875208236999844
2.644447064199987
2.285829232799988
2.82449740299998
3.822699288899983
3.9444881957999827
7.972106002797431
7.786960143999994
6.19450063629999
4.505802067599972
3.265629519699983
1.0626173403787793
3.212816284199982
4.717456045499993
2.250837771599992
2.1646616195999933
3.2227248839999936
1.972430076599988
5.38988215479998
7.095038546799987
3.748999404899985
2.9898438613999896
3.2631606246999882
3.533639305099993
3.2984717223999844
3.8138789260999904
5.101450344799983
8.458748455797423
8.445700540202546
7.578068966696145
7.710746990999988
6.538578863499993
4.361891873199992
6.467035830696146
7.030852479599994
5.889964753699982
5.016533621199996
2.7574590239999974
2.7615415328999964
4.44840973659997
1.690560050999995
1.569564512599995
3.3158031310999787
3.238726879899993
2.8407528824
1.721213755799997
2.4767018844999953
2.6815564010999897
3.5176805297999874
7.325822203101254
5.589074374399995
6.15431697850638
2.680597251899982
1.5272891234999941
3.1187268538999673
3.7327474502999856
3.7397771590999898
6.972076615899989
7.485289651499992
6.25408482359999
5.987542097499987
8.744894525101266
6.878075636303819
9.772099780203988
2.863437704499977
5.013389828506376
7.862790571594866
7.53710435030383
8.867424262999993
8.254871113594865
8.111692298898701
9.943765603727984
8.715903066999982
1.5893279128999904
5.330628129599988
1.495064700299988
2.503419299299993
1.81360041049999
2.1924565108999863
2.354970584099975
2.236221519499991
2.956933706699983
5.083362483199992
3.7374596236999875
3.564216995199989
7.065097808797425
5.83181290129999
7.936734349101272
8.093051571696144
8.451497773696145
8.817046475202547
7.448797566202543
4.358407966599985
4.304756393399982
5.765205137599982
4.039378060899988
4.881967082199996
2.623788098099981
6.3255356674050915
9.686668810999988
8.696071322594866
4.631680337499982
3.380676939399986
5.997459132399987
7.557682749899997
6.973417195101264
9.382010882594873
7.901518836999983
8.742159887696149
6.7603391662999925
5.71086900479999
3.802460797099995
2.4311778914999924
6.253709597799988
9.434089779696151
10.682221934999987
5.681954884299989
5.2946051635948495
6.141070613101258
7.895913777202545
3.830334045399973
4.098366018699976
5.178759530594855
6.570476670797417
6.559437026999983
6.257692349202543
5.6669749740999915
4.51511054229999
5.549604420499995
4.048596404999986
8.748676153594875
8.784351739493593
7.046346437099993
7.5305178206999965
9.638941480999986
11.308584572999996
10.56985349699999
10.248409179787826
7.257905470303808
9.334810880999983
6.096905032303815
10.044887014858544
6.9995763289999875
8.094470576506385
10.952233124999985
9.776855805999986
6.6136555022999834
8.574038186727979
6.16378949889998
3.817354438799995
2.3835956817999935
2.9511148482999836
6.199971549999991
10.001003950659992
8.442648515303821
5.825845886199992
4.995938563499995
4.811937670899992
5.880186874399985
6.648446102899987
5.80391442259999
6.44583159030382
5.3356134368999975
8.252940901202544
10.050908384795994
9.985406069929269
8.088790235898706
6.862854832499998
8.857044908101274
7.926438603202548
9.357334200999995
11.633813651999994
12.588984742999994
7.258582104506394
9.724327358999982
10.673939026999987
10.607964159999987
11.976657393999988
12.559373792999988
11.095972379
9.016708424271979
9.491845245271982
11.465349616999987
9.866446479938887
10.713021071
10.929708748
11.701321303999986
12.174156600999984
11.013131789999983
14.692264962999996
12.524953204000006
12.007013183999995
12.832939191000001
11.499200303999991
10.884220075999988
9.806740901141419
10.70328955199999
11.103544950999988
8.782686320506395
8.829549554405103
10.434168509000001
12.165016306999991
11.142525752
12.186911838000004
11.076054711999989
11.838682194999993
11.364623801999999
11.440510161999999
9.493416740271986
12.23698558499999
13.874834047999997
13.087905036999986
10.706946189999991
7.972934207202551
11.300415033000005
13.533470380000002
14.24950795099999
13.191586558999994
