10.765497919999989
9.816900984061123
10.024966036999988
10.956162465999986
13.832368929999996
13.411775573999993
13.209863250999994
12.654340149999996
9.520336424203991
12.063836388999988
11.894363494999983
13.47372045399999
12.409894098999983
11.199270185999989
7.864789466898705
11.220529288999998
12.176993899646394
10.959277109999993
9.343204907135993
10.874235145646393
11.19410897799999
12.28411236299999
11.670971014
13.539002076999992
13.519495313999991
12.517846137999994
12.532221386999982
14.22843187399999
13.680677321999987
13.142012522999988
14.578990021999996
13.842531749999988
15.405880900999993
14.068465250999989
12.764751552999991
8.420268521101274
8.396854686000003
11.517455259999991
11.368717975999994
11.365799697999993
13.154674025999986
10.797446279999992
10.317226893717104
8.585323812898704
10.562041723999986
12.699033500999985
12.398538999999989
11.722563991999984
13.73004523899999
14.083675351999993
10.08727365885855
6.894904551696133
5.766580819699982
10.31121831506799
13.07831958599999
10.114491957070703
7.982484196506373
10.338744496141423
12.128447831999992
13.271261762999986
11.503970841999987
11.418623842999994
10.36409227599999
11.64906710099999
12.068390023833583
12.058907311999999
13.859980858999995
12.520927178999992
13.038713946999996
13.37674559799999
14.065757912999986
12.469171314999995
13.193446700999994
10.635864600999994
12.273551250999995
11.738167286999992
11.411480864999987
8.34811254579743
10.563716730999989
9.549489605696161
10.375003527999993
9.48233687440512
11.284587748999993
11.466726227999986
12.382128184999988
10.356870828141423
10.05108066571711
11.611612537999994
10.326239668212136
10.980464071999988
11.907092568999985
11.321570199999993
9.585660089067986
12.807263660999993
10.024744209212148
11.175317203999985
11.750169994999991
11.902299663999983
11.499295168999984
11.78940799099998
9.403049119727985
10.796808562999985
9.15874969330383
7.0668910949999875
8.831222737070688
6.204983915699985
11.067858230999988
6.067088424696142
8.991981431727982
9.860098332135994
8.728367214999992
6.736227802999984
7.787616160594865
7.662075884999983
8.520633698999985
8.398090982101275
8.280641950999986
9.930224896135986
9.068307975863977
9.39231956020255
11.131586130999995
7.489560343899991
6.917969682299992
8.829878520202556
7.148691725202534
9.954288395787826
7.142613545202532
4.652357771299977
6.180015243499991
3.0983026442999813
10.23854349699999
11.382560631999981
11.366501818999987
9.600577038594874
7.353853286699994
6.988945542898702
10.603262674999991
11.42172698199999
3.0606246444999905
2.0756839904999955
2.8469445754999816
3.542987200899987
3.2777432082999916
3.300057009899992
2.9970353148999895
1.808071096799999
3.0916774566999945
2.3001579680999833
4.107452618399977
4.660865522799993
2.7555341735999903
2.9541630814000035
4.832905009499989
2.8606906890999815
5.530498936499987
6.327849064599988
4.557731526199987
2.0068517241999912
2.88955405119999
3.175874221799989
2.5587359115999857
6.669951707506385
5.804142259199987
6.451775038099984
6.040595753506375
5.797027520797414
6.683480230696141
1.5861084044999871
1.9057677077999862
4.771825047299972
7.3563343994051005
8.678375886493583
3.6383716231999728
2.4119441848999705
3.0547215835999824
3.354393403599996
3.9601070739999855
1.6002327178999902
1.3627866271999947
3.5869150802999723
4.598133875999988
3.5270892333999857
6.959941880799992
1.1410509161929223
3.0885389571999915
4.579369653299978
6.810249679599994
6.6523286942025415
7.216505171202543
1.787449194299982
2.495226409899988
3.849448890699982
5.296787182599989
5.204929417399989
2.24682487029999
3.2440630218999917
1.9742405456999856
5.822616656506381
4.152378022799981
4.792741500899982
7.280206008898707
7.63804217830383
9.027371986405115
5.723597525000018
3.8556185409999832
5.876607380699994
6.840556477405107
6.536453044101263
7.841181281999975
9.870794474858547
5.302929736299977
9.267215434203985
8.373608535797423
6.371014950594866
8.23842436979743
7.356795738202545
5.392678175399983
4.7581514296999865
6.756308605999979
6.040374551405101
3.064414060999993
1.9742744262999954
1.5501428527999999
1.409552465800001
4.188913241599986
4.37217953949999
4.2909896987999785
6.365224429299997
7.455680200199995
8.568895707696155
4.858289840699993
1.697182928499987
3.3655911849999764
3.320948615999976
2.940477557399977
2.9915825469999833
4.21838187410125
4.686635142499975
2.3390464049999737
1.7191638869999797
1.1058993819141312
1.3599918753716884
4.292809738199976
5.239833448799985
4.093296929899982
2.1627196929999863
3.451125820899994
5.008594993599978
6.76224071349999
6.02067229159998
5.034914012101253
4.92825991819998
3.6994371337999814
6.894161718797422
7.0929797317974215
7.639397132898707
9.355909464999986
9.796082670727987
10.356595163999994
5.140292352299991
5.166407186899994
6.156668780499985
4.6047665496999794
3.3496032180999724
2.369659553499989
3.942657731599987
4.311926870699997
6.775608554101266
5.741507865899984
5.426646644599989
7.412612675506387
5.682172460899991
5.025567817699977
2.607524012799973
2.5868417937999673
6.356641233797413
5.19081504210125
1.6201519225999819
2.803774914599974
2.920248315399974
3.108221675099969
5.556057484405105
9.207969445797426
7.352962010202545
6.87488350220254
6.9619392211999935
9.257310978700003
9.231706562797433
11.131594414999988
12.852186698999995
9.659059861863984
12.526627601999994
12.211992606999992
8.429084815999989
8.236747085594871
8.34030785830383
7.201725945999986
8.21571399379742
6.057984895303819
6.357357755999979
8.472140145898711
9.028825611898704
8.561868279999983
9.109777430696159
1.889765609699985
9.869160287353555
10.579769832999988
11.117228386999992
10.722216889999986
10.11714849699999
6.790495465101257
4.4570632110999755
4.422957023599979
8.197002189594855
10.690142081993587
9.645548117067982
8.167805891405107
3.8903935897999786
7.285738626101268
9.648280628999986
11.293058903999999
11.666614475999996
11.341207650999982
9.68046054230384
10.666978098999996
7.858805929594861
7.458088413999971
8.009559106405105
5.576050253303815
7.417762124594879
6.57653548580001
6.649102629099988
8.352042744405107
9.443343266203982
10.042604774353578
8.908458538863973
10.05046753999999
9.482874526999993
10.220012923999994
10.516990067999986
10.763820504999979
11.844912785347192
13.278854868999995
11.966138379999991
10.434649926999986
11.542115677999977
12.049366215999985
9.950606072999985
13.611346320999996
11.802468960999988
11.140298752999987
12.643026850999993
13.722037870999992
12.077575580999989
9.611713282863981
10.52056330699998
12.480637346999995
12.062841406513593
10.513676925999986
11.200310002519998
10.265609789999996
11.986920873999999
11.784364359999987
13.914420740999995
10.619641546999985
10.736251105999989
9.160756436135983
8.412182276898703
10.17336526628286
9.895618807999995
9.616477758858542
9.81417188878782
8.911910577271975
10.142683723282863
8.458974049271974
9.57387023920398
12.23420181999999
11.955934437999982
12.24455729516639
10.053413514795988
7.6568664902025505
8.846377543594881
12.249393085999992
10.692151523999994
10.419856200999991
10.705000896
11.177909932002724
11.287151059999996
11.06562651999999
12.127422159999988
12.457822947999986
12.556293418999994
12.138163436999996
11.50747686599999
11.619793653999999
12.232967270999994
13.124031869999992
13.058666069000001
12.56870842999999
9.546232865931994
6.660093139599997
9.694668415863987
9.956156570282873
10.414950638991835
12.070800574999998
13.07959701699999
12.250841715999988
12.44297705799999
11.705736204999994
12.325815833999991
9.535356648203985
12.268465349999989
10.00412033393199
9.238042953339985
9.501582708795986
10.63855963299999
11.410010082999987
10.404243937999984
11.346633513999995
10.62834107999999
10.767817898999983
9.787159849659991
9.074298496999987
9.911083111727988
10.731295414999996
11.537669515999996
11.698593763999991
11.652505538999986
11.358442244999987
11.001512809999994
11.141870215999996
10.45612285799999
10.946027152999989
7.537409284999987
9.689841857929263
11.347788978999995
8.960023950135982
10.938473447999986
10.725974389999985
12.854814649999993
13.21485130799999
9.662243339493605
6.131111526499985
9.527353811727988
9.768481126271997
10.208766994994557
9.124154492202551
11.007822736999984
10.91762891499999
9.594977789212141
9.887158309931992
9.176909960898714
9.088207058795984
5.777543221999984
7.586602024797423
8.535489067094863
10.733622179999992
8.640501286303838
9.223314268339989
6.760000364696143
7.661660090600006
8.5083041
9.805570785646383
7.176495432999985
7.993037811303818
9.253657804931988
11.278287517999997
8.136861901898708
8.796137828101276
9.432214233405116
9.086061767594874
12.86707666799999
4.124630729699986
5.185023722797398
9.687149632203989
12.676946026999989
11.511974938833587
10.280286651999985
5.093342230199981
4.78668066709999
6.029369264199991
5.629842529299976
3.651868728599988
3.2747975524999924
4.268035902399983
6.652188268999987
2.772827545199981
5.816045753506363
3.57242057340508
4.979329125999981
2.050592819199984
3.2742396972999894
4.364220777899984
5.302098246799991
6.839935597199992
9.002276644898709
9.339004353303837
6.780253282199999
7.493653893999982
10.78176295899999
9.121657435727972
7.881197343405098
3.6525953811999927
2.9042942077999685
5.375531063799992
7.272073084999987
7.1964604294051
5.034421221899988
5.214659913599992
3.615531349199992
3.4324869475999775
3.893961215199974
3.672105741899982
2.225754086299995
2.7539222762999924
2.283414750699998
3.5081631011999947
4.197369088699989
6.294773263493582
7.680089086898706
1.7983877852999754
1.652970225499984
5.238173666399982
1.1527974517999962
0.7118331101271947
1.4735517394999933
1.8815987655999944
0.8994251520135977
0.9200667557795961
1.6335301712000017
2.1854244323999894
2.8557781707999843
6.772702572594865
4.6007214126999845
3.80019175719999
7.05409393310126
8.939005062931978
9.337709841898713
9.55365534979599
6.7044323195999915
5.21362646939999
7.85156435089871
7.141217213399992
6.507099191303823
7.7363618453999905
5.3923289489999915
2.48958354799999
3.725426296999984
3.98628789829999
1.039527598485852
0.5228557508499986
1.3742775588999987
3.459976884499982
5.1424801619999885
9.991607495067994
9.32509757689871
4.841860264599982
2.8434190368999914
6.9869134948986815
8.976237643405105
6.220256512499988
9.003672100797433
4.387951432799993
1.2177015997002703
4.183796827699989
2.0474874663999945
2.0169741408999933
1.81834787749999
2.929811225899982
2.353124980199981
5.883919944799984
4.370658763099978
1.723126910399983
2.1765112319999806
1.0117220561999891
1.0114040768727954
2.604317594899989
2.2852805755999857
5.089407818594857
2.5668859374999884
2.8759308745999883
6.595991635101257
8.02644319920254
6.922282615696139
8.42542156679742
5.558037791405099
8.386519862405102
8.92982635350639
4.368592767299985
4.250301325999984
3.967381080599988
2.1327728835999937
2.080826846299998
2.421220016500003
7.031508781399991
7.067092629999985
8.017700288405097
7.140285569797412
8.501576324506383
7.004964005999975
7.721213011202536
7.244905880696148
4.565255287199991
3.252056108099992
6.616997990399988
6.7045101012999915
3.0565710402999824
4.007110609399985
4.193832797199983
2.838754547099991
4.151866171299993
3.5120828246999944
5.4250287459999935
6.098500587499988
8.532190634202546
6.025856928999989
8.872039010594863
10.246819900999991
5.530663577299977
5.195465730299979
4.054351982099983
2.9331488051999983
1.2351111999999964
2.0740765319999905
4.441448702999987
2.5489466735999904
2.3493771300999953
2.280815487699993
5.266464942899989
6.967723504594862
6.55362869420254
6.370469250499985
4.93589628749998
5.491615512101257
2.1073296996999704
3.634483930999974
2.259394161999977
0.9409195341067962
1.434204820071696
3.2719278411999833
2.40576665799998
5.20859920040509
10.42471126299998
9.823707755999983
0.8169897891999991
2.429480781599988
7.865213015696144
8.677349647493582
6.8997226074051055
8.837269126895976
7.378898191799994
7.809703112797432
4.574975733900009
5.180322038299984
7.9407211669999835
7.952740942405105
1.6876183410999908
3.4152859527999837
6.30620534669999
4.63824308320253
4.193851916499988
6.783406744405111
9.174481108067978
9.188674728271984
9.2362227370707
10.358136072999997
9.645391601727985
1.7923993529999749
4.652919734199981
5.8014267547999925
6.471388929699985
5.882994717405095
5.279700459299977
5.980328060898699
6.352573271196142
7.773855964702549
9.128209469594871
11.238929326999992
11.667747469999991
11.968375475999993
10.665841556999984
10.157559150795992
10.191614346212148
11.130932021999994
11.991370997999987
4.740132549999966
5.783298265101256
7.5652307937974195
8.398487931797419
7.4272106826961375
6.6630005309999785
8.560209988405113
8.164497143594868
6.272114973405096
8.273844107101263
9.584601649333582
10.156705557197588
11.380225489999994
9.57578978886398
9.148206649797428
10.985832867347193
4.557034001199968
5.561875540202523
10.89431668999998
12.522240518
11.720961477999994
11.774439437999991
11.939684035999992
10.759007914999986
12.063865296999989
10.198524472
11.96889829599999
10.986490668999995
11.983290276999988
11.096976563999998
11.069809575999994
12.321970992999992
10.392632793999997
9.670761202999996
9.808712458941455
9.299698934898714
12.94469459499999
8.945658251999987
10.571666245999987
11.33890596299999
8.753011079398707
8.96894999389871
9.946726118339997
9.110977200297429
10.344033649999997
10.217467437787825
8.99164665369615
7.6114598450000095
8.437336025999997
11.526554041999997
10.815260863999987
11.231456859999984
11.056957250999995
11.306171197999996
10.287548212994558
8.776724153094865
10.899445072833597
10.33244902599999
10.039900720141425
7.482250241101265
9.314709638999991
10.27418670971711
12.177450518999992
12.598571370999991
13.104339282000002
12.85997583899999
12.462836643999989
11.780503408999989
11.988477746999987
10.285403106999993
12.451142197006394
11.810509112833598
11.779871109513588
12.58033810883359
10.60080454434719
11.504852437999988
10.300139100663678
8.996713220135984
9.954879827931993
10.615225504999986
6.492171424898702
7.900780160493586
6.8913792801012645
9.707432296797435
10.471648087999982
9.42921779179598
4.580051962299972
7.93493607940511
9.54102162179599
11.027063473999991
11.47231559299998
13.663626047000001
13.293756160999996
12.18636315199998
13.554892071999992
11.528184011999985
11.452207906999996
11.076614621999994
9.634819584795995
12.016021641999986
13.07598310099999
11.05660354199998
10.104479452659987
8.210194157405107
10.266351589999987
8.452336570696152
10.451571909999991
9.87921847693199
7.063565605202542
9.678623318339987
10.099860189863996
7.772413322405108
10.174460658212146
8.628289149506394
11.869421273833579
11.112199672999981
10.097489523212149
10.704939597999985
11.604814991999993
10.581215107999993
8.934778666795987
9.324057208303836
9.350310974101275
11.322427309
11.405040060000001
8.068433410599999
7.911818641699994
10.676150062999998
9.622312850999979
9.099367156999987
11.379075343513584
12.162551490833591
9.324473023999987
11.05271444199999
11.973104857999996
11.441959063999999
10.596960519166407
12.142980713999997
9.436701557931988
7.550300027506382
8.940299352999986
8.311495843493583
7.597848394797425
8.33441403199999
8.831948467999984
8.297928626999969
6.131894067405095
5.04286975399997
6.585166435199989
8.595058453405114
7.8185194412025405
9.385063365135991
8.793587139898712
10.219846745447041
11.108700112999987
10.988120609999987
5.288512043799976
7.624060299696134
6.265315389999978
5.557345156898696
5.189484451303814
6.353392861905096
7.822214523303816
11.730610172999988
8.776902738999995
8.51318637540511
6.480959124799991
7.294314590506387
7.185374230999986
7.1628677947999995
6.524684205594858
3.0140936706999857
3.715846061699996
5.4000805190999825
5.028047889699991
8.03932119749358
10.687388090999988
6.928230982999976
7.586579504405102
8.47864853520254
8.47508612820255
6.059680488599989
4.262329563899977
3.5431936309999803
4.594395413199981
5.865181921405093
8.030715162696145
6.843372926303806
3.894459583999974
0.8659188823795968
2.065842434699977
1.5656286391999978
2.262239390599985
3.1302728240999835
3.260359196499977
3.497013902299976
3.500755807499976
1.7919786056999856
1.7913695205999836
2.104297590599979
2.5254805098999786
4.511486277799983
4.209619512899996
2.492871827699988
2.5641264388999927
3.7154442534999856
3.2233316085999846
1.9371527038999874
2.3289388640999777
1.6732116134999917
2.416523998999994
1.1895334011999945
1.2684355117858408
1.2824923214931891
1.500182830799995
4.030401303099979
6.2654894484999915
2.701304185499979
3.0502675017999885
2.821406272899997
2.8860716704999914
1.801084100299992
1.3513735579999941
4.963790095493565
7.807160420202542
4.2829441939999855
5.309348077399998
2.5194035308999903
3.2187466872999893
2.449835922199991
2.8138693145999913
3.1107889541999945
3.132993501299993
1.3431648787999961
2.536646203599973
3.2978180465999882
1.826644001799987
6.450452346799997
4.554602584799996
1.5929504958999912
3.0645908889999793
2.0765569137999935
4.5091055388999735
8.826611592101269
8.321637847898701
8.654087884493583
8.337186810303832
5.763657238799991
6.89484667820254
6.8083369506999905
6.261893405199987
7.3990857254051
7.3085314621012625
8.123287821999982
3.71367728729997
2.457931431599976
4.757597004699981
4.855026544199988
7.984426327493572
3.895540692099983
1.9267284865999899
5.800664840696134
4.497815225199986
2.69543955539999
2.8069364257999907
1.9645521163999877
3.2089873397999833
2.8950699630999863
1.459921400499997
1.643961702
2.2726118422999857
1.9046545516999847
3.0814621245999927
4.119942642199988
4.580059175099983
5.558313197299988
5.9166485747974225
6.7929784164051
2.900015962199975
1.6536225646999827
5.269881570405084
3.9056411254999728
5.362247563199984
4.9013452025948485
4.500313291898685
3.52172233429997
5.812103628493575
9.032516729795983
2.8163480895999866
1.4364208144999868
3.187849868799985
7.170589846797426
9.706316264203993
9.156489804101268
9.147055223101269
8.559587429797428
8.508858120696141
8.137499633797427
7.716412641898697
6.511894613599985
9.487732833898711
9.551900141931982
9.885624682717102
11.536412291999985
7.504221878101265
2.2338338210999904
8.362617800898699
8.188860243202548
9.55300196220398
9.836246806203985
10.091436656141429
9.838660446202555
10.253747017989122
8.600713061493586
3.7155107436999812
3.2689591750999814
6.540993876594856
8.77128537599999
3.520507563799985
2.4038532332999885
6.1723915024051
4.651987742599969
4.04139681849997
5.626256153898694
4.692811662299972
6.57041544489998
10.120127993999994
9.701130291795979
9.219259539863984
2.4871011092999855
4.020586775202529
3.5553438506999773
2.343659069799976
5.496656011999978
8.454852688594862
6.841692568999986
5.3056379227
8.032125387594867
7.307674475099993
5.877403411899988
7.029690573099994
6.293370072899984
6.360845947299991
9.928077548135997
9.782573100203988
8.656786773699999
11.241400777999988
4.221705151399983
4.5589751281999815
4.194659742699986
4.55496192319998
8.757289808795989
11.300735204999997
7.767332995599996
8.853447190905106
8.524734054594871
8.728957116700009
13.989029463
12.067913028999987
11.761031247999984
8.57979712520256
10.459103943000002
7.212356251493579
4.854825465399986
4.599918145797402
7.65558322749358
11.068223139999992
10.070535719212144
11.832971682999993
12.601258118999993
13.059347043999988
12.404496744999989
7.840335830696149
12.345212842999999
9.545129069493603
8.57183135989871
6.427003288299994
2.5588819625999926
2.8085936599999957
9.863363340858527
8.108267842101263
7.91564738310126
12.209407277999995
12.088860705999998
12.014606654000001
9.758799870203992
13.372296471999995
14.242580692999992
13.607154649
12.257731655999992
11.333738611999989
13.226315791
14.828460718999992
14.477827399999988
14.654141858999994
14.201534182999994
14.72824417599999
15.393246038999992
14.163782430999985
14.808848513999989
8.08633956759486
8.089801559405103
11.154877665999994
8.327209156797432
9.565299252203989
9.584527485795988
8.301115522797415
9.41420873106799
9.364706669727989
10.571373221999988
12.963727514999999
11.379400124999991
10.912266041999986
8.739498530594867
11.840331309999987
11.300359025999988
8.217972105405117
7.934414659100008
8.629423710600014
7.809063594099996
11.207040598000003
10.32564442
8.482856005898709
8.002835910000002
9.679458889797436
10.920176740000002
12.658607633999997
12.649499033999993
13.836267026999991
13.038576902999997
11.735154305999986
13.927039832000002
12.636414643999998
9.55203121189872
9.031340901202555
8.900283755519977
12.349850745999978
14.124684937999996
11.870557525999986
10.442846770999989
6.11260564729999
7.296916906696136
10.631818444999999
10.621667612008167
13.643785230999994
13.119006138999994
11.757070292999991
10.73036899899999
14.840299129999986
14.759251656999988
13.624722309999994
10.797744812000007
8.626669209303845
11.519200458000006
12.620835444999999
8.032273724405101
14.755832587999986
13.111724044999994
15.03394928999999
12.771322364999982
14.034256676999986
11.401366398999988
11.669478255000005
11.903922623999996
11.64400230099999
11.650833359000003
12.228467774999986
13.040637757999981
13.960775605999997
9.036755680863982
13.33677546499999
12.93774468399999
12.209918119999998
12.403821790000006
10.804903386999985
11.485895730999989
13.327080878999999
14.501924287000005
14.285942235999995
14.967917595999987
10.676040442999986
7.70745209659999
8.075227174400002
3.357386578399982
6.441467987100003
8.411372416700006
12.928437365999994
11.444957306999985
13.768107190999988
13.74896675899999
11.389559864999985
9.473601004000006
11.930435918999997
12.615933429000002
13.23533032099999
10.520983576999994
11.431720438999992
13.555756041999999
9.703088729929263
7.751559028594873
6.6970036727974245
7.434057626303831
10.335832927002711
9.462668014493595
6.6611120955948655
8.994827418493593
10.591051682999977
12.487925730999985
11.517468839999978
11.279993250999988
11.541373226999985
11.032742246999996
10.183423754931983
11.023746161999995
11.009198610999983
10.845717412999983
12.506512749999988
13.13806332999999
7.085350057999977
11.649022010999984
11.632893468999994
10.29872469799999
9.545587437405114
7.472933619699994
8.57242086179743
9.353334829696156
6.626462898299992
10.114210272066565
12.560121534999988
11.88084583099998
8.876787951696148
9.769141892999981
8.950486756898709
9.542164929141402
9.942105979929273
9.249489060999991
9.14308217159487
10.280520694999991
10.72540992999999
8.260629948405114
8.346980696101262
5.778657234199985
4.768948254399987
4.950552491799982
6.1837381072999875
10.138617647999997
9.028930686999995
7.2414588775948685
6.547316509999982
9.167919044339987
2.341723457299989
2.0098926162999953
2.1730758285999725
4.422955732699987
3.0839078994999825
3.1573242110999775
3.314845812999978
3.3871632522999837
5.014760708599974
10.283632882999985
9.286150273067978
11.781958382999985
9.072101296999975
5.42758683929999
3.449416935699981
3.990333940099992
5.648606658899985
7.556385642999984
10.424401540999984
2.4590857482999775
1.5278295104999922
3.2955082732999803
4.977982240299995
6.055376621999989
6.457624253797424
6.495428350797426
7.972837358101269
7.364098802202549
5.006655798299991
3.405253759799979
6.773787832594851
3.5810932921999963
2.021280018599993
1.8704039443999947
5.833981988493577
4.280346182303806
1.5968528747999842
1.9647398650999892
1.524570017999987
0.5557843872099995
2.672538906899979
1.8472239943999893
4.310489955099991
6.892580300898697
5.745993153399989
5.476275694299988
4.941205407699983
8.267257702594865
6.445892562899984
2.334735467499992
3.1461928603999794
4.1160202483999795
4.360678135699982
5.742224095199987
5.475392298899985
7.88007141420254
9.08136546630383
1.63232040859999
2.711077973899981
7.542462322999986
8.298382720898712
9.863687948727991
0.9838958925141431
1.8180933516999962
1.4555022857999969
4.021346063199997
2.0789915542999906
1.986228604099985
1.504596450799985
1.75273100739999
1.13778742447878
3.0323467635999832
6.2218338332999865
8.254135540797417
10.850372756999986
9.329222112999984
7.310022575405109
3.688160636899986
1.703832769799996
2.524653787199994
4.062293823199985
3.717199716199977
4.315767288202531
8.60892942199998
10.028702127067987
2.036952314799994
1.1877288901212109
1.6481281859999977
3.541383943199985
4.61137649379999
5.903528358499987
8.548739022797422
8.282732699594863
11.38520376899999
6.22213903959998
6.379988966405099
9.402733546271985
3.965136364699986
6.0296659134050845
2.986601490799986
3.469708689899974
4.066680757099988
5.337370178202533
5.509522816499979
5.184249122599985
5.579275736999996
5.168082910199998
4.566897508199987
5.207963790899991
5.186843489099989
7.249655372594863
8.904261920202554
3.596308961499981
6.34352194819999
4.170400018299986
5.790461514299991
4.366704347199985
6.759617057799995
8.022414427202552
9.87731283413599
9.925629920999981
11.881338976999986
9.457917158659987
10.31680664985854
7.3966594162025485
8.63385918269614
9.683161668282867
9.449892352203989
8.634156892405107
8.269852165199993
7.1894917525999915
9.321120770303834
6.821706085202542
9.074550399797435
10.37679831999999
8.272642829898716
8.92063901986398
7.613368673700004
10.618873531010864
11.087550091999983
10.942416311999994
7.95374672999996
7.238358726493576
2.259096029699993
4.49749777530379
8.256183413787783
9.690130810646377
12.642192920999996
10.817422730999986
10.22588698899999
9.134627636787807
6.723751817303825
8.287917256202538
8.887371676600004
10.283515674005436
7.690124276700002
11.842515660000002
9.706012460212145
9.528772601303839
10.960753576999995
13.750549909999991
9.723080668583993
10.204826695212143
11.65710808299994
6.803484574899996
11.07283917999998
10.103239776717109
11.357657207000004
7.949257959000005
8.091004991099993
10.04837565899999
13.49770537899999
11.109122675999984
7.667849726898697
8.558182353141401
12.034473372999988
8.325719032303825
8.903213218696154
9.583290690717103
10.962903139999991
12.106056766999997
10.803265236999993
11.721058111999998
10.992986712999988
10.744516733999989
8.728630807506377
9.524853854415998
12.420702486999978
7.59272609710124
9.90513017721215
9.834454469303836
11.192601577999998
12.725824788000006
11.207806150999996
10.539923147999993
10.452134185999986
11.014573151999986
7.411166799898709
7.778848750303816
9.570352784687987
9.432940562271986
8.250749131797415
9.37499739993198
7.409078192101269
8.983010885727982
7.778466946405101
8.635830142202545
9.721809112659992
7.519046697999988
9.444426634135985
11.304321668999998
11.002309754999985
11.07958029
10.220209222282866
11.936024447999992
11.811088801999999
11.044899509999997
11.698181440999992
13.010247643000003
10.999583907000002
12.842836789999998
13.261420818000003
13.893162807999996
13.440326653999989
13.431018041999993
13.457234733999993
13.315355019999991
13.597479870999992
12.409738276999985
11.39920030199999
13.166814284999996
10.59706708100816
12.081741654999993
10.433491998212144
11.806259868000007
11.400569577000006
13.672905503999997
12.225757254000001
12.777579105
14.143537925999986
13.503496207999985
12.06560571099999
12.068602616999987
12.665199654999999
12.333193754999991
13.627553713999998
13.443019390999991
12.104022608999985
12.754674921999989
12.226760367999994
12.493453231999993
12.531327236646394
13.864743151999997
12.651813801999989
11.274021688999994
8.134959869399996
7.752398498499996
12.875553360000001
13.380266605999992
10.829809945999994
11.618223806999998
11.314126127999987
13.123560021999984
12.211964235999993
8.893385839797434
9.680287998999985
12.451288120999989
10.903972457999986
12.167975388999986
14.591552947999988
13.102933248999994
11.930458523999986
13.032410058999991
11.992417809999987
11.714256580999987
10.105034953212142
12.217525751999986
12.077471877999994
11.136082736519985
10.704402875999987
9.213227241493591
7.917083991999993
7.976972399898709
8.615771626303829
5.617230721999994
11.032589061999998
11.719715995999996
13.181740612999995
11.562350023999992
12.26560454599999
10.582501497999989
13.01275608999999
11.724290981999987
13.092415934999998
11.78612002599999
11.410469445999995
12.957001447999996
13.441523603999991
13.154733739999989
11.649899520999977
12.882893827999995
12.307466321999987
11.604232502999992
11.269659044999987
9.478654902727994
8.038466638202548
9.253272941594874
6.310710137898691
6.70184110869614
7.141626934797424
5.603527934299984
6.458633160399987
7.5584937957999925
10.088493099999997
10.023627134561123
11.802678291159989
12.110161028993593
11.614471036999985
11.113133413486391
8.734194923398713
10.228321047999987
11.74045920599999
10.85037268251359
7.019454043599986
10.893156758513594
9.095643302898708
11.340727187999986
10.494439963999987
9.179031855797426
6.963994471696137
9.98288379814142
7.033474122594854
6.922308996599987
6.929355296299993
9.650253944271986
8.074760790999985
5.579874543799988
6.946868606599995
13.317220424999988
11.347550153999991
6.835798646499986
6.049891633594861
5.173109870899992
4.497934384199999
3.1273692458999904
4.5660427199999845
5.132659422299995
8.380429078696146
5.63898512119999
4.6942459090999895
4.6526246154999855
6.182639312699982
6.1690955153987
3.5937985869999873
6.131889976499983
3.6633704513999747
1.394125176999985
1.5299865994353459
2.505162777699983
2.8602978270999886
3.1723419860999944
3.640301646399996
2.418738259899988
4.4026299025999815
3.0182214553999738
3.6560345565999697
3.032978710899962
5.121067188999956
4.596220294199987
7.610994961493583
7.804773509202542
0.9203418680135957
3.103160024999971
4.72753605349999
4.9436806853999915
3.725764535499994
2.083717076099997
2.551443275499985
3.311276188699985
3.3560112655999674
1.1586824167203953
2.376682038899993
2.9279069015999872
3.1502219146999892
2.323250627099988
4.577185768099982
2.528693748499987
2.069316834999998
4.602705645797407
5.040028878799986
4.381713711499992
4.030850433299996
7.110546737696145
5.56577940979998
3.6224864181999776
3.1426978621999937
2.622421833799991
2.2679260131999874
1.3886527749999844
3.939504321299977
1.074510241900401
1.412948233
1.4071424163999926
1.0138715709795942
1.2802155974999807
3.429244920299973
6.094416686999986
5.026251397699987
7.17884863130382
7.948668487493584
7.938690013101269
3.456564437899977
1.6895887588999838
3.8428412017999847
4.39118875429998
4.322828868099989
4.500736973599992
2.1617935058999924
3.3188422942999916
3.788166502399992
2.672629666099995
3.274567906199985
3.7495207046999863
5.592545982399989
7.217610194405109
5.077595078999971
4.375290399199986
4.82939317629998
7.685416393999975
6.4867486953999896
3.1332611709999925
2.5491827987999933
1.8205563477000026
0.9349662339202561
1.7014163254000032
2.62240963289999
2.2345355697999905
3.0112426955999934
1.8737074660999937
2.202618209799986
2.282559133899977
2.4674466704999687
1.0198912884787636
1.8852493133999875
2.9148491500999856
8.92900476520398
8.57350181269615
6.945237162797422
6.714483160405105
6.264736093101262
5.239708955399987
4.173376237499979
3.625596766699981
6.7590424301012515
6.849614189099991
8.229955354303817
10.222162671999994
9.03781093440511
9.430565664795989
7.871025060999989
3.0684549361999935
1.6775311904999888
2.5885428298999775
3.4353648116999826
4.671910162399985
3.545401109299988
3.7530925765999887
5.779778736899987
8.506632107493587
7.35181015779742
8.281482012898705
11.54592676999999
5.4199909865999825
4.599577574199992
7.130091685499995
5.237438445999998
8.16673778379743
7.274539396696143
10.258896813999991
5.435308874499986
1.9956859862999903
4.191649214199975
7.406896905493575
9.482096433999997
8.211977615405107
5.550334756506373
3.5068118072999797
8.116554702797423
5.843550215099984
3.173107386799983
4.874152612299993
5.31217345889998
9.772552493203987
9.852337440353574
8.405522680795976
7.7745167876961405
4.9169310286999774
6.2787424376961365
6.465677685499992
7.797574151594865
8.846644915797427
8.919248504727978
5.016585797099973
7.892826164202544
8.150389112898704
8.831000375405104
8.95255423889871
7.044401628099991
9.031918116797431
7.025941915898687
5.44330874939998
5.2221459060999775
6.877086350999986
8.93008403313598
4.599775947599979
9.207962274135975
7.657541258202548
4.329494146696121
6.336831729101254
8.99222707813598
6.807935966506369
2.0184929534999836
2.252244703699985
7.083687593101256
10.94409446399999
9.447573826717099
10.186613568070701
4.257092509499979
7.642616734303811
6.049911538699995
6.069402218599989
2.6967965896999937
2.115137078899995
4.5332646224999955
3.596759660299991
8.839240994303834
12.759306910999982
10.614701418999992
12.306114750999988
7.052826888999988
6.830373992899991
2.6189979110999713
3.2354434615999703
5.380179710399984
9.940049194212138
7.663428013601266
8.845710360696149
8.449521910101263
8.747292979405112
5.225876780702517
4.909903227202531
7.665228933696141
9.307444525067982
9.190689439405125
11.90477678999999
8.815698733493589
4.500224522399989
7.867880326797419
11.74107264899999
8.692275926202559
6.608731092797419
6.1571907729999715
11.003019913999987
11.223211725999988
7.986031857303826
5.608442227199987
8.142144515999984
7.420577165200005
8.290487370300015
6.38208341369614
10.855647132999987
12.432214282
11.99465310799999
12.86646639599999
11.37062483399999
10.671127472999988
12.00622173799999
12.64896430199999
12.105571142999983
13.900374735999996
12.369363277999993
12.280017270999988
12.875303420999987
12.702858603999998
11.189743217000002
13.746993470999989
13.672341866999991
13.441325483999991
13.05181013199999
12.185971163999985
11.83312669399999
10.574032452519985
11.780439692486388
7.253507284499986
5.723896559099991
6.466254080199987
6.667923870799996
12.995761097999983
13.770807448999989
11.491184584
10.923767805
10.612820795999985
12.051607450999985
12.184476029999985
13.005556395999985
10.845947120999991
11.302333268999998
9.220351946999997
10.834671248999998
11.048402331999984
10.551190456999988
10.959300275999997
12.015050098000001
13.036172278999988
13.966862597999993
13.814479000999995
12.979851212999993
8.819797520405107
12.10399165199999
11.347859159999986
14.61427528199998
12.923240197999986
12.732189155999986
12.962653649999993
13.218498833999996
13.278968960999991
12.271934108999988
13.348869245999996
12.548055491999987
12.748668918999993
12.172579987999997
12.772175200000001
11.875653803999999
10.290047184999992
10.674276893999988
9.142998121594871
11.127250037000008
10.813404845999985
12.003807479999988
10.665443693999991
8.374314916999994
10.851390435999983
8.42882640689871
9.366447555659985
10.626929935999998
12.51953229399999
11.264969275999983
11.549339188999996
9.959689933858547
8.82785181269615
6.987666628999991
9.255425614762858
9.916888713067987
10.971153544844485
11.087510097
8.73920114589871
9.777622003141422
11.480006687999985
10.70652251699999
9.36426273665999
10.602128801999994
8.362004771405113
8.86771215513598
7.914521644594865
11.96781583999999
10.199132189931987
8.561775431797422
10.233486939999999
11.611946883999988
12.995238346999985
10.582979412999984
11.185289709000001
9.191195475797436
10.195993543999986
11.434432412999993
11.889538636999989
13.240487348999995
11.81148814099999
10.234259966013596
8.190643038898703
9.803853831339993
9.036815371696155
10.759114744999987
11.073760035999985
10.384724059013594
9.240687112271983
6.348798652594853
8.202765357999978
8.870410063202543
9.51205804733999
5.218737034599974
6.464326701398693
9.454554664727985
12.051527838513593
6.945188854999981
6.280313510101257
6.630080416899995
10.11632812987776
12.778308916999999
10.878691562999995
8.999104844696161
10.06522953192927
10.278781556795991
6.028731761199998
6.866871481299983
9.078356111101275
10.236401423727994
9.490720498795989
9.781401405203987
9.963819073353584
9.733883895929267
10.108285086070694
10.074302040070707
6.6935323273038225
10.144429860999992
10.28957212099999
6.857937408399988
4.836573086499991
7.057152992202543
7.708714796400011
10.018074264646392
10.393155835999991
9.866051802030572
8.472123252898712
8.758203395101269
9.739974043203988
10.133968879795992
8.277834007303829
9.692162988303837
9.610151682993589
4.029717816199992
4.044223397799992
3.2009343917999993
4.986905502300011
7.366593121299995
6.625246684303822
5.841412319898695
4.035597531099984
4.150323654199984
9.31904693910127
3.1160868087999916
3.4013488479999934
7.540668649303827
10.212485185141418
11.314987996999983
10.44588205399999
9.297835516271988
4.473699055499996
8.257931607101263
7.08479874269999
7.530461404399992
7.080854182399996
7.223274204999988
5.839572198506378
5.964357469202538
7.078297253399988
4.673111505099988
4.702608286999998
5.447564678999992
8.088429652399999
5.7372262099999976
7.024013462797426
6.850827894594864
4.482983889799992
2.478764340199982
2.1362837356999935
5.141056948899989
5.839028086899991
4.326058084099979
3.613018295299979
6.260452807594859
6.2169792205999865
4.154292819199985
4.923003781101256
1.5713690658999977
1.2566165436
1.1029485334984006
3.4601466034050823
2.0724305770999907
2.536464623999981
3.1763697356999927
4.796985839799982
6.8208051146999855
6.281119908099981
7.650114025898705
5.5742078551999885
2.8603230666999826
5.21199254610126
6.3721341155948625
3.330992965699996
2.3817593429999935
0.8665457029203973
2.229327586399993
6.081703034999988
3.825818757599987
2.052644848599995
2.6342948882999755
4.004097227499977
5.042744326799992
5.441188098099986
4.515695902999981
6.004326205405099
4.596122134399987
4.835852101099991
4.052916178899992
5.031118284599992
2.887810374499987
3.478296954299996
2.172678854399977
5.0799616454999805
8.262724899303816
7.754875082405095
2.2696136397999855
0.766330619228278
3.797513967899988
5.291329153399994
8.28377556759487
6.692186343399984
5.307621650699986
5.966193579099986
4.242844401599993
2.7794078246999936
7.766671818493595
6.260508993493584
7.598387249797424
2.836708096299983
3.71394530639998
3.375270619199979
7.123925237999968
7.382693766799993
6.917398100299986
9.277184092795979
10.357162170282864
7.669228163099994
4.259980982999997
3.408314039599987
3.427790331999999
5.037155644199987
9.106685215797434
8.98593396610126
9.912029463135992
7.911817361506392
11.96236154199999
10.33201650999998
3.7558989975063635
6.604690055797414
8.158499835202544
6.624095022599991
10.994223511999989
9.606042205863995
9.006938175999986
8.991892033405112
9.68934642493199
4.745874247699979
6.225184721405093
9.472605467135981
12.496176934999992
10.594833356999985
10.568746125999983
9.849863848929258
6.17312160189999
7.685444844101268
9.439263786212141
8.178705615202537
11.31753195999999
10.58660591399999
10.145559228646382
7.954936352493588
2.8528553832999846
6.4242766448987005
6.9628069183038255
9.35395949399999
10.34599796799999
10.177608175787828
5.480948660299983
3.01563549189999
5.451403117399989
5.4720086928987035
9.483460755931986
6.39989033509999
11.276186345999985
8.563774247696134
8.760784204101265
11.098118326999991
7.932803846696148
10.380370888005434
8.39676070859487
5.256699745199986
3.5955948546999865
2.551905468799991
4.560925176999998
3.7944014403999993
4.672683334399994
7.778585209696146
9.163377683999984
8.8899257094936
6.4709725356961405
4.7057961151012355
10.902957511999993
6.905420048493576
3.226110212699978
8.361053460696137
8.00437631989871
10.476381162999992
12.223966253999984
10.612799096999991
11.16439924051359
8.4072431824051
9.380255207797434
12.587842556999998
8.942107008405118
9.678291371061126
7.606049954199994
10.179379609999993
11.500033042999991
10.609232013999982
11.416620516999991
10.580559035999993
11.199332143999984
11.97777511399999
12.382717904999993
12.154944503999996
4.903297857699965
3.0889099715948403
9.895851420717092
8.979602279696149
8.985433563202546
7.110568032799992
7.975360121202548
8.657002221696159
11.329124036999994
13.138922632999995
11.668310448999994
11.814392708999991
10.744138738999991
11.946062895000004
9.313691630594871
10.149053965863994
10.152654632727995
10.407136823999988
10.77961780199999
8.357468011506384
8.625257864405116
11.664702855999996
13.20879013999999
11.420768343999995
11.664530895999988
11.231094343999992
11.030105544999987
12.254914423999992
9.650143251
10.939245774999987
9.042784297202552
11.79848979199999
11.062198511999984
10.895867542999987
11.339871911999992
12.40590401499999
12.52860374500639
11.773163889999996
12.3258064073536
11.834174049000003
11.560402656999996
12.381215545486402
11.871236086999993
12.731609522999998
12.184983446999993
10.847283210999997
8.164230439797429
10.249513885166401
12.054303274999997
12.057842420999986
10.759199978999993
11.86334835699999
10.889913526999983
13.301795534999995
11.221643616999987
11.68563304299999
11.476960940999993
10.426985877999986
9.070158390797433
10.013291398727995
10.425093567989123
11.793504828999989
12.812162024999989
12.353490951999989
12.69415570999999
11.437313422999994
11.396889833
9.646530545000001
13.316300649999981
11.571082564999982
12.020257318353583
12.176520183999994
11.747417013999986
10.341676354999985
10.745474004999984
10.918552358999994
11.796979041999993
11.813218873999993
12.394609093999991
11.677740963999987
12.307045348999992
12.279708750999989
9.564907487353583
11.115030810999986
11.160061980999995
11.853391424999986
12.219742986999995
11.977989185999999
11.416252356999992
9.120491461202544
10.081134492339993
7.393114128101266
8.139952146898697
7.216076486202548
6.845729287699996
8.4624669357
11.144254056005442
11.570600078999995
12.475561107999988
13.33724531999999
12.125965636999988
12.677442571999995
11.802402656999986
9.335561286898715
8.5749709334936
8.206353636202554
10.574618120999988
11.543946914999992
9.664761854567995
7.0767524901999925
7.3596869095
9.036532690405112
9.021094255101286
12.222584963999996
13.174891268999998
13.174614269999992
12.69257507899999
10.291577873135987
10.990704212999983
9.893870631282864
11.169397697353599
9.058668667594876
5.671536244199996
4.323527726700015
1.9217075026999955
3.569887817399989
6.785037240599992
8.254862680101265
7.253573199506386
7.461150775099994
9.34301442879598
11.803418131999996
11.92364098199999
9.13351442879598
4.243703842199982
6.738647833303813
8.116136651594868
6.257095712303821
7.319512719696141
3.0346509002999835
4.659125559999981
7.495466749594871
7.710567092898706
6.9588585051999905
6.609422552506381
7.940960998500001
11.004367122999986
9.286937779302386
7.586130615202554
6.283254423499995
6.8100782363999945
9.009647807303836
9.193951693795984
7.7393434127974245
8.271522122202539
8.867198313898703
7.272931442303824
3.4559304778999733
3.6207291747999886
2.5358619201999963
3.244503724699992
3.332589640799987
4.3700546462999945
7.634969123797414
5.308315956099976
7.228672721898709
10.04173055709984
8.163422256499992
4.97951866299999
2.5501821578999873
5.1540730056999875
4.526254861499993
3.819332936099983
4.361665277099974
6.76404682159486
4.870448483303813
6.344360383594856
9.29646940610127
7.477939446999987
7.666387786898712
9.490087622067993
2.671896166999994
1.9151587188999977
2.8140838684
2.4032944533999885
3.7231748229999733
3.229396954299995
3.4810002349999833
5.952393241898696
8.335538719202539
5.249735067699984
4.097079276999976
4.876786767599991
4.596490966799986
6.849457174696143
9.778143005271989
8.621870298797425
8.059325326493589
7.165121450799994
1.9933758391999934
2.3906865249999867
1.182952300999996
1.3523649978999905
2.7085070037999888
2.747021455399996
3.1455609679999843
4.861584875499991
6.791544268799992
5.582489999399995
4.77631116329998
2.2259353545999865
3.9407844100999823
5.015772798199994
3.0381246459999813
3.503459718299996
5.2798080153999924
5.073187774699996
2.180642130999997
1.0758378905999926
1.283021531699991
3.221692994699988
2.8217363021999975
2.702716464199991
4.3043554702999876
7.388430160493574
8.63977285459487
7.4668240555063905
9.473067626999988
7.197971928399987
4.126686973599986
6.735564860493578
5.4981563628999925
5.192068250999989
6.0079370116999895
5.317207458499988
4.326873054499993
6.379027348299996
6.484392771899987
8.013683924899992
8.072593371594873
6.725688084405102
8.36670557399999
7.792407900999991
8.10757417599999
5.315579531899982
3.6268129226999877
3.9410903106999893
4.5210288711999835
6.219042016599985
6.667397921799982
2.3246300719999806
1.273016146571693
2.2993052108999925
4.085380538899988
6.840370902999983
8.184385824594864
6.676873382594858
8.13492652440511
4.232592616299979
5.245551026898692
5.478295205699984
8.40337691959488
6.489116996800002
4.507987017799991
2.57842990879999
1.18963132929999
3.618231909199974
7.861664128101263
6.953605395499987
3.661001399199989
8.007052839696149
8.1171225478987
9.375422801135985
7.386727922101262
2.481401902799984
7.290635980202533
8.826458523594862
7.936670997594875
7.96355553740511
7.899044863898708
9.292048931898707
8.397214016696145
7.2868451705948525
8.030810972594868
9.171717198202549
11.074708040999994
10.79421950099999
10.371262966999984
8.374260066202549
7.1176755736961415
10.920498453999988
9.825378233203985
6.0194867660999885
3.854629493699985
6.389176859999983
10.389710056013602
10.651265809999988
6.89048641969999
5.155140798999988
5.181350115999987
7.2412638335999935
9.70702355972799
3.206069029199978
3.5756527739999844
3.8112755294999827
4.587955145299996
6.604910386699988
5.730033003199995
9.522682145787815
5.682419645699994
4.3234412033
5.923799943500013
5.124091096499984
7.7718062468986995
2.6177094497999676
1.930215449499982
1.5438653075999902
5.319772294594853
6.643261930797419
7.341190019202538
9.229029638696153
8.256107511898714
9.686906745931989
10.63407764999999
5.523331539899979
5.00475965269613
7.390623358202544
6.44698232569614
4.983539891099984
5.046002783199996
6.2263615814
6.52169822849999
2.276313938899987
1.8630077056999717
4.502436756899978
7.492900323506377
8.600333503795975
6.2469804184051
7.799189010594867
8.613534660303824
12.206614768999993
8.700013755797434
5.0646922821012454
4.910484410101245
3.828443606594843
7.2843350464051015
6.237214382898701
7.420866880797424
8.919373539696158
8.259064909405115
9.543695375227987
8.254808381696146
9.532252743486383
5.929117655898696
7.089517985499996
9.19267868333999
6.617723721303806
7.80941070559486
8.78400440520255
7.888028649899994
9.187999307303835
7.812921655303822
12.65272205499999
9.42462222899999
9.241488908405115
11.213418252999992
7.769833940101269
9.116006423999954
3.9358955718999886
5.382581848099968
6.182137853999986
7.271071685797428
9.008934498594872
7.114136704999983
9.925701480067993
12.582462914999986
13.05269315199999
13.56601613799999
13.658769216999993
10.277336503717105
10.018912414727984
9.300581677202555
9.851406133999994
12.820832321
5.455393783599981
9.962979334999966
9.210582527202558
8.416998715202544
8.176933750898712
8.548373057594874
12.279447502347175
9.184827087265585
9.952595248282861
9.469181520067988
11.444707229999992
13.073205947999996
9.642139991858535
13.86461380499999
11.723550040999989
10.687234890999989
12.096609235999999
14.864672852999993
14.882649921999993
14.433232537999992
13.834809829999992
11.695073935999977
11.126379839999991
11.98158729099999
9.407067860282863
9.67599898079599
11.940149732999991
12.396534078999993
13.813123655999991
12.677872915999988
12.37245706899999
12.304765960999987
12.130387005999996
13.608975940999992
11.886277811999989
11.745947147999985
11.436769933999992
10.39496003999999
9.06316433559486
7.417665008493582
11.819643633999984
12.004610691999998
13.430179256999986
13.352647788999983
9.74854794306799
10.873085344999993
7.868415524303824
12.470501151999986
13.278153991999995
9.584414724795993
11.108158037999988
12.60802158499999
11.202701095999984
11.662471207999989
12.706979143999991
12.115393126999988
11.922142771999981
11.303808564999988
10.510888309999993
7.649273265101265
8.644877514594873
9.643215245067987
9.791770802203981
12.638177594000002
10.695334200999989
9.440914935203994
9.341225834795983
11.619538677999987
10.693430857999987
9.935411201353583
9.952067266863994
12.193396822999993
10.925104184999984
9.732858560135988
10.922920654000002
11.97144902499999
12.678614844999984
13.034973481999995
13.055383692999996
11.772954709999992
13.537413630999998
12.503795786999985
11.732550089999988
10.87651403799998
9.223620870999987
9.916002748067985
9.908566755795988
11.703921512
10.793361968999992
12.371916142000003
11.166834531999983
10.894910569999992
12.037356885999989
10.285156981989118
11.296908243999992
11.635402150999987
11.893999898999999
12.73354248699999
14.20695463699999
12.934083216999987
12.381923951999985
12.836073067
14.07763618799999
11.80421793199999
9.77717700027199
10.62364719499998
9.123215724202554
11.410612281999999
9.370692402601286
11.592047449000003
10.75278363
6.244008552599987
9.586472643999986
6.1800898528999815
4.637775808699979
4.925130436696108
5.912525088499994
3.712756257599994
9.29346464220399
10.47614632699999
10.167769413858542
9.517581646787821
9.061061128202546
6.841858723399985
5.642611920199981
5.721661428799989
7.355534539797422
7.756163478101264
6.013803294405082
6.8300756545948555
8.862510288999987
10.482266535999988
11.25631770499999
8.800637713594861
7.08533061679742
6.737868865999979
3.178937643399969
4.11692564089998
6.559718572999974
5.1421700561999835
4.898235758999993
6.4365509415063835
8.21196325840509
5.863338554399984
6.670468235799983
8.75113828727198
8.491994752493595
9.50437303613599
10.049265142858548
8.668915138202543
7.787088311797431
4.777906292699986
8.67140735020254
6.233749276699994
6.5676425429999785
5.603074095199983
5.146788046299985
5.072424180599984
4.48526914519999
3.766215464799987
3.7101079574999978
2.948374502599976
5.18357060699999
7.478444839499993
7.824224755899993
9.9355468217171
5.667194488499988
4.556147659299984
3.529967958099986
1.6004636687999931
3.8894782927999905
3.7218850646999826
2.246534164399992
3.2860683440999914
5.245766215499986
5.900559675599991
4.219280580099992
5.897283653303817
5.59441979369999
2.8226882125999944
1.7546246657999978
2.565532676699993
5.777589331101257
8.377264518696146
6.884136508199994
6.162938252299982
7.363285795594865
4.142565902699986
4.018681956499971
2.705138557399994
2.106099432399997
2.8359113463999894
3.564229600499999
3.027098168899988
3.3465476500999873
3.5259470611999975
1.5574124846999993
2.5042232391000034
3.5410126418999814
4.412690200799982
6.364987649499995
6.437036314399988
7.308953729202545
8.38965318299998
9.323836439659983
7.389194471696143
6.71178376010126
7.890062322999976
7.605649113506378
5.6154756453999894
5.909156831399991
5.038326158099985
4.938015357999982
6.602354060399993
5.879785430898701
8.623697621202544
10.623928759999993
7.20579352869999
2.2445045761
2.942001109299981
4.24478041229999
4.769955306999986
5.039374571199988
7.484732769797422
8.20110012210126
8.615450711101259
7.619100883506375
6.586416691599985
8.536684248405102
10.138853498863986
8.430264042696148
7.232783908101268
5.773940313699995
5.0408144973999915
3.5862597945999988
3.2852197204999967
4.823969595299995
2.884241648899995
6.044058935500002
5.444550144999983
8.975171658303838
8.716378837594869
8.785961988797427
7.150770378101265
9.190398725931983
6.372790025299986
5.536958998099989
7.286381494099995
8.049130992101274
9.813043913203982
7.759466674797419
2.6302180098999606
2.389270548999985
4.560646551499989
6.801917321797418
7.348568063405089
9.4779848510707
5.209077575699989
5.1424888579999815
9.355350131135985
10.872756132999989
9.981917474271997
9.367099650594877
10.442437855999986
9.29316656949359
6.4876887908999885
5.632761718799997
5.397837466399988
7.862193102999993
8.470662715101266
10.327169031005441
9.999196919203998
9.163979865999995
8.955148651101272
7.119351257303821
7.774118972799991
9.214132203696154
9.723737626727988
8.036706092797418
7.880617680405098
7.6477227142025495
5.461483395405094
7.519239762898696
8.05015244749359
8.774980750999989
6.151236723299998
8.559400947594877
9.055225642271981
9.975270356858546
4.07093245539999
5.441945408599997
5.258959362799985
4.969603579699982
5.072897552506372
5.170578942899997
7.128322863799998
5.996527180506384
8.852502163696144
10.96099946599999
11.797187427999983
13.169279976999995
7.297784776299993
11.713574325999991
11.720507201999999
10.65297766899999
11.880935975999982
10.795756301999988
11.30253339999998
10.38110146021214
7.848197138999986
9.895407617066557
10.509846024999986
2.9540339278999834
6.763753433202545
9.205786486863984
9.327012504594869
9.95175221571711
10.336346587997273
7.253367678797428
7.5163018966961435
8.422317069999995
9.697033808931987
8.28069263759487
11.11605400499999
11.202567830999984
11.770998038999991
12.418489228999999
12.215671006999992
11.532045917000001
12.002699408000005
11.825564330999994
13.553791468999991
13.332066942999989
12.240204740999985
11.41718258699999
13.181824424999991
12.375263529999998
12.671520665000003
8.174706651303822
8.941597325101267
8.876900231898718
11.013281627999998
12.174217554
12.286176882999994
13.031881553999993
12.693118909999995
10.852320118999998
10.458090209999986
10.34113100099999
7.950996606405104
5.38807436679998
7.376058915696142
9.030522799696152
9.11858028110127
8.688466934202545
11.150500251999983
9.806889149353589
11.187091948999987
11.682095136999997
13.009068841999998
12.50138853899999
12.553672814999995
13.103411016999996
11.51386563399999
12.019628071999994
11.799115276999991
12.764748575999988
6.1339690719999815
8.938548939646374
10.797486118999991
12.68068251799999
13.21263305199999
13.3631162
14.118257279999996
13.57631129199999
13.26750631399999
12.967085499999987
12.257979293999998
9.497587783863995
9.55230516813599
13.802624914999997
10.235764416646383
12.58452131499999
11.436937012999987
12.200934540999992
13.948219083999998
12.396534573
13.592606450999998
14.203102218999993
14.33076915599999
12.627579691999994
14.034199819999994
13.05611749599999
12.223164931999998
10.934205874999979
12.235425747999987
11.425272484999986
10.15250267628287
10.028847647070705
10.903113316000006
10.502750792999988
12.833302350999986
11.719671073999994
10.879603855999994
12.050954627999994
13.525409369999997
11.936442020999985
11.963808225999983
10.429506388999986
10.035350283858545
10.817240153999991
9.301013230898711
10.05288223893888
12.623504652000001
12.396772152999997
14.31772691699999
13.439289692999997
13.588796201999996
13.185508991999994
13.376957876999992
13.445313888999989
12.631538274999992
11.95044319599999
9.79302193465999
9.903495814646393
9.251049606311984
8.862962683103975
10.315610510212139
13.185493453999985
14.895127833999991
14.835087188999994
15.171593278999996
14.022820472999989
13.337241822999987
14.638980738999992
14.570947356999989
15.398917705999994
15.186809067999999
14.283367985999984
9.272710713135979
9.172504290863982
9.39945026399999
9.577012210101275
7.099962930303826
11.148904485999992
10.984512649999981
9.537843418931987
9.089018911702546
10.854326351999987
7.196889428696138
7.793968940696146
9.121731880135982
10.937804528999994
10.615076691999988
10.501932479999992
12.099362227999984
12.255320725999988
13.044249802999985
13.18367395799999
13.303483692999986
13.099618172999985
11.525367898999985
8.818666146898716
6.418469348099996
8.526745402493587
6.017819483900002
6.445528381299996
10.700047747999996
11.168109088000007
11.371636107999992
12.115075846999988
10.714317235999982
8.458628810101265
6.159629220599991
9.192732461500006
8.202018888898715
4.337245019499986
9.850690707271989
11.965253589999996
11.011869518999994
11.692797725999982
10.418187763999992
10.950709991000005
12.240640735999996
11.814680039999995
11.626188239999987
12.147301024999994
12.416338001999993
12.262787446999994
12.45456676199999
13.022275528999991
7.80733640589871
8.333756205696144
8.19032865299998
6.603358573898694
7.482320725999979
8.730407264696149
8.533427612303825
10.064100915646385
7.565133868405106
7.495072381583955
5.4178114058999896
4.643251135299994
3.3486114898999877
3.639612620499985
6.7555798705948575
5.087664163199981
5.521742648299991
6.605953855899984
6.358750070199994
6.195383505199996
6.94539675599999
8.454669134493585
3.270702070599987
2.0716957107999847
4.407014771999983
4.013314582799973
6.825724481202524
2.6261004302999904
2.7421045516999882
1.8967422881999965
7.281391087303812
6.9434340148986955
5.840971444699982
6.178828283699986
3.7476090057000007
4.422139619399975
4.538699592599981
3.4725194015999863
6.5695405059999805
8.636587608303822
6.343794825696135
3.674536332699983
3.5246973159999944
3.1563489211999967
9.764019091863988
8.750362142898709
9.006388268999983
7.618658145101268
6.370187786899989
7.728261192303827
6.374041503899986
6.614305914303822
7.251847936999981
6.068330097999989
6.753751374799993
6.376390071099991
6.888455250499988
8.827797459271977
3.7025379989999756
1.763173472599991
2.8427205703999725
6.633974952696141
6.318782069399984
7.016930804399997
6.835180468797428
6.734175109899996
5.709596823099994
7.690136631799993
5.66623500369999
4.63788347169998
3.6403361724999885
5.911975181594859
2.927215971399987
3.4361375243999808
3.794965370199981
7.559747602799989
3.5076778228999843
3.7134472060999864
3.222887602199997
3.3193661574999918
3.2244681930999817
5.728248020899987
5.431008554099981
4.927538532999975
1.794821720899988
1.6412288680999947
2.9665070769999877
1.5023605956999941
1.5026514220999925
0.9115705890795932
0.7692239424699995
1.3602876693999988
1.0086776439796
2.0192919219999843
3.7502161773999765
4.01821373439999
4.006258521999984
9.228321157863986
7.884710855101257
6.425876554898701
6.925480133101263
6.449626803599995
5.751235307299986
4.481792442299988
4.069968295299985
3.678226828
2.109629936199993
3.5807795546999968
4.711287156699991
5.094505017099985
7.625001106303818
7.6642304595999935
3.408451945499983
6.765976455696135
7.866864633202547
7.384432086202549
4.809694233699984
4.043436730999993
5.860114965800003
5.074280656399984
7.7485844223038205
7.855064675898712
3.6930592513999922
6.747541499303825
9.04093009327198
9.164354904135983
7.6600889708987046
9.100643968202547
9.066113915999985
7.607676452594867
4.42339976039999
4.561005779999976
4.242020074499972
3.9049524703999916
3.9506497909999823
8.463751937898701
10.74855646499999
2.0123074126999856
1.3112242019999953
1.0575351270795952
1.2831572683212076
2.962338534499981
3.4082600951999766
6.48522984469614
8.897771563696141
2.9323838592999727
5.0485760268999895
6.757991731303818
2.838682888799977
6.139214546202537
7.149985287506375
12.260365803999989
6.484030444303821
8.562580842594864
9.591077297999982
10.143381554010874
8.291286732506386
8.944025337202556
7.316585452299993
5.114574926799978
7.373901588405093
8.337111088594867
6.1106620620999905
4.942725167799984
7.727005128499996
7.399139675900002
7.961065272493594
6.657124792499991
7.729347093202553
7.809028773499994
8.860040148898706
8.076930310099991
7.18773742369614
4.702073033099968
9.096750053415995
7.096412475594856
5.227440966797406
5.8481979445948475
5.756103033399991
11.393636013999988
11.205944724999986
2.1170069732999837
4.7076658736999715
5.0757072600999775
6.600479782099985
10.103789559929265
9.622705947898718
10.67180900899999
7.446738806202548
12.063901254000001
11.287924199999987
7.243362043797425
8.306220614594867
10.927253707999999
8.58392664789871
11.98142262399999
12.358030974999988
11.179513941999987
9.02864325707069
7.108656408699986
9.035662028493594
8.61349488830001
9.134890212999995
4.704419763199982
4.551692852799983
6.790364294405107
8.696697610506382
6.908679154999989
11.537066703999992
5.363283779899983
5.843239732399986
6.188464633199996
12.491829638999986
10.414231121999993
11.134031840999986
11.749466019999986
13.616702585999986
13.893762645999988
13.363000936999994
11.665321425999993
12.461348598999985
13.76283393999998
12.984267814999985
12.176075492999995
11.845263007
11.327394384999987
12.740312888999988
14.333412147999997
13.470043348999988
11.25070677899999
10.732534952999986
10.82574427599999
9.672264092999987
12.209226966999989
12.250971927999984
10.385847217999988
9.548378486594874
10.233598371999992
12.184140246999984
14.52370569599999
13.50448295899999
12.780424280999984
14.47940533599999
12.646593490999994
14.444988637999996
13.113502651999987
13.14718326299999
14.396394410999996
13.460750063999996
13.035660999999985
13.468435142999994
13.50961320199999
12.659206949999996
12.654217365999992
12.583814365999986
