10.595186199999992
12.780474965999998
13.023102974999988
12.537814905999989
11.551409064999985
10.29552168999999
13.117799650999997
11.163171825999989
13.458311261000002
13.605330439999994
14.10261358199999
14.047141123999992
14.88518472599999
14.541976050999988
13.905807940999994
13.498916260999978
14.062391813999996
12.488776966999987
13.473370411999987
13.310832186999992
13.481316398999995
10.502697570999988
11.408125571999989
12.059038503999988
11.676431199999987
10.582036188008148
8.834031523067983
8.378131063797424
7.090349140898703
7.377798202493586
9.227223107931986
6.257893928499989
5.302749977099977
7.616410482797414
8.4237092818987
10.696778452999984
13.780529256999989
12.720433954999988
10.632148142999986
5.6534948105063725
6.065407827799982
10.178885719203992
12.068081287999984
11.576863769999992
13.471447288999995
11.78662003299999
12.649092464999985
12.55628963899999
12.394452524999986
11.96246268499999
13.106894140999993
13.177330541999993
13.57880385399999
12.381603946999988
12.34840033599999
13.294582805999982
12.001097147999992
11.609672170999985
11.645329426999993
12.151096859999983
11.37168673099999
11.188663048999988
10.09284679272799
10.610910114999987
10.25609863728286
11.21742750499999
13.00096970999999
11.222418191999987
8.39086968379742
8.873961566135984
9.318316618203985
10.752133162999991
11.296426706999993
8.83011508640511
8.71923045199998
8.645584527594869
7.0339434035948685
9.263896726999985
7.856065371699996
10.200768170135992
12.26435952799999
10.614782817070688
11.057700232999988
8.230723205594867
8.042847572299996
5.948838186599996
6.110996630899985
9.542804321212136
8.92169890899998
10.090533131271988
9.201152961696149
7.5147047194935865
11.208564296999992
10.505381037999987
9.928598213135993
12.271941106999991
11.402534981999985
9.617408912787816
12.37859029999999
11.145319910999985
9.400912618999985
4.545594616699976
5.168362943999965
7.898895555067956
7.108468629506377
4.8682004134999755
4.7969814986999815
5.1355106505999855
6.589963346899986
3.954465835599972
4.014691091899977
2.8001720900999807
4.526350524898688
6.660155046101252
7.787156294303815
5.78828331599997
9.231085031070675
11.424783422999983
12.472577294999986
2.344711415099997
3.5653332137999842
4.23195406649998
4.72640823210125
3.720913757299996
3.114380657999999
4.587086753799992
4.92628432919998
4.643836044299992
4.352232765199984
8.532632846101263
7.184230578594862
10.088985165282864
4.840229527299986
6.941117459101254
6.193106419405101
4.036874719199984
3.375984893799993
3.7595826736000006
3.4004044585999997
5.300145800799976
6.549900241099986
4.258755223099991
4.1742470305999895
3.252666468799981
6.398318409696134
3.079895091199982
6.21437921449999
6.375137684594861
2.00073217159998
2.245109953299977
7.748758419797411
5.978462634303796
8.06342846530382
8.588715039101265
9.929189141858542
9.68554616999998
1.303371673599998
1.8916910399999887
2.872377403299985
4.894693682899977
1.5368046477999877
3.763218417399971
1.8171760436999873
4.7071481612999895
7.8867008529999865
7.0541396622025445
6.656659669506382
7.042894732696143
6.819194625898702
5.019248991399984
4.996722073399978
7.809873124696147
3.9194415755999783
5.0477025772025375
5.822558897405102
6.466308756999987
6.494381359898702
5.9248656372025446
6.805662826493585
8.580273020931973
9.580683006203984
10.17651640785854
8.628231857203975
3.943216836499984
3.660211378499978
1.9991840575999908
3.0967093764999882
4.43631885219998
4.142494296299989
1.816198687699995
1.7311428100999982
0.9436085596070694
2.074600315899998
4.3521239730999906
5.586626669299989
5.723154800405101
8.022544718898695
3.5771121383999724
6.535456465101266
3.7853313903999903
3.2440534560999796
7.187366148399992
9.817297088727996
8.054569369493594
7.463131872599995
5.916082144199993
5.987241496299991
4.962709764099989
5.398882250999986
3.9613318557999913
2.738223017899987
4.359022047399981
4.955969918799984
6.573314466898694
7.135601899696147
7.389230651898704
5.039350501999981
4.170786993399986
6.346023561099987
5.5730350783999905
6.793953286696136
5.026112431299986
1.3328683257999951
2.365940933199977
3.0421528670999827
2.8081319060999834
3.7595175094999833
2.5490572844999893
3.5749026473999863
9.949937103203988
3.5544506835999723
5.536389831493575
10.019181167727988
10.517715136999993
6.48288035889999
3.8961333922999897
6.905215969797425
7.5828060500999905
6.1085846526999825
8.249569985999992
3.2889154586999894
5.407599899299991
3.4387134551999803
2.669370388799978
8.150063613898698
8.848692019696141
2.7409196715999755
3.950125279199978
7.164403463696153
4.415324977099979
5.389565742499987
9.709319825795989
8.142499858101264
4.16375293269998
5.313284376493579
5.1219271956961325
4.1948120925999675
4.599350112899969
3.949973292499973
6.057696307399985
1.5742667891999877
2.257882522599986
4.631341813699977
4.331508401499992
6.870856509399987
5.180872886699996
6.14621552429999
8.844365090898702
6.79240357969613
9.426666905135988
2.162310746799982
5.374996700999975
7.526574929797432
9.597800299070702
2.303808480799975
2.5941101180999717
4.276311257899977
6.769059330696142
4.9385501052999965
2.0078669219999887
6.500228010599991
8.033774359101274
7.869200254797437
9.103477093659977
9.949502725141425
12.211478769999987
10.806200170999988
10.05193153692927
11.091437934999986
2.320874795499992
5.695586079405099
10.562577050999993
10.244037176847211
11.432239458999998
12.717186779999983
10.945477198999994
10.701828878999999
10.572135077999986
11.43458292799998
9.374769605999987
10.273761835008152
6.204578759799979
9.043840374863983
3.7996943862999886
11.180396599999966
6.6063174544935785
1.9124388930999876
2.8336605880999866
3.3939702774050837
7.218772158797423
4.3139927093999795
5.1922262298999895
3.162119087199985
4.110647163399994
4.959492446899979
7.131082061797428
7.199032862899989
9.577012777795995
8.619183364898706
11.627932771000003
11.119018268999985
12.474386553999988
11.452909559999984
11.160071639999998
10.841922693999996
8.234047691303818
9.44621010592926
11.645677312999986
10.73703178299999
9.182070382795972
12.965006621999992
11.151869448999989
8.604980166594864
9.641364964303833
12.14045020799999
9.597017947405112
9.990715722787822
10.894820920999987
8.804120082067975
8.754440936303828
10.04423567499999
11.651119587999986
13.734982152999992
10.798828893999978
4.709934043899983
9.78167716071708
7.699539164696151
9.104623146101272
8.463056826797432
10.895756940999986
12.921391692999988
7.576270120202542
6.819100439506381
6.30745049129999
8.112207481405111
6.73712171329999
6.685784687799996
8.264092826797425
11.077167562999989
11.945017734999988
11.781140522999989
11.852904331999989
12.022775055000006
12.596973279000002
12.847165549999994
13.21156946099999
12.418114002999982
12.73179181499999
10.515819620999988
12.803666269999992
13.435326821999992
13.018150046999988
10.14920145713598
13.297648678999998
12.191061941999985
13.02498319999999
12.263058022999989
12.407910051999997
10.684840899999989
12.565716642999991
11.87302989299999
12.325536791999985
11.717255958999992
11.864915902999988
10.411425757999991
12.710430042999995
12.32949163399999
10.158484086866876
11.566669324999987
13.442589892999983
13.146042887999991
14.079001673999988
13.952454702999988
12.907490265999987
12.78060050799999
11.342555340999985
10.220627527999993
8.268298432898712
11.476229789999989
12.513407464999991
11.139822414999985
12.213388585999994
12.012743416
9.826863590999979
8.668588581863963
7.48294871520254
9.276132850594871
10.410520537991834
11.046577033999984
12.052255062999988
10.167145867931993
9.741276893727987
9.405489459135989
7.210377227797423
7.237817953506384
7.048778813199986
10.219671144070709
9.043744284067987
9.470177212659987
10.607809379999988
11.049879236999995
11.56326167899999
10.460757862999987
9.236733076339988
11.318358170999991
11.430298156999987
11.087316034999988
9.918400129795991
12.509044617999988
11.569412098999987
11.802249004999998
13.143136774999983
12.509338984999989
10.08026860807071
7.912246031202546
7.939565795898701
7.7140894211012725
7.424577253696149
5.7478646254999886
7.034235942099993
9.580705596898719
11.891896939
12.482496438999995
11.078535759999994
12.179431591999993
11.42239202699999
10.387727073999992
10.799602118999983
11.395782653999989
9.925197421203995
10.429705892999985
11.88780987899999
11.387999801999994
7.358422970594864
10.784276580999991
11.586810492999986
11.166334446999992
11.902170659000001
11.623864783999998
12.23086792099999
13.965424842999997
13.189648052999992
13.920074492000001
11.035214692999993
9.732576237353575
8.982294230696144
9.967214648271998
8.297621067799998
10.206335351866882
10.946277189999995
9.632247570858535
11.349226128999987
11.731883948999986
10.149616416929263
11.373235807999988
11.77299390399999
9.747525678999972
11.021878031999986
5.735672244299989
6.565591993699996
3.237952288800001
3.516292942799993
4.700249073799996
7.363541897594858
9.987231693999998
10.919289339999997
11.602010358999996
10.765741077999985
5.622371697999989
3.721725972000001
2.9384083877999903
6.435837974499983
3.368990957599982
8.206960397303817
11.047453850999986
12.00501219599999
10.777412189999994
7.088006558199997
8.592708520493591
6.945464273101256
9.48381844186399
1.624890083299988
2.0688932846000037
1.414470417799999
1.2220684859999973
2.4614711699999994
3.7024374236999993
4.698910769699987
7.1016822342025385
5.658427754202538
4.066851921099974
9.164776231271981
10.508346720999981
11.003623244999996
9.874738114931988
1.763922097799992
3.1641908584999974
3.831595292696125
2.900399998499992
6.889080345199993
1.5823472732999928
1.3320196883999866
2.6875512282999963
3.8455400435999807
7.322573106405106
9.425254093931983
7.766510986303823
3.7936430343999903
4.668818055699987
6.372958267199996
10.048833165000001
8.14122155299999
9.463456361271982
7.389005882303823
2.97726793979999
3.2374436478000037
2.0422998566000006
2.7085032700000125
4.509820539899983
5.913205998199996
2.691939190699973
2.079926824999981
1.6306007522999904
1.2721645797999948
1.6208244079999978
2.3593021637000002
2.5334593048000067
3.277404389999994
6.729908752405096
6.325722743202544
8.107936227405094
9.435465298339977
8.4885334838987
9.249087654070701
1.018903710085851
1.4558081923999986
3.2590977691999736
5.444222611999983
4.077965898099977
5.084209545899981
1.43767174529999
2.226396377599989
4.629047555499989
6.980521197499984
3.3990672805999878
2.680522529599991
1.774790568499998
1.8122561507999968
1.841048103299997
4.366364285299999
5.544127232399995
6.998985543799991
6.669373593099992
1.8096929809999827
3.5271136336999818
6.605186711101264
4.785782553099976
6.3471432708999895
2.279896409599987
1.567285034199991
3.366888626099985
3.656534751899999
2.3618194015999943
1.4952380629999962
1.1881634826999992
3.307819209299989
6.116068221999977
10.210714253141422
9.625118978931985
9.445455610795987
6.6446544997999935
3.253261074799982
2.929490408299991
3.6471064010999936
8.194685073898704
11.049030161999992
10.617126825999993
9.625474220203985
10.529265862999988
6.358398876999985
1.7964201659999872
2.5953538970999928
2.3280082229999937
2.8501638213999936
2.63572233429999
4.8559702988
4.691372744799976
7.414908204696145
8.572774618493586
9.44937918865998
8.18459351649359
8.650624958797431
6.063664144898699
4.3678739348999915
2.4524804320999922
4.206667468299994
7.827702940405094
10.47655845599999
11.876710880999992
7.742960037202545
11.205404075999985
5.927383756999979
3.6851441009999903
4.199036505099979
5.296095648199988
7.099529392999991
8.585113731405116
10.380447984
10.993661132999993
10.887690976999997
11.675938898999995
7.251676429696143
7.594987260405107
10.298911345999985
9.578658489999988
5.484112527499983
3.4984140380999875
2.7213463225999828
5.252168450898695
6.8953615814051
7.130834724405102
10.369177903999988
9.19748081510127
11.65817497899999
11.062744063999984
11.060858062999992
11.87780232499999
11.423826764999998
8.725220323135979
8.149459393303829
10.728011265999989
6.9586990416961445
6.707354708899986
7.899432722506386
8.90004377589872
11.378584874999998
9.81419390407071
12.355223798999994
11.917363378999994
10.94179276899999
9.56489739693198
6.590555328405103
9.28160704499998
7.360888944999991
8.147087948594868
8.449971661405106
4.501174397299993
5.431864759799996
8.11264888310127
11.54120165299998
6.7823184447974185
9.300049072203976
8.280623182696145
7.987052819797428
9.007939175405124
10.026397633122249
11.766599457000002
12.512613680999976
12.800536641999987
12.894271195999982
12.387539548999987
10.664493239999985
11.942795612999982
12.939581360999986
13.554521067999993
10.290719396999988
9.424274795659985
12.496449448999975
11.424022713000001
11.11489309199999
13.085251541000003
10.934013930000004
11.371436066000005
12.513481063999992
11.349396273999988
11.172310677010886
10.420361268999986
10.988325776999988
11.22058302199999
11.399574593999999
9.215441252101268
13.110687867999987
14.309132802999992
13.260160571000002
12.028567643999995
9.592925431863986
9.025342329271988
12.527947410999982
13.987742823999993
13.689181850000004
13.740549811
14.088990490999995
15.233675448999998
14.076653174999999
14.37014622199999
13.892647156999987
15.217798792999991
15.174365466
13.89353168899999
11.961891024999987
12.418231571999982
13.120347500999992
12.095413888999987
11.582169814999986
11.56085900599999
12.693749927999995
10.641051290999995
14.924710503999998
10.638701320999989
14.449095684999984
13.757474709999988
13.748641329999993
13.036146985999991
10.737366007999988
13.513550266999987
12.67236093399999
11.086731048999992
10.460735276999994
13.863599044999997
13.744062232999985
13.161522838999991
7.999252363600007
5.092350172399991
5.613230064399995
9.23390787659487
12.096718653999996
11.532475649999991
10.889611254999993
11.691468569999993
12.204632190999984
12.82463370399999
12.61370108499999
13.42812868299999
12.964834505999987
14.844336713999997
15.332380417999996
13.897941997999999
14.38937170599999
14.336463941999993
13.602377353999994
11.253580704999989
12.46669104799999
12.832541588999995
12.078797362999993
10.866204946999995
11.983762056
10.738829775999996
10.595544300999983
11.554497492999987
12.060043802999985
11.198710238999988
13.533980887999995
13.756555407999988
12.255195165999986
12.407871261999988
11.539328803999998
12.626769253999996
13.349623272999986
13.319765343999991
14.12303536499999
14.29142543299999
14.376448038999994
11.281662473999992
10.162476489212144
9.419295516999975
6.562825511202537
7.147211805696145
10.392451020999989
14.035721012999991
13.14841032899999
10.578381792999982
11.579392180999983
11.78550086399999
8.906357835405109
6.74585958710126
7.3787478118999905
10.473368186999991
9.832296328787827
9.005148405506386
9.653561354103992
9.342355993696158
5.632344885300005
9.526981210303832
12.532342780999997
11.907243346999989
11.803256366999983
11.683209005999986
12.57293304599999
12.372940062999987
10.395010871999986
10.830572704999978
12.501119059999988
12.39568727099999
8.171343865999997
10.355668123002719
8.3889619338987
11.19576728699999
12.523459986999999
12.889655346999985
10.43412091821214
7.198162654101266
9.988913044787827
9.093543308999987
7.788481130999987
7.297104527303815
9.24755794979743
11.098544512999995
8.754094598405096
8.470737985202556
10.671459262033288
12.966828438999993
12.63961067999999
9.66338435072799
10.099505381858549
9.679597117727983
9.389899621727988
11.051214649999984
8.729342965696144
5.389237055999982
8.89801798399998
10.1088350020707
10.30021170806799
12.063561292999987
12.948713517999991
11.920417307999992
12.412488787999997
11.584014196999998
10.313844385005437
9.566830429070704
9.62195288393199
10.050807456999998
9.617728723067989
8.371074136405104
7.1547068221999925
3.715976446499986
7.1229342041012655
9.712669343594877
10.72107949499999
11.549536457999999
8.27276450199998
10.867218639999985
7.7377972092025455
6.163711933898697
4.414362364199984
4.142053813199997
1.6921657958999998
2.0640805878000053
5.066300331099998
4.602589944499981
3.7508887008999827
3.057876553299976
5.321817916898698
6.919016023303825
4.165984553499984
2.266369619799992
3.3004653350999837
3.81993787379998
6.010008422899987
2.0567706801999774
4.42479237820252
5.908739578199985
6.690993023696142
4.054783659399982
5.798614596599986
4.367375160199983
2.9595447234999814
5.3573453338999935
4.323923654199994
6.934044059797422
4.654271682699977
4.221701795999986
1.491294143699997
1.7496290465999984
5.128026325999987
7.311725373799986
4.0045736861999846
4.14464215849998
4.354644969199992
6.6130112015063816
9.178228486594866
9.309588540594874
7.529266172799991
1.0787667857997274
1.477127107199994
2.1448126540999732
1.083821247300271
2.269082900999964
3.831490034499988
2.5135426345999936
4.385407969699989
6.306511599699988
5.724500443999987
8.777091795303825
8.699529550202545
8.243545169101264
7.737713247696148
9.00417680820255
2.993178878799981
1.3637952010999939
4.568844990499986
7.808476765399994
4.037594424399986
2.408132661399979
3.6419220900999902
6.142188590999994
4.96788653559999
3.676452883900003
2.303550500500001
2.9883481827000025
3.9808347686999923
2.723210043299997
2.410194091799997
2.534420936599992
0.9713218334135907
4.348997807303787
3.8299497481999913
1.0419237316070622
1.8768085357999762
2.46639002079998
4.449910357696131
8.588766619898697
7.873166056797423
7.414847320594868
6.445753152506383
6.109576711999988
7.1943151352025385
5.443219113199983
4.377660699499987
6.253231487999983
8.55141083369615
5.3189266265999775
1.1973176475659957
1.252548283099987
4.534146308899987
2.9341925033999927
2.519158714299986
6.0345038085948595
7.4823350403038305
7.043135076898701
6.914455155898704
5.561235034199986
3.92071807859999
6.577943693499992
3.872351251200004
4.223184284999997
2.888006413299997
2.581816999799986
3.1387610213999935
3.5581382934999963
6.197353408799985
6.754959400899989
8.130435589594875
7.5516952393000025
7.995725180101269
9.366835464339985
6.884038989303814
8.050751376303825
7.770277564999994
8.804737287898714
6.741808346599993
4.214369259599988
4.900495899999984
6.381940429699986
2.9530620009999904
5.648304518100002
7.906203401202558
9.183349656696151
6.7402437118987
4.722939913898685
4.937887620493574
9.091256681797429
8.641221488999989
7.65790884859999
8.125939309696156
8.771359185797424
10.19078024733999
11.161021183999996
9.529786509795988
5.919065060405096
7.868199676493587
9.265511071863985
10.14276665799999
8.701937896696146
10.36788407299999
9.286244844067985
6.650103680405096
1.5125464614929047
5.216858921799986
6.418389155599987
7.177097793594866
6.884172320594864
5.475605445899997
4.680561627199999
5.630227577200002
5.7302867400999835
10.949199685999996
11.599842254999993
10.283549603212137
10.83321242099999
7.443924337799993
6.712125747699994
8.251028338600008
9.817780075067994
8.447834696999987
10.24653098099999
11.964325504999985
12.25657458799999
10.659531773
11.339186910999986
9.50023909606799
5.234540156599976
7.581899174339973
6.856536363202545
12.288319771999989
9.30986590279598
6.758287173506388
10.863144173999983
12.574383600999989
10.627126522999989
9.89146056813599
6.313934948699983
8.598061206101264
8.19907483830383
11.801488834999999
9.800238769659993
10.06281748806799
12.090389365000004
11.921933394999998
8.93983426669615
10.299415863000002
12.439676180999989
8.66787621472797
11.156688508999972
10.728417946999992
11.72398878799999
11.585312371999988
9.581136410659981
10.439707103999988
11.510484768999993
8.18600917510127
7.885782682797426
8.17765082859487
9.748784368931997
4.800272299199991
9.489363287271985
9.367354698135989
11.03470883199999
11.285864932000004
13.493818207999986
12.292010906999986
6.5387656737973945
11.876758970999985
12.07218904299999
11.478372657999996
11.686469285999983
12.230332879999988
14.227927043
14.210096062999991
12.85614553399999
13.056180352999988
11.708814661999988
9.881877619931993
12.915980115999986
13.686627826999992
10.291724694863971
9.275554272339983
6.868910214202523
10.08180354778781
12.297684940999993
12.589224711999991
14.355980308999994
13.980063509999992
13.371308097999993
13.103246442999993
12.832445942999986
12.385676424999987
12.013047516999992
12.698345658999989
12.757586753999993
15.178326893999992
11.316176621999983
11.214823607999987
14.12683332999999
12.157050785999992
14.331689721999993
13.192155990999991
14.171644672999985
14.38751507599999
13.42020900999999
13.048923945999995
11.601671494999989
12.622450915999995
11.28242462299998
10.371831716999996
10.56931918799999
10.78728656299999
10.809171836999994
8.744380862405114
11.581991689999992
8.84742293699999
11.181735320999984
11.874515507999988
14.512375893999996
13.594375298999989
13.455692057999991
14.142359820999983
7.370798957863965
7.337577455101248
7.344107104519949
7.654551730303818
8.335931901594865
9.187965837070694
11.228986382999988
11.977037169999992
11.236340761999987
7.792564851405093
9.06991639872798
10.185007484282856
9.66405070633998
7.220162406898695
8.45252265779743
11.892310193999988
13.856930062999993
14.053029282999988
11.301871311999983
12.362243186999986
12.733815692000002
11.264405898
11.775764908999992
12.937181002999994
12.391563927999988
13.818699434999994
13.53849643599999
12.543910329999996
13.301715256999994
12.55297448299999
12.232010174999985
11.25394854299999
8.365565132101267
8.557075262506388
9.68697765499999
10.621013038866886
13.282185804999997
11.598785598999998
13.714053525999987
11.411674550999985
11.789209228999994
12.204824489999986
11.04394197499999
6.273366651899989
8.56089065399999
11.720657003999992
12.07594264099999
11.43318403799999
8.862307594303827
11.08209098999999
11.124811913999999
12.752542899999998
12.454786599999997
10.811298317999986
11.963507680999996
13.035573948999986
14.208236866999986
7.097825302101263
13.516063802999987
11.135113785999994
11.30722447099998
11.311633718999992
10.809271935999984
10.519738975999983
9.631053211999989
8.706881092797424
6.836167394999984
7.693615435797422
5.750564889493562
7.675086318999975
10.581602767999977
12.810846181999992
6.7327242598999995
10.279787889070708
5.690843951399987
6.923776818800003
10.096843069339986
11.563250875999985
4.9903920409999705
7.739330810493575
12.368841996999988
12.325172381999995
9.287910678101277
7.487184901405109
6.797362576303826
5.289899290499989
5.182506811499986
4.358776499899987
3.625128160099985
3.956851711999989
4.742699256898694
9.911728002931985
10.929566636999976
6.925782151797426
2.9684320571999705
3.4790455611999853
3.031331774899969
1.8829082717999908
2.113264021299988
1.7562649581999907
4.063758937099998
6.32142418669999
7.909123751797425
8.121410783405102
9.105701592999981
6.549574627699985
9.734138822931993
10.381136604212138
11.903298714999988
9.288003271339988
3.805567442299979
3.2029454345999913
2.2925203933999927
2.095058401499989
2.484617753599987
4.283540183999994
4.263262295499992
4.424255183399989
4.318756246899982
5.914138967899987
2.6483403014999913
2.278495439099997
2.0801596969999974
2.667731394999993
3.5476258941999936
5.007179232799993
5.215427537499994
4.830529013099986
6.333400797999981
7.934278568999988
2.9310716277999824
3.753948139999971
2.942403137199987
3.0222506865999854
3.9682697188999905
4.57311710209999
3.0793114654999894
1.7490458404999891
5.659259590101251
7.3546143341012655
8.226741551202549
6.862115048202547
4.471076777599983
2.4979499862999854
0.41603381795999944
0.7237586789099999
2.7564251159999897
1.5412145446999876
2.801859793099994
4.218196008299982
7.509899153101266
7.758805516101259
7.851136196898699
6.77808834529999
6.690640766899989
8.70719269410127
6.723788713099987
7.538075245696143
6.741803370696135
5.120952734399982
2.1290603332999845
4.918372691303815
4.644018344099989
4.626219573999987
7.24225141910126
6.562026689099989
6.682891392493582
10.301690716717104
7.543505764797425
4.518492504899977
2.7080350570999734
4.6947336822999866
3.637034800699991
1.7849282683999934
1.7971892531999891
2.1315650451999906
3.1756957473999816
4.1135837478999875
3.513891572599986
2.8778863204999823
3.196923724399983
5.499596823099976
5.253826347399993
5.770429229699997
4.853675682099988
4.608875920101246
4.6443730864999875
3.625780953999986
5.8353651137999885
4.879920460499992
4.1365421187999925
6.139411665303818
7.909448289506383
6.395916334493574
8.117774075300002
5.666139114399992
5.955589048799993
8.975022599797423
11.254231090999989
9.826130853212145
6.184863220199992
4.28607841639999
3.481391488599992
3.228818702699994
4.701163310199993
3.6398136809999966
2.3291260727
1.8856447509999967
2.513824545300001
1.9151674515000026
2.2866572310999986
3.6642458159999878
3.8308198684999955
5.617523001099999
3.5829404708999917
4.980635067699991
6.87847772369999
6.168305375699991
7.300467614699992
7.9770972304935945
9.134604417405104
10.383194808999985
11.845440497999993
10.053563296659995
10.849540410999987
11.16252900399999
6.852369947797417
9.869540389999989
8.761756094405122
11.604053367999995
10.354027428008152
6.966150970506385
12.047148525999983
10.493639657999992
5.100085066199979
3.868135388199991
4.58099972839999
7.360856291202549
6.316352781696137
6.26638628229999
2.6362277129999634
6.36764866330381
7.131431074493579
6.8717289596999915
9.565660455212146
12.329071259999997
9.405828625353584
7.2791787566961395
2.6299018050999834
3.8506957519999863
4.58100842589999
7.512944932594853
5.732086387599979
3.7613355117999805
5.206033573899985
2.5893636764999766
8.760059507863964
5.25148180389998
5.827261050399984
6.272293975797419
6.904018211405109
6.316909237696149
4.1918892882999925
6.589490469399987
8.044150045797432
6.53237059169999
4.0266739090000065
6.600365302999991
6.466868249493576
8.456844413797436
11.817436957999996
10.365355099353572
4.27685895079997
4.627529032899989
3.497912654099991
4.635816661099996
1.457643780499998
1.8007806411999907
3.635795753499989
3.1450227920999905
6.0647658661012525
10.07574218098912
12.501352515999995
12.54436418899999
10.766660906999993
7.491299220303822
8.802226615898704
5.726853701799988
4.384416323899997
7.536950744594871
12.669330739000003
11.415964684999983
10.955415436999992
10.413823746991833
12.352906589
11.960905085999986
12.597896587999992
9.54967759092926
5.870152937303808
4.827989862101214
5.92952606510122
7.588173628202548
9.46404639130383
8.98211739665997
8.433569551101273
10.61655863799999
12.021079049999992
12.533611530999993
10.947585685999984
12.296880422999989
11.60958477799999
11.605803274999984
13.606491633999987
11.832715748999986
6.18032718810125
4.944827455099974
7.248004908797421
7.961329357898706
9.151724923696156
8.67611077730383
5.609941271999976
9.551706761135978
8.495036553999995
10.207637560999995
11.117282765
10.799459785000002
11.037320582999994
11.502854329999991
10.160746668999995
10.55438908199184
12.944752035999992
13.284127062999993
13.074953710999992
10.845448708999982
7.9040234679999735
9.352580470203991
11.708702584999997
10.509564063999994
10.656876693999992
9.66768758999999
11.283087238999984
8.863403317303828
8.79286782230382
6.604336862202544
8.858867469797424
11.608370512000004
13.334256926999995
12.244423379999999
10.822875623999982
11.615117418999994
14.038075661999995
13.613865868999993
13.482270231999985
13.427640453999993
13.194715046999988
11.461721303999992
10.495310750999987
11.774208635000003
12.382086695999982
12.715795885999986
12.23781915699999
13.481312230999988
11.278692156999991
12.945499050999988
11.510959031999985
12.86763207699999
12.943613035999999
13.158747944999996
13.172440782
11.583596560999997
10.381681605999992
10.25246522799999
8.740541717493581
11.737443740999984
12.94560039399999
11.904200597999997
9.352596774303832
10.777682985999984
10.058746180908322
7.202497474696144
8.585084460405112
9.392574786271986
10.844584127999983
10.412498319999985
10.399494068931993
11.534745175
12.818464359999993
12.162539119999995
8.18713776699999
12.837859461999985
10.219688532999987
11.976136345000002
10.855459038000005
11.386898755
12.142615684999997
12.094788985999985
11.96745276499999
12.194167138999985
14.000001466
11.82052077499998
10.052997302141424
9.908477917353586
7.761474778696147
8.867049444594869
10.876619340999989
8.784576963863977
6.19940304109999
6.944208467099992
7.924252842696141
6.646522837797422
8.916376545696147
12.43949744099998
11.321849985999991
10.431533559999986
11.352354230999982
12.392984110999992
12.212459112999992
11.766559086999983
11.695285413999983
12.439870891999995
11.239839889999987
12.359063955999993
12.259504078999987
13.730198325999995
11.517695124999996
10.212632361005442
10.185360115067994
10.504599987999987
10.422372896999992
12.187385918999988
13.167292492999989
13.146250309999997
9.787268966795992
10.466475432999998
12.603585904999996
10.877915697999976
10.890255439999994
10.524287827999993
10.621425425999991
11.685660959000002
11.222690189999982
7.898764849898699
9.060935453863976
8.546591686999985
4.919278929099983
5.94624214319999
5.979939952100011
6.433657397500007
8.465770376594874
7.775194299303831
9.271835524
5.141714927699985
9.880678932135986
7.253659791594864
6.540823289499985
6.13489293669999
10.101352996858552
10.591892347999984
11.463296375999994
9.769790043727996
10.508715667999992
10.558365531999995
8.608482261696144
8.169035505699993
8.035776487696145
5.057213102699981
10.663587568999983
9.491055053696158
6.2640055449999945
8.582533827202544
6.227263183594845
3.0294661315999836
3.4446218963999775
2.4663982726999714
5.878474885594858
4.366076820399974
3.765536444099968
1.898442057799984
3.07633107759998
9.07545712892925
3.634137898299989
2.8047024306999844
3.2138295333999887
2.297074639899999
4.719860322599995
5.298229707299982
6.284041085797419
4.257285073899991
3.580065490699988
6.604994052099984
4.140980778499984
3.6743629043999904
2.407827629099996
2.4523646347000008
1.98958479769998
2.249137356599994
2.403255700699998
2.798120770299991
2.070916281099991
2.5716520537999847
4.755787033099984
5.664500945999982
3.2967745513999818
5.385829399101256
8.750329368594862
10.197601281787827
7.752872463999982
6.4400696045063786
8.245132669101269
7.377117250101263
9.56081486206799
7.758001107799991
6.738516635101261
1.1892622428931923
0.9652643661339911
0.8785140698271899
1.1877564621
3.127905451999986
3.509785844399992
2.1119982696999844
3.2079233581999915
3.4877455550999943
4.253048858599987
4.8098082320999875
4.779377300999984
8.052348385594852
9.536097091795982
9.555515507659988
5.241373402399993
3.2727412215999934
2.139119438199993
5.642270884699988
4.947763597099991
4.492497705099992
4.289182455399994
3.7231177337999823
3.5423031249999823
7.22089163969614
8.895588626101278
5.929575611899997
4.610809532199993
3.7485368163999935
4.933296823099984
1.5239702620999953
3.1340016128999735
7.395881613202534
6.088962951699986
4.4608525680999955
3.6059155639999965
5.500610922199995
4.465264858999992
4.41164615629998
5.95990766749999
7.183257197594863
7.635684564202539
7.667989945999982
7.849975833101268
6.967903849797425
7.119595342999987
6.924418830898704
9.33959772340511
6.666177355999986
6.770767732199987
8.724453556797425
8.981135610999992
7.616223045299994
7.653146740696147
7.408753834493589
4.443177098099985
4.578176217699984
5.218094673199983
6.6672978255999915
7.884823973101271
8.658840394600002
8.461880859405113
8.2249707168987
10.912344790999988
9.497492236203987
1.2188701882282817
1.246505829098911
1.3785888560203892
1.7397237807999881
1.2954952053070585
1.4624696333931861
3.9920383956999634
2.4898483077999827
1.1180508512339928
2.621142420999962
4.033874963399982
6.360656439199984
5.755191175799989
8.127496195999987
10.175472426999995
10.178738251999995
6.332947293099993
7.468806015000001
10.089660169999986
4.975512062099982
7.273733404493595
7.935776277202548
5.2893431197999865
9.078770831203983
11.332686144999984
6.1457071166961335
7.635588513202538
9.125835813895987
11.172343485999988
8.630854147303824
7.348563868696138
4.589143832405091
1.907331286599977
3.8959306395999866
6.068351927199998
7.643852671799992
7.006121906999989
9.379435467493588
9.60248678889872
12.476329000999995
9.547872927898712
6.962207664506391
11.693317507999984
8.142601702898697
5.74436884920253
6.123437396202536
3.2117952132999927
4.4020593093999985
4.810379252599979
5.218297216799997
7.003112902799999
10.794624773999999
9.264602491797438
11.344284702999978
12.445866855999993
11.44222579199999
6.290379994202532
4.3340463363999735
5.6723002349999865
8.499831227101264
6.399455459599999
10.912288680999986
9.31078022472799
7.803296418797431
7.044836482202543
8.088437600696139
10.182823028717104
12.791281412999993
10.960023604999991
12.954193755999988
11.21302620099999
11.04337849099999
10.289405525141426
11.24375798199999
11.378360462999993
11.882476513999995
11.47932912899999
7.505168048094865
12.994028612999985
10.727091073999992
12.101796662999988
13.439186431999994
11.171845116999988
7.124999621594855
7.434523034696137
12.098002958999988
11.189520916999987
10.716644060999986
6.755740983599994
7.742298458898708
8.655607348594865
8.583499317898713
9.469400945999983
13.40364622
11.752489509999995
12.453908361999995
12.643957287999992
12.271542737999997
11.96587509599999
11.446876050999984
9.514519378795985
13.227451491999988
12.57998478699999
10.863076479999988
12.106100437999986
11.578467649999993
10.784537810999986
11.946802060999994
10.000634922863998
7.928274105797434
10.743180730999994
12.296086623000003
12.313234608
11.51688458400001
11.856870355
11.643636468999999
13.510434251000001
13.342202196999988
13.740523607999988
13.70300843799998
14.332548447999987
15.255443209999992
14.503404214
12.719182094999994
14.512995771999991
14.690305759999992
10.12536337592926
11.014619616999987
13.105771346999994
10.412818703999992
11.332756894999996
9.896341526863992
9.033257720898705
12.079081888999992
13.031130871999991
9.969301797339995
11.210955926999999
10.861326970999986
12.021893372999985
13.464144936999991
14.215806824999998
14.163135785999986
14.633157891999991
13.564081588999986
14.340599062
12.732728658999998
10.054495497067988
10.359526241013592
8.866480046100007
11.198658910997286
10.720145731999992
13.935206521999994
11.282579358999993
12.200578638999986
13.02718298199998
3.585283406099986
9.46623169572798
12.288938363999998
11.765352552999985
13.830420287999994
12.466985407999989
10.922300109999988
10.153170803858544
9.731856170787824
11.076497521999986
9.294000143271989
10.88574800399999
12.183954119999996
13.406386289999993
12.806975069999993
14.150573119
13.871001694999997
13.647583664999999
12.070693798999994
11.627270730999987
10.92018746499999
11.552939176999983
11.625745789999986
7.42845879969999
6.2234961211999895
8.181781399493593
12.585666344999991
13.563863328999991
12.338467560999986
12.429444904999986
13.94854227799999
12.906210119999999
12.337622475999993
11.724925309999998
11.392798585999984
11.629605617999985
11.586133075999994
11.549583814999984
11.892525295999988
11.47630213599999
9.677433711135981
9.778878063999981
8.990178117271988
11.028902350999983
12.697228791999992
9.974365069727986
8.94108758849358
12.752797745999993
14.007449927999994
12.73146051299999
13.430802360999996
12.68486786699999
11.38999939599999
10.815231749999977
12.328877262999988
11.440346442999989
11.11411867799999
6.46803525239999
5.523452912899983
6.3633199782999945
3.9572463851999986
7.850004565399997
9.24552657779743
10.478718807999993
9.232611067135984
9.680914038070705
10.27802451799999
9.94461813971711
9.620238745070699
10.609053628999987
10.899952042999994
9.345265620271986
1.9801722503999946
5.425174468999991
8.028067169202547
11.011422143999997
8.20234622040511
7.228180853299994
8.107372312898697
2.6149233062999797
3.6588828551999786
5.568348774699991
6.210831507899983
7.202801538099994
8.734825218202545
4.837826219202516
6.928489749099991
4.351495825199983
3.43201597749999
2.9517090224999976
5.849674688699982
7.514736827101264
4.12224841769999
2.5126748000999934
2.0540513595999936
3.651778175399998
2.9983200271999975
5.414478153999996
8.030913345303823
6.933882372999975
4.751830709799977
4.177728521699984
3.714286323499995
4.947764535499983
5.598670071399979
7.936798295594858
11.260568273999985
9.617113255203988
9.375796137999991
3.8070497222999866
10.694219239999986
1.6327343215999905
3.3454047317999884
3.290969004799992
1.7850731658999937
3.2148901809999924
3.7489755095999926
3.3029965926999973
3.4831452422999867
5.254020312506377
7.106948838797424
2.5235285979999778
2.7176288299999958
3.0365583526999895
2.8929434356999892
5.277780419898698
0.9151663017203899
1.413028128099997
3.5333529723999932
1.8651673842999958
3.090067402599966
1.9934332885999841
2.1290622878999916
2.3078723906999956
3.5853423583999713
3.1252519057999852
7.928879354898697
6.371871517898695
0.9288050442795914
2.1679182311999936
1.4638242446999876
2.506571868899998
4.856673101797406
6.012022662405102
4.072509983799975
5.193767698699984
8.196083389303816
7.578162509202543
6.799241557299988
6.891263320899995
4.130539555399991
4.261888542199987
5.022422547899989
5.63853495639998
5.9735165969999775
4.878444970699984
5.750770762599991
5.795187466399997
3.1678953521999915
1.9171097167999973
2.846332134999991
3.9206725081999885
4.034795481899985
7.499761622599993
2.2968807525999884
3.5048023955999774
3.9188718566999765
4.794739584399977
5.126052975499976
3.274725785799991
2.081365139799994
3.283184274299978
5.0758538680999825
5.901621998599991
3.8501950332999915
2.421378297399984
3.455290783699992
3.000002456699995
3.6761948195999743
5.585917321797413
7.076583044405098
8.684723600797422
8.110219410696144
3.6338791793999707
4.629321003699974
2.67716011959999
4.90092273709998
9.627997491339988
7.200329878199989
5.243495071399994
7.693824938999992
8.047201193199994
6.88760534359999
3.3442125777999956
5.6812110213999905
3.1807077697999886
3.914772155799988
4.805943968202528
5.174833709696134
6.2190453338986895
8.097135362202529
6.029928001399981
2.868700653099986
2.50061496119998
7.434134448199993
8.153478831506378
10.230411269997278
8.27462362059487
8.4373803268
4.84283831019998
3.660083500699983
4.249721067799986
2.8596527892999797
3.094579388399984
1.7941573165999845
4.858146705599987
5.419526133699999
1.939958431999995
4.143058425900003
5.729137644999987
3.0970391952999945
5.913819813499991
6.868584693898701
9.92056672206799
10.222726605141425
8.355499247696148
10.019971868929266
9.965032620061121
8.214955772405116
10.346776250999985
10.203026213070709
10.784800538999987
8.731928173797419
8.961080285594871
11.561904334999994
10.812395093999982
11.677300672999984
13.43483672299999
12.807883750999993
12.389770473999995
11.714370737
2.4097861251999704
4.581597793599984
5.117997912599989
5.710424482699986
6.131397846999988
6.464247050506373
7.617105891405098
9.802783685203988
11.039534432999995
8.164017723101265
6.926831307999978
11.349760930999985
12.000661048999994
12.391827593999995
12.307528440999997
10.580884253999976
9.429852392727977
2.5613188003999827
4.627618533299983
2.386384545899978
3.5105738861012403
5.0042204329999835
4.5799591262999915
12.355486556999992
8.05464882199998
4.685884037799977
5.569055720499982
10.559512658787808
8.98705929406797
10.739801952999986
11.306630018999998
10.494589160141421
12.912716610999999
14.676480598
14.082725416999992
13.649820554999996
10.521353116999986
9.977248066787824
9.972339103795994
10.955725907999993
13.369796532999997
11.133182152999998
4.0265935027999795
3.0366645171999846
8.012323144659973
7.516156631499999
11.267810146999999
6.434241091898687
8.722466073594868
9.923908499070704
11.356303981000002
10.85478645799999
9.301028929101271
12.320113340999995
14.36508754399999
12.584551050999982
5.593915083299976
5.530965663101258
8.605440678405104
10.372155249000002
8.798971350101278
8.322422868303814
5.938050843797405
3.4715991149999725
5.685062176493554
6.21590532379741
10.2118621217171
13.982323684999983
14.069557253999987
13.697812980999988
10.299353330999987
11.757418722999992
13.039888942
11.855381339999996
6.683393534898681
9.695311515863976
11.565257401999977
12.207212394999981
11.64021347699998
10.562808001999986
9.532164135795986
11.089457734999996
15.543360242999993
14.224802796999994
13.330532371999984
12.277925435999986
12.103870966999997
12.354667328000001
10.208279629999993
8.946028587303836
10.22389264214142
7.533274539202545
13.058782593999988
12.226397388999983
13.512197999999985
10.88899892699999
11.56208917499999
14.309778029999993
15.035831325999988
14.131508169999986
12.583789693999996
11.46970743899999
10.349300325000009
12.669348384000003
13.235029069999985
12.445453048999989
10.318582102999985
8.643881166101266
10.340366947999987
8.723557231101266
12.603838804999993
11.90498129299999
9.317926142898715
10.523327179999995
11.024629088999987
14.856564820999994
15.183959647000005
14.500612783999992
15.31478774599999
13.751425419999999
11.679520569999978
14.174481945999991
12.497582084999985
11.424689318999974
10.019027545135982
12.121499018999991
12.134331713999993
11.467549672986403
13.206842857000003
13.123977653999992
15.248976777999989
16.647918432999987
14.509587885999977
16.482729076999988
14.70017340199999
12.990954556000002
10.864834091000008
11.352859698000005
10.240330851999992
14.576431865999995
13.344233878999988
11.178368972999985
14.113461284999993
15.122272568999986
15.624118526999982
15.507151293999996
13.328182105999984
14.860572323999987
13.974525158999992
13.057361196999995
10.708976723999976
12.424979821999987
11.011494883999987
8.226880075101255
9.994318009931987
9.700837843303841
8.213922933999998
7.752732597405098
10.438497734067989
11.746417222999993
13.750387848999999
14.711090368999995
14.617204928999985
13.538537012999981
12.042638057999985
15.554679168999991
15.225282273999992
15.952943973999998
12.954951317999988
9.616327114929263
10.743711457999984
12.366813842999996
10.815424337999989
8.234038217202537
8.878255206212135
10.688988123999989
12.78778305799998
12.24786991
10.487754195010883
9.181837263339979
14.145291526999987
14.976057752999996
14.757342515999992
13.843364802999984
14.554394343999986
10.158255981282863
7.645138894696149
7.685431286594849
7.483320053101265
8.881599121101262
9.89208491813598
9.615629339594873
11.035979635999988
10.915073122999983
12.009789228999985
11.494772875999992
11.911541392999984
11.476953963999986
4.021689741493565
5.833825782799988
6.684401443499988
6.408088822898703
5.0514985808999775
11.81217457899998
8.122724726898698
6.647405039999989
8.818065341202542
12.797350338999987
6.853870461999984
4.0911800796999875
5.915977105696134
5.404655071999994
6.181970666499986
2.3877539718999827
4.365579881299987
3.3380404113999815
4.743154360999978
5.68053626249999
4.4408143889999865
4.142175190699996
4.041458003199994
2.8804513686999935
5.592458637999977
9.503236419787816
13.41968948799998
8.835043577717082
2.9612126845999684
3.4599306106999843
3.5037258544999883
2.967421720899987
3.942964637799991
3.046029484599988
1.812138243099999
2.4939571486999914
7.857359980797434
6.457400724797421
9.214948942727979
1.3174248542858475
3.480943609594842
2.3085835967999917
2.759949801599969
4.193014494303807
5.114286860699985
2.518795628399991
4.152434327699988
2.957334968599995
2.6420782394000026
2.043171607999992
3.333713151599985
3.695018144199977
6.070529579202539
7.178462194797421
9.025405221594866
1.7835591506999882
7.6436152999999685
6.742480538899988
7.832651113898708
7.919696287493582
8.44486478420255
6.042941628999974
2.6726120742999915
3.5250838317999693
3.518084056099988
5.258582807898689
7.426260241696135
8.447572361797429
10.888535450999987
10.23641921827199
9.862663938931998
5.790282017499991
7.9793272918987
6.839499204999981
7.589522204594857
6.5735731780999895
5.0303858687999785
5.1325064498999895
5.738444200099992
5.448776223799985
4.5897127044999895
5.206767349199992
5.743514869699988
7.555570483405088
6.9514631209999935
4.161389408899987
5.690392494199989
4.302315946999985
2.696053601099992
1.6343017837999922
2.2672074920999767
4.023662249799981
4.162675421099992
6.412632363898689
8.013633668493586
3.721568231199993
6.256651208499986
5.232179328899987
5.375501492299984
5.131973809799987
7.118810366797421
5.229586613499982
3.717464733899978
5.206831538399998
4.346209841899989
5.391519587699988
1.6177515822999755
2.8293164702999936
1.7065977553999911
2.2094355102999907
1.919946394299989
1.971109558099983
2.273002186599983
2.122477897599981
4.571523260506376
5.315511750797418
6.384403337101268
9.5413736787171
9.416674206659984
10.235719148212146
7.033550903303816
7.304065852405099
7.5565000625948615
7.337117759696141
4.153105804399986
5.010929704299982
8.05131669620255
8.241302835101262
9.38503029620398
7.840559667999978
10.12182670428286
8.652055078067972
7.5348751784935875
8.32325460969615
5.515141758699985
7.339358830303829
6.951379068000008
7.9969754654051055
9.050052831999988
4.144093897999976
4.217520832799977
6.015575338696132
10.845448722999985
5.129099163797407
2.5757141570999824
2.125197232099963
4.474769061303812
3.595354017599985
3.961805842599983
4.644820555099985
6.379212951699994
7.421791606099996
2.9050385497999947
5.91160852509999
5.739857231101255
7.729263711659961
3.387228430199981
3.85382095179999
6.307301554898707
9.252781458999996
10.108983276282872
11.119065574999995
9.38727087859487
4.129956224099983
4.137588825999957
4.15332375489997
6.0797796432025395
4.479198995999988
6.1700867202999845
8.07895846410126
9.595924069141423
9.027248808303835
10.772234861999987
4.764389810202534
5.220023835797412
9.705556295863977
11.292060941999987
4.833764993299981
5.393357942199981
6.3890757506961435
12.441024819999987
7.471339517202542
3.2109060851999796
7.184034840405085
8.298499134797428
12.239259365999983
11.678926348999992
9.727668443203989
10.125779136795993
11.988443028
10.24143130964639
11.72931433399999
3.490091520699983
5.857407028202531
10.177509329141419
11.228503834999984
13.046867922999988
11.108063178999982
6.57684178920254
4.240023480199976
3.753773751799965
2.3204632689999647
4.3736831054999845
7.049717275999983
7.913298280299996
7.905764154101268
10.393021934999984
4.522734869399971
6.690305853303778
3.176172712699971
6.370184152202534
9.015531964101273
7.867340498399996
11.469793372000003
13.483613683000002
13.700146985999984
12.292589823999993
11.789418604999996
12.659320809999985
12.835429036999997
14.817469886999996
9.403057017493598
7.149941209271942
9.478459794717102
11.327608968999995
11.723504046999995
11.960623478999993
13.983546636999991
13.657718284999996
5.14710461879741
9.889145178135974
8.459767867999986
10.613521622999984
11.50532990699999
10.65734041399999
11.424331672999998
12.967091178999995
10.395591913999976
10.197758558999995
7.234373936499997
10.552525121013598
7.7705787215948705
8.438901670797431
9.439822293101281
9.455623677101281
11.139289367999998
10.51063224916641
12.525017978000003
12.841828081999996
11.771583632
11.782386789999991
10.181955990717109
8.608735501101272
6.570678660599991
7.461482318099991
8.506727327000005
9.82532029713599
8.799935530101273
11.976362311999987
11.956274796999992
13.149022881999986
15.017200257999995
9.100280767858525
9.60476142120799
11.544475928999981
12.820927622999989
12.181227672999992
9.43362762599998
12.251690453999988
10.62873368999999
10.893275782999988
9.616039140203984
10.331379946999988
11.046470199999986
10.422212568999992
8.482799247696143
10.176198731999992
9.242490383931981
10.34504491099999
9.451426812795983
10.771798877999988
8.817292811727981
11.25091547699999
10.358869387863988
11.019302128999998
10.791940101999995
9.302289666696167
11.823888628999983
12.918036669999996
13.719508576999997
12.071359410000003
13.760804171999999
13.075652512999993
11.657220049999989
11.390098708999991
9.96306110386399
9.621877069067995
11.149738723999988
11.254214664999992
11.587630544999987
11.360411068999984
11.08319975699999
12.361257187
11.654090257000004
10.36615295999455
12.258610407999988
12.624136648999984
10.696525138999984
12.28266646299999
10.496415050999989
8.913550801067986
10.061976560999982
10.905488309994553
11.054398855999994
12.72565453599999
12.31851780999999
11.786174030999984
10.917795882999986
11.884026020999997
11.224748975999999
10.594166230999994
12.852126856999986
13.929512798999996
12.13888197599999
14.138238124000004
12.092853007999993
12.311607894999987
13.317377448999986
12.486288016999985
12.327457711999987
8.172563938898705
10.59806149000273
10.935349464
11.929715761000002
10.197481915212151
10.753010969999997
13.628891936999992
14.163169204999994
12.492049141999985
12.563717727999984
12.81670790999999
12.053244695999993
12.537477284
10.846712343999997
10.168754749999993
10.733564668000007
11.699394353999999
11.772847040999984
10.085088763282863
13.054137890999986
11.35710848999999
10.944003176999988
10.619127854999986
8.30225186920256
8.694773561100005
10.475111213999995
8.933299235493587
10.068519045999988
8.44025466310128
6.130095507799997
9.151514265405112
9.966190953030557
9.215352615271986
7.589870783999979
5.548269502299981
9.9911828460707
10.610241340999995
11.38933588699999
11.370090313999999
10.562392902999992
7.989929725599997
5.2838207839999995
5.3060786178999875
7.948601931799994
8.505226299999986
7.767338995405104
9.209745483271979
8.81452208710127
6.29231598359485
8.673576640303823
9.959334263717105
10.17944194492927
6.904698574797425
5.886507426499984
6.713915216099986
4.788775845299985
6.032028320299985
7.143131367506385
6.179163690199982
5.1735988601999825
6.394452268999983
7.769875363202547
7.67636735230383
5.2183358245999845
5.233117857399982
2.111758944699989
3.4730094817999873
4.925781883199985
4.914715356399987
3.8034625762999967
6.877587141399995
8.30693007810127
8.16463248140511
8.330049584999973
8.540965536506382
2.1757851485999824
3.8311194488999814
2.3067109496999842
5.179076924099986
6.2478065124999915
5.3113276687999935
5.306383523599989
5.6445638869999915
8.238460298202543
9.41719756920399
3.2242122237999866
3.6866597869999937
3.365701904299984
4.067475976599988
4.75182635649357
7.95366451869615
2.999539392099981
2.4782271010999803
2.4700197463999904
1.1100430953999951
1.949131680299987
5.598468614202542
2.7763003219999804
2.2442517486999685
1.2551741671716856
0.9025519680999969
1.5551231215999912
2.0598732329999825
3.086974618499984
4.918322480799983
6.0027732146961394
7.763834785506376
5.855291287202535
1.6519366073999957
3.0935490844999687
4.930783608999979
4.580706098899979
4.578777534499976
6.535830136101246
4.310940045199985
8.086490559405112
7.399398753399993
6.372224545303824
6.51818784179999
5.927429887399987
7.030696557599991
4.758507858299982
4.440532150299982
4.830629363999982
5.834703799405101
7.3678713119999815
7.780832960493579
9.022617275999986
9.666302432203993
3.010589477499986
5.740625338699986
6.59415664219999
8.105632907101269
7.184354194594857
8.091239210493587
5.319968031299982
4.888204440299996
5.822749270599993
5.868011614999993
6.063933048999993
5.746168885799989
7.846611999493594
5.996558210800008
4.929698637399995
5.060204777499989
7.071244056699993
6.655757109099988
1.946099931299993
6.750869566303818
6.430588746599987
7.7166639159999875
8.255724555999988
5.6527167098999955
5.690880807499988
6.72348694149358
7.67387418979743
6.400560488899994
6.619264126599999
4.946096606399993
6.198874526999993
6.980857960499989
7.763299554399995
3.479834780899992
7.013024278303823
4.463626061999988
5.405528802506377
6.110272854594865
2.770859216299982
2.747348281899984
6.223289195303814
8.428963235506387
4.71830472109998
3.4241997237999966
8.124568363999984
8.954618957493587
9.09015434569615
3.417186619599984
3.148813133199993
3.6538502196999874
1.824682371499982
3.082279568499973
4.316545536797388
4.030722299199984
2.9532896163999762
3.757171508799985
5.07540943759998
5.027278480493562
9.64602793586399
10.228741039999981
10.42843308899999
10.060851721141422
10.616367586999987
6.283327397199984
5.9331070907999885
6.906720187399986
4.820976194799988
6.227545088199988
7.726762139898708
9.027486752303833
8.535501974506385
10.828122508000002
8.704349002101269
8.850873272795981
10.080176825000006
9.98709367514143
11.334259019000005
9.39713606410128
9.819374850506401
6.982690606699986
5.8978738860999815
8.285043403594871
8.469489714101268
7.458645240797427
8.475953779594867
6.298016174299992
7.173521269202549
10.011165116929273
9.729956442303838
9.535106782493598
8.91603518520255
8.712630697594872
5.470431411699992
4.202110635399989
7.409555277999974
9.197391409203975
7.520138569594851
5.318956216405084
6.7819906508987
5.310144090299982
6.6135462096999955
6.558346882594858
8.298049931303819
9.520976815797432
5.048327108799973
5.8244757842999935
9.837883377103994
10.544994587999984
9.00349468693198
6.135559568797422
4.960714990199987
5.0283807158986935
11.769893372999968
11.277525770999992
11.679077939999992
5.8973244994999865
6.595765637202545
9.573360844271985
9.661689015202557
9.644156153898717
10.371563016999989
8.245451429696152
7.028390689100001
3.9189991134999747
7.367641876202547
7.843340141297426
8.471631768797424
7.473241250594873
6.323626585405093
6.045330853303823
9.907390588282864
10.248462710717103
7.767277946506372
9.088548374931989
10.113017083999994
6.093541221599991
10.897784394999997
11.311215641999997
13.063911301000003
10.835288369999994
11.285546456999981
10.369702337999996
11.949410309999983
12.66919817399999
12.808131817999993
11.941040517999989
9.730239250202558
9.208854634101266
11.72283749399999
12.730505825999984
12.758637215999999
6.3883107238986785
5.961754611202526
11.573535833999987
11.844028002999986
8.598183888199992
9.811597291727992
11.149427222999995
9.671447190898716
9.22291870720399
11.260516437999982
10.74922389699999
12.040051638999998
11.262363478000001
12.411148147999983
14.127809458999996
13.330895627999993
12.18187327599999
13.116775374999996
9.79358225572799
11.354472233999989
10.498659774999988
9.267754882797439
10.646887314005436
12.05617641099999
10.250875028999994
10.676577738999995
9.98902783671711
10.408672637999992
11.943735068999997
13.274919652999994
12.331214515999992
9.21379658049359
10.63280752899999
11.406123757999993
7.8839530701000005
9.73911775210128
8.760935378999992
10.064771974135992
11.40274908099999
10.244526435931991
13.88981228299999
13.864092792999987
14.285871984999988
14.975076384
14.106037937999995
13.315794472999986
9.40149586940512
12.875069491999996
14.497131338999992
13.170442011999992
13.01020743699999
13.816622075999987
14.518905962999993
13.943768897999991
12.011790592999976
13.616579540999988
13.429171616999996
13.346446731999995
11.129924596010875
11.582473583999992
10.539406692999982
11.714465741999991
9.339509223931987
9.477570939727991
11.072119806999991
11.520398935999992
10.466232266141422
11.151265661999995
12.657786318999992
10.547764670999987
8.377591123999986
10.422080930010885
10.058441650133114
11.257683845999987
12.63317881799999
12.217205683999996
10.256263327000003
11.539435526999995
12.543854198999991
13.009028972999989
13.540872465999989
13.69273549499999
13.541711521999995
13.527956197999991
13.026848874999988
11.867405218999995
13.109970057999995
8.593818064931977
9.855247067203987
10.866461216999996
9.87568582306798
10.653148902999988
11.72540479099999
11.558162627999991
9.398069650203995
10.400906492999987
11.71148874399999
11.29486815465279
8.403177094999991
7.921963768000004
9.868875411999994
7.3188862624999915
8.663040472405115
9.559624093882894
8.136957739299998
8.98296738889871
7.784762261999988
6.7781119736000015
7.406751727300001
7.068076760899988
6.100475727799989
8.423070991500005
9.453639828506395
5.891897912599988
6.0625018950999925
4.267216230799986
7.615865197797432
10.3557326029864
7.90750995640509
8.281902804594864
9.546334725999994
10.97795341299999
5.8164522368999805
8.33134437259486
8.124414903303823
7.967168295299997
11.132385915999992
11.287665455999987
10.593613730999989
10.158103393717106
9.373282162339988
10.465610756999988
8.653826686101269
8.939106066898706
6.816824970999993
4.724193376199973
3.9024588668999796
6.51517596589869
5.8974459473038126
8.63198185269614
9.835212290999982
8.969664810202552
8.749597769200008
6.11634392549999
5.649340873700003
7.057711178594865
8.747813536101264
9.563935327070702
11.018823533999985
11.767512455999984
1.859660298199984
5.503391223101248
6.200500668303818
3.3069846007999906
4.210279443399977
2.42167206729999
3.4044363463999905
4.3008341369999865
4.832051858499988
6.7944144027999895
3.6130126891999903
4.79829890439998
3.8528996795999895
4.646936605799988
3.6372657836999887
4.506357467699983
7.174072833303818
9.538612266659985
1.090546640206791
2.5411222671999796
4.468948518399979
7.547316856405097
11.206476706999986
10.231612803717105
10.505933002999983
9.009471079999992
6.772032099899992
8.092983245799994
3.9834032424999912
3.5029491134999953
4.487643870499984
4.29780798799998
9.322239804067978
9.59808968972799
5.291282459999979
2.552372448699994
1.2771327956999972
1.2808367324999952
3.1607245330999865
4.103102139299991
5.001857434099982
6.5544127594051025
5.673558953898702
6.392067065399982
2.1797363280999886
2.2924733535999926
3.719699197399974
2.076044032299989
2.839112214699982
2.6146689132999836
2.9658580153999967
3.628009597799994
5.418468376199993
4.242178108199985
7.475948249797428
6.4196786635999885
0.867663765713593
0.9921756514646256
3.295297592199994
5.114492362999991
4.192554649399988
3.9073148910999778
2.2830512603999864
5.321092460599982
7.341528547696147
8.901797463999992
5.661836518899991
5.632605393999984
1.8394085555999873
5.208831654399985
4.438456172199994
3.7244856674000006
6.976452439899992
7.962255905202549
6.321138943499991
4.419521440099983
4.858201516699986
1.2474341483070592
2.141827133199988
4.093034995999972
5.074755680799987
4.882441380299989
6.791208819594861
5.546319999699982
6.300492329405098
4.613232496599978
4.035665103099979
8.467752333101267
8.927366361999994
9.80211893006799
11.103054340999996
8.374089520303833
10.384440883999993
3.454926271099991
3.702503382899992
4.063483087199995
6.909530287200002
8.550917509506391
8.100703408797425
7.17639953769999
7.669469551101268
7.741698707594867
8.922802915999988
5.916829914899981
2.793371504199985
4.16894012149998
4.382809028594851
9.568111473103988
9.05543826599998
4.39881617889998
3.2782788466999664
2.1515653884999795
3.8247280486999857
3.3451099685999806
3.1737763167999717
2.5161116164999813
6.459500112898705
8.964088421583982
8.556789685101265
3.0983385924999802
3.945714924599983
4.661997291599984
5.999429652399988
5.965926199299996
4.951029078700003
4.286573760999991
5.963331298799995
8.522084249898715
8.406307064797435
10.192021556070706
11.707913300999994
1.57143082889999
5.4815549376961155
7.290297586101265
6.359013105799986
6.390483543399995
4.531506727599991
4.156653636199986
5.5041592696999935
3.168072767599991
5.9514154281999945
9.01491138310127
5.668658523599981
5.661657110599987
4.139396037299998
7.275998837299993
11.049277175999997
12.265706370999993
11.279269802999988
11.648328452999994
9.855940869067988
8.71073747710127
10.155532507212149
10.577370412999992
7.908667654405106
6.71396232299999
11.382763309000007
10.464696982005448
9.713227450727988
11.768976685999988
6.628346577506377
6.999808618202542
8.425653547696148
11.562338051999992
9.308315856898714
12.139188923999988
9.504505126999982
10.45716521299999
8.774688713101273
7.664275079303816
7.484972909493584
11.599518667999975
5.634522691299983
6.189214335594863
7.003990040594865
6.100584368898704
3.529997804299967
2.760742707799977
6.0191825225948605
2.837648429899977
3.9553273131999744
4.137321711699967
4.981718118299972
7.190978784202516
7.578056677202551
5.279522836299983
5.273633131399998
6.628092265299987
3.5288490767999567
6.4180552184935715
9.293700402797436
8.118181161506389
9.232994755594873
11.346831962999993
11.110577819999992
9.310440628067987
11.334491226000004
10.758376140005446
11.352774087999991
11.439537885999991
11.696064843999999
6.863106628405094
6.5506499328986845
11.860753562999996
11.598040172999985
11.581054775999997
11.746791189999994
12.108456524999989
12.211723650999982
13.72159957099999
12.226738013999979
8.80519034413597
5.270350602696129
6.92025080569613
9.590194728070696
8.241809194898716
12.321134560999992
6.124688032499991
7.732816871594871
9.882747959969443
8.452197238200004
12.037595772999994
11.619480376999988
11.036397016999999
11.071211319999989
13.016621563999996
12.786584746999985
13.626848581999997
12.766504941999994
11.973121303999989
11.031157201999996
10.674420818999995
9.498084852594877
12.629152533999994
12.68584941399999
12.174368798999993
12.75002063
14.466605926999996
12.313275422999995
13.242826185999995
13.013568828999992
12.915122074999987
13.270585921999999
11.767604709999988
12.948641781999987
12.589359478999992
12.415194379999987
12.507054683999996
9.68891055299998
11.471970762999986
11.909051827999987
13.166167020999989
12.826946958999992
11.383196473999993
12.193739171999997
12.181749598999993
12.596796680999987
13.276312682999999
12.694788857000002
12.481712305000006
12.804622613999994
10.779077482999995
10.750066327999996
12.048249212999998
10.475591688646386
9.32952495579599
8.951471485898708
7.665184503199998
6.562506355299986
8.199320066800013
8.736792294303834
9.457378764203982
10.376969280999988
12.838259441999986
14.020333530999997
13.425074622999997
12.846341895000002
13.199144311999987
13.33466757699999
13.660613115999986
14.21118332699999
11.322423737999987
10.551577062999995
10.764216555999994
10.897029286
12.624314774999998
12.751987952999999
12.646689307999988
13.076453145999988
10.206367019795987
11.460821805999988
10.567609806999986
10.680156829999992
12.064695418999994
12.895723787999987
11.87361974599999
11.429785331999998
13.000920202999998
13.951364647
13.238744049000005
10.186876919877763
11.144430663999989
11.300514776999988
12.40213694899999
10.789076334999985
11.239335868999989
12.27688980999999
7.9292832305999985
8.86601679379744
10.383044729866882
12.623051436999996
10.757532517999989
10.140729257135995
11.391430709999991
10.733818915000004
10.601382783999986
11.136336048999997
9.07451776889871
7.738376547202549
8.749391772506396
9.709058041405115
8.786217176797425
8.32465391240511
6.717127841199988
9.973294476203993
7.043141586299997
12.231813782999982
12.359691518999998
10.493114775033286
11.311811931999994
8.329251110797433
7.895613737506386
7.516415455594869
6.614403578200004
4.184753727699996
4.606854988099994
5.580968496699985
5.51675306850001
8.571467510999993
9.765406021067996
10.014669012339988
8.067304571493583
5.08413206629998
7.292701583898685
11.335612951999979
8.6794250214051
10.732336307999999
10.077355198795996
9.329883071931985
11.93758559899999
8.570497688303835
7.103451753202546
8.417451397696148
8.727633264202547
7.760188656594874
10.27146794728286
9.793862728931986
3.333808744799985
2.146093272399972
2.5898688415999676
5.13702109530381
12.17687202099999
6.234746403499982
10.373802248999992
12.299714878999993
4.071923348999988
4.696067048599988
7.746012470999994
9.271325208999992
9.677807755999993
7.964021861303828
5.747432023599991
5.070054824799989
8.627685929898703
5.8178049025948555
1.8550385802999945
3.054097703599991
2.977483909599977
3.4615379958999877
5.801628659099986
7.427778211999989
7.0703042693999905
7.553539767500003
4.9683876083000005
5.8080425307999946
6.889567349202546
7.449263473493588
7.160090824898697
6.654969082594862
5.163479051199988
2.9203917327999895
6.031986132799995
4.622363754299997
3.9843557235999953
2.883780860899993
4.198102438399991
5.570826408405095
8.256643730202537
3.5468559279999767
2.2043739028999845
1.0979842728717022
3.984197964499985
7.62726177059999
9.374560992405115
6.616930468799991
8.232470173594859
6.217359735099983
6.925052548199993
8.890866598493592
3.6730235351999827
2.7427514541999956
7.973900860594866
2.7674197356999803
2.247597717299981
3.8569318313999883
3.9117150954999818
9.600727722135984
7.636361790506392
7.6222811614999895
2.0721592452999937
3.714986202999978
5.354569239799982
2.9246696151999725
4.663866545099992
3.7031787291999914
5.705985082999983
3.6916172866999895
4.224354383899986
2.9793988769999884
2.7010185210999866
1.5156702102999944
2.3723108612000052
1.5755071486999912
4.693757879599988
3.9922043761999766
4.220818934599982
6.897832226599992
9.590952793931983
8.68596468810127
3.5254589416999846
1.813033929399986
3.3014516448999798
3.412201931800004
1.6904892928999968
1.732177732799997
3.7812462874999966
3.8435375426999885
5.890107305899996
8.325564500405097
6.958171859696146
6.32581541439999
4.326973728900007
3.944490965299988
3.3786164824999867
6.848071081493589
6.185997041299984
8.09025209199999
9.897334234727987
9.688452105795992
8.27109221189871
5.934406768797419
10.437857746999994
8.307864048797423
8.89573003999999
8.685561744696153
8.002887370303831
4.405004573099994
2.568026800499994
1.9550312224999915
3.9294549682999835
3.2962194838999856
4.726388194299985
4.798966053799992
5.864318153399992
6.969653938303825
6.828687736493574
8.846487242101267
8.348227104202543
9.583697050506405
7.223738929700011
5.984839990199988
5.490492305000005
6.454170808399989
6.874530853299988
9.117539089999992
9.391968905717102
9.473023878339987
7.607451646405105
5.454076208506368
5.760228192099986
3.809533013899996
5.971105198699992
8.261504089405104
9.678678074717105
6.811740597493584
10.358517228999997
7.8346689163038254
8.64783837130383
2.8229942122999807
3.6261930922999697
5.564412133797413
10.869773768999988
8.94526963333998
6.662250942999988
7.404394107101261
8.74555038910127
10.72487891399999
11.40133381299999
11.336387850999992
9.155121267696149
2.9797997802999823
6.441388453696127
6.427917251599985
6.991780396999993
10.724347919999985
9.22826194610127
7.889781224101271
8.463868157999999
8.366569474797432
10.519195960999987
7.6364833419999965
4.828044560199983
4.7370825789999875
3.682201826499994
8.49749068299998
7.187880139199997
8.217859461999998
5.559567542999987
5.3997910476999875
6.9867687255948665
9.914656761141428
9.733528298999989
8.52221896820254
10.660315430999987
11.23152751899999
11.904479854999988
11.790627364999988
7.105727708405097
5.684607360799985
10.242792478999982
9.268459115727982
8.692980593898715
9.543351040583993
12.357815217999995
10.127683267141425
11.921864914999995
7.552478109696136
4.601081803899966
4.473360440099983
8.443473521405105
10.142036912999991
10.553109563000001
6.566765978999989
7.374712274202543
9.707472587727985
4.813247891199992
7.995259324599997
7.578938644399998
7.366287510696136
10.622847619999998
9.77600891279599
10.423446108999993
12.977171880999997
14.108472866999993
11.54688545499999
7.169114523303829
13.39903631699999
3.2451215758999714
7.8419716263038195
10.027264346212142
11.548262012000006
11.980854180999986
12.124925617999988
12.478206771999998
9.372834568863981
7.094130476405102
9.250804006999989
10.513144507005448
6.249029388399991
11.472289329999994
11.474555132999992
12.129741264000002
11.369052522000002
11.999607032999993
10.349922135929265
8.672443919405106
13.284247199999989
12.081919950999982
11.865036793999987
12.13087624799999
12.055699759999996
7.8565364273038245
10.949787562999996
11.692662577999993
11.636588944999989
9.794726962203985
10.081725901858542
12.62998080899999
13.19143095399999
11.474362133999998
10.844686834999989
10.900460383999995
8.105701481594863
6.0838051406961355
9.839259718212144
10.235480729999992
7.390763308696147
9.27354495089871
8.730061805696149
10.105646162271992
13.230105106999998
10.437370334999988
12.079101441999995
12.419763360999992
12.529871357999998
9.458314508101285
10.301979550066564
10.860206403000001
10.954137807000004
12.273502485999998
9.566733651696163
8.718968090800008
7.248135052506384
11.053786817999995
12.70936225399999
11.458365215999994
11.989627054999998
12.919984659999997
13.17418383199999
13.012643700999986
11.448763843999993
13.477418284999986
14.43888707999999
13.107385659999988
10.238216955999992
9.980741934136
9.199116622898712
11.217501080000005
13.136426327999992
13.219450225999994
14.234791669999993
13.122123240999986
12.306684562999985
12.988997974999995
13.29591268300001
14.36327592799999
14.698757970999985
12.770506850999986
10.805383314999997
14.068961329999986
13.895790317999989
15.924110942000004
15.387439638999995
12.402846682999995
12.849041210999996
12.174348859999988
12.005277913999986
11.449703053000006
10.391959716999997
8.420447012303832
12.621322893999993
12.194277842999993
11.138778132999983
12.413512264999992
13.088485306999997
11.384119018999987
12.149636507999988
9.914249487303842
9.694427749594885
12.383420766999999
12.672261728000002
12.467931830999985
13.005771671999996
8.707236968999984
12.775921557999988
13.285147522999997
11.309848343
10.369386940000002
10.07044177093199
10.105159219122246
9.250697019999986
7.772716502405103
9.261165835594884
12.384904705999984
12.43288198099998
12.050689426999988
9.957108256659993
9.823548573203995
8.066878546100002
9.647629815696156
12.053096274
10.715663206
8.93503662720001
7.373386602800004
11.523210973000007
11.141688342
10.891281624000001
12.802611318999993
11.84399833699999
10.50149725299999
10.263395499008162
11.254897461000002
10.689031088
10.55984525499999
11.389557470999991
9.13423533786398
11.545545502999989
12.281681537999999
9.743264727863988
9.83540214086399
13.69243155799999
12.15774374399998
10.74615414999999
3.863191845699988
4.328088153099981
6.1657237624999865
8.10148356169615
7.278876911899992
9.000468629506397
11.222675478999989
7.794988406405101
10.66879131899999
7.260999133299988
6.732703672797422
8.82794969330383
7.234736622599992
6.793431730696147
7.9961665069999786
10.70310105599998
8.068601103202546
7.758252989199994
7.86823217619999
7.575864636199993
6.763063278199997
4.924271751399982
3.3222406463999885
6.06464087069999
6.834049325599988
7.544961514303834
4.968001599100003
6.977828216600004
8.286154180899995
7.660056582594871
8.29981798250639
8.611710298202544
9.701389695787823
8.346467832898707
8.78354021910127
6.934313336202541
8.314261639405107
6.3005929320999865
5.000707904099988
5.641464315799981
5.549746668999997
5.173293653899985
6.602449185199986
8.831715286303824
8.55591046910126
8.622798988303828
8.287468385303825
7.4108895888987
8.197605685405104
7.926612103303826
5.800409837299987
7.377612170405101
6.862388107303824
4.027764366099997
4.047154296899994
4.350579769899996
4.685738346899989
4.45847439729999
5.017907104499986
7.494112170405108
10.13313374620399
8.15009116820255
9.850805506931989
7.505097128303828
7.893448911999984
9.297909329135981
7.157717687999977
7.4855254242025335
2.3632147704999906
1.4026871734999826
5.6779413222999855
3.1332833190999883
7.759072415202545
9.25180810533999
6.3793326110999935
8.159898275797426
8.989333415202548
6.623463339199991
3.9383422973999997
6.21212836610126
7.468324638405107
7.560229435696153
3.2491778930999855
2.2117596129999986
2.2899568908999948
3.123796791099991
5.069789092999988
5.1774283095999785
7.69670866550638
5.605965425099984
8.741335588101261
10.165626057282871
6.626496557599993
5.706282539399992
8.789336524999989
6.652304702797413
6.464375086999996
8.907981529202553
8.137428233303824
5.846578820799988
6.6014866836999975
6.5699382674999995
6.0141229125999915
7.418492724594866
5.270695663499993
3.9412889403999967
5.24865302579999
6.41519810029999
8.571297357202546
9.508794752493593
7.602039652999983
9.122820361303827
5.477653237899988
5.3323297622999855
4.664363906898691
6.701604373202538
5.38555644529999
3.3375094710999873
4.817027246099983
8.519795747405107
9.375987165858541
6.783297950699985
1.7905055083999895
4.3955560225999735
6.048325262506374
10.905243853999991
8.232616445898703
10.374325905999992
11.597362835999986
10.627873314999993
5.885471147199986
4.279393244899986
6.056904374699986
5.3956471419999925
7.645798304696146
11.679142992999992
10.25266204399999
11.639786385999992
4.563007481399978
6.992773028594861
6.568497067303815
9.061018913303824
11.108327923999994
11.49348964799999
8.659104643202555
8.837605662659978
7.212859565696148
3.3540284011999844
5.542969761696135
5.556565531899988
4.155901715099998
6.052074742100006
5.654599084500001
5.935080752599994
8.529526986699999
7.395206097400001
7.551299356099992
11.450391330999995
9.84855863189872
10.27120077700816
10.860439606999998
9.567862530659985
9.613941932795989
11.001512706
11.711941128999992
11.404160326999985
9.743767520070703
8.046633860797431
11.586348569999991
9.434919097898709
9.193981167594872
10.049684402353588
7.217804788202542
5.932851939399992
8.924460897797436
8.022849180594866
8.209018061797426
10.239718385091685
9.307503582800011
10.963027447999993
12.144986658999992
12.54044069999999
10.831162496999994
12.724629227999994
12.957104567999986
11.563695115999979
10.503590239999996
9.643025605858545
11.167350487999993
9.077752610797438
9.418738592646378
5.558309539799987
3.4385537459999966
1.6189327880999937
4.7726647736000025
10.432543152999989
10.09363073114142
10.673053758000002
9.120051893594876
7.26815060879742
7.320182098405109
6.897860320999986
11.670288414000002
11.288743587
9.215799456797434
11.857644229000003
10.365986498999993
9.745939543141429
10.351832405
12.391694753000003
14.196381365999994
13.049345215999995
13.502092312999995
13.95231457999999
11.629628936999984
8.430924615339968
12.369757389999988
12.780751920999988
14.401755768999989
14.661895806999985
11.673793279999996
11.175104075999982
8.40171450199998
10.904837159999989
8.85324252479597
8.75562636106797
8.55927540440511
10.69171988199998
10.229585716141429
11.038802816999986
10.582559928999984
9.551327493203988
10.957573142999985
12.796103994999987
13.019934476000001
12.934449354999995
11.676562569999989
11.828281791999995
14.538612559999994
9.839091136141416
10.086983561787823
11.292588102999986
13.152440635999996
10.855805119099854
11.368144683999997
12.573904984999993
11.695880269999993
12.87703797299999
12.427352152999994
12.752917794999986
9.81660882272796
11.009255993999975
9.089786914101273
11.51860817999998
8.314368922405114
5.614589642299984
10.016534095863985
13.083907416999988
15.353081751999989
13.93011995999999
13.852685308999988
12.26125452099998
14.230186327999984
12.543024164999995
15.069158564999997
14.115493490999992
14.742941088999995
15.354733056999994
15.169740026999998
13.061003478999993
14.186052263999988
11.966069819999987
14.003773829999993
13.402062171999994
12.488944291999989
9.251971989405114
9.938381495795992
9.05844162289871
9.932201188900159
10.895696682999992
7.84477853550639
8.678294235202552
10.443506487999993
12.267768854999991
13.399911944999985
12.785283826999986
14.04673161499999
12.67520042099999
12.932421784999987
11.048908716
10.492926827999995
11.92706865799999
10.108163657010879
9.99510993971711
12.914416341999996
11.208406936999989
11.452718696999998
13.791780021999996
12.881275411999988
12.468615189999985
13.116806994999997
14.388502895000004
13.545866824
11.90107606499999
10.586898427999987
10.538971531999985
11.196630091999994
12.296948465999993
12.689874979999988
13.653589144999982
14.349199534999995
14.292293313999993
12.652333309999992
12.864554523999994
13.219113997999994
12.35747811599999
8.596546542405104
12.208546914999985
10.522738331999996
13.384363964999988
12.844805069999985
14.245477830999997
13.39632526599999
13.126901919999991
10.003632830863987
12.49292082400001
12.82164109299999
13.30743221099999
9.184109970101286
8.609446531696152
10.775511472999996
8.037925251797423
7.164156616202538
8.260707510405107
11.576785720999986
12.47858894299999
13.174667952999993
14.31627734199999
12.844982492
12.209785895000007
12.128001253999987
12.03965177899999
8.025035913101256
7.53049964749999
10.850143792999987
7.816900349405098
5.504162646499982
11.124760862999981
10.065715815787824
9.105608178696155
7.784267605594868
8.639801629594878
9.798849577311998
11.886939647999986
3.9205029830999765
2.943830642699988
5.170682701101256
7.104542192101266
8.12247213440511
9.36733830569615
8.625572845506387
8.897326794405116
7.247973147600011
5.811918029800004
5.534613183600001
5.332229244999998
6.805149899299995
5.788691091899996
4.511923042300003
6.365516709898704
6.169658047499986
4.292508058199987
5.673746234101256
7.693180854797433
7.560873387099995
6.44798118739999
5.1797979262999885
6.641821472199991
6.980024522405103
7.586815571594873
8.164716685506383
7.153085566699995
6.244371508799996
9.976400003070713
9.440476457135986
9.998158735787822
9.029950083898708
6.777216821299992
3.041721675099995
2.705960685699984
3.997897651696126
2.317617953499983
3.245242195099981
2.5889895522999833
4.187961042799973
7.405168859898702
7.8188031585948705
4.650302186599991
2.954235012799995
3.4814566436999868
4.6168646438999925
8.07907424930381
1.3119232683141318
1.9777522231999944
3.6903064864999906
5.511988246202533
5.569001283299991
4.1014630568999975
2.5201806991999955
4.048118154900002
3.010643307499992
2.2392040542999987
2.793450375399992
2.403047421299987
3.610041439799981
4.1522233916999784
2.8753224669999797
8.716289401202552
6.606521800199991
3.2714648910999946
2.511952075199996
1.3787231201000003
3.6644441878999983
3.431898921199986
3.1885511245999827
1.898892709399983
4.439767661999988
4.1377610122999995
2.6840663452000153
1.2954927489999943
2.486274989299991
5.538819250499983
6.663011595199988
1.9888943282999914
1.7232172927999894
1.1156790393858445
1.540463397199988
4.969331460599976
4.400944612099984
5.31049543609999
6.459311212199986
6.946267044099992
3.044703710899982
3.4833913909999805
7.723989675898704
6.966920175202541
6.874214698799985
5.352388113399989
5.981564863594859
7.004875743101256
4.89314929659999
4.759318925499985
6.819075424202536
8.887048214795984
8.272349034101266
9.024176162696154
8.907993273898716
7.589107418797426
5.267798614499997
5.273567954999991
7.1962365814051
9.577877204931987
9.936924584999986
5.128437629699984
3.207885757399972
3.9680312728999767
7.031963267493586
6.710937356594862
9.232266422999986
5.011953968799986
4.085530126999989
4.303324333199991
2.515653277599989
1.754052348299998
3.789005009499978
3.442544673199988
1.8974926024999965
2.801514932300006
3.481208943200005
3.7791360458000036
4.257421124299987
6.752968543999977
8.112290100101262
8.409214938405105
6.718109287999991
6.802126612898704
9.386454692067991
3.8019873366999866
3.4014302230999904
4.163084652699991
6.951859162898707
5.929035540799983
6.3663610946999905
8.194496292101272
7.449374168405105
9.964979972863992
7.6024907317974275
2.7154343535999823
3.694142959599974
5.739112467999979
9.89585089713599
10.022227035646385
8.607257640101269
7.8155736603038255
8.361616418506392
6.017451998899985
5.229332691999986
3.7431081237999937
3.851138060000002
5.148838072199991
5.5861650711
6.217748606898699
8.354696099898703
11.210725574
9.634085162282863
1.4840775084999898
2.939520155299984
1.3496722478929177
4.786703753699975
6.90537315369999
6.385543568399995
7.641905929594869
8.642930195594875
10.530681724999996
7.871709245303825
6.220705725101262
3.5910092727999743
4.937960934399989
3.9669414275999855
5.6461960677974155
7.574696510303813
7.874826333594869
8.702530996696142
5.040960234099995
3.7480493178999956
2.777270198099989
4.017276122999986
6.516830023199997
6.666463526899991
7.248300543202541
4.858487672399978
5.833021237202542
6.612806765696143
8.954993640101264
9.342789350898721
8.637576885999986
7.4958922927999945
11.11481129499999
8.186095700099996
11.593922345999994
9.432818637070703
11.857758840999985
9.562731585795982
10.28468214999999
6.759072055101263
2.681227174399979
3.6047823134999772
6.826927650499995
4.787657620199991
8.198559828200016
5.232109663399991
7.681178158594866
10.314230083999995
9.430246691929263
13.088489621999996
10.381853748999987
8.474411440999988
5.980916195696129
2.049987039199977
5.41972004389998
7.048558511399997
6.562993278499992
6.04282854609999
5.583781680299989
8.284065484594864
10.062728978000003
11.575743090999994
11.059036677999998
12.342956215999981
11.396229836999998
10.143992555141429
12.317807526999998
13.311222819999994
8.473964598101263
8.952047938493594
7.804266894500004
10.309494708212137
11.347963288999992
10.527081172061132
12.174182037000003
14.54228751799999
10.415572519999987
11.581135109999986
13.453864774999992
12.103942313999994
9.107292193594875
9.77996539165999
12.711360366999976
12.02241018799999
10.144526800659989
8.218080110202544
10.716488428000005
12.519886291999995
9.208817333999988
13.036766903999997
13.90393860899999
12.06611835899999
14.496075814999994
12.087354453999978
14.652364341999993
13.006125913999988
14.49429461799999
13.882260628999987
14.126376246999987
12.211894518999992
12.774432729999996
11.087910758999994
12.52364346199999
13.695497329999991
13.303682960999996
14.773494375999993
14.285932160999993
14.271386054999997
12.963961646999993
15.181678353999994
15.899425467999993
14.912726413999993
12.949763987999992
12.729944497999996
11.282572570999992
12.185570756999997
11.61931066599998
14.350091303999992
13.980209333999994
13.870979407999991
12.440261742999988
12.297063910999992
11.200361204999988
7.987396516405113
6.9284642776
8.831195362898713
9.427510159203996
10.708281882999993
10.446440395997271
9.730997846999987
12.642908977999987
12.899813512999994
13.452543558999986
13.88209645399999
12.806655866999982
13.50448896899999
12.843404665999987
13.88703157799999
13.325334968999988
12.160081877
14.040654336999998
14.553747738999999
11.813861117999993
13.598909156999998
8.755279090931982
10.497691407999987
10.731536469999995
13.192430568999988
12.589039965999989
8.945129501303827
7.225551498399992
8.734442669696152
8.061653747594871
7.398940037500002
5.0304702865999955
4.017958039899994
3.9959261871000065
3.583602752699994
9.207288557271987
10.83242054299999
12.257758767999993
11.071555214999998
9.900139775067993
9.784205931068001
9.870217599339988
9.794213670203987
13.201022895999984
11.369167036
12.867108759999994
11.171584289999988
10.35231652499999
10.010824673506407
10.397548436959989
11.553662839999998
8.761895716898719
10.314369976858536
8.914578840594878
9.605636814931989
13.188560370999987
12.784706180999988
13.771506191999993
13.863657247999988
10.305770213203985
9.962410348659986
10.04316932520399
10.283439286999995
11.151129197999987
13.316842681999988
10.643451838999992
11.145689422999993
11.811368728999994
11.791042229999993
10.135227145122244
10.608253937999994
11.772489211999996
10.15333771399999
11.640720557999995
10.954053888999992
9.103368135067981
6.290318762199993
6.570055761699997
8.173712760898711
9.430529878202549
11.44782040899999
11.344367322999995
12.622466953999986
10.939795806999992
11.101760863999989
8.454129257202545
9.495317922999973
8.928971987931977
10.166589511070704
12.258327506999986
10.117286207877763
5.69743421480001
5.593408750900014
7.037070159899998
9.609355757067995
9.13054650279598
5.995247772199995
7.957395593303823
9.910919465717095
8.68350836330382
4.009106265299982
2.190615042099982
3.669921113599991
7.027470713799995
3.7694345809999916
4.840709878499985
4.361302658099989
1.9135280517999862
2.756494746399971
1.9568277816999848
2.2476889861999876
2.6814161773999903
3.840495184299992
1.6253382735999942
5.095168682899993
6.170609443699989
5.488812800599984
5.776891500898697
8.517010363797423
6.593235307299987
2.966844903599976
4.178153788799995
2.0363219848999865
2.160895066799998
3.360109684799981
1.8400981002999794
2.8593658095999883
3.210219203199981
3.283584628299991
3.110070698500007
3.4177277802
3.8471698195999813
8.602137086339978
9.506253283795989
5.9062718932999845
2.616120754999983
4.625828102101255
5.5527731201012545
7.748994900499993
4.2941703551999915
2.329138398699981
7.841586108405112
5.793440896599992
4.009444955399987
4.158428053299988
4.580693162499982
2.2570651839999876
3.8281063506999726
6.1778944214051
8.741407240303815
4.357272430399985
4.6948005767999765
9.14328543089871
6.338814820899987
4.5836933455999915
6.881672972101258
7.743589002999987
7.1427407989999825
10.470418677999985
8.04090266720255
8.795371659898704
7.787007238797423
9.804187531999991
1.4760695722010833
2.285927699299987
1.7651234908999964
6.344300195303806
6.723088967899993
2.291336033599993
2.5781034438999915
2.495240151999979
4.049309838899981
8.279976530506383
10.079129414271993
1.1479404759282825
0.9025566059067981
1.8720464309999971
4.690642304999992
2.726564965799972
3.4011062575999795
7.600669871493583
7.29826201479742
9.002230250659983
7.194200442493583
8.070143394506383
9.216632243203984
6.740305577099991
6.273765554799992
6.846225988799991
5.193118675199987
6.529973686199989
4.26444781339999
2.4629728850999877
5.188331657399989
8.308773387101269
4.645860989399993
7.191703781099996
6.996750083899995
6.188952487199996
3.9140329955999897
4.6905619765999855
6.62145708310126
7.647914675898705
8.08702753749358
10.37496944278782
9.907051406931988
9.257667738203985
9.898020452929266
9.93739019920399
9.237747492999995
8.643461471594865
10.159415954727987
9.012089791931984
1.8980853866999878
4.531787484699984
5.990939892599987
6.904702851899992
6.270749616999997
7.3352856735
8.372995486506397
7.831850784300006
7.7503339844
7.17181876529999
7.5220202164051075
9.089303086898722
6.747128213493588
8.486853703303828
10.027695576339996
8.672173324594873
9.091831257594865
7.813702490199993
4.54951036379999
4.455654521199987
7.16671896210127
4.9309922927999805
3.877429800399992
3.817962173499993
4.9912051330999905
8.119949288898704
7.182939805599993
5.064389005999982
6.902605676299999
6.071174128699992
7.596192576599999
8.718446452303843
11.271974949999997
7.077825910898704
10.32921640785854
9.784172131203988
10.574035029999985
3.7687550017999754
6.126299728399983
5.912314045699996
5.958710580400001
5.586744278000002
8.843313920594875
10.844465128999984
11.19045768699998
9.166731669594867
11.629299033999981
5.4734515639999755
7.403655892931953
10.638780176999992
10.647489367999983
7.480890891999978
4.663366824299977
7.465944703696147
11.683979096999987
9.685807958999998
11.83493344699999
9.486075784303834
7.841251036101271
4.912891671799971
3.1368267562999677
4.239531941199981
8.79053291169615
2.7901223877000003
2.9409007949999935
3.281194941699988
9.71396528320256
11.088796889
11.742518208000007
9.050946800202551
11.213830707000001
11.064709719999982
12.987635660999986
13.573981022999996
9.914533783
9.443412603797439
4.7565521499999655
6.208886808799983
8.191088465900016
11.91835994999999
11.247822155999986
7.778842521696147
10.157380465999987
13.753147893999984
6.722683689898702
8.720791375795976
9.826088880931993
11.108248826999997
11.161121634999986
10.81219438799999
11.203795752999993
13.062203646999997
10.023497763067994
9.441521505795984
9.143610455203977
9.540501379271989
9.76615920713599
10.557332896
9.758426145931987
9.213614123493594
7.237814895599992
9.357289115898718
12.493947759999992
8.873939154101267
11.636344561999982
12.22382220799998
8.756813474999992
7.243052310202543
11.376795654000007
13.098286524999992
12.591014060999987
12.33643124799999
13.450525442999988
10.84347314499999
10.55326596799184
10.31359405101089
13.789035836999991
11.442223864999978
10.870835436999984
11.626524850000006
9.179673478696158
13.574969753999996
10.335892280999985
11.12715662799999
10.237535283999994
9.475686724931986
11.029835175999985
