11.548039231999997
10.959734398999988
12.274959394999987
10.50627960399999
11.21197655599999
12.455315841999989
11.942489966999993
10.040785784929264
9.207102893067983
9.108717359898709
9.907964758091683
10.328235974067994
7.145392224101258
7.4394069092025354
7.223638809202541
11.447268352999986
13.77298655699999
11.600090441999983
12.67987237499999
14.167898176999994
14.260677073999997
14.248577326999996
11.061738387999993
11.334126479999988
8.276059818999972
10.121511411999979
11.783198893999993
12.39045043599999
10.648091070999982
8.2542534744051
10.521823250999983
12.386445340999991
12.416332528999995
10.766803196999993
10.31889133899999
12.368900269999992
12.130299686999983
12.988523394999989
12.724815993999991
12.464286770999989
6.989148805202533
11.075055399999982
13.376246010999997
13.141650220999995
13.421001523999998
12.764798134999992
13.756094497999984
13.439861153999988
12.359198313999991
12.918181061
13.639918784999995
10.63271057
11.608264641999998
13.532659412999994
13.297603864999985
14.247621029999989
10.08549109633998
8.187458560202536
12.185393039999987
14.017586251999985
13.457235813999988
13.878703228999992
13.446191068999989
14.184665691999992
12.945645400999986
12.528948928999993
10.018262527166398
12.827480620999987
10.274740010067985
11.747276903999987
10.635071491999982
12.38250430499999
13.211623995999984
13.109547124006388
11.50137183664639
11.400138029166397
9.57457474072799
8.854301232931975
11.584964927999986
12.29633456899999
11.353208742999986
11.52084346447999
11.41284943199999
10.898265668999992
10.75215570799999
10.493997521999997
6.280851048303818
7.6203459457025335
9.09349807593195
10.826935537999992
9.997989372203989
10.840738334999998
10.79508056899999
10.79557380499999
9.82401141372799
8.89577275089871
7.978792604101264
7.190026582303819
8.070856796303822
8.004846308898701
6.1259601913038155
7.179688709999975
8.819747334303827
9.389813717787824
12.979935593999992
11.480677585999992
9.018726159795985
8.57155345459486
11.272942179999987
11.969156461999992
8.005626583898698
9.871561357101276
6.970558641099986
9.832690539717104
11.94698923199999
10.480728408999994
10.0852855010707
10.254138874863989
9.865561434931992
8.390831719999998
10.351969352999987
10.690042800999988
9.039967570339986
10.01791241471711
7.371218099999989
7.628183392303828
9.243017745999996
7.048426971400004
9.293203092999988
5.66263677369998
5.174685803199989
8.818956579594861
6.26112551419998
3.357002506999994
3.1402664779999934
3.107244164999993
3.4375921508999814
6.617712614399985
6.5597915618987
9.061620701727982
7.771978758202538
6.213523922696131
10.446544257999983
4.493671476699992
5.690197129799983
5.910186286899992
9.385209945696156
6.9296371597
8.393240403696138
10.164842695717107
3.2089986678999898
3.235731188999981
4.518421470599979
4.982183500699986
6.554549153099987
5.509601692199978
6.1589386107999875
4.978707696499984
4.255927151499987
4.1998461089999894
5.24858806609998
3.399225846899981
3.372255041499993
2.716305708299992
5.457021562199993
3.245791361999972
4.464837402299968
1.5612560786141252
2.7194635421999807
1.5134730834999874
3.133146968099986
3.120029933199982
4.974424159202533
8.404578227202535
7.3158335677974184
5.139621484399985
6.731065789799985
3.760953315699983
2.9612650786999923
2.8754550338999927
0.9629977601999902
3.2812607024999747
4.0858123855999855
4.866419262699983
6.366491818199984
8.935177827506386
2.8005697783999817
4.452675138899974
6.67104447330382
8.50856402589871
3.303209872399985
5.567732926898694
4.515081866499989
3.865861756899981
2.9126315658999857
2.6451719298999814
1.9542998229999873
2.506598988299984
4.0288394790999815
6.385256720000007
4.144261617999974
4.104353672799977
6.85114668429999
4.052316979999978
8.121343461594863
8.626597909493599
3.7003481856999882
4.355026438898689
6.341042468299987
8.534305613696143
8.0534683318987
7.681836155696135
7.637753845202545
5.417338685599979
7.178380641202545
3.29542505339998
3.012991661099985
3.7241112136999877
3.698068643199986
5.752231722999986
6.778721836899986
6.182900321999986
5.524842422499986
5.557159893799989
7.466242005898709
5.183815177899985
7.526086019898699
7.294945069899988
4.38069647059998
3.091076586899977
4.103060913099975
6.560487571696142
4.722186897299987
4.7772409224999866
5.204383311499991
4.975472651699996
6.261946852099988
8.235932881202553
6.311746005199987
3.9511055542000015
3.9631950301999868
8.318898107898706
9.110089630067979
6.875814431797413
3.3362097609999597
3.817374102797403
4.404862527506372
5.1752451613999755
4.35698786469999
3.154244540400001
4.227244125399998
6.986303488202546
8.970377764931984
5.534333846999982
7.443662446594866
8.512826780696143
8.777885555999983
9.131304234303832
8.181335932898714
9.164479109202555
10.225355319141423
12.156923697999984
6.495709655797421
8.31993851469614
11.644153760999986
9.034102841202552
8.202936512797434
9.646938146999995
5.15312022549999
1.6532494735999892
4.503740550199988
8.332173698405107
10.449436101999986
8.399096456898695
9.010630731202543
6.5568149306961345
3.1692490798999833
5.275887174999979
4.321483044399974
3.9897632369999605
3.6205028472999734
8.243705085863967
10.691625171999984
9.201631321696146
10.404035380999987
9.457763511795982
8.505213211101276
7.370034887699996
8.577293804898716
8.433528756696148
6.467323135405098
11.385869724999985
11.715716022999988
11.788454272000003
10.483690978999995
11.138671854999988
12.885653845519995
13.36126056499999
11.897831878999991
11.2946628201664
7.857389182999993
9.101038560339985
9.401358584594872
9.272896116594866
9.503934907493589
10.678368069159989
11.57004572765279
10.4671230440064
11.581284620999993
10.883277868999986
11.018117255999986
8.872160253898707
9.199449957203989
8.988222274797437
13.910731892000001
14.181133738999998
13.615378055999992
11.056268329999988
9.303306401227978
8.314650128202555
11.878500547999987
13.823207287999992
12.388686760999988
13.500244309999989
13.05181761899999
10.253135081353568
12.499252703999987
12.555206849999992
10.951874041999993
10.028758258061586
11.45422860299999
13.480010631999988
11.15013764199999
9.58651114515998
8.277388151594868
10.753367098999995
11.899204238999996
10.336700740070704
8.693883293207973
10.728736921999982
12.496085521999996
12.104229400999998
12.60275162999999
12.453751487999993
11.599919950999986
12.633613335999996
12.572838632
13.533353188000003
13.943492803999986
12.412408640999994
10.322289104008153
9.439475831727984
9.741420547339978
8.801947657863971
8.349148539795973
8.36613199920255
10.494016463999985
11.151878716999985
12.180623704999984
13.128794062999992
12.86068639799999
13.28354419299999
10.564634652999983
12.255861484999983
14.340625742999991
13.742943129999986
12.592094840999989
14.435741115999994
13.76616251199999
13.217416855999994
12.973467433353589
13.243291388999996
12.925374920999987
12.970815751999991
12.86181205099999
11.283171721999985
11.39977013099999
8.813995648135986
8.979955517727976
7.059626477101253
8.694950071696148
12.349010148999989
11.485727538999987
8.36859582979743
10.518751015999985
9.059141213999977
7.7235136673038225
10.130326589999976
12.72956009799998
8.869855360271975
10.015951985141406
12.945504476999993
13.48113727399999
12.35541781199999
12.949324453999996
13.181954494999998
12.404008364999989
13.062330710999987
12.97433838499999
9.625234663271993
8.651504257202546
9.05672702186399
11.737557488999988
10.742667063646387
11.090750835999987
12.172482917999996
11.57484279899999
12.274654368999993
11.925891262999988
12.343960285999989
12.158869303999992
12.39874477499999
12.10070935199999
12.422106753999994
12.206213256999987
12.547992047
12.238314731000003
10.629326279000004
11.838464353999994
12.147225022999997
7.905631982399995
10.027482974141426
10.917062015999988
11.736311106999993
11.352526790000002
13.938562176999998
13.454996998999995
14.049243967999992
14.111741826999992
13.405716016999994
12.456684445
12.793713426000002
10.744155564999994
13.811355005999994
13.556236901999986
14.853883017
14.420880202999996
13.168855869999991
13.90712574799999
13.481150371999986
11.753531133999994
10.739244144999992
11.193389808999983
11.550489110999978
6.923986112999975
7.77982413330382
11.360858721999989
11.128971068999991
12.942634545999988
12.18802274899999
12.69899123399999
12.064625834999992
11.126282873999987
7.499499247696143
8.084027117898692
11.277202915999982
11.939914980999985
9.883252120999991
6.768737007099987
6.508925534099991
7.7179623778987025
9.622048684795985
9.900593273931985
9.72400888813599
8.169796659898713
9.488224763339984
10.444794686999991
10.534443187999985
10.468056099999988
7.865768325799994
3.826988879400002
7.317058148199996
10.886616424999993
7.236640566999983
5.784442170699982
3.4010495635999827
3.479696275299989
4.689099716199985
5.320355947898697
8.580314738506393
10.199019492999987
11.03448272699999
8.660907492101275
8.216260742202547
8.495283114594868
3.929338801599997
5.8800858718999836
5.222332861299984
6.44092413479742
6.146670834399985
5.886988906899979
3.416558126799989
4.017940890499986
5.24726276399998
4.913450300599984
3.4252930373999884
3.9659001784999854
7.405726113900001
9.989729504271988
3.1217131301999883
2.8098461074999848
3.0983721679999947
2.837367251599989
2.866400062599976
3.56801951749998
2.3471907729999857
4.982214855999982
1.7249622191999876
1.9711271285999903
4.378371321099986
6.44980057679999
5.9948349029999815
7.718423365797427
9.183758579999983
7.51071345059486
5.973061071799982
2.9896589950999894
2.1552822188999836
3.2354848968999916
2.1685551635999905
7.330573619101257
7.5516229263038195
1.9977786132999793
1.9784823180999915
3.1522419173999796
8.914586263999977
7.519217884797425
3.0720443236999873
2.971381253099988
5.040670600899985
5.498087205499986
8.411393020594861
7.818325740101271
6.8387387084999895
7.215965032999983
8.096181646696149
7.826520632898707
8.727847026101268
8.019248968493576
8.396767213405099
8.151238857999973
9.234553306727983
5.823758657797408
2.3306802031999756
3.81059470519998
2.5801666411999866
3.194064106799986
6.110987617506381
8.979651737999992
8.433904269405101
9.49046594392926
4.096943397499984
1.9073001815999922
3.138382629399972
2.6369004821999877
2.0670540283000003
2.9035974608999906
4.494187586999995
5.306622451799989
5.911197021499988
3.987516148399981
3.5152805602999786
4.368836868299981
5.892868193099984
7.664730712898707
6.132597248799981
8.520141966202543
8.079538819899991
4.015282794199982
3.77207356109999
3.933428622399986
5.267577517699996
4.865032545499993
3.8689433639999873
4.330155265799993
4.260163809199986
4.758313220199994
3.7883462478999883
5.273773651099983
9.499717169135986
8.64693769679743
4.193273460399981
4.197149514799984
2.937188963299995
3.9264580932999857
4.084042729199977
3.457293536399969
1.7674250380999759
3.432835873399971
2.2584831786999877
3.383796688799978
5.509680181899983
5.867057562299986
2.5376687591999842
1.800788514699981
1.9755207015999758
2.339453024299969
3.0428381530999764
3.957481605499991
3.606699421700003
3.3097739928999843
3.413270448299981
6.271342332506378
9.020336906405108
6.2068333938986955
3.5408525359999845
4.67707085879998
9.503666909858543
10.19506719371711
7.618553684999975
4.831672288499977
8.913162641898701
5.542208885202518
3.606782987999971
4.082889715594847
3.5424484801999765
3.0530177139000068
4.4921157378999945
9.749573586999983
10.743169581999986
7.405922068797399
6.2198855269999775
4.830049783299981
4.695405232199987
3.0106703856999877
3.413591314699993
4.241685278299986
3.24371632839999
4.845426492299992
2.2278178115999996
1.5973907562000007
2.40573653109999
3.647698239099989
3.8632946152
6.165278262299995
7.982929144303825
7.1720930205948665
7.477403228799992
9.73790859993199
7.345431959499997
7.809891551202544
11.27297885899999
6.1252051101999765
2.4524381530999677
4.398958438099972
8.545295753506394
11.159081655999987
8.757491439797423
7.476962269594862
8.455232310506386
9.268430512999982
9.33973773799999
8.321434060696149
8.997084559594883
11.296552222999985
8.580866592405107
7.827794689898699
5.206505096399981
4.417501019299985
5.311837895202529
6.355116233799989
6.565462701399985
8.768772814898703
10.371097165999986
10.604854806999988
6.608666253696143
9.216318984999985
9.437780313070702
10.953333553999991
10.377507386999994
10.939961574999986
11.613064080999992
12.617604229999989
11.575193723999984
11.354536764999988
11.80318061199999
12.215946605999987
10.243438691795987
9.29749713733999
11.306841209000002
10.716356279000003
11.300001920997289
12.331205742000003
14.104268227999997
8.786822228999982
9.562706738212135
12.547339306999987
11.835490694999995
12.155115901000002
12.336259970000006
12.821085609
13.572907438999994
14.694683744999985
13.363097852999992
12.001468076999988
12.580479332999994
13.811785505999996
12.188616511999985
12.550088036999988
12.769099820999985
11.032265423999988
10.679780472999981
7.810357205202542
7.438177477999974
11.931529731999978
12.377754847999988
12.650125036999984
9.168234748858533
10.652564671212135
14.129456258999989
12.433094314999984
11.779200490999997
14.413423536999993
14.46408438999999
13.174027179999996
9.958472557070694
11.596357419999984
11.37199772499999
7.708195404101264
10.188842538353587
10.087606681858546
6.642798443594867
10.300203114212144
9.95228491978782
11.465221128999994
10.116097751002718
8.019945234696147
9.10118336789871
10.918124087999988
7.862650973493576
8.668694726727974
11.209624578999984
7.769285597202548
6.740482246405101
9.98575362533999
9.262982426339988
10.382133472999982
9.458226284792
11.351685845999986
9.332125062727991
11.43447139599998
12.861316665999986
10.961160091999988
10.41323930399999
11.231489298999987
11.91421112099999
12.814681615999994
13.123397393999994
12.020753139999993
11.363612470999989
13.166665597999998
14.21865085799998
14.186042370999983
15.867750699
14.788939913999993
15.840346152999993
15.532615500999988
14.19194416499999
14.20472505499999
14.26494497099999
14.881297335999989
15.270408155999991
14.828145615999995
14.030797468999989
14.092033309999994
13.580549454999996
14.441287406999994
13.008430976999986
13.302083228999996
13.516228321999995
12.155485709000002
13.642024143999999
14.372431464999995
11.834023259999986
9.018332736135989
11.790217083999991
13.686699894999983
12.318417037999984
12.854856901999982
13.704989658999986
13.947325695999995
13.701265584999987
11.851368946999985
11.311099462999993
13.273723478999996
9.531879548727986
10.610868970999988
12.71467506699999
11.706650327999997
8.46739812010126
12.353139428999993
12.280914138999984
12.14487027899999
11.861539162999987
12.06669541499999
11.773679090999986
11.81585881699999
12.232094396999994
12.348898598000003
12.396307915999994
13.00929700899999
15.066477262999989
14.622593505999994
13.96145724299999
13.06699559
12.140828287000001
12.349226955
12.890819179999998
14.028260039999989
14.13095134999999
11.217716092999988
11.39588698599999
12.26073031899999
12.474266440999985
11.90041505099999
12.663982184999995
10.410937914999998
11.281070815999996
10.892667937999985
13.82361003099999
12.720298896999989
11.76131538999999
9.096945980797436
9.489637402203991
8.802630168202548
5.279274307299984
7.959292973303823
7.295013467399991
7.235093360898702
9.902380628999984
11.553086515999992
8.662226257303823
10.021688078212144
10.843912073999993
8.650800144999986
9.772891256795987
7.988115432696143
7.556057524101266
8.715766413898715
7.379336663797425
7.010587741099988
5.070375120499986
5.006499955699985
7.475505337493579
6.225568537899986
4.258020609999982
4.726889083899987
4.7029668457000025
5.05530196989999
8.282992341594873
7.920284494
8.512938169898712
8.355799116493595
7.893437986797428
5.2521700881999855
4.560391114799984
4.535081956499982
5.360566003399988
6.561611804199993
6.258802773999985
7.897782136493581
5.540233836399981
6.220202128599983
6.182814936799987
3.4442426391999814
3.044593785099973
4.104478836099988
4.4152967910999825
6.657724043299995
8.008993458594869
6.5682612105999905
5.232065360999979
1.8412037703999835
4.952376567099976
7.963718243405103
7.208049191303824
6.983063452099987
5.05297667849999
4.07648714289999
2.5001189605999916
3.049484785499984
4.952669529699983
9.172952494863983
9.67622561192926
4.018698301699977
2.8822597014999825
2.572419172699973
4.30717015529998
2.7952914031999807
4.346455664099972
5.288388832099985
3.999059785499984
2.784620867899987
4.303515563999983
4.770526295499983
4.047008004799987
3.243422967499986
3.8097389693999806
5.6727247604050905
6.064314312696137
5.345273681599987
2.2493113128999926
2.266939041099991
3.228711297599987
4.501246267699983
3.4212583770999774
4.644321009797411
8.838924085999986
5.9214317673038135
8.684624349999977
6.915264161696142
8.656691235405113
8.86666533199999
8.649153921493594
4.8554418746999914
6.134077226299997
7.703498997506382
5.851432081599991
2.5297499785999893
3.470912989799983
4.440808409099985
7.508971621696146
5.038574107399991
6.46706275630382
5.877871279898699
4.0320504744999806
1.6254334517999836
1.7778267653999895
2.4910410079999874
2.6738631026999897
3.2737874877999897
3.274044090299989
4.118730622899983
5.708581916799983
6.885187248199992
4.3221436035
6.69671300199999
5.438403425599989
4.636900849899994
4.292107695000005
4.051615216100001
4.341242250100003
6.252350500499989
5.337810922199977
7.243332115202539
5.2895361220999755
4.822414846799978
3.964860626199989
4.540972427399979
6.436113777199987
6.155014866599986
4.102294940199979
4.310110360699989
5.510777255199992
6.6422454391
7.402611245696147
9.706142953339995
8.130162133797423
5.274885723899985
7.195052352898706
8.56374769289871
8.556355779999981
6.990866931202541
5.532291488599982
6.538452510101262
9.274378674303831
9.428908227659983
10.091445295787828
5.900731214899977
5.475894309999969
4.641697174099983
7.827761549405109
9.285797080999997
9.499807810999988
8.68523646849359
10.725821732999991
9.301617735212144
8.378596583594861
8.656094981271979
6.971875738499989
3.5226426604999856
2.2858608779999874
3.3142162658999896
4.658328417999981
2.7100939636
4.0729120482999965
9.685187953141424
9.742435884070703
8.980402554303833
10.401492432999987
10.671858306999994
10.327487879929265
8.530033578506396
9.190424137898717
9.728909294067993
7.464157727101268
6.533803497299983
5.110986129799985
4.448525163299981
6.378708901999991
8.907413224863983
6.426727500899981
9.500427629101278
11.670281601999996
8.225066015727965
5.022614637799979
4.230921832299982
6.356819856299987
8.828545407101272
5.638206118799986
4.576881616199992
7.106308128399989
10.934498560999991
8.735067983999983
8.085461720303826
4.801846757493572
7.3927424422999914
8.51571109010126
9.638164540067981
9.926004573067992
9.94637538772799
9.26182633979598
8.245541422999969
9.042505248999989
9.783513621646382
8.12203612210127
8.357790158101258
8.067001530506387
6.469949883999966
7.998382661405103
8.304330818202544
7.795382908594869
8.369212234506382
7.616147257999987
5.104745443699971
6.683653198202532
6.911158821101255
5.04951944269998
8.90057844527198
9.726517927594877
5.529894035299983
4.425970318599976
4.710771267699976
7.61716492159485
7.673889747594865
6.644438587999969
9.720628652999984
10.649416326999988
8.766946931506384
11.084250485347194
10.572060550999991
10.667204406479994
10.006836894135986
11.40081844299999
12.22093691399999
11.529682711999989
12.21500403100001
11.815969187999995
7.82414627079743
9.044346798787815
11.608792469999988
12.12988683799999
12.70418905799999
11.133677006999994
12.924415555999989
13.12076584199999
14.029633037999991
10.459591470212143
7.248001161202531
10.267661599787804
11.134773005999996
11.849262291999995
10.726541253999995
11.226407776999986
10.637931045999983
8.05739735869613
8.426084249931968
11.928925977999988
12.955491558999988
12.022123158
12.162003678999989
15.059892661999998
14.271862725999984
13.934240250999986
12.595568754999988
13.344200820999982
13.235539712999996
13.562334063999995
10.505154349999986
10.79596635
8.971146171727982
11.53414212599999
12.690079555999983
8.644728486727958
7.03339991610125
10.292999775787823
11.177640835999984
12.973715964999986
11.571262813999988
13.871101050999991
13.62315297199999
13.715626432999986
12.014596773999989
14.087483919999995
13.001118557999995
13.216949221999997
13.133373238999992
12.079833127999985
12.580490879999985
12.683477517999993
12.949052022999984
12.466725315999987
10.765917025999984
11.859575936999994
11.755330904999992
10.637290517999991
11.357881725999986
12.231327602999992
9.929663923727986
7.119398252898694
11.615579490999982
12.96208025799999
12.367017895999988
12.878959176999995
12.980480178999995
13.024431176999993
12.502279120999981
9.967191180282862
6.3729369048999835
8.14329412079742
9.554960559067984
10.02870968920399
10.713270458999995
11.913819460999996
13.211988572999992
14.236589643999995
12.77808565999999
13.27008256999999
12.766000384999987
13.447498502999991
10.968303061999984
10.069288030999981
12.214081125999995
11.36978232099999
8.079469595303816
6.677983641101249
8.737920938067974
12.193623931999984
11.416063192999994
12.959558976999988
13.046135517999994
12.958302976999992
14.326186986999994
14.541780544
14.635849545000001
14.214320708999992
13.283054917999987
14.40118441799999
13.397292220999994
13.583095791999988
13.362292966999986
12.60927996099999
12.704103460999987
11.832595127999998
11.737510055999996
11.849265767
14.720634493999993
13.806329668999997
13.607251847999995
12.922941536999996
12.472744256999986
13.97694824099999
13.756409554000001
12.999126330999989
13.670590437
13.956526961999987
12.209965711999995
12.970043461999985
13.602820017999992
13.606921743999992
12.995874834999997
12.364344784999993
12.092065304999991
12.021971404999988
13.074369156999992
11.948761356999984
11.585997037999986
11.143198308999992
12.738731702999994
13.584135695999986
13.60259261299999
11.77384193599999
7.645551765405103
9.535862686135983
7.7437045944051
7.21295759279742
8.247167840594859
5.110246305799978
10.496599077005442
6.39815645450638
7.213019132999979
7.527990734898705
9.644139442271987
7.300070019493581
5.042585565199983
4.650823033099984
5.424262951699996
5.160246478299999
8.30516597289871
9.07697679440511
8.04312994689871
9.635232786727993
9.355531214898713
11.333965120999993
9.330257234129585
4.536050491299982
3.3138514342999845
4.8803943847999784
5.42577399749998
5.443263236999976
6.380849562099983
4.146644758599991
3.8608986175999784
5.602251275599984
5.5590840758999915
4.920965200799979
4.956827166699975
2.9867360152999813
4.173478291299972
7.057254264797408
4.60129484249998
6.282855444303817
4.95500868989998
4.991814408899985
7.973372372405105
11.071008858999985
4.923403764299986
5.32609400179998
5.631443498199985
5.054401733399986
4.496052978499985
4.260661042799974
1.2267175847070657
2.5479501372999924
3.1648050353999793
5.038330485499972
5.73357224119998
3.1002315062999832
2.363515933199984
3.4211308242999827
6.356887928799989
5.840920262101253
6.1160808043999895
4.873304431199982
6.213612774699986
8.589927813696155
6.690792428599999
7.486065478499995
5.024421670499991
7.5019629333038225
8.592070123203975
2.149356910699986
1.2567646270999866
2.6139356811999814
2.6130677871999937
4.043619221499982
2.545503698700002
2.9305979339999872
4.80296788789999
3.8479661651999892
7.038395329299989
6.665765901202541
6.715186013797407
8.004285012797432
6.9309175658999855
7.008497184797419
8.529894717405105
5.9188442444050935
8.51020658720255
7.554849948101264
9.542440156727984
10.238147440997277
8.595713520797428
8.020578198202546
6.727813937399984
2.6702371566999847
2.2903730864999856
2.3654417251999824
4.6198838485999945
8.806283315999991
4.890722509799988
3.2004221236999864
5.835924700899986
6.018020257594859
5.735678196699985
4.333354376199975
8.350610395797426
3.531249291999984
0.7505692073863922
2.734759637499974
4.2145667632999855
2.409738989299997
2.2589392380000044
4.210456085199989
5.260766657999987
7.563588999898712
6.466842927594859
9.187943727101276
4.1153049880999895
5.881220678699982
8.751444396999993
9.080541639696156
5.018887800599982
6.727795648202533
8.524913273594864
7.55691547389871
2.6723554229999755
3.447300459299979
5.69911690979998
3.090005111699979
4.396254663099978
7.293292460594865
6.717394248999984
4.744001838699978
7.258079045101259
9.600061679067988
8.080728819303827
4.867537663299989
2.68356621699998
2.5602421355999763
2.994130049099983
4.392110310399995
5.8306947905999955
4.7181766464
5.0286260712
6.174216371199991
6.358925195299993
6.114846159400006
5.408547140499996
7.056269825699996
6.396724644499982
4.735605789199967
4.466413496405086
6.823196301303807
6.7361599014050855
6.9485872420999915
6.767108560202542
3.8984083144999673
2.2937639113999757
6.696776106299984
9.49796935113599
9.735079115303838
12.210663523999997
8.02276610720254
9.730952099727983
8.32726082310126
6.934726151999988
9.910302625999991
2.1046663588999777
3.900301005599971
2.568376722699978
2.2956619430999834
3.3132659743999837
1.947472705099985
2.764813861099991
4.871284323099985
3.829526168799998
6.616142187500001
8.637243533303833
10.208843617141428
4.884317340101249
8.110059837303822
5.92223058620253
9.231345381135979
10.735843662999985
6.078167759696133
4.068488806199975
3.5307482284999727
9.471401031353578
11.041967553999985
11.41622591083999
8.952577632101267
11.548974709999992
12.153372248999991
10.592588903999987
10.947911233999987
10.45108701899999
8.019272663899994
7.782283291594868
8.285260429405112
9.616742184271986
8.48463676449359
10.304601970989122
10.994103789999984
11.69306553299998
6.387994514506379
7.5958480972025475
7.4494419632025455
5.343776386999983
9.427413159135991
10.087149121068
10.882232428
11.177350332999996
10.479100359999988
10.302954272353583
11.307012993999995
9.669222580006387
11.237842754999996
7.204826716599987
5.3444687957999895
8.53288698120254
12.053373142999979
11.81148934799999
11.005403560002726
6.992537387099991
9.654246455271993
11.789483913999998
9.432923922787815
12.391301151999981
11.878127247999991
11.059161437999995
12.637543830999995
5.972069462599981
6.08246184540509
4.362361827099974
5.259421896399974
6.466068469202521
5.165553852799987
8.34760684049358
11.986935137999984
14.09510237299999
13.31317781799999
12.782034345999989
13.362989972999998
14.170964448999994
13.490820563999995
11.011016558999993
12.198552591
12.327430173999987
13.71757998199999
13.754450985999993
12.73111191699999
14.773750657999996
14.60787173199999
13.053997494999992
12.939102414999995
11.515895653999996
11.613615950000002
13.938267686
12.765437884999988
11.997766108999993
11.572687281999993
12.948505469999992
9.454419061203984
12.171924012999993
7.655565673797424
10.04562234499998
8.891847996659978
13.297261005999989
13.778237980999988
14.729718064999998
13.386288546999996
13.788780507006399
13.344076955999999
14.048252216999993
11.311242218
9.852248486203992
11.607986851999993
7.825194732702549
7.744081855797427
9.41989449620256
11.340361641999989
11.468084737999995
11.89908138399999
13.65849039299999
11.951459461999995
11.598864173999997
9.901410769795994
10.659250875999993
9.312126216101275
7.9364074080999965
7.374542205799999
8.833002322405113
10.720648560997283
9.129520800797438
11.437109804999984
13.187903171
13.419010717999996
13.532629967999991
14.221007534999982
13.01346789699999
12.159186408999986
11.655810131999987
13.678050622999997
13.917024910999988
13.700602200000004
13.378086051999988
15.393595015999994
14.473327120999993
11.969796071999985
5.683473557999976
9.815085719212147
10.184533282353593
10.471329705999986
11.299162594999986
12.597200191999997
11.652020470999991
13.197420006999987
13.477218358999998
12.921894787999992
12.90829680299999
13.203979741999992
12.407514291519993
13.23578066099999
13.468155132000001
13.217340995999999
11.823786187999996
10.585480578999995
11.488642641999995
11.501024334999983
12.195979004999996
9.391372905000006
9.25808482210127
11.869508564999995
12.065599509999995
12.415247931999996
10.318401807994563
11.987147716000003
10.373475413646386
8.240146235696136
9.36376282972799
9.944113867141429
11.891670063999985
12.837293413999989
12.550471016999987
13.199962479999993
12.867411214999988
12.37632901199999
12.837886947999992
12.010776192999996
9.784117442203993
7.361487435899988
7.838446330303816
8.208607754659964
10.513942187679985
11.48578773499999
11.214422017999983
11.566266984999986
11.94871780499999
11.684672657999991
7.4245659408987
10.898534047999991
10.556739719999989
8.584376608303835
6.641399632300001
5.253188868699979
6.852592980999991
3.5842093596999938
5.237837518299988
10.789583271999994
10.439142867999985
10.84875455799999
11.103311928999995
11.601680387999984
11.683817537999985
10.060066490135986
10.546506997999993
11.35517380699999
8.007183001696134
9.536242773271985
10.893292014000002
8.08912141420254
5.945821118199986
8.606833958405112
7.5605359115948625
5.743769796799984
4.103209429899991
4.507257455405088
8.54780545649358
10.430733779999992
8.81347924799999
8.376606854202548
7.045459739699993
5.953237882999986
9.3628321427171
10.748545829999983
9.798560311931992
5.252261003099989
4.319413902299993
5.257388902299988
5.1786345214999905
4.871969897499982
3.772007252499987
6.825424687202543
6.957917469799985
4.703289349399988
2.6179802459999912
5.0823895003999855
5.986885516399986
4.151689189099984
5.2971690001999825
3.8716713424999782
5.088111337299984
8.507635501101273
9.31375985110127
9.021468505898712
3.5013465743999976
1.9568087050999954
1.9983446868999886
6.125579019199987
6.710911070303823
6.871766874699992
7.491942939797426
7.144371418797422
7.000156448399994
9.770861119067987
11.836975315999988
9.191741699202542
7.350031715405107
4.285233338899992
4.558681135599975
2.575535345499985
2.7028432784999863
2.7400095427999873
2.981465902699989
2.718441133099992
2.158736047399993
2.41760922389999
4.811863076799981
5.644966601599986
7.1770310836961295
11.167171779999991
3.7611363524999826
0.9945170892795994
1.9012221862999938
2.4748581023999927
2.4852926330999954
3.040414225799989
3.790905392499992
3.460791485599983
5.943127229299985
8.13576534879743
7.561685649101266
7.0993977951012655
8.732913305696151
3.7089543822999858
2.9430074599999934
1.708351577799988
3.7265460357999873
6.811783660899989
6.433998007199985
8.899563848931981
6.887696018999985
1.7288298904000015
2.410738278199974
1.2430998473999946
0.9145977962506394
1.6095618514999883
3.306686411999984
3.471840385399984
5.7464356322999866
6.283844534299987
6.729195184303823
7.4916525313999935
7.016158613599993
5.952007055699989
7.0545769012025445
6.164708984399992
6.320778568999985
7.47366467740511
6.54478489069614
7.6312762999999855
6.963971441696144
5.072428675799983
5.935512553399981
5.574700804099983
6.958597778303822
4.475204058799977
6.090475651594858
6.081025311299988
5.759280792199987
5.35505617519998
8.504495614594868
7.5409155486999975
5.055952487199987
2.1701483642999904
3.0734786666999936
3.655530287199998
5.319300791899983
5.586280488599978
3.6799781508999727
4.469627314799992
6.2279027816999815
4.0939390517999765
3.2996359908999824
2.009828294399989
3.1394656280999835
4.360288204999996
6.789061944599996
4.2575232650999855
3.553773318499992
4.5325824386999924
3.029185131799997
2.4342789107999976
4.11322667239999
6.5252044875999875
5.9186367660999855
6.739144523594855
7.75385822299998
11.731385868999988
10.134530378787824
6.3757243454051
7.958863844303829
9.551843234203986
8.872052345203981
7.397028474405094
7.705248530594867
7.690388853506384
7.088280039999985
7.295221717797426
3.6526603438999805
4.12977247919999
6.947485775797425
7.826516506999984
9.07219322359487
8.726737585405113
10.392827672999994
9.604516978339994
9.202112246696148
8.26084801030383
9.585509933353581
4.987381361399971
4.9138376357999825
7.084332006797426
7.0586634551999925
8.403402940405112
10.911385445000002
9.04412695920255
10.10911370393199
7.098859442099987
6.212890557898694
8.62157817230383
10.601621789999987
9.5052996537171
10.009435392863992
10.339028110008156
9.75889653931199
8.834870930506389
8.051061201506387
8.042268034405113
6.646971238699993
5.040234742699987
7.379476472506381
5.687116940299999
8.315163482699996
9.974493048067986
11.105164200993585
11.759564564999996
6.1055739242999865
10.176391676212148
9.859734892203992
11.488488064486399
10.511363195839039
10.24400885606656
10.567161788999996
9.746889981070707
8.50463459779743
4.383435143999994
3.756479247999996
5.8630566665999835
7.552878468299992
10.853021233999987
11.302284488999994
10.61265039099999
11.581724550999992
10.083147357135026
6.3448710097999825
7.023504896493583
6.847104269399984
6.386986823999983
8.361377197303833
10.107498483203992
9.050983624303841
9.442435078271988
12.321246444999987
12.201710282999985
11.171633390646388
11.12794517347999
9.41777767186399
10.254310665931989
11.829180546833586
10.980243784999992
9.711372552339988
7.302533245797422
11.012535577519989
11.859925496999987
11.67550344064639
11.66634129499999
13.702776982513592
14.052619285999993
13.910334719999994
12.276450457833601
12.4714131269936
12.52359972799999
11.561713576999994
13.209337128999996
12.530524488999987
13.515173907347188
11.806838320999987
10.244488444646382
9.503591596999993
8.691100627101267
11.176208892999995
8.955310806303823
11.416626429999987
10.396871132989114
9.83746395878783
10.324039951997277
10.37897190399999
11.390390084999995
11.40095104099999
12.320465148999991
11.375124906999996
11.609676481999992
12.44627528099999
12.529769001999997
12.308729719999997
12.370190993999998
12.682728808999988
12.103022728999992
13.482459600999988
12.57795644699999
11.517534681999985
12.916274474999994
13.352544275999993
14.139886559999994
13.058884775999992
14.192728866999992
13.835013042999993
14.730978467999991
14.145411088999992
13.874024929999992
14.460707526999997
13.431391979486387
7.134324410999971
9.179299494765583
11.755231727646395
10.284148168655516
10.692632030994556
11.774826352999995
11.920527959006389
10.832043580646394
8.56682688450639
8.005872553999994
7.385641169696149
9.387554478339988
8.58488845210127
11.142813471999991
12.608861165999993
13.572440459999992
13.150114846999994
12.476916584999994
9.612255436795978
12.465598086999986
12.539807300999984
10.165083135999991
9.392044047493593
8.427594583101266
12.327786263999995
11.15161327799999
11.400161374999993
11.140042945999978
12.806313909999984
12.14378759799999
12.165293591000001
13.194487404999995
12.381615804999988
12.29677735099999
12.820699294999992
10.608489904999987
7.4142121964051
8.725827072101273
10.672597331
12.96372061
12.560723665999985
12.96268958399998
12.776070420999991
13.853067141999993
12.973667681999995
12.537930385000001
11.751258434999992
12.55328933599999
11.226906693999988
10.272437489203988
10.858161646999992
11.658768265
13.971935622999998
12.354836966999997
12.051161803999992
11.685071782999994
10.823001102999989
8.97448007050639
11.272331917999997
12.009943099999987
11.454478249999994
11.010644005999994
11.866851027999992
11.495395220999988
10.471354622999993
10.908965873999989
11.749543137999988
11.417964260999991
8.936174723797423
5.10310375059485
6.738231674202533
9.582637593067988
9.66324432821214
9.642064381282863
10.749475802486387
11.292097913999998
7.791553056303828
5.446072930899987
5.253044200099985
5.217662211599985
7.059539857499998
5.310306439199984
7.467262751799993
8.309036100800004
12.007459270999988
11.25899554299999
8.582358731094864
6.357896026599982
9.84757449635359
8.199619029202546
5.829842636099992
4.5102556701999985
3.922761639399991
4.912980305499993
6.703054048199992
11.415203513999993
9.288527062999988
7.93352026669999
3.9955023864999935
4.391610015899992
4.371234167499987
4.118210429399991
5.559864472999982
5.983904591399989
9.257658465734385
7.861428498797425
7.4811721557974185
9.42730028989871
8.03675991669615
8.013279855299993
6.789081147797417
10.493983098989116
11.151024262999996
6.285068344099981
5.917300898699989
7.99597829279743
8.06835366820255
11.094991826999989
6.434862976099984
1.4374476424999894
2.3639840224999813
3.599792312599974
3.802880343599972
3.9217734603999856
4.790657614099984
3.856983032199974
1.9773480926999751
2.56653799289999
5.244429415899984
2.3454984771999876
4.023377763399987
2.532897268699985
4.315952566499985
7.184113902303827
9.22999883720398
6.4644467269999755
1.3140315215999936
1.5085397597999899
1.961094834899986
1.6994008574999957
1.6041708327999886
3.4242847579999793
5.124558154303814
7.675626530506389
6.896468333405086
6.109107978797407
6.4771282074051
4.406161352499976
3.0522386077999837
1.2688484099999922
1.7712402755999883
2.0644612380999914
2.9288990004999826
4.042591760299986
6.508121357699984
3.7305221297999824
3.547169830299984
1.5584379729999815
1.5534290206999921
2.5022459914999766
6.600389602699985
6.869437208594865
8.421288114898708
9.269722297795987
7.85641698459487
7.960354228202553
3.6878422652999903
5.22258829959998
3.714743627899989
6.067813380405091
3.6405454253999836
2.5089296340999847
8.004393344101269
0.9941454643141324
1.6842112502999882
2.525681828299994
1.8786345595999905
1.8708587386999913
2.782993290699982
4.037913044699985
3.7080123748999756
2.967227691699976
6.360696429399989
6.846604891999987
4.099360926799977
6.937717141696136
6.752914109799985
3.2920140716999713
4.972594766199975
2.8737924117999767
3.0198961883999758
4.251622227499982
4.372080749499996
2.192102864099992
2.8716352767999966
5.2187435546999925
3.439585551499981
3.4089301787999804
4.140884913599979
4.024015208399975
3.940369093299982
2.650376203899987
1.9996183425999854
3.980162538099984
1.6569800338999796
2.980707235699969
2.4979333571999858
3.958664598100002
4.694901211499996
6.029045120199982
3.481233184799984
4.753660221899981
8.220952616898709
8.098593498202542
8.608707904101268
6.466625242594859
8.14568529359486
6.108436611898695
3.3966501953037986
4.739935310399978
4.077049531599986
6.3269572158987035
9.006557398999984
7.324952444506388
7.506877844199993
8.289843855303832
9.526995411795992
2.9226695342999767
3.7879303618999733
5.932090243499993
6.913872630299991
7.063800602696144
7.398525224303828
6.52260808409999
5.582887129200002
6.184847819500002
5.387130107100008
2.801337423699989
7.074803134199989
5.689111817899983
9.988913815212147
10.092164370795988
10.121490857999996
7.913431747405106
8.531092977898709
8.379242245506388
8.710127957202552
9.067034794594871
9.731716339101277
7.705803337101269
8.918538771101263
10.495972266999994
8.855112293999987
8.487991206405104
4.664280757101247
6.137736994898699
10.33051153899999
9.424727128727989
10.284812185787827
11.365178386999993
11.170317377999996
7.114310841399987
4.82268955689999
7.260534553493578
7.531919570898699
10.228076412999979
12.882716987999991
8.461435324101261
8.635513497898705
8.313684144594868
8.028353704803822
4.412880949399976
5.054602546699982
5.639593603499977
5.348278703299968
7.268240940905099
8.153102537493588
5.192644061299989
5.54795820619999
6.246602496299989
3.8589230727999833
4.022674610899986
4.062585206599988
3.999991679399979
5.649642036405095
2.95134686129997
3.9375106612999704
4.7459299712999705
6.834387487797418
11.35693444499999
8.316872244303827
6.2173599151999825
7.122172439599993
7.256663311797423
10.240484836991843
9.061939779696154
8.82835421910128
10.188804577717107
9.394175230271985
8.842252950999994
10.76730518499999
9.846669804431988
9.822878262212146
9.110895440696149
8.886781637594867
8.34614234920254
7.0593283614999685
8.795131393405102
7.627550567594844
6.370926032999987
6.539994204696135
7.971737899797417
8.962035534795984
11.333864292999989
12.677161420999983
11.877227202999983
11.590297567999997
12.272545705999988
12.128322421347194
12.01816984699359
11.936397844999986
10.783429762159985
12.134352397513593
11.445014872486382
11.942693058999994
12.661134562999992
11.031834749999987
11.115450759999984
8.727450756797424
6.991639283797419
12.042068046999978
12.914308269999994
10.119782752999992
8.555069221499993
9.569835578898726
13.285242663999998
12.223250286999997
12.22772744247999
13.173791450999987
13.462885346999997
11.326438314999985
12.802175326999992
12.881568183999994
12.851499025999999
11.624898923006398
10.755710662646392
11.836447021519996
10.416511249991835
13.119489944159993
12.65061255799999
11.903943561999991
9.900518958993578
12.143962743999992
12.594417052999994
11.741368976006388
11.556162977999994
10.177370262166392
10.116417311030565
11.659507225000004
12.493207570999994
13.049918978999992
13.07890889999999
10.820264567999986
9.475550390727982
12.124303425999994
11.62179125099999
10.256203315787825
10.057075738646388
11.198080903999985
11.820760602999988
11.462887639999993
9.73002843313599
9.400811782863986
9.766992535271985
9.527445779415991
11.216338682999982
12.518136057999989
12.286014834999987
11.563808083999993
11.296191744999986
8.485037452696144
10.42160729099999
10.589764787000004
9.82176215059488
10.611309438999983
9.170882115135987
8.26532491910127
8.908816931202553
6.178360836799991
8.403330209405118
12.075636833159995
9.812354914931994
10.416681354999998
11.56260527199999
11.84327821499999
8.628466139202553
7.894114317303831
7.579168337999991
10.3330021436528
10.498890572997281
10.542133890005442
10.765389879999992
12.128732802999998
11.221612063999995
11.194432277999988
11.336270791999997
10.43901746199999
12.265818151999994
9.782287306135999
11.257810909999996
10.063857690271988
9.576046879727993
9.199045124797438
11.732356296000003
12.884955579999996
13.707226826
12.16156702099999
12.563184233513596
13.561455622646388
13.064285233999989
11.918469698999989
12.20357751599999
12.951209334999993
12.227944518000001
12.373901008999997
12.709050785999985
11.657463193999986
11.170866349999988
11.060515426999991
5.300954525799987
7.027644866898704
10.439354995999992
9.583961312931992
6.9534705535948635
7.170741499299986
8.054359971594854
8.019839903303826
7.098539628594857
9.988529759135993
9.699142770271989
11.461792685999999
9.776460731493597
10.301644524999997
10.596511968999982
9.877695370339989
10.176068226999993
8.001811709594874
8.060173643506388
10.231311034010877
11.114153351999995
11.817047574999991
11.235631858999989
10.422982443513584
9.06733470459487
9.934873075931993
5.458253399696132
5.18757880549998
7.378044207797419
6.54630492399998
10.133672703717103
10.63774143099999
6.333508901999991
6.509652001999982
7.211852291898694
9.578181982282862
7.755864984101264
5.203723368797413
5.775609661898695
8.718739390594857
8.24762143549359
10.921651854999988
7.762904238898708
6.840699879499992
7.928406043999989
5.511870077499989
6.989629453999983
7.765015077202542
10.618071346999981
10.007011030727991
3.4818834258999867
4.482342134099987
3.3921962081999792
4.155152699299988
3.6392247497999928
3.1570707747999904
3.0568515334999926
2.4252130416999904
2.5953849486999974
3.0224416564999914
2.679547863799986
2.124734733599995
1.9986395568999946
2.683576605199986
2.6076304000999793
1.7895510817999831
2.7451650023999905
3.4825398925999753
4.749482456999991
2.10690732119998
2.0296657226999857
2.773288114899992
2.1808756194999925
1.96710347899999
2.949617040999982
4.239076287799972
5.69959608759998
7.80180941310126
5.965362770101253
6.590629797405092
4.009201139799974
6.535567628499981
5.6403608611999925
4.5362823653999875
4.662882380699969
2.2322055541999797
3.953054371599979
4.966349218797413
6.183222193899982
8.363448977696148
5.895577757299979
2.316099203499975
3.5330102050999925
5.941808651699993
5.242886227399995
3.133492958099991
2.823731228599988
3.328677220199994
5.280852844199976
4.416692799399988
3.851971052599976
7.289408488506385
8.119755131493584
5.512461080899977
5.678062507599982
8.95461529240511
8.076663552898706
7.3155919707999955
8.853877250696154
5.548310990899989
3.195046389799984
3.284765542599998
7.384855844099996
5.789423696899993
7.004292484999995
3.2543314742999945
4.768799487299985
4.443871235699983
3.3763258086999763
3.641857588199985
2.42037814329999
1.7963214248999964
1.7606030623999844
2.0205007522999776
6.866688400303824
4.543741384899977
6.4270471724999885
4.453779659999987
7.659884400898706
7.895574726898709
7.002099835199986
6.596255607599986
8.582306674202554
7.744308732594863
7.5551586699999715
6.751508561699988
4.348335766599984
6.850778056303825
8.90093801879744
7.5653720580999915
7.141985784899988
6.564947901898698
6.30017576749358
7.473414186101263
4.280983074999986
4.670898629799987
9.281285064696148
6.213488778699987
6.368803646899993
6.717361692797425
6.101584136999981
5.522314851399983
3.311478405799981
4.133475227399978
5.6474396407999885
5.644407437099985
6.7096617721999925
6.218266694599985
3.7282285552999768
3.905340693699973
4.7642294295948515
4.814415635699979
7.083549188202538
6.516690586899989
5.440497969099984
5.766097683699988
5.388685322599981
5.527179449499985
5.166313426199985
5.661278488199986
8.454798219303834
8.137082533303827
6.6630283051012595
7.497778955101262
7.501717388898704
9.721687976070708
6.7476370467999836
6.956674194303815
9.757375918717104
8.826939810202553
8.793562280303837
6.456411389199993
5.330687362700001
4.385848098799993
6.603050012199987
9.122397193898713
10.220784839999991
11.285338042999996
4.229832240299981
3.9819241469999813
5.326619334400009
7.856010615493582
9.40426130513599
6.6929823256999805
3.3887384826999805
7.229189773594859
10.324954827929268
9.436398129212137
10.147409530727991
8.088284937999985
8.985071340931984
10.858825727999996
8.428638523898712
9.79580068065999
11.047698929999992
8.381871783405103
10.50458421299998
11.844175794999991
10.664424259999988
6.125306372101248
4.130734796099982
6.239307966599991
4.9122547942999955
7.80893258210126
7.0335496155063675
5.795865820299986
6.542904884299987
7.196181693999976
9.083724879353579
6.676612208594853
10.363178585858547
8.140678878797422
5.167607517999982
8.300434767202546
10.256819170999997
9.720022831627821
6.735157893398703
5.078357051099972
4.615156318699972
9.264639479094868
7.086761990405104
7.286703999303821
7.663392228696143
9.658599079929264
11.948509827999999
10.063894197067997
8.175683433493592
8.69813573610127
12.194504877000005
6.091084609999971
7.524825355493562
8.217154363999983
8.418775462303822
4.834978425599966
2.3958254516999618
2.4449598342999663
4.598796118199981
6.485482446303824
4.867988491799971
8.008649931303829
9.140115743999988
8.663864164696152
7.940112152099994
9.733882939094876
10.238749083002713
9.633163497938382
9.894125675999975
11.735203766999996
7.498964433303825
8.007976051303823
8.04040766910126
9.478507818727993
5.888040318303817
5.522149496506364
5.794427712999964
5.9227823654051015
6.481207994099983
8.247819119303832
8.53437449339871
9.092795568797424
12.050406037999997
10.85298573499999
9.768582977203986
10.391396869002723
12.469449051999995
12.800607410999993
14.008235999999995
14.229690421999992
12.235935087999989
11.367618631
10.79689981199184
9.712226858659983
11.94630413399999
13.431492286999998
11.124982258999985
8.628288456696136
7.8398693099999806
10.428653977999987
10.319540633999992
12.033950660999997
12.709354499999998
12.267862293999999
13.480649364999993
13.128859257486397
11.263285448999993
13.969759663513598
12.561594496519993
13.377302799999988
13.028290520999988
13.162584636999993
13.058939010999998
13.488462245
12.827850374999993
10.729113814999996
9.774939575135992
9.583073538202553
11.002473076999989
9.000770881795985
11.487273832999998
11.448335439999992
10.232712761999993
11.486809457
12.039180309999994
13.390719103999999
13.057117017999996
13.337644277999987
12.38445277599999
11.562873054999985
12.422343978999985
12.090278008999988
9.610272378646378
10.89248372999999
12.20669688999998
11.863415371999984
12.564990978999989
12.095986231999985
13.317895611999994
13.107114017999985
12.875696886999993
12.412055538999986
13.320911532999983
14.153687519999998
12.087769245999986
12.284844317999998
11.820974567999984
11.697133591999986
11.44747925899999
11.834378844999991
11.62152643599999
11.855619809999995
11.035551218999982
13.120706682999987
12.430813204999996
12.413686970646397
11.401179725999997
11.494082457000001
12.703814673999995
11.471484185999989
10.335491280999989
11.974424248999997
12.781138386999999
11.47986636999999
11.790102108999996
11.774277016999992
11.831019995513593
10.905811428999993
11.619964451999989
11.72947176799999
10.494030535999999
11.612355794999988
7.696016506999991
8.429175178493583
11.685494456519983
11.899200153999995
12.181717127833597
9.70209062333999
10.494154210002723
10.76797802399999
9.828102282795987
7.398013893101258
7.994111088594862
9.418378858931993
9.587608059795992
7.54041208499999
10.399805727010879
10.776675426999995
9.944247799795985
11.445297683479986
11.65624119599999
11.906420353999994
8.914722489898711
8.649048962405118
7.283842703200006
7.505838591
8.230582760594864
6.7059623184051
8.687055776999994
8.540571495101265
7.951714320405109
5.32798974909998
7.066692391999985
5.344266383399987
5.959167591899987
6.222816403199984
6.2491764678999795
6.459908540299988
7.940605490099992
5.843955876199989
8.69252441859487
3.862688928199985
5.81413697969999
5.569715519699986
3.737136196899974
6.762663029499992
8.946616250594873
8.315000305202545
8.64900944210127
8.529533203101268
11.090697138999994
8.438490617405101
3.4033915862999846
3.3336193969999823
5.515435584999977
5.874705615199982
4.369405128499974
5.654144599899988
2.739917269899992
2.13310546109999
3.6916192397999894
4.865557693499995
3.6880462295999994
3.0629240204000023
3.4670829590000016
3.602737921100006
4.761034538299977
5.9892639510999786
7.028744737202541
7.615271411101261
9.109695046999988
8.45513632510127
9.393132348727987
10.116444319141422
11.255463123999988
8.505187992898694
8.71105381159486
8.08847728579743
10.705122638999987
9.156504594271984
10.785233368999993
6.48978527220254
7.716958776898707
6.538130256699985
11.188479009999982
7.207751303101261
8.086914692795968
8.558327815202553
6.342365983599985
5.265650474499988
6.887274540699993
4.9666383315999845
7.332466520696139
8.34556902769614
9.263443156405119
8.661467314101273
5.707746993999982
4.400324336199986
5.174799885594853
6.032195490999987
4.293571522499982
3.1868423293999784
6.685052059899983
6.844464312696143
4.218337422199971
2.662209069799979
3.224383544899977
1.7708657256999818
1.6561230208999778
1.7381941604999858
3.4690884719999944
2.673533648699986
2.2367319289999887
2.272162298599992
3.0934143477999823
1.2815237075999955
1.1567235547070585
1.1215016507070605
4.226343923999965
2.605548263499981
6.770465669303812
3.0879949676999847
4.396718931599982
2.0833588683999795
1.520834388699986
1.5392982787999843
2.1242449202999953
2.7708788955999806
3.769464938399981
4.834788462799982
6.509305113202536
4.898882707199979
2.578549287399978
4.708344551101249
4.0220576278999705
3.8219834197999734
2.421624125699964
5.510785336303806
3.8991576812999664
4.473599032599975
6.855537612898704
7.04627805479742
6.546078494299985
3.1477671065999737
2.9106770080999795
3.3845906493999687
3.089234829699968
2.936594741799964
2.2209905303999844
3.006428114299969
3.4930214339999734
5.2247373871012535
8.92917866372798
4.9655623321999744
10.658543538999986
8.0155579558987
3.8425219436999765
2.119844630399976
4.468252839699982
9.359156924271982
8.91675577999999
7.241883367898703
7.052318258696142
7.003819505299997
7.366072998000001
7.333398603797425
6.449188203405097
6.388708509799985
7.462435098303821
7.650044987506383
8.755285310405107
7.952393452506377
4.723122511303806
2.8105263335999795
2.0529992965999835
1.8772044967999708
3.047516570999961
4.316093135099968
4.034750180099971
4.862511611899976
3.958987684599975
7.807109152202538
7.601726197797427
4.865387152099977
4.28035453639997
3.987944277999968
4.601174049399974
4.983368531797413
8.61405473330382
4.342659062199975
6.394221211202518
4.72293465879997
7.512650410506377
4.237570469699978
4.921941130099983
4.109235649099965
4.117189216594839
7.783608952303814
6.422852719099983
6.0621654998999865
8.02730014499999
9.429104467791994
9.534998065135989
8.209200117500002
8.76951070710127
9.45778900299998
9.5450235017171
10.219141969212147
10.139155299282864
9.548640039067982
9.899526286203987
9.689818615696156
10.868190755999992
9.759916476405124
7.6116134856999915
10.241402597347195
10.48276985299455
10.271562369005434
9.015312345898709
10.606686616999989
8.178356230202548
6.5403030547999865
6.7805091904051
7.1892320006961405
8.853558666999993
9.04892156986398
4.419777787799967
8.04234525910126
7.650938668797425
10.184760572692149
10.44051628399456
11.59944208816639
10.697023116999986
8.799699565101262
8.069146049506392
10.203509415999992
6.139626974499982
7.680151522797419
7.8497187545948615
7.92457154999999
7.140583100899994
6.529099633797422
6.600769248999981
7.910620469696152
9.900128364727985
11.376523168999993
5.909448400898697
6.906997837797415
6.31369892579742
8.169313708339976
7.279376763898702
7.953600433299994
8.708817730696149
9.924428980999993
9.629360090727985
6.9596118683038135
6.39824389499998
5.883326408398698
8.23293768310126
7.12595373230383
6.414376863101237
7.125842849696143
6.420431329303814
5.818793324299985
7.354052461199992
9.129091323931986
10.399164155999985
7.050806216405084
4.705823420696128
8.210566365101261
11.29205629599999
11.193599801999984
12.303753218000002
12.21737791
12.480751418999985
10.157717655929263
9.617103155646378
11.516208515999978
10.678406644999988
12.20133402599999
13.573801197999998
14.642153641
14.033790461999994
13.885955846999998
13.853710380999994
13.811388180999986
13.097273510999992
11.354769217999984
13.391505344999997
15.192427187999991
14.262431443999997
13.314640597999988
13.167266167999987
13.676463649
12.906488787999987
12.577799845999992
12.362715535999989
13.344862600999985
11.992158402999989
12.472024866999991
12.207064441
14.047426839000002
11.587049702000003
8.633190982101265
10.044603024212153
13.69017940199999
14.06518305699999
13.040666672999988
13.396586715999991
13.485012781999988
14.054521364999987
14.211627884999986
14.73097770999999
12.322035509999992
13.467743474999992
13.006681067999986
11.64366096999998
12.957649079999992
13.353271547999984
11.05286788499999
12.206393765000003
13.967883806999996
13.505452900999988
12.005094948999986
11.509674598999988
12.023775225999987
12.701715203999996
14.195320009999989
13.537220336999992
12.681483245999988
11.692311036999987
11.734034659999999
9.701363198931997
9.083036520271985
12.439633909999985
12.966402498999997
12.693034159999984
14.443295963999988
13.665883765999993
13.189144231999986
13.252701415999992
9.191362817271985
12.323219452999995
12.181237987999987
13.338487134999987
14.13938298999999
12.968776601999995
13.107201525999983
12.468246778999987
11.437288209999991
10.601937659999994
10.203660993999991
9.925235609271986
9.139741862506385
10.40110553893199
11.94487704899999
11.920590230000004
10.287121527070708
11.503220696999994
12.563836504999992
13.25815438699999
14.229138437999989
11.94629963199999
11.492935586999991
12.476048771999986
8.872398809797422
6.968537840303819
10.80119082199999
12.92446064099998
12.036379249999989
10.70031387199998
7.402796766696138
6.985159078999985
10.950683906999995
5.62494469449999
5.174475430299999
8.103472105400005
9.159546630931981
11.582451827999995
9.646787531999989
9.140796868898711
9.53721435093198
12.38359550199999
8.218683767696147
9.35222065730383
6.4447275817999845
5.649253193699975
8.910380635067986
7.126763285797408
5.439382545506369
4.836926763899986
4.517794126899977
4.6910568511999875
5.157252752699979
6.496554873699983
7.319072140499996
7.70031349789871
5.277149479699984
4.279562060499982
7.702310362202542
8.42155277099998
11.391153374999984
11.542544780999984
10.319208314646383
10.43714055799999
10.039198612999991
5.620014086899983
5.0816096419999806
6.453081904594858
7.940789280696136
5.803935858202544
7.076800033594864
2.967440162699983
6.477156745898695
5.751673928799979
3.493143621799985
2.3640895690999857
3.7384226211999807
4.310371334799979
5.038375263999975
5.173321484399989
8.433745571898706
7.86396000210127
5.008502604699981
5.742156817599983
4.72351335299999
4.348949131799987
4.604449546799986
5.089596273799984
6.227933032202539
6.728442120405098
5.027863343799975
4.821232427999974
2.3219284026999767
2.4460311919999764
1.561339135699984
2.1882981612999766
2.7387729629999855
3.409524156199985
2.5755640456999873
3.54841126099998
2.783854777499987
3.7553463439999746
3.1334191436999843
2.5344191222999806
4.906360998499986
6.054496769696141
6.519874096699991
5.537257949799993
5.579081324799997
4.799038861099978
4.19192721859997
5.136339099101253
5.05942796330381
4.782249568202525
6.446482621797409
4.343542355299983
3.510263044699975
7.39992840269613
6.992744221506382
7.564357969696147
5.968455699199993
4.616905223099995
3.548406799299995
3.2418310882999943
5.166792837499985
5.097270910599988
5.9536207961999805
6.012064279199981
1.6826582564999835
2.363837701399977
4.292520027199986
3.3375659896999785
4.439268177799971
5.246703861999987
5.467784687799981
8.033798811303821
5.153341200303815
4.430190833999972
4.099117114299975
3.52700460819997
5.689201118506377
6.6471664673038156
6.112741691594855
9.624289041067993
4.527910354594849
1.481287668314129
2.230643473799982
1.6001768203999904
1.0318771221141332
2.313304450999981
3.792235942099989
3.893938867199993
2.4738206313999984
1.6718586837999994
1.283547508199999
1.964798170499983
3.8217724013999708
6.804802929696136
8.238739469898695
4.3458078505948485
5.388525009202532
6.811222885101255
7.189792153898704
5.881335223405097
1.449894926499986
1.647997141999988
1.8128718413999874
3.141537342799967
3.921355996699963
1.7673280471999722
1.886723455799981
5.789294093303812
7.904708085594862
4.5270160796961285
2.220858671599971
4.292896443199978
3.211437168899969
5.454617353797409
5.015985108898688
6.705072433506375
6.800996461506383
2.6284001143999745
4.004727613799975
6.033090191699982
8.893399758898706
8.838426129202544
4.036526583899972
4.303394172699965
4.688060781899973
6.042332812499981
6.946063212594855
7.906339552303823
5.51212370149998
6.40156736909998
5.566374417099988
6.434608192399992
6.967336572303822
3.692869230699975
6.895903666696137
9.399572175717097
8.919284918202548
6.461585304303819
4.549647953799976
6.583563275101262
6.3134098357974064
8.284922111659965
7.751702770999969
8.144041369594872
3.4462388030999738
3.364714723199979
5.690465391499993
6.974800939899994
9.310384315339988
4.978419616699971
3.8515149032999645
10.698343647999996
5.440318722493561
3.4492722228999786
8.449634905999979
9.801379042070709
8.651276074202547
9.676112573202557
8.5239450943
8.71463512420255
8.698579232800009
7.999892185999983
10.076061587659993
9.69379239806799
7.4006925507000005
8.146852366594867
9.226740626659984
9.608769865271992
8.798155433696149
7.697887135303824
6.825815916405097
7.304153501898699
6.358201145898701
7.709008042898699
9.042059606898707
10.432620682999993
6.7300586182025395
8.096474450696148
9.099123628207987
9.62418120886399
5.60827498169998
8.749101551797423
8.00014151149358
6.147932652303814
7.041316677898695
8.43940628359486
5.842471121202531
7.503086990405101
10.499627657999987
7.693451014696143
7.381351310696127
6.527364028898689
5.410804573101236
5.214421501202532
7.94268120120254
6.432721612499987
5.386913316299985
6.951409573400002
11.675530038519998
10.373214134301417
10.451653122993584
6.300159434493582
7.302943069506387
8.106612695303827
9.97389497992927
8.13989771120254
8.827925460863979
7.379404931599991
6.463419909696144
8.324816717493588
10.020342567282864
9.623888421727994
10.247254855212145
10.113470543989118
10.615960971000002
11.964411019999998
12.079964357
10.515310210999997
11.299114716000002
13.28951923199999
8.712226811135979
7.267489581303814
11.012731864999992
6.525474766499983
7.236887548797422
6.391342591898696
9.287544532863983
9.288563008067984
7.9470562163987
9.305783991999979
5.9680830398986915
6.133339424099979
6.192626046799983
8.661816696135977
7.83817743379743
10.535064786000005
10.634912836999998
11.799792605999984
12.12230319099998
12.809157587999984
12.736626256999983
11.730592600999982
9.063663427696158
10.848435493000007
12.663163435000007
14.042787395999992
13.774062415999987
13.325231688006394
12.138832024000001
12.646846555999995
11.019254683999991
10.40506057899999
11.134173084999981
11.02246056199999
10.772238447999978
8.522604249727971
11.706769957999985
10.12566042014142
12.784566036999989
9.666223443727985
8.61897216799998
10.2543545777171
11.728998452999994
12.344820666999993
13.10382186399999
11.960459841999981
13.445165438999991
13.802931553999983
13.971922530999988
12.962249676999997
13.234012688999984
14.272740931999998
15.003353042999988
8.47659631972796
6.686767181405092
7.317516781594862
7.3169372146961305
13.04788556199999
12.590600393999994
11.643061835999992
11.71155656099999
13.417034166999986
13.75288334499999
11.53884849699999
9.63542252959488
9.887753877203997
11.205668235999992
11.76719168699999
13.730075705999992
14.06305236099999
14.263931583999996
12.193531670999985
13.515043239
12.967700353999993
12.006180892999996
12.204130705000006
11.380763831
12.884529471999988
10.140884811271992
11.951549154999993
12.353909715000002
13.828567270999992
13.477545688999994
14.10889771899999
11.820872680999987
9.192762470999988
9.561104775999988
8.420849276696156
9.958697547931992
10.700066350999995
11.683562331000006
11.673083657999998
12.15062646499999
11.384115572999992
12.111290255999988
14.272154235999999
13.586625420999988
13.587255132999985
14.454654423999989
14.169942309999989
13.757972860999987
12.04839866599999
12.508723070999997
13.034643459999996
12.137166276999993
12.893039104999993
8.853945008898702
10.147506901727988
10.021100028999987
9.692667907795988
7.4083653869999875
8.11746701349359
5.7335720870999936
4.785445959499984
6.53529066929998
6.572916862499985
5.4808953963999825
6.026422573899986
6.861285552999968
8.487737528999988
9.625467288135987
9.126991699202543
10.084431829863993
8.055659976202547
10.935240520999987
9.096761852999988
11.497729546999999
10.914407764999984
12.568377582999991
9.826472875999997
10.926313077999987
10.953629625000001
10.0332667760136
10.382109624999984
10.083011567787826
11.659849555999989
10.378876180999976
11.328744190999986
10.353442648212146
8.440399684101264
6.106256687899987
8.268856289696144
6.506977220202545
5.569100920101246
8.602810176101269
4.397369094799986
4.583369847099979
7.388528890999981
7.984952738999987
7.957280226100012
7.944682280000001
5.659866273499991
9.103488703898716
10.839380814999995
10.408484229013593
7.816840811202547
8.943674201999988
8.043258537303828
3.7676641082999827
3.6708770308999807
5.10070162349998
4.589025399799972
5.2789352858999825
3.449540743999988
4.1880384536999715
6.7776048035063825
7.021814820898703
9.412575813303839
2.9996003966999836
5.90327508089869
3.599049244699985
3.7884173247999806
3.729523843399989
4.75419324489998
5.776942071499983
7.430059504699995
5.796810081499993
5.912226205399992
4.743550878899988
3.4422119018999835
2.4620789885999796
3.013278947399983
4.286823207099984
3.327988931299981
7.855851353506393
7.613587826493587
5.450624809299983
5.14502304689998
3.856983882099977
1.7263322585999914
4.183448507699982
5.272092195099993
2.8339032454999855
2.49070928799999
3.1687058257999885
2.208270448299984
4.775646414199979
7.985756063797429
3.8304189071999786
3.1219250823999865
3.47988392179998
4.221593002299988
3.5518021377999793
3.5683358962999927
4.908543745399994
8.216926310696138
9.114221333303831
7.613439593493574
8.317560282898702
7.961223100303824
5.17025113369999
5.769600698899986
6.731743968202543
6.057352639799983
5.862943084699994
3.1738476455999898
3.333678138699986
5.173982167101248
2.2001620635999886
1.9114406157999835
3.5800908385999755
4.013673811299984
3.6964498137999953
2.646491072099989
3.484004397599992
3.6676006041999787
3.9583810485999784
6.501755944797413
5.519058819599998
6.702392210405101
6.089331208799979
2.030946501199987
3.5948177123999674
4.604370014999982
4.318437972999984
7.161987971499989
8.10765769040511
6.559019470199987
6.241991233799984
8.376190096999986
7.258810017405103
9.511761881999984
3.596334963999968
4.576775744599975
8.034736466999984
7.224149627696144
9.056071484405111
8.74437061920255
7.56677790369614
9.27479707627198
9.757529704203993
3.79921582949998
5.271379516599981
3.8712611541999857
2.938106130999985
3.0852931167999844
2.5287479247999776
3.044381611599971
2.836080009499981
3.8319779387999904
6.027453352399993
4.588714022799989
4.158018186999995
7.093364149499989
5.850662783799986
8.039534213299998
8.088493724101268
8.84346007389871
8.742247808797428
7.749168987999983
6.939358497594861
4.735510293599979
5.194414399699981
6.811845133999982
5.12878858029999
4.435704074099981
5.306608425898693
9.788248411727992
8.547106129506389
4.773514550799975
3.9004130935999877
6.316121307399991
7.781218815594861
7.420205627399989
7.590322308303824
8.071443223594866
9.004275025898712
7.482785108899996
6.136000752299989
4.155636543299996
2.340031376599996
6.23036946259999
9.21988833920255
9.141748759339984
8.334875311303826
6.065817979405096
6.926925102202536
7.088655601493576
6.315671871898697
3.7252649825999793
4.466020902999975
6.197658497594858
5.512658293202534
6.003199903898699
6.424995921299993
5.482202880900001
6.296095582599998
4.167945228599997
8.938305033898718
8.626902818303828
7.023850288399992
7.622406573500002
7.521944322202548
9.715351062000002
9.578631712203988
9.560786201339987
8.57532100220255
9.359938267659986
5.376974874898691
10.17221136921215
6.772924140899993
6.2262823089999895
10.063120046999988
9.272525854339982
5.5163101668999825
8.618187560999981
5.961282731599982
4.641497862199994
3.1224377898999975
3.0957343566999933
5.450999981699987
9.775434298687996
10.646727726999991
4.960009789999985
5.747209268199992
5.56953241419999
5.700194464099985
7.1114332335999935
6.450274015799992
8.268651708999995
5.77381214599999
6.4100829390999845
10.126507409795993
10.04409571999999
8.648836064101266
5.71646511989999
7.347988288899991
7.819180374099991
8.708051237506393
10.787267756999999
12.415226292000003
6.977355410797428
9.50638282479598
10.638096264999987
10.947222809999989
12.420833190999987
12.178159808519997
10.878203393833598
8.700364536999986
7.904930465696144
10.950853367999988
10.731813375969454
10.673173623999997
10.546808416999992
11.889900406999985
11.454934736999983
10.705620478999988
14.193228880000001
12.245419078000008
12.405871329999993
12.974236403000004
11.825330703999994
11.41209218099999
9.790149699282857
10.45741292699999
11.274696297999984
8.712028791797433
8.36563503420254
10.687257912
11.719206687999993
10.511556736999992
11.075904054
11.08986388999999
11.996544461
11.967271491999998
11.357787009
9.902912605203989
12.44104821899999
13.49109386399999
12.634453492999981
11.149964350999996
8.416640882898715
11.200362683000003
12.573237189
14.51842307099999
13.153127857999996
