13.868085837999997
15.066785740999997
14.272760077999992
13.98074004999999
13.511725440999989
13.942942942999988
14.432780591999995
12.475544233999996
13.34393295599998
12.506821712999983
11.252508137999989
8.73370451659487
9.333295103506398
9.754495916795996
10.901400803999987
11.574469784999993
12.249036604000002
13.678944659
11.454364185999992
11.20035965000816
11.615442711999991
12.673494156000004
10.99241235699999
9.638166607795991
13.004609122999996
15.095303791999998
9.595624323999983
8.713583041405105
12.592478145999989
12.054415578999995
13.353716028999992
13.55572479999999
12.715276964000001
13.598593059999995
11.71920046099999
11.783241468999988
12.649059739999986
11.22034526534719
8.476461796594874
8.398653163099997
4.927248899799998
7.001595416299988
9.117297145101276
10.76051389299999
11.374155396999996
10.67844625199999
10.408200579999997
12.483007667999997
11.215913129999988
10.572463155999987
10.971484766999989
10.53631904799999
10.977330298999991
11.076875727999987
9.348200434898713
9.023202586405109
9.86991279599999
8.25579831389871
8.722599261506398
9.234505148203988
9.278723940999985
10.873095748999997
9.604544155931983
7.747837347405103
5.499842422506377
6.3110272948986985
6.414601834101257
6.328332945303815
6.870534825101245
7.341972917202546
6.886502177405101
6.0517466781999865
6.850231404099985
7.734562272594871
7.852048446696143
4.867006251499977
5.421542108199981
7.104646957405105
11.701633532999995
7.272064428699991
8.067368669101258
8.825067782594871
11.565908381999996
11.49814089499999
12.473675519999999
12.610254111999993
12.497129899999992
11.038626473999994
10.572165480000006
11.24156895799999
12.299737885999988
12.650321282999991
11.449525568999997
9.93641703192927
9.021880876202557
9.771365089415994
7.962582701101275
7.423335288999988
5.156685348499985
5.0494453582999785
8.485625140271981
7.842428106696147
5.333812672399983
6.335273060594859
9.573428613303838
10.321068363999993
8.040420646696141
10.852288051999981
8.598311856101267
7.899329458594865
7.74714344330383
7.944681526202543
6.4535858870999965
3.9207148589999994
5.3516302292025335
7.232243890405106
5.291800492900006
6.171154876699986
8.474132360797428
9.224168228101279
7.857956162999987
4.877416264299981
4.40132456209998
5.835336000101259
6.682429206799986
6.380349981696133
4.117226486199975
2.7389491851999805
5.834105837999982
5.301902404799979
6.332449064594858
6.4811701690999834
8.374342736797425
10.353245904999987
3.9839568206999774
1.3729602889999808
1.5512393935999893
2.8957595015999864
2.58461407319999
3.499992738299977
4.496444631999963
2.3856413131999763
1.7431822127999863
6.003878128099983
4.555874551399983
3.847733341999984
4.776879132099987
3.3373423675999874
3.576405833399984
6.054958798199991
7.121767738299987
4.973859144599997
5.8355009888
6.760461367797422
2.8735472930999837
2.609523309299984
2.927780502299976
3.5733280196999773
3.096900814799982
2.1264891707999802
2.651741392499975
2.3774977370999824
3.171107446299971
3.706163264499981
2.347624368299985
1.92348763429998
2.9599922088999837
3.2427274108999873
2.8053518340999872
3.293087408399976
4.144496156299981
1.8203971145999835
2.860388673399975
2.6130443511999677
1.8018776229999836
1.4781105422999896
3.474221025099968
2.2692370864999876
2.4443042647999818
3.267916760299986
6.207541157499992
4.905524552899989
4.014916699200001
3.4749126923000033
4.0457009780999815
3.0081232863999934
4.071358688399976
3.5495666610999845
5.713081556699978
7.22382241359486
5.107677302599985
2.7988832198999862
2.5709170348999817
3.449319418299984
4.848860392799978
3.6913231597999765
4.435486122099976
6.555791226199986
6.283981066898698
8.222823393202537
3.2729949553999726
5.97885343930382
6.125087011699988
5.690137359594854
7.451431597898705
6.28425522459999
5.594684359699976
6.801471318101259
7.705433688405098
5.381490141299979
2.6528932006999706
1.6871198043999789
0.9274168944271898
3.2293248916999717
4.182976094099974
6.538204565399989
5.011059730499977
8.981439633202545
9.273334823594876
6.548361674499993
6.33179955899998
6.712507073999984
5.628109574899982
6.602973731999993
4.844242990099979
5.814891278099981
4.095221655299977
7.045024360696145
7.070154438797418
3.545288769499983
5.874890542594836
4.06673909449997
5.518555902099984
8.789621005202545
7.720774879499993
2.9285714644999823
4.6814737456999795
4.715348562599969
5.1688307967999805
6.0882282409999755
8.115271688797423
7.025139205899985
4.40433579249999
3.7096666701999776
5.07369525449998
5.665722953799984
5.102395884699992
6.203725181599989
7.551632864405117
8.001473510699995
8.049453259303828
7.0566324814051
8.22220795440511
4.918622834799992
3.8248953278000006
3.4668752243000025
5.005372773699985
6.746378178405103
7.292742147797426
8.336451837202556
9.166962977594867
8.84869495833998
8.400058415202544
7.275834753405108
7.419975666797423
9.483674263000003
8.299420243797435
8.865472615101265
8.955078045696146
9.581999642929263
6.53558689269999
7.8714662002999916
9.018980543493592
6.543728637699995
9.795187596067993
10.273081061991837
9.66941370527199
9.243709452863985
10.964236985999994
8.36526935120255
9.691663742070704
10.59151659199999
5.3254702056999825
5.506987913499975
7.927109678594869
7.531342478899989
9.395299594067987
10.097085380999994
8.481486294594871
7.898678225696148
9.43249539640512
9.888024449135992
6.391355329899987
5.4264001541012545
5.926696598799983
8.783100730931979
8.417527493303824
8.548967799405101
8.504912139898705
5.595392094399987
6.849294210797417
10.302255572646386
10.811712410999995
8.35640430449359
5.575103820799982
7.3075442458987006
10.170954417282868
9.419551884339985
6.3836026046999885
4.8601944961999815
7.775244770797425
6.132924154699998
8.185430831899998
9.751573072791997
10.57446216
9.784591239931991
9.24657951510127
6.992005050699991
12.555473018000004
10.64176267699999
10.394184968999996
12.402603219480001
11.307805996999994
11.616179387999995
10.047722436659992
11.572224457999997
7.857641105696135
9.448653362999984
9.435989683479992
13.088776285
13.33355336199999
14.015651298999995
12.647678582999989
12.698145550999998
12.492125391999988
12.186419803999987
11.380738260999989
12.703981389999996
12.06498426699999
13.048263971999999
13.063775664999993
12.197528650999995
11.66876403399999
10.208685889994557
9.682453286795994
10.856350193999994
10.840578405999992
9.086481591863981
10.384256794999988
11.665124979999993
9.843584782271995
13.591512746000012
11.648173389999993
11.355910434999993
8.794523875405105
9.256501718101276
6.510225508099987
5.63170002899998
7.972668208299998
9.558065245227994
8.512150096101273
11.095427651999993
11.994355041999986
11.18591961399999
11.837305017000002
12.656746311999992
12.383790740999995
11.356540291999996
11.49152793899999
12.904759488999991
12.580457157999994
11.171516802999998
10.070546643067983
9.170030564900006
8.59528544620001
8.086557192999999
8.493667973303832
7.681307287599998
9.00024402920255
7.210946826199996
6.91932639309999
8.263894323696153
7.843838389599998
7.7872372391012705
9.78621981972799
9.678141363659988
7.742495344499993
9.093635414100008
9.621604762303836
9.451781843727991
10.137334463999993
14.168431127999979
11.518802871999986
13.366106852999994
11.294491134999994
11.721038754000002
10.846003618999998
13.953353585999983
12.118363048006383
10.053064483727994
10.07244173893199
10.489368050999992
9.901754318202562
10.130656619091683
10.23027389378782
9.852533738795987
8.002810316506388
7.118397643999995
6.246698054500002
7.7289343826
10.3811100850136
11.171770424000002
10.48799785599999
10.426225142989114
10.689387114999997
10.083803770271993
10.809615642000002
11.869674302999995
12.114714948999996
10.582341643999996
10.872907442000002
12.366253444999995
13.281059426999995
12.403338664
8.837117382797432
9.393275683727989
10.398605044999991
9.604863462797438
10.382770032999987
10.20741658299999
8.387417658999986
8.424420208696151
10.29460262899728
9.32161864620001
10.833830531000002
10.81392877799999
11.588353473999994
8.35533051759487
7.453989918493584
10.000730061203992
7.452339109800005
8.372109278898716
10.508367325999993
8.546665377797424
6.883160072299989
6.582496475199989
7.038617011999989
8.631448602303836
7.348504638700003
6.683312844800003
5.4739691605000065
5.824906622300004
7.98668789520255
7.975188830594863
9.313334079000002
10.489268871013596
8.701206042506385
7.138243479898699
9.492324203339987
6.141103018199981
7.25127039640001
8.322993771405114
7.844017608600006
7.873514494299991
6.625108862299998
6.278706097400008
10.120690615863992
7.411012683099989
7.745440945399997
6.967154557799998
7.820072946202554
8.10756467740511
8.698148861696149
6.979436993399988
7.734613729898706
5.073215954599977
9.830551000999984
10.599964362997275
7.495150122101265
11.098188033999987
10.800126444999986
6.926874423202544
4.881090699799987
3.795472564699984
6.580473557999982
6.723531729099997
4.693878704800009
4.203231944299996
4.979478124999978
7.242273002594865
6.598711772199986
8.757908244303831
7.357444920303823
8.620047041303833
9.185457330303828
9.409702632067987
9.818995584067986
8.866680441303826
7.2817202805063825
8.608448463405109
7.3916784545948655
4.941616392499977
7.508261463899992
5.12360347599998
6.49540729059999
7.281696882599995
7.97198467410127
7.932892752101262
8.780074873405106
6.641977827499988
5.347711723299986
4.591475062599984
3.4552887252999813
2.63518067019999
3.0710318329000046
3.2297945449999936
5.858442292799987
3.1092674224999826
4.94704200589999
6.191124497999991
5.982782804899983
5.004842294303812
5.296976245099982
5.314844717399986
1.6557323729999838
2.3561289275999773
3.9484998794999813
6.436189822399983
6.281434378099982
2.9826807403999784
1.5318516189999893
3.3031861831999922
3.4334994552999945
4.517483993499995
3.8288316497999775
3.937547631799982
3.696373054499987
4.838941308599986
2.9218954177999827
6.18611945949999
4.995545393399977
3.7035093201000016
5.090002955594855
6.781528323399987
7.791049238594863
7.841631616199994
7.000129956101265
5.7632456711012585
6.536713436898698
4.431140806599984
6.203230775499988
5.337060070799985
5.72761510469999
5.818625172399979
6.24937926329998
5.870515541099989
5.937470648199985
5.3532756423999865
3.230292446899986
4.114101019299982
2.9755203093999762
5.146397630299979
4.821608166499979
4.642758550999976
3.3462278167999733
3.6182955001999737
5.805432685898692
5.72896688839998
5.797780876202534
4.4069904052999815
6.661464190699986
5.899150892599988
6.454072048999994
6.0293357345999965
6.034114839199994
6.38456934509999
4.77486691589999
4.759775094599987
3.5384354751999867
4.513602845799991
2.5100254821999943
1.3625468679989108
3.0618480605999863
4.0593690551999835
5.056296408099998
6.442682102999994
6.046587496899986
6.538452563499995
6.868822570799991
7.167076490797426
6.093425846898699
6.619618308999974
7.0405412078987
7.9747050948987015
8.295913740493583
7.4185576384935885
5.816952314799981
5.186728607199988
5.621256051599986
5.8075263076999875
5.769488909899984
5.491901536599986
4.902740873699977
3.3584051146999663
3.846745190399971
4.842419644199969
8.239977249101258
1.4958973807211844
2.657348568699978
4.201753848299981
5.7006168929999825
7.836790026898707
7.5028748444051
8.644432910202541
9.847342848135986
7.8443598145063795
8.814660986203977
10.818543569999987
10.676318459999996
8.894925982696144
7.848356060797424
10.576739509999989
10.794554467999987
8.897278648271978
6.822274536099995
6.407264057899997
8.644931068405112
7.72142049259487
7.707137078899993
8.899696943696151
8.42449443359487
7.401456958000007
7.4101198104999995
5.8909459488000016
5.582899577299981
7.917939327999992
7.641685397303825
9.337434474135984
9.418598835797436
8.28030995479743
8.92625759120256
6.599187098700001
6.941726988199991
8.424668559303832
7.818570635999993
9.340885421797438
8.05314051359487
6.421586669899986
6.640605175797424
6.457432188399985
4.051467605599985
5.373027453599984
7.044435678099986
9.278728192234386
6.776003196702543
4.5290993575999785
6.138155343599985
10.675365653999991
10.290324700929263
9.655758969067984
10.371072247212144
10.239710328787826
9.822199421795997
8.874121487405121
10.373590836999993
9.041191152999986
9.528308406101278
10.537020882994561
9.982482875067992
8.277696787999991
9.377093154898711
8.773659892303828
9.206839552303828
9.142948756405117
7.656777770999993
9.023562904405113
10.914823279999998
9.639565620271988
11.870986034999987
10.559605154
10.405456235991837
11.54292792499999
12.648651063999996
10.02268910213599
9.394650920067985
9.520888246135993
7.808354711898712
8.534613452101283
11.051831003999997
9.909244523727992
7.774206831405103
6.475334240696135
7.883596502696148
7.4661467529
8.138714114399999
9.063182409696159
9.8927874115064
7.234523573299988
9.821409344339992
7.404043717999994
11.119781038999994
12.03452395299999
10.274409866212142
11.439940580999977
11.240251159999984
9.98436510613599
7.136517918399994
10.183064057931986
9.530903053303845
8.337915495299999
10.752592981999982
11.785401648999995
10.147505505155515
8.77363542940512
9.127826927202559
12.321500254839995
11.271425075006388
10.322782189489118
11.524784417999994
13.465930765999998
13.282742893999998
12.55297003599999
13.732770975999987
13.742716518999982
13.653062555999995
14.698906859999996
11.138782129999989
10.031893463030563
11.057956618000002
12.14866255599999
12.84585699299999
12.046996729000002
12.584090046999998
12.445701029999992
12.489305471999996
12.751064426999994
13.072232645999991
10.099487841858545
12.089031458999985
12.835731014999991
11.42397489899999
11.32909906899999
11.797835909000005
12.563971986000007
13.90947586999999
13.46134110999999
12.76360747699999
11.055630567999998
4.993260481299997
9.34010104220256
11.863830362000002
11.909408010999991
13.057885297999992
7.303952662696139
6.54098722079741
10.120424591067975
12.393428801999994
12.37224846599999
11.495280054999993
9.765139945999982
11.22530744299999
9.87072198020399
10.977901363999997
11.235372407999995
12.980768381999992
13.17253110999999
13.513597623999985
13.361974767999994
13.013367507999998
11.438477072000005
12.203721564999992
11.72658976899999
11.77099138799999
11.094740351999995
7.371053701799993
7.366150061000002
7.418258622700007
10.328580605010874
11.041773349
12.282101628
11.748843166999999
13.182048134999997
12.847734561
11.956074477999998
10.123960962989118
11.877102717999993
12.936295991999982
11.511682279999995
10.53400298199999
12.985153693999994
11.791070437999986
10.718312435999993
10.875942072999988
12.504569766000001
11.204944023000007
11.9511775831664
13.851045221999996
14.075519345347198
12.808659965486399
14.043558981519997
14.125307803353591
8.347301344303824
9.30192387079743
10.20481884779599
10.169752158999994
9.995046224999994
7.660679905696152
7.820546939099997
8.555680140696152
7.1414904236000005
8.900899900803838
8.859556460601269
9.410228059405126
10.616353157513593
11.692795977999992
9.377616877795983
10.826673829646397
11.055523202646397
11.866342812999982
13.106952570999992
12.561491451999991
11.168320200999997
10.816937448
11.627360953999993
10.68416761899999
10.948534128999999
11.775011580999994
10.297681886212148
6.548972845499991
7.474113790898677
9.563902456635992
7.0287922958
8.237800709499997
11.078692779999997
6.664602950999987
7.872949700898699
7.7217169417974185
10.023247514212144
9.565038948070702
7.647245382696143
9.873643144135992
7.352692163099989
3.03342426909999
4.33564773709998
6.133085708594857
7.229881082199984
4.980286982699985
6.187576179499981
7.680936372399993
8.53126265259487
9.765251060353584
8.76601160130382
5.762002105699982
10.73408283983359
11.128297028999992
9.176719683797435
8.610203358499996
5.2645849654999886
5.140289434799987
7.026407875099998
8.25444934840511
7.326002912898703
7.038102392594856
5.507336071799984
5.3338357634999864
4.441073820499988
2.9620260314999904
5.315293891899978
5.837323356594859
8.222466068999985
3.8528980941999866
5.801544828797403
7.094958119202543
8.50015475010126
9.930862127787828
9.421762383999994
9.786141786135998
6.748613304101262
4.657600595099983
4.5702682434050885
6.723460488899985
3.6069525222999874
3.5357248427999957
3.771368917799981
8.46923172610127
7.034074735999989
7.089609887696145
6.549075257899986
8.879248635898705
6.203453199799989
2.7722831542999855
5.6738614745999785
4.501878695699988
5.386768690499989
5.581336161799991
2.970474974099984
1.9073312606999853
3.950274447599987
2.764402775599992
2.743989701799992
1.9432131408999822
3.729686830099985
2.8574492309999844
5.938481608599982
2.374494607499994
1.9506357223999946
1.5901504928999948
1.550838934299985
1.5352277678999822
2.015272546399979
1.644391352799973
3.4112977019999793
5.2276261977999825
6.128713639799984
7.535740301499991
5.245055805999984
4.751783471699985
3.5673413802999887
4.665453193699988
3.740324204999987
2.100683355699984
2.5286346801999824
3.0490669097999845
3.4524738296999793
5.1013976256999785
4.886050967399987
6.36295198210126
5.848697077899981
5.957968560799984
3.874832212799988
2.220544461099981
6.012267790199989
4.228460426299988
8.38305710910127
9.315616395727984
7.213456133999994
5.611909880099989
4.310798770099986
4.207344166599982
2.8910944701999846
2.0424563384999845
3.0356367583999844
1.7306832183999898
2.1725368636999915
5.8221248351999835
7.6858307342999925
5.010091386399984
4.251504835499977
3.9142582885999726
3.083609466599972
5.333317878696136
8.425659568797423
6.368329133594859
4.959533982799976
4.962310705599976
4.6341001235948465
1.729550709499979
1.6518004516999836
2.742190132099982
3.5340993072999805
5.493861909500006
4.825757038899998
6.885680306999988
8.777454907202548
1.887731986999969
1.5128211028999758
2.2065863631999885
1.7031530349999977
1.6178498169000073
3.768220309399981
5.740338343797418
7.578536900303816
5.69061732640508
9.755721546931985
9.562839579863986
9.099818084696151
8.67354309230383
9.700676670797439
7.196400489799989
6.141924471999983
4.524984173599986
4.655801319899979
7.773643838493587
8.14825973049358
9.449769526687987
8.237640461696149
8.938890200797431
8.871796890203978
7.506616703797424
6.995294430499987
7.943379342696149
8.592052557405115
8.415189610303825
9.606119351135984
8.939507324135981
10.994861887999988
9.645435087727986
11.043014165999992
10.565670359999999
8.604055851696149
5.387601759299979
7.779487199405111
8.26344122310127
5.806614970399982
5.549420313999978
2.3413052489999786
2.903978700299973
4.569424853499974
6.2747934204051035
5.850799632299983
9.678308132931992
3.845378657493559
4.670367950399983
6.163670220899989
4.1126615020999715
3.839665125999976
4.021255755599982
3.5381754226999824
4.386596626299985
4.7430872542999785
4.359894871499978
6.459510285898701
7.66684455110126
8.013664848300003
9.665672338931989
9.904794114795994
10.303080066999996
7.742303160101269
7.628526461797433
8.428009654202551
6.764326589999978
10.562575647999994
9.830775770717107
8.297834182696144
6.586249269099986
7.182796820101262
9.668081040999988
7.329045146202547
6.213674436999981
5.533180819696135
5.944618919405102
8.236495394898707
4.4140860412999725
5.007019868499985
3.701415199299985
7.311279164101263
8.214672300696147
8.746936823999988
8.828238120999991
8.252284108000001
10.273862353999995
7.419419944797421
9.452230297762858
8.932279533271982
7.002670927405097
5.406468292196122
8.051622500601272
8.06822132109487
7.762753990202547
9.282135868703989
7.606298582499993
11.257395177000005
7.361694172699997
8.206721850594874
9.338335574303828
8.816212309303825
12.388865294
13.050101729999996
11.899361188999986
12.228968272000001
11.396291813999987
9.698970234795983
10.784157154999994
10.025983006212146
11.52084391899999
11.396305648999991
10.936238165519981
13.547494083999995
13.890192728999995
13.732025103999995
12.968444052513592
12.721414895646388
11.360137361353585
9.915756579561586
11.570848105999998
11.778628205999993
12.195247454999988
12.293647062999984
10.296638314999992
12.680073507999992
12.894856234999997
12.636979268006401
11.863208314999989
13.325145060839986
12.24053255499999
13.091479324519984
11.995532242999984
13.448489362999988
13.572791792513586
12.280193039999984
12.560942426999993
11.127075964
11.22068912399999
13.348538628
11.322364686999983
12.446594033999991
13.502745073999996
13.529600699999992
12.51247530199999
12.141078488
12.320082839999998
12.662002887999998
13.645584006999997
12.519277300999986
12.820666797999985
11.575825362999986
10.948242772
9.77787172097585
9.32450928499999
11.272565849000003
13.057676784999996
12.106180842999988
14.015875559652809
12.456010890353586
12.548960674999986
13.664319326646392
13.375112382652791
12.35230271599999
12.232299721
9.014695080594873
9.186541049202557
12.160896206999992
11.698985418999987
12.230711272999988
12.919360142999986
11.778463418486398
12.518814422646406
11.711177694999998
12.744834395999984
12.539342800999988
13.489971384999993
14.116347342999996
13.940466823999992
14.439400091999989
13.334299953999995
13.659268642999999
11.754805491999994
11.498922460999983
11.785423939999992
11.486150042479995
12.671779024993596
12.603159617999989
10.714349054
10.14785879799456
12.135888508999983
11.446196834999993
9.258378248594875
10.23478672021215
9.339853942898715
10.849840969999994
9.768968984999994
11.42220172099999
12.372765830999988
12.712098131999996
12.184349097999988
12.465764383999995
10.98909263199999
6.735952885399982
10.123443982002719
11.620436458999993
11.788909853999996
9.474107702727986
11.838589795999994
9.341989965863984
10.856626104999991
10.392655937141427
12.606894179999989
9.725196762070702
6.513384973099985
6.195809826699981
7.805483062696144
7.748996824594852
10.40574688578782
11.869008385999999
9.49544819950001
9.493721019000006
10.568507201997278
8.788133564800008
8.093974630696149
7.818231643696148
10.52577405099999
10.603972001999997
9.918903079135992
8.41544411470254
10.481106091353587
10.890103324999993
9.720260066135989
10.966453808999981
10.548916263999986
10.530684432652789
9.254457438702554
9.025212403905106
10.319065650999987
9.506012416067987
9.816361933929263
7.752367880199989
9.252304257202551
6.560286276199997
7.5511840103
10.047566937099838
11.598249827999986
8.900265495303831
7.184232286099987
7.36690177759999
10.075847042863995
6.8744498900999895
6.665330956999995
5.714598698399995
4.416225566100001
4.094925065599989
8.500552281202554
9.028910125696157
10.092311268999994
8.812475692696152
9.360388040135984
10.470401090999994
6.312809143099989
5.029605190999988
6.731141220101263
7.316255094899988
10.230022223002722
9.07211163479743
10.14481121679599
9.792747203067993
8.392364135700005
6.028745126300008
7.065062345899991
5.218975804099974
6.485644218399988
5.942578102101255
7.510206239303818
8.003992558299993
7.751081596399994
6.2344153411999885
7.748266700696152
9.720907083067987
9.828679205212147
7.843620416299991
6.647306359898689
1.4941738067999881
3.566251249699984
2.4402445540999858
3.563501159699981
2.825339442399981
3.8675732619999783
5.787222195405098
5.72977068019999
4.38558325349997
5.229538783299981
8.245318476898706
9.216927552863982
6.841447329699987
1.7798313323999875
4.090896266199977
6.22947827759486
8.225028839101268
4.8898981154999985
6.813463125599986
7.864990182506392
6.184236166399988
4.373819296299982
3.46057488249998
4.140512412999991
3.9552296447999784
4.069060003699988
3.0200167296999822
4.818119244399986
5.804759806799986
5.847033290099978
5.627274558999995
6.832700393699994
3.025151762399987
1.715896314999992
2.082114401199985
2.204737065099977
2.7223443374999814
3.149669671599976
3.4484349013999847
4.839392929099974
5.699713783303817
7.859174121101256
8.183914598101257
7.24622276919999
4.515188755799975
5.456376359599995
6.577742636099987
6.382402867101258
7.597685868797417
7.229304336493573
5.463156008899981
6.816632606499986
7.611395130898707
8.005794448898707
5.818358412199992
3.9064693480999892
3.571001615899979
4.033577764899976
2.6717882064999796
2.2131489684999885
3.2548930556999713
1.7269664824999842
3.497967520099985
5.8077391387974195
5.069124482699988
4.535525025899985
6.475135752899984
7.80072982179742
8.044289775101262
8.844744641101267
4.131971206699971
4.151147373999981
4.94790458069998
7.39307789459486
9.360221002135988
6.539366046099984
8.18857448430383
8.781685868797423
7.791929402202544
6.179296308898697
2.236129161099978
4.271433442699969
3.5152159728999757
3.3710647521999695
5.378787278699983
9.91309714672799
6.088231262202535
3.416470431499973
3.2899318160999838
5.799186419699986
7.442017590303832
7.507683352696141
7.267451518202536
5.910279721101254
7.8927536666961355
10.990524389999988
7.335262683101256
6.876072868303814
9.289470974795984
8.498037304696142
9.739628750727984
9.544090080203986
9.835325874203987
9.618416511659987
5.473408134499981
7.862326892101258
7.015609710699987
8.323449725303831
6.899604122898705
7.059019242898702
6.431664640797422
9.225470509203982
6.570101693696141
6.457074159199985
9.361316697795978
8.514564364727976
9.236036999659984
10.313133317999986
9.37281013950639
6.6270560119999775
3.86128939669997
6.2717559752999845
6.473460447696143
5.676530726600001
8.787816070594877
8.990760055493597
8.297397204600006
7.3167855942
7.499115331999994
8.283109040797434
9.646955133101276
10.615758726999989
10.637779307999988
5.87918149109998
6.039691732797415
11.05971361699999
9.110155155898711
8.768337667797445
8.842137902797434
10.50155894200815
9.540709133898712
5.909927467299986
8.901294456506392
10.786356902999998
10.424016570999985
11.23172514599999
8.19760847020255
7.039321174599984
9.81750816333999
10.055193768099837
11.750657264999997
7.7284214264051005
7.417632469202546
6.729309884599991
6.969193916299985
7.416207147202531
9.148500318931985
10.266890043727976
7.065521072405089
7.625184709196146
3.6478911879999663
3.1410959136999823
5.131141752599988
5.714429278594858
6.1582133529999865
5.320745919799984
5.8571818924050865
5.13885731349997
5.717578097493567
6.021603100594825
7.378017025797415
7.880569978303822
8.93170953369615
8.003241160594873
5.345187013200003
5.976063084400004
4.994843154899997
4.390067106599995
5.9650082336
8.52098667450001
8.769333978300008
9.298978256202561
9.303697389295984
12.995635724993596
13.53672857834719
10.622859899929256
13.149805547999987
11.678862360999997
11.928903304999995
11.112459578999996
10.810322972000003
10.31010624498912
10.06446938793889
11.732513676000007
11.253674032999994
12.604644837999986
14.133031748999985
14.304607203999995
13.695575702999987
13.04584566799998
12.079513207999993
11.716270711999993
9.351745744303845
6.670840652499996
8.567562928797438
9.493824609405117
12.647204346000002
13.040053188999995
13.003683811999991
12.273830253999998
12.448165363000003
9.598359947135982
7.596446961999978
6.766164076202534
7.114943539405098
9.871973290999982
11.583280134999992
10.427461275994556
11.891501954999988
12.292989538999995
12.230473785
12.406993612999992
13.03337770199999
13.929367442
12.353972342999985
9.654858375659986
11.033253959999985
8.942147439594871
11.251365423999989
10.757993679999991
8.47680858459486
6.368635909999979
8.761867446931978
9.181389919999987
8.810389662202548
9.012137907405108
11.21292502899999
11.227839593999997
11.203525916999997
11.669105814999995
11.784261482
8.526626562493586
10.655808131000004
12.2417422
11.432454682999994
13.179603579999991
13.732411534000004
13.879857369999996
12.909661225999999
13.791067140000004
13.353519112999999
12.640590340999994
15.097820180999992
14.572749689999986
14.72821947499999
16.02544872
12.245367669999979
12.980511410999977
13.365851196000001
14.407981846999991
14.286699917999977
14.798253100999984
13.309040497999995
11.429415854999995
9.530280984339997
8.83424294589871
11.192903209999988
10.759547841999984
9.216552149999993
6.809221173099994
7.909971646101272
8.28844483640511
10.269639953999986
12.277354244999998
12.154759272999996
9.711934124863978
12.510696389999987
12.775125579999987
11.69738792699999
11.368003564
8.09733595730001
6.5798564116999865
10.590884298999985
11.37731750299999
11.697137173000002
10.112171215858547
8.621417730696145
9.11716841430383
11.95476298699999
13.144358391999997
13.274803678999987
12.973698057999995
11.941455669000003
11.424233312999997
13.20585036299999
13.886020031999996
12.959408185999997
14.168578493999991
10.386695070989111
5.308841470299984
5.3444861968999815
9.49488158106799
9.457131072999989
9.505966502405123
8.821555949405115
7.297960069303827
6.49365498959999
7.360374609399985
7.403360940594866
8.230058917202552
8.818630891271978
6.938089440899988
5.379583219899991
6.348849398799996
4.411282080099982
5.854335182199991
6.830890650898703
6.035693414299982
6.276707499702535
6.640561915599984
8.593536378506391
7.077361367797421
9.36311695872799
9.70625307458399
9.219688804727985
6.663534555101263
5.788298136899987
7.496094676202546
9.155467570506392
8.904223387101267
4.769213502499984
6.148611781299988
2.96295792849998
2.479617210399989
5.267618098399979
1.2803562056646225
1.6782348128999922
2.0238120757999822
3.922925865199987
4.283254585299989
2.744834707599985
4.692231903099982
7.735102621506381
4.07635050349998
4.513119824199986
7.0062612548987
8.292180134594876
6.398197820999985
8.175637681594866
7.106681977797424
5.767469573999989
7.753274224898697
8.480799378999997
7.391613056898702
9.351541038659986
9.643291809101273
10.025608325135996
5.532094570899982
4.42038277739998
2.638773313899974
2.9906963546999754
4.5112121032999815
4.978292077599984
5.557566120899982
1.8111838530999826
1.6048532058999887
1.4835136031999894
1.0426054197212147
2.8246868316999656
2.328163017299986
1.8384499618999923
1.4709270431999844
3.1392771056999873
2.506990682999991
2.1503357558999827
3.111718156399977
7.853957134999978
7.178201948493572
3.5717158797999824
2.7901263656999844
3.6100660537999816
3.6263179732999813
3.292563432299992
3.1768032943999893
3.589849668899987
3.4023732009999765
3.8904225875999816
5.377732324199979
4.942087338299976
5.112641537499984
2.9079017852999867
2.8108876754999845
4.2127890593999915
1.8815756774999914
1.7159061004999923
1.4558209746999924
2.9165541701999844
2.1864854644999876
2.3607417098999894
1.4128611510999918
3.6678451552999842
1.7338436110999826
3.903395706199973
2.5056171935999876
2.182605148299982
3.7364767318999883
5.352580306999986
5.539905253599981
3.0778448623999792
1.6411810439999768
5.271579330405087
7.837993011506383
5.032010740699978
4.823747375499985
6.03673864289999
4.124277290299984
4.406273368799983
6.236089567599983
6.4277574508986985
6.984840255696145
6.73519745639999
6.486556088299991
3.793526332099979
3.3971134810999755
6.262213166797417
5.200046446199985
6.678381228594859
6.830307136499984
3.800596462999978
6.173573667899992
5.428830567899981
3.530238436899986
0.9967135789931875
2.9515226912999744
2.6475083419999854
4.187573905899991
5.251882618699984
3.995446412699978
3.8951237838999773
7.075026699797418
6.4649690994050975
4.946818688999967
2.5893756821012426
2.5198473128999614
6.614761430405086
9.58229781633998
11.219531373999992
9.739326049863987
8.704061233493592
5.3466402099999835
5.172578390499988
6.880137921099988
6.642017622405102
7.553566072101266
6.554750897199991
8.211017834506391
4.195350132799986
6.864220988500005
5.649570208699981
2.9862086333999844
3.1282595061999823
4.698606068399976
5.902689099099984
4.446043649299984
5.914815409899989
6.895940370202538
8.938307070931984
7.836437763999987
7.165518806499991
5.418814823899984
7.5573264954051
8.39023513179743
7.384800437899989
8.77518608399999
7.506710798594868
7.372085197405105
7.318835223405107
6.75429448550638
7.43000392149358
7.270631257594857
5.8581489638986985
7.007010902405101
2.1808290862999753
4.633420815999972
7.535857292202529
7.979560465999976
6.620347405999974
8.378023432898704
5.878368391399986
6.0340769286999825
7.251134771696141
4.900115740999969
3.1113654448999606
4.962866422999969
5.613103388999978
5.893884898399984
7.2744888869999995
7.841681626899991
8.393324815405105
4.342743841599984
5.990858900506379
5.654402976999974
8.902565631067985
4.940092388898678
5.930602592499963
3.4696277785948357
4.3247417434999615
6.842074526999981
10.769033327999992
10.859964805999995
7.491046981797426
7.054124226399989
6.996474154696144
5.81879774019998
4.867952897599984
5.74787667539998
6.8704627715948625
9.585703660727985
9.897227435203986
6.544210281399998
10.835837291999995
9.707221395931981
6.697742726101254
6.076018930099985
7.55719149020254
6.5112111648987
7.793746372999988
8.09428798830383
8.231433216898713
7.00499876399999
6.551242019702533
5.953977950999971
5.97038469999997
8.418017533898698
6.141758973696143
9.793821336271987
8.174322061202552
6.959252917506378
7.096141294899995
6.670597912599988
4.890005679299979
6.429168681299986
7.707817210399994
9.029104026797432
9.803532621803843
5.945903897099982
7.946838445999991
8.52677246400639
8.87228249359487
9.270005453506391
10.158040837070702
6.64831328279999
7.3338831161012665
10.180657342659991
8.836233784506394
8.05847828060127
10.570961793999988
10.945989878999999
10.95358353699999
10.225986149727989
10.666385402002717
9.953828653
9.110150303600008
8.048919180300008
8.27423315890001
10.195243827858544
5.368172521999979
7.157008006303818
10.747784221999986
11.136844726646387
10.898812325999996
11.136824413999998
11.08224695099999
9.463006771898714
11.86295555
12.617339075999999
11.381118860993586
9.449819880629583
8.53977469643838
9.601257751506385
8.883844866898706
9.718782797202559
9.656222608931989
9.867061372115844
8.472746952797431
9.032878932202546
9.739348210067988
9.255856343101273
7.083481129499993
7.769807559200009
9.213757134999996
12.05293110799999
11.190276754999996
12.272583782999993
11.04061010099999
13.258179477999999
11.86577790999999
12.613025026999997
13.537104846000002
12.360034163999996
14.219927028999992
13.338591810999993
12.998138524999993
10.906437305999988
10.593429207
13.111729610999996
10.723635363486384
10.409509843282862
11.538054833999995
12.40850982815999
12.81488543716639
13.682190331006394
10.234150672762857
12.286109597999989
13.672990288999989
13.202289197999995
8.840386112999987
8.823173725898705
9.928172511212143
11.429715307999992
11.860613630999984
13.738842611999997
10.816444310000001
12.77447575799999
11.650730402999994
13.412386774
11.873370931999988
11.709675185999986
11.617299746999992
9.153049009696147
11.031238968999984
10.352540209999978
11.740737037999986
11.198297468999984
5.563562564101256
4.997440753199982
7.748906695594849
11.284581922999992
13.055394883999988
12.552807802999986
12.505234743999994
13.045833989999998
7.93325489199999
11.684259028999987
11.817237331999994
7.302702326999974
11.728335611999988
11.381233530999992
9.356970188931987
8.578087957797429
7.460967779493572
7.830366233803818
9.796606936727995
9.020652854898712
8.185460188303828
9.50025998087039
6.784369001797418
9.356287428303837
7.473287335202548
10.36154370399456
11.02366971099999
6.936719323696141
7.408537109405098
9.180967979271985
10.119269973858549
10.932307500999997
10.477679531999993
10.122322888141424
10.031368687282868
11.054147707999995
9.49467133320399
8.759650562993585
6.859393373099986
7.584125367696144
8.361789706398701
6.362213565099984
6.589667282094858
7.009209104899995
4.366240330499997
5.592841873200012
10.737689655006392
7.323328051799989
4.690318080099987
4.664656602499981
8.460789459202546
8.872614111303838
9.620057205302388
11.065644573646392
8.000154774499997
8.47737631840511
8.433665122999992
7.347394525101259
10.224274821353585
9.282333865265585
10.38464128299999
10.226654339717104
8.167466584863972
5.101338085899981
3.0616873107999996
5.132592506400002
4.2658085387999884
7.273781828299992
7.01869373629999
5.716133949299984
6.56837076109999
3.946645704699987
4.631061633299976
7.484821769696146
7.568505218493576
9.270155813727985
3.01321090089998
1.4743659392999924
3.3142863692999844
3.0014340117999754
2.810532316599973
4.427297055099984
3.8950486190999865
2.8685448714999873
2.8541004729999755
8.19530833279743
2.7063860381999882
2.3996374984999913
2.4981195296999887
1.6701611007999824
4.1112558043999785
4.897036721799977
5.657564251699983
6.437725114405101
5.715955619799985
7.18691895899998
7.28052172849999
5.095287562599993
6.490297920199994
6.709956564299993
7.77542471769615
5.71646295929999
2.0495658751999937
1.4733887893999904
1.6614210494999861
2.848620632899983
1.7890621657999906
2.432063371299981
4.744734001199987
2.7901801009999874
1.2474445027282783
1.4839151793999834
4.06815935059998
4.455699475099991
3.311713500999989
4.584211413599976
2.8097211455999838
1.9359176619999876
1.5295896193999874
2.57459649959998
3.9254242248999915
2.8046940567000003
4.0915312697999955
3.547835998499982
4.751716499299979
5.3790549605999765
7.340851623493581
1.9729581054999885
1.8806207000999757
3.587865435799981
3.4869534714050805
3.422493575999987
2.124716406199985
2.1778675490999846
1.4030468165282712
3.7951271544999736
3.7197078155999876
2.7271246673999827
5.916775285299982
7.152391752594862
7.973990188594861
6.888176933303823
5.939667344699982
5.20890730129998
2.449124023399972
4.203371360799981
5.364110906999982
5.144487197899981
8.376074125696148
4.725320251506373
6.494494103999975
8.31475721740511
4.802169082599981
5.479355934101254
4.986898335299981
1.4795024596999875
1.8489641219999848
2.937688146999981
3.379096964999981
4.418042504899981
4.87342740779998
4.511550324999981
4.454521070899984
7.8090123764051045
1.9385305526999805
4.539050675999993
4.316182640099985
5.123924580399992
3.212826252699987
3.80937298739998
3.4272910735999713
2.9407470855999738
3.1406669707999733
3.1839159850999805
3.830860266099971
1.9765248946999758
3.0709734374999886
2.3058007491999892
3.469973942599974
5.365829331999978
5.39880195009998
7.3080890212999945
6.287351051299983
6.501619906594854
7.844794383202543
7.969835789506385
8.136104479999988
9.802576028271986
9.167880987493591
11.02087133199999
4.318816322299979
9.040834223898704
9.791418432717101
10.568711367999988
4.332479507399981
8.070139810202546
1.2820709136999904
3.1675726378999793
7.405587274202533
7.778194300797426
7.375133981299992
10.080507966717105
5.146377000399984
4.6930449874999836
9.182792810101274
4.251309503199983
7.283553906202538
7.177257444797428
5.836557987999986
3.318914816299982
3.733035830699982
2.922261993399982
4.878873820499978
4.930361729399978
6.069640333594857
4.404994807405081
6.924382939101243
8.236282824696143
8.35289143213597
9.315699356234383
7.418221244797419
7.9586991713987025
6.562379005405098
8.427711256405107
6.969675239594864
4.771563192696128
4.96435981599998
7.393997160303816
10.896964747999986
11.077945598999987
11.573785216999994
9.265576444999972
7.881880271898709
5.6669722503999775
5.153414198299971
6.607153260797418
8.1577534408987
8.882551660202541
9.306837797493591
8.943901773101262
8.807046755999988
8.573532195999983
9.80320537879599
3.1879894164999794
5.416483195499986
7.616463925202537
9.13255095669615
8.222709789999993
7.179563751199996
6.555677542099991
8.551294610601271
7.433148397797424
9.873783732727981
7.306297929405108
5.871217869599993
8.297855093405106
7.10862485659999
7.823406144696144
8.189946534699995
6.946925965899987
8.198315090898692
6.656254443405095
7.904651071202549
6.988992953506386
9.538984698339986
7.395391445898705
10.61852791299999
7.354409973099994
6.077695727499989
7.467739592000004
10.05331183007071
5.674920663499981
6.450335629303811
6.798920335399985
7.272693276999993
8.651233186300006
10.705059044000004
10.244322458999982
10.134420779282863
10.790881342999999
10.334763858000004
7.993723428300012
7.908332717900003
8.686893421900006
12.289781897
13.223335715999992
12.076128786999988
12.197772045999988
7.8056903899999925
9.263928305101267
10.495548960929263
10.24449042799999
9.865137573135993
10.236499927005434
10.43700296500544
11.344376381000005
12.151741082999997
11.968297086999987
11.475731852999997
10.191176287858546
12.984874385000008
13.307948386000001
11.438319918999994
10.754425348999987
12.217971648999997
9.816960545203989
10.708763125999996
12.247720839000003
10.63951092999999
10.548823754999995
11.998133891
12.416436977000002
11.286665301999996
11.858762018999991
12.425575624
13.83214904299999
9.74355234520399
10.090192120282861
11.722994704999985
12.246141349999988
10.867391799999995
9.461132600271984
9.224700671405111
11.761043343999994
8.932113107303833
10.695558322000009
9.836340644791996
8.971132548493589
11.012666103000004
8.997156936594873
11.96744920699999
11.853823736999983
12.911988182000007
12.253224526999992
12.382795383999998
11.810039429999994
14.981691776999996
12.068533912999987
11.588240386999988
14.172104754999992
11.352726406999984
10.674240891999993
9.94111405193344
14.682844556999989
10.889423086999983
9.208096336271982
11.172201787999976
11.272242554999984
12.73094586199998
12.12778797099999
9.647461888070696
11.231255671999987
11.94676354099999
12.605957667999977
12.989447790999987
11.78226646599999
10.460059711999987
11.688196210999985
11.511427239999989
10.470728406999985
13.77772239399999
10.940874651999994
12.305571749999988
12.141090261999993
10.907889342999988
12.144181623999996
13.462995469999996
12.460124724999988
13.774405987999991
13.511051279999988
11.742614557999998
11.529186299
10.509276880999998
10.539728934999983
9.863793290795993
8.27307884520255
7.297003851303825
6.041349516299993
5.421647784399999
9.085692759696151
7.449036582899991
7.997049220303826
9.760362846271992
8.036273715202556
9.093214150999986
12.548191248999998
10.399624108999992
10.897958606999998
11.959271787999993
11.014099982999982
12.46254964899999
11.501633661999984
12.825973777999991
13.188756299999984
10.801226121999989
9.810371461339992
9.58254951486399
11.557964390999985
9.61561627499999
10.605066410999978
8.165210664405103
8.587544317594864
6.467441131599983
4.136013140899979
5.77103511810125
5.01129108889997
4.035706599399981
5.850060685696132
6.881778654506381
7.281613903799995
6.457090753199999
7.779613699299995
8.224392672699999
10.94670782799999
8.850650357094878
7.6593700562025475
9.166819361931982
9.762145805271983
11.449059629999978
9.988040542727992
5.127363549799987
3.849720217899978
7.776626664696136
8.450332498202545
3.524248374899993
3.8039060318000018
2.480471900899997
3.3624951981000004
7.238225341799991
4.450015286299986
5.587752381899979
10.743600446999984
10.804063785999983
8.258143226594859
7.120212939506386
6.787622566202534
5.6978582168986955
5.711521169999982
5.060542745999989
2.607911729399967
4.606849589499971
5.812689369202526
7.989331767303815
11.461811399999986
6.4360155944999855
4.696152275099982
6.399277627599986
5.799969296299987
6.182148823499987
6.694331599399995
1.9618348510999988
3.207808554099978
4.069078184499979
2.317889002999986
2.754859849499978
4.006995919799985
4.4841440352999795
3.9108224669999836
2.0915128783999846
3.9332608016999657
4.4484617095999806
2.6471758361999895
2.1274114959999952
3.240978492699988
3.6862780044999806
5.517899198899988
4.028490544099986
2.0145681258999666
2.770760264599987
3.107113021899981
3.6276506545999845
4.782441084299981
4.416567021199978
4.65797627869998
2.6047877196999756
3.685161106899972
5.729578695699985
7.383559574898698
6.377228880303814
6.439849542199982
4.492477235399987
3.2639323409999803
1.784733775299984
4.762274381999965
10.323969648787823
9.858253910858544
3.236566058299983
2.7994303191999674
5.914396849101247
3.175298626696118
3.616307043499985
2.275711457799984
2.1203513228999755
3.3271333205999776
2.867151269499986
2.5722347259999867
2.2896794631999895
2.66346028749999
1.6230845092999975
1.5592786942
2.597548922699982
2.293905447399984
1.5408326644999888
2.5536905822999714
3.9536437499999715
2.207095758099984
4.755343672199981
8.529222116101264
6.829463131696141
4.393795913699981
6.687677745101263
3.140429386899986
2.9574225219999604
3.963355001799971
3.8295008269999817
7.078452271999987
6.88388046720254
3.0104133513999742
3.5208565093999717
3.309548042299979
3.8022289580999673
8.179378965797424
4.117927886999969
3.155702769499965
4.338601780699977
1.3687986525999862
1.956031623799984
3.940306771899983
3.6484457183999783
4.425700050399981
5.591131332399983
7.52083122099998
5.976728649898701
4.772971536299982
4.411472727999968
5.061316424599984
5.5853876800999815
6.9384139968987055
9.599152029271995
6.941822470099986
8.037344848594872
6.044019117699979
6.607494004799996
7.186377819797422
4.8757434920999785
7.2363890868999885
5.379283996599988
3.988685543799976
8.552464956696143
5.37219436039998
2.8727314788999783
1.4470987029999804
2.1391018203999743
7.740671806303819
7.052075775101262
7.189059487898701
8.784006524696151
9.48455545499998
7.935542523202547
4.753719058199976
4.548821250899982
7.392472657797424
7.009559320101257
8.978739660594863
6.6760258239999875
3.818080691499983
3.219454891999988
2.445675245699989
7.011577728299993
8.41944918210127
8.14771919710127
7.672938874797417
7.289837280303823
4.464162339799982
5.012280567899991
2.5991840377999997
4.163850393700006
5.657149928303819
4.651935597199974
4.556167401099985
7.564700276199997
7.847373692300008
7.664714405797428
8.659496232594876
9.555367961067992
7.298977954099993
10.63120348199999
12.811113163999991
11.875501090999988
11.494619613999994
11.781207657999982
11.817228150999984
9.38431607206799
7.369141323899989
8.4911813614051
8.006347457898705
10.277433138999985
9.975764767166401
11.950624062999996
10.023774493271993
11.583753415999992
11.812901032999989
11.355063752999992
4.443664645399982
4.929651303099985
4.408707768199991
5.868750201399991
10.26388229513599
5.134949269099983
4.122140997299971
3.9391053359999737
4.538462618999978
4.191267849699978
4.36307189479998
7.138099075299994
7.49131988830001
10.614421959999998
6.0978060515948584
8.299031158405105
8.219672068797431
9.634070552061587
7.329761108405094
11.307342411999993
9.153082223493588
4.685742907699989
5.9101256241012425
6.105012338299988
10.01969145803056
12.570536709999992
12.157787047999989
11.336988756999999
11.231315828999998
11.336710734999997
11.343829947999986
10.011532900999985
9.84175248272799
6.193699433899994
6.7980492661
11.271503985999985
7.7396241775948615
11.16433855999999
14.13408657699999
10.20427882221215
9.89810479285854
11.416725928999996
7.419895989999981
7.216972680696128
7.92650042879741
13.723284112999986
13.73769160199999
10.5985192209864
9.286248225405112
9.010127197300012
8.963091449000013
8.505512602200008
8.92204196779743
10.216188728099848
12.35512427199999
13.658013048999997
14.383781023999994
15.529510232999993
12.469753304999998
13.692284559999992
12.578042179999983
13.381748307999992
11.724458820999994
11.716794976999996
11.613751444999991
11.990287970999995
7.954233615101264
9.89571738286399
9.046781004203982
8.646711962898701
8.466879353303833
7.520833879099995
9.485898295727992
11.90467350199999
10.667885146999991
8.238832664506383
6.741816448999977
6.946757473797417
7.532508048999982
8.590582153303826
12.032383101999987
11.580469021999985
10.137595829858547
9.264706961067983
12.078270142999996
9.689017689646379
9.622170359863988
7.5324194244051
4.721839791899975
5.9307395264050875
9.156844625931987
6.348149980202541
12.318697109999983
11.479039681999991
12.013246052999992
10.357163112002718
11.389733024999982
11.579498392999998
11.158575216999996
13.727955762999983
12.952050367999988
11.821083054999999
10.495764087000001
13.303934047999993
13.737279244999987
13.581388199999994
11.801225059999986
11.12825377299998
12.232677233999988
11.364863936999988
12.840786691
11.985314022999983
12.64887539699999
12.708947469999988
12.025685393999996
13.736676853999992
13.477164121999989
14.847971535999996
10.430296281282862
12.574001294999988
12.659114986993593
11.19773261
8.148143943799997
10.291917539999988
10.674063137999987
10.150674988991838
11.513597611999995
12.453197400999986
13.200522584999998
13.972533469999997
12.244637359999988
12.954751850999997
12.775602784999991
13.443017626999998
12.636078325999998
12.053000745999986
12.039432761999997
12.468833948999984
12.68521876399999
11.815354276999983
13.07903917099999
13.393696515999993
13.158624807999983
13.261894234999984
13.161488787999996
12.613560280999991
11.095011823999988
8.057957827797418
12.139414370999987
12.694765201999989
11.844822198000001
9.625604678203992
12.577774639999987
9.003219125398711
6.526639195299989
7.690477496299994
8.612056913797424
10.446302521
11.787585261999993
9.619403773506395
8.716910725405116
11.498424990652794
11.506483903999998
8.518418514999997
8.748708747900007
9.344587773101283
9.781893652203998
10.267175815991838
9.62896926720399
8.26851195220255
8.113889973405106
8.388443525696154
9.604288301067983
10.772955637999994
9.241147589067984
9.595656106717094
10.16671870578783
10.141153463795991
11.590318812999993
11.459603100486389
9.809292790129588
6.234980412297416
5.409186689799982
6.139438018799986
5.683092480499978
6.4484499419999874
6.536195609999982
8.107104736303832
7.705403457594866
5.687700656099993
6.731146234099997
7.500811584506387
9.217393656931991
6.554757835399985
7.374747210699993
4.634957255599984
4.516611434899981
4.539293511999996
7.564921672101265
7.930090637202549
4.884258120700007
5.466464437899989
10.283534585727987
7.727348704493587
5.330474900799982
8.87748035740511
9.872804711929268
11.865396789999986
8.52429572299999
3.2369501235999887
4.399888951099976
8.852911093067982
9.850420606999998
7.099199810797417
6.645040678405095
7.235184837303819
7.629198597696141
7.8151630493038216
9.781645805271985
9.453626132135986
8.239962875405103
8.161436953696152
8.11626087340511
7.94658833920255
4.241408100899994
5.5603718245948395
7.786858645594858
9.819882182203985
8.502583274863975
11.950401610999986
11.429220734999994
2.926426866099996
1.5987806518999912
2.282135252399994
3.0293823791999888
5.841609789999984
10.664869260999996
6.672204516600002
6.367062252799995
6.972641171303825
8.26463269199999
4.544311616499987
2.7254656234999617
7.944561054999991
6.7242279891999885
6.600729035898697
6.448097137499988
6.03855204009999
5.467459115599987
5.273350100699986
4.895265913399988
3.7558730483999785
3.781069581599981
4.597933344999972
5.158504173299978
5.3744191588999835
8.274740238999982
9.606929299931995
4.221091577099987
5.698269131499989
6.690267939799986
3.578004635599987
5.506038197303815
4.932386956799993
6.495713233898696
9.048524139271981
9.543515434203984
9.457645710863991
7.193016342202538
1.8087614882999856
2.0585506316999864
2.6765755385999848
2.343992344699983
7.743051702898694
7.173607466101263
3.531935964999983
3.540895207199985
3.705294416799985
6.837833570899991
8.135082058696145
7.110955783101264
6.492732519499988
6.992351606797419
7.52629081730382
4.170448802199971
3.2745758635999764
6.802047289999982
7.7424826812999985
8.036758172594872
7.647120964099997
5.974834342999992
7.255340385399994
7.24720660399999
8.531827491797427
8.483338398696146
2.326098460399976
1.700408616599986
3.7401145781999707
6.576709887696138
8.085165798999983
8.497826155101276
5.112254676799977
3.8866226684999825
4.774158930999977
7.475684732101266
8.994727410931981
7.772668086202543
6.0521380309999815
5.1381096908999755
1.3427672077141304
3.8864554824999775
2.799704481499976
2.3916144591999773
3.7728446868999828
6.2767325072999824
9.743142004271991
6.7832861954051
6.933682075493586
8.740625395202542
6.929165295405096
6.450569302405096
6.141450227399981
6.73720461269614
7.630700001493586
4.88407866210125
8.700989868202543
6.541299429303816
7.3813935256961365
8.093198672506388
9.15632698210127
6.8389820282025395
8.704978552202538
9.596097732659988
8.705616363493597
7.5033224135948675
10.493225196999992
4.739932453899997
7.945660765101273
8.67165185999999
7.283245779399996
5.944915415999994
8.515710279797434
9.738750790271991
11.501908851999993
10.719780451999995
10.630608484999986
7.476784126303823
7.391998515303821
7.4623654616999895
9.969722756999996
9.30505018769615
8.438657891797424
9.124437695303833
9.54368240806799
10.983648372999994
10.879778446999984
6.394863996899989
8.0854577133
8.173299404898712
10.821086538999992
9.63672138820256
7.654042304999977
6.297497607399986
5.643131286599981
7.283739630101261
9.288583572405113
5.560904014599984
3.8715907943999768
4.884113798499986
4.89453195039999
6.385956582599992
4.575598214699999
4.502986453199998
7.813325678999996
10.119608146795999
9.491327931202564
12.476063439999997
7.498842842101256
6.865806372099994
6.226037538099985
8.120214919999984
4.926820048499983
6.388103776599984
8.111087850999981
4.012686762999974
5.974443536399982
8.486900273101252
7.139838241594863
8.84128710169615
9.97549710085854
10.650705724999984
9.190986425863983
6.687411027493584
7.890944027700002
10.189951260271991
9.588945838895988
11.301367042999988
6.771559460405103
8.135206742898697
10.760752852999993
8.525187359594868
8.381232345594869
8.439722949202551
10.693105319348167
8.425034272797442
8.675341149900012
11.51184836399999
11.358779343999997
8.95031463786398
10.26661688221213
10.567687192999989
11.07211701499999
11.92383073599999
11.867955184999985
12.867460026999995
11.453083155999995
12.84714416
11.71506758099999
13.006021688999994
12.324894498999988
9.321354350203979
10.623214492999987
10.413708458999992
12.767303913999998
13.01378570716639
10.115765719727989
10.32705863328286
10.122507415858541
12.03779867099999
12.480647919999996
11.716507927
9.59267013227199
9.376210424803842
9.728683816659997
10.280818967994554
11.486171386999986
10.783038247999986
11.360788884999995
11.405886654999987
12.104728415999984
9.842856230135991
10.000166107135986
12.266811457999987
12.233110862999999
11.004567451
10.859561797999994
10.988458602999994
12.009801501
9.135301892101277
10.260617027099848
11.640316288999998
12.589124094999995
11.32475681199999
10.599872298999989
10.053442154999994
10.926511693999991
10.14187943279599
11.311728768999993
9.04883742069615
8.39406278379742
7.898684013405104
9.715156005931984
9.7748202910707
12.426380446999993
12.283890545999993
12.699174599999996
10.497674061999989
6.518556642199984
7.35884664309999
8.136085909999993
11.121816005002728
12.234713132
11.801240574999992
13.710359694999992
11.919075019999987
12.831787351999989
10.74088876299999
10.57457550799999
11.815520815999992
13.200260309000006
13.006459356999999
13.500774182000002
13.864954549999986
13.351513155999987
13.660000979999998
13.03987137099999
14.173693412999995
14.347966211999994
12.970237159999984
12.028726746999979
13.927822396999987
13.476415984999996
12.920614954999987
12.726868023999987
12.101952129999988
12.324834609999995
11.124271314999994
11.358514873999988
9.418494789067992
9.823998440594883
9.680486106931996
10.28999526799455
9.09392342830383
9.21992842249359
10.655050931999988
12.06380979899999
8.790762803594866
11.489483272999994
11.538227506999993
12.011791427999995
11.040524510000006
8.805110725271986
9.965489073135988
8.697311750797434
8.31385371400001
9.028492051700004
10.366016428997284
9.079536236600005
9.705108341999996
9.331087689135988
11.521926316999991
10.749760709999997
10.07935106364639
11.786604790999986
10.428678414999997
10.530595386999995
9.941439784135989
6.303556722999984
10.504443007989119
11.040489795999983
10.960102543999998
7.432001034493587
6.8859187468999865
7.943531352202543
9.317056083696169
8.713592599499997
6.908917826799985
6.049275471499984
6.848082670594853
9.342311823999989
10.154495429999994
11.300952953999992
11.393702874652787
10.386149280999987
10.878401234347184
7.719710362202549
4.925013449094852
10.585740727513585
9.970745283666393
10.60707095799999
9.294973081999991
9.35854668729743
8.497503466803831
8.578118101493585
6.1680383864999735
3.8689233520999724
4.585185038799979
7.865844976803827
7.368578314199993
8.539831282
8.254400387594869
5.217750772099989
6.263510635399994
4.301726937899995
4.309243246499995
4.099407060199995
4.521397695899992
2.280891935699993
3.539340806601247
5.977240277099986
9.286093588303837
8.748401023905107
8.571508058202543
7.963593868999987
9.585523408659991
10.841762223999986
10.429992319999991
6.881829623399988
5.698342707797414
6.922692954999993
6.564576002499991
3.9801658675999896
4.539607638499991
4.511723226899986
4.52567739869998
5.079780317699981
3.8740669295999797
4.024944929499986
3.210379566999989
3.243622753899987
4.458187905899985
3.512789811699986
4.412970840499986
4.099431384299977
4.540408708199982
6.755911520405093
8.876597395303824
8.164470713797424
8.335976591506379
8.506319859303822
7.163973048405101
5.664396812399984
7.442925511202533
6.487898321499993
6.944218955999986
6.614306942696134
6.639025735506377
5.438751303099985
4.402032112099986
4.561823211699982
4.953222560099981
5.9534356399999915
7.359093128999989
8.29715776669615
5.558450285299981
4.050563636799984
2.043161752299985
2.754663958699985
3.9156445830999855
5.345092578101253
6.919765655493583
5.2295658874999855
4.7398937835999755
7.425389840696143
8.282881472797428
4.968288406399979
6.367670483399987
6.017406590299986
5.955062367199994
5.321823687699984
5.315787989799979
6.397727625999988
4.527533604399985
5.271486593599981
6.05594247279998
7.3714436264050915
4.48618001559998
2.5322100265999845
4.830246827696133
6.19961026609998
2.3862691802999776
2.82117769009997
3.974820243799976
3.8036709380999816
6.114158291599988
5.409386047399995
5.758142758199991
5.948712365699991
7.924278489696151
8.641730125405111
6.973159956405096
3.921292611699972
2.2668440444999804
2.7882252959999794
1.677684803799985
3.202087214699985
7.903886506696133
6.019878332493577
4.7592640975999725
3.224192513999965
1.2164347165070584
1.6111677321999842
2.678317660499976
2.7526166655999758
4.3041397429999755
7.813850320405102
4.896598298599984
4.946742059299981
7.098716114797424
7.221914082299988
7.8310537185948546
7.737961837797432
6.11729394379999
6.054073513799991
7.933053718594868
8.882117253101264
4.922196682699983
4.6249627990999755
4.940650999499988
3.6860566054999797
4.134336027499975
4.271245057696127
4.222713871799974
2.790922769199983
5.001093942299977
7.2490590820000005
4.035589269999988
3.9053776626999777
3.678307694999978
3.910711607399979
3.1620236327999747
5.548081756599986
8.056158967599998
8.547483743300008
5.787953660599981
5.393764825399984
3.385385208099981
2.5568105346999825
3.9578832915999707
1.1895675274858373
2.816528819299976
4.587339912399986
5.394739660599997
6.4882698943999895
11.16620083499999
5.032184072899982
7.455966421493577
3.4091901000999734
2.5216251601999824
5.359135850493574
4.588756610099978
8.136805256696146
9.415629975931981
9.257526954795985
8.491629690594866
8.403883341999984
7.248692361506385
8.222147750898706
9.051916813696156
10.904573516999996
6.860367477400006
9.944508521999996
6.6403468627974185
4.003675534101252
3.4565798614999688
5.279817475898687
6.086725260898674
1.7576598479999646
6.749442085303821
6.214234631303815
6.591857682797422
8.535179905696143
10.669610500999992
10.19129918378783
9.749888792271998
10.917869386
12.216469124999985
6.896988139303815
6.250088496405091
10.543185090999975
11.60238817699999
8.118809663399999
8.343518705696146
8.72770497740001
9.23087565920255
10.176700120646386
10.913494278999993
8.585697592200006
12.469808771999999
10.889282561991841
10.226987891010879
10.032508079646389
11.378306060999996
8.516323887594867
11.088913799999979
11.634686855999991
12.10641068999999
8.009056918303825
11.093865814166397
9.840312562717102
7.429105158999985
6.376455633493581
9.156576042135983
10.207782714863992
11.118865363999992
10.707356391999996
10.658079711999987
10.500157628999983
11.419374201999997
10.125327161994559
10.229416950999994
13.541132692993592
12.779284284999987
11.88748048099999
9.891072328135989
10.13965629887039
9.785514642212142
9.688222671486397
10.419015196
9.74677469013599
8.36467489779743
8.978458422898713
9.014157401999988
10.087615501282867
9.137755683898707
9.927405018717105
10.717105007999994
11.909233124999979
13.594867472999997
13.53811201799999
12.67073094299999
9.095889961141411
8.678001065067967
8.59998777913598
8.109573643339965
7.6672996886961355
8.842638046303824
6.464909132405101
6.733714005999967
6.719629081696132
7.618566896067964
8.855284031795971
11.619291274999968
12.552794962999986
11.821174332999975
12.18213855099999
12.661368612999992
12.13115263399999
11.781025774999994
10.725570696999998
8.694483901999991
10.797354627999995
9.93318630685854
10.744668136999989
12.640520910999994
12.70520498799999
11.834080911000004
12.199979070999994
14.360335631999988
13.04388156599999
12.253087378999995
13.292105538999992
11.327095347999988
11.069716822999988
11.734875048999994
12.720517373999995
10.450759764070707
9.498080915863989
6.943317063899993
6.038706333899993
8.215626798999994
8.741181852696155
9.729135540863993
10.482771865999993
9.845532832203977
11.300357746999987
13.279232131999995
13.341026101999987
13.510241224999998
13.934784395999989
11.561361348999982
11.528547883999986
11.777632908999982
10.273812086339984
12.904697905999974
13.839176983999987
13.712092598999993
15.344667586000002
14.898952504999999
14.002206842000003
13.766560703999986
13.978761045999988
10.22822466286399
6.473287419100001
7.614699562099994
10.073994730999997
12.330229870999993
9.23037148589871
9.95786489103056
10.492251331999986
10.42958171798911
10.084869218271994
11.364562117
9.526927790797439
10.302817732141426
13.758755662999995
12.369536731999991
11.682727895999989
10.953505304999995
11.637945209999984
11.054224601999993
7.241831268303829
9.38113511810127
10.485630768999991
10.249405094929264
12.458412041999992
12.698894869999995
11.402683007999993
11.152985564999984
13.765504702999987
11.337541521999993
7.629811180101263
9.394965020797438
9.989298161203994
9.44033130340513
10.507904749999982
12.647315735
12.95395499899999
12.13841312399999
12.883887208999985
11.59183048999999
11.329673826999988
10.431502767999982
10.972664826999983
11.976298382999985
13.83285423399999
11.865168842999989
13.553840409999992
9.276786920135978
11.662603745999991
11.555649764999991
12.440784081999993
11.187342249999993
10.390108407999989
10.657871915999982
10.73705454399998
11.828400956999996
12.02988286099999
11.19710344999999
10.603426952999987
7.827609837303816
5.920768165599986
9.365575042795983
7.751862049898707
6.498923213202539
6.282520817599985
8.096835366799993
10.106534791717106
6.24641143489999
4.360034947199977
3.49047570339997
2.9412610320999795
3.4546249740999717
3.3972883330999717
2.0268350066999825
3.263379276999972
4.3051453994999855
2.89037487339998
6.038563102699979
8.7329188873
7.899031031797431
6.687245259099991
3.3665354781999857
2.5956413070999775
7.273034460405105
6.296121899399987
7.198368875099986
7.220415246594863
9.292015624999992
7.249544499202541
4.147859106399973
4.519991189594849
3.8586906173999735
6.106922680696123
9.559890013070696
9.741174154795981
9.641115608141419
5.712165664699985
5.376166297898685
5.521081944303809
6.634917353797415
4.088069425999978
5.9019625763038075
10.334577573999987
9.887072169353578
4.441285555999973
4.86970175479998
1.6310984832999869
1.678841365099992
2.660873538199974
4.17316117099998
4.46190190579998
4.6090793929999725
4.162558987399975
4.124944677699979
3.1387777739999723
3.7190080153999903
3.4094556609999715
7.614331390405085
10.924130773999984
11.504333495999987
4.195310720799985
1.7660077941999885
1.753670213299994
2.286249645999996
1.8238871184999867
2.600242806999977
2.784363967899991
2.807690882899987
2.878522705099983
4.354711917099976
6.854616061405098
8.382716043101254
7.73249807889999
6.125021083099986
4.102942159999985
3.6398927916999795
3.661156832899987
4.2000318740999845
4.453544152799982
4.423811344899978
2.24319543609998
1.0235250720999938
3.3193473601999828
2.5178216918999854
2.7476152923999737
3.855589424099973
3.620371496599979
4.8784090133999936
3.928267459099997
5.68920214079998
8.665372941594862
3.410545880099981
3.254422004699975
3.302918305999986
5.44130447389999
4.801066487099987
5.483560612499982
5.705273905899978
7.48147102809999
4.997303353899985
2.885465515099985
2.635672659299982
3.1257437880999714
7.381480021696131
6.3624024337974205
2.988697387699992
2.7822984176999785
3.978013783299971
2.3181833739999664
5.310251708999975
3.1895878356999856
3.5645297118999926
5.026390623499999
6.742968260202543
4.994901394699984
6.327648593101259
3.462830445899977
2.3520962966999797
4.591515690599998
3.73868732759999
3.3918519851999998
5.557969796799986
6.236591847199985
6.88177224579742
6.695511878999993
7.082046467594857
5.424757583594853
6.81830914459486
7.964560650594863
10.031916894659988
8.339465145898703
2.0336140044999746
3.3482883239999777
4.048010867299974
8.950121691898715
9.728620648135992
7.5335420654051
4.630498518399975
5.600894915797411
4.6798804549999735
3.601168704199975
4.792623574799975
4.409445231599975
4.002870036299981
5.232347146599986
3.459774125699992
2.6417653884999934
2.588305186499995
2.4436522155999967
3.4880992310000005
5.649748377999996
9.188096749898714
6.267886469999977
3.52078759919997
3.467886556999972
4.480050834699988
4.640265154999975
4.963214836099982
4.496038333101246
3.5528156966999833
6.505614387493578
8.632252120999988
6.097594363405086
4.911573911999948
9.043842359898704
5.8530568496999855
2.9596985274999836
5.538359583999984
4.537755618299982
5.639398532101255
7.343726608303814
8.953109873999983
10.338573642986395
10.129292669795994
12.13296930099999
6.38774925379998
6.620722326696139
5.086830439799995
6.093262351999981
8.64257891240511
5.720125701899982
9.336215747067982
9.407212983795988
11.433493726999995
11.969268303999984
6.79879851679741
6.341977438405096
6.3152254790999915
5.584688574199982
5.919826632699987
7.682930523696142
9.02240233772798
9.930262983795997
5.4923241699
5.4626889923
6.415053234899999
6.438465847799997
7.357690678400001
10.68353299899999
9.35346552893198
9.952689752135994
7.132799714696141
9.348029365646381
7.190121525594861
12.944482683999995
11.703888476999996
6.399290338100001
7.6716537047974285
14.206840690999991
9.177425071696156
9.576104423493607
10.971092420999991
9.901075233353584
9.003802703929253
9.86493935865999
11.354639555000011
8.494225945999986
10.461704671999987
11.721282294999991
12.744781220999995
11.249519765999999
10.762428908999988
13.020972567999998
10.511875028999993
11.308560756999984
9.572607810999985
11.907855552999981
9.54914687027199
9.522570867929264
9.124367602659987
13.731144734000011
9.451704385271988
8.158320933493581
7.028473535202532
5.043958654797406
6.184334756499979
9.26235390478782
10.960672188999984
12.253888865999986
11.385254754999988
11.341659353999994
11.483602244999997
11.15036842699999
13.008596441999998
11.577114377999985
11.899873905999993
7.245759683202539
10.669567397999996
12.020781527999985
14.288995116999992
11.84130964199999
12.767615217999992
13.144435414
12.178868738999995
13.401030465999984
11.080528698999991
