14.55940261499999
14.224496018999993
13.253376940999985
10.63319902799999
9.943902683999998
12.257556879999997
12.211558236999995
12.71406906599999
13.21601743499999
15.086350615999995
12.954421625999993
8.783161360202547
12.154457606999987
10.936117304999994
7.7447024917974225
7.2041520111012645
6.548848355099982
9.184737673999985
10.877743076999996
9.544449150067996
10.263860413010883
12.693998168999997
13.015709684999996
12.42197692999999
12.336691903999997
13.647116169999993
11.976921135999989
12.125668387999987
13.645492653000002
12.976602631999999
11.799018991000008
10.808680391000001
12.451125322999992
13.023341283999981
13.998846233999995
14.853350583999992
12.964108391999991
8.210891458101267
8.33079643399999
9.399968391405114
9.445485084493603
12.781874093999987
11.52473822599998
13.610981285000005
14.013079877
13.85326770499999
13.472029377999988
11.871123304999987
9.339513133135984
9.582303474271988
11.288954084999991
13.487981307999998
13.455484386999998
12.617643056999995
12.616478751999997
13.324219765999993
7.991478381303818
11.23786008299999
12.289065708999992
12.872086863999995
13.528466161999992
12.251623542999987
13.191854056999993
11.971465198999999
12.430508919999998
14.148014190999996
13.342492301999997
11.666996061999988
8.010405248999986
7.4564503463999925
6.972194937099991
9.658461779797435
11.201506034999994
8.407867774999982
9.053821661271991
9.513836242696154
11.345100595
9.676925273067992
9.233587413000002
9.333991953999995
8.708093809493596
7.71547512210127
10.123862335141427
7.636376008594871
8.64479987489871
8.627801563999984
12.776251119999992
12.652624129999987
11.935767296999995
11.149343401999992
11.97702430399999
10.93990729499999
10.263555912863989
10.33465923899456
10.451489599866887
12.054067124999996
12.09606920499999
12.522823688999997
10.446056395999998
10.004858342
11.420282644999997
12.99424482599999
12.007721634999985
11.633128364999987
10.506293375994549
11.558489739999986
11.558016767999993
10.805210727999992
11.000306170999991
11.001392136999993
7.949372871400006
10.228023301795988
10.749068555999989
10.774351124999999
11.494043368999996
12.852358841999989
8.858503082303825
7.789088336202531
7.331571189898689
3.9422805160999834
5.605893136599976
7.034965727199997
5.9741200317000045
7.992477230800015
8.457633294696151
7.65592377930383
7.282926856999989
6.086135302699991
4.668077996799994
5.031946452299996
5.685222026099991
7.857836215199991
7.728171276898705
9.640195507858545
4.337926400799974
4.400346502699978
5.67436832729998
2.3909425841999874
6.2691119994999855
6.262534497101258
7.9463995972025465
6.574016805999979
8.366680743405098
4.919433282499985
6.671569755594854
5.87697003169998
2.094258851599989
2.5890775115999847
2.77593649599999
4.1251260132
5.047473557999995
4.263741868599997
5.045052343799983
5.866789929199995
3.6287394439999905
3.61652660219998
4.77650648349997
3.845539327999978
7.574924310303809
8.62915891269615
9.494483921863985
6.539008839399987
6.611664443999987
5.2578467360999825
5.785285160799981
4.94352006679999
5.898372041299988
5.6108264220999855
5.665187628199979
4.571273007199982
6.872645886202537
6.7064630568986985
6.285427053797405
4.506451234399972
6.002854841594854
6.1488259078986935
5.275023843399985
4.631336718799982
7.2615626633038275
5.120410732999989
3.0502743468999824
3.2483764510999986
3.569025254800012
4.029980512999987
4.687089379899994
4.506612617499985
6.697882543898704
8.969917488101265
6.0198451796961345
8.251088233898699
9.814168901067989
7.288502352898702
4.412963774099973
3.9683328307999868
5.655788217199976
4.882531509399977
5.412427302594855
6.16100235599998
3.8964143386999814
2.598286054999989
2.838430657999993
2.462808053599993
2.2428928496999987
2.9668667754999802
4.130399536099992
3.333763172899983
3.9512403838999774
5.739378614799982
5.290944753999974
8.591538195797419
9.431100225863982
9.788766578795984
9.110794923405107
6.719970220898707
6.193184301799985
5.713134756499976
5.6539616317999855
3.036914752200001
3.3029179459000164
2.9828304442999967
2.695633239699993
2.6327008179000058
2.394524992400001
2.9707488373000004
4.38746597599998
4.7478277480999775
6.726395729101263
4.6662660949999815
3.582669448899977
6.656346670493572
2.1074825088999605
6.28181048889869
8.198512550405098
2.3688723342999785
4.1553525985999835
5.577253585799982
5.812161410499983
7.141241703797418
9.146994047659987
9.516969605999993
6.085575013699985
3.002123124699995
1.3235899101994568
1.4400825530999979
2.7010869491999983
4.825348107899989
6.863813851899992
6.139813069200001
4.773307470700011
4.3434495056000095
6.077558111599988
6.872366490199998
4.314338651999985
6.4399775452000005
6.739936473100006
3.5971692336999976
3.949964030499981
4.380509466599989
7.203216972399996
8.252591035506391
9.500930169696153
5.931203858899987
4.259811346399977
5.316125485202524
1.7373103988999765
5.132026713594849
6.807727220202542
6.321546237199988
5.17735764619999
8.043110337797431
8.323561274696152
11.52889970399999
7.467419770797422
5.9822050750999844
6.882801554899985
9.17386007389871
5.482129498303808
6.253941032405092
9.191383377067977
5.987381228594852
9.524643310493587
10.482924157999976
10.851666706999984
8.912037092594872
10.886531554999983
8.387734791594871
6.696740188599989
7.5694489165999945
11.775949109
6.159940637202538
5.173801806599988
8.555444282493587
8.250004939299993
9.189147427405114
7.812842080699997
10.836567412999992
5.032577355999982
7.3419160598987006
6.903659252899991
7.600869674700001
8.20877912899999
9.401815991135992
7.970910371399996
9.026872106898725
8.280918193100012
10.101931433033279
12.486795538000003
10.977182313999979
10.931429149999985
11.185738286999987
11.392571006999985
12.608029775999984
6.532543666101255
5.43883569789998
5.671155116299987
5.9025480209
7.9893087005999925
6.642741632099993
10.755880034002724
11.338278849999986
8.449441801506387
10.478405195999981
10.957678974999988
11.91541838699999
13.438551444999991
12.966438950999986
14.100698003999995
8.337599795659974
6.488559071405093
8.782962638931979
8.90674967040511
7.552362397797424
6.831499247699986
7.732420034797422
10.019232005212148
9.981414125070708
12.728227097999984
10.731568258999987
11.922698839999985
12.264015569999986
12.288091408999993
12.558409212000003
11.02585127999999
11.455799886999985
15.32211706199999
12.953449228
13.085840273000004
13.122195365999994
13.36206330099999
13.347305022999997
12.831821518999988
12.549065687999997
14.351700971999993
15.011784273999995
13.431993313999996
11.279026150999986
14.250551491999994
10.962633285999996
9.215981739797437
9.787230720493609
12.823306325999987
13.531342014999984
13.587312977999987
13.925258272999988
11.566111411999985
10.240434649787824
10.870141976999996
12.446896552999993
11.850644993999998
12.162281348999988
12.219451006999993
14.183990920999994
12.967642562999991
11.518976345999983
11.805493217000002
12.308522253
13.96033812299999
12.02364067799999
12.632636377999994
10.962423465986395
12.709372645999986
13.618815561999991
10.15618283999999
12.603024087999993
12.625977683999997
12.236756962999987
13.05447910599999
10.062645120141424
12.290453953999998
11.909879433999986
10.617771268999986
9.980404223717105
11.161467981999984
10.290428742999998
11.039715900008156
11.99263359999999
12.64197666199999
14.566822298999993
14.926365865999989
12.16803499799999
12.933848072999995
13.71518589499999
13.11217836199999
14.213697074999997
13.475736127999992
13.314277675
12.503478551999999
13.50852259499999
10.522560782999989
11.181269303999995
10.952222156999989
12.793995922999983
13.203734045
13.983383257
12.011388140999994
10.630012060999992
11.252823468
13.428510360999999
12.82343672299999
11.105597037999992
11.481074767999996
10.735415726999992
11.22076873499999
14.532386776999983
14.946197831999987
12.310438088999998
10.748746781999996
8.600528648405106
9.077930638101275
8.243949935898705
11.301252598999996
11.933697223000006
11.075823752999987
10.55229069799999
13.008187885999995
12.506666295000006
15.104280283999996
10.88367354699997
12.118921155999981
11.386295560999992
15.272840175999992
13.83915860399999
13.914939370999996
11.673140011999987
6.540859052999971
6.895575079303815
8.2111499358987
11.739444935999988
7.475915837101267
7.605593066405099
9.455905458070696
11.637289881999994
10.345769991999992
11.35113755799999
8.150370950303824
8.21499523469615
12.532557367999999
11.444712580999981
12.26652877699999
12.616894843999983
8.511923937999992
7.159487792999984
10.156237921070707
11.789319855999983
10.195935061717105
6.80190629119999
5.424045257594856
5.673680473299988
4.167063442999964
5.571648957799981
5.858730290199982
7.526422398405104
7.44259143979999
8.184115339696154
7.161920529200001
7.733320761101265
6.432808673099984
6.51149917909999
6.129775186199987
5.22036927489999
3.839261660799991
3.485995745799987
3.1328465087999824
3.4483049758999775
6.090168972799989
5.711396272300003
5.540306889299999
10.006664500282863
8.592500094594868
8.864036048898699
10.558484318999986
6.400664114405096
6.13135936279999
5.267279815699995
5.8440794829999945
6.066047085599992
6.488344810506382
6.907445718405097
7.876776426696145
7.0320385864051005
8.604589063999981
10.63822934299998
11.483809675999982
10.650068870999984
11.59978804899999
10.50250399299999
7.282255758696148
8.450775756797428
7.572509806797424
8.918033100898711
11.266781995999986
6.921057382199991
5.377720581099989
4.292938175999982
2.3938912368999903
2.5340527572999867
3.429396984899983
2.6068022124999817
3.8735878325999726
2.8881720870999685
4.875663893100002
2.7467697158999886
6.182882682799984
7.823910104399995
8.272287234506388
8.692873687696142
9.254305697594875
7.287646343999989
8.989253767405105
10.110301376212144
10.269598312282868
8.590829260303828
2.89945768589999
2.3993477691999745
6.497565418999978
6.652370429999979
8.70772702330382
6.926419195599989
5.416557037399989
8.614014218101257
10.017422981212144
10.138410224929261
9.884869032212146
2.442757734699985
1.960366776999999
1.2178344695999959
3.638073228499997
6.865457289101257
8.593080200202543
8.008879762303826
7.376651383999983
9.495325447070705
9.069803462135981
7.777407929999995
6.96289390719999
6.023041561899982
4.979978144799985
4.128656512499995
5.531909237699981
6.0597685729999915
4.672061041299985
7.9409986481012655
8.12387097169615
6.503234060699988
7.642860818499992
7.427628855899992
9.315538487135987
3.833686021399979
6.248466502405091
7.422254357898704
6.4808362029999875
5.8757219878987
5.817012663299998
5.967104385400002
5.709432307399989
3.6619846008000003
2.8492766510000043
3.920191197199986
4.272962577799994
7.317036555506377
8.084357199101268
5.1665271758999785
6.042997236599993
8.393409435999986
7.273375587499989
9.15440861659487
8.362008903659973
6.452111195405094
3.520182974199986
1.3950015181999853
2.3908086440999683
5.135845115696132
4.622192785599986
3.175065640299981
3.619203951999975
4.315983633399996
2.833600236500004
3.6529512176999988
3.9522859725999844
5.7325274749999835
6.50850120850638
11.457115877999987
10.676638892999986
2.371637968399988
2.5542648070999774
4.586459765599981
6.342523901400002
8.797555505405112
5.231759909099987
4.756425785799972
2.0362205657999755
1.86106605529998
3.3608455687999803
4.958265097
4.9573648848999925
4.693903898599983
4.264507421899984
7.267986875899989
6.813947917199988
6.620156788599986
5.013977238499988
5.6652470687999905
8.758987380999983
7.124459071405104
4.474792561299974
2.1068491561999667
4.517172494499965
5.305692887898692
8.529515594506385
8.77319727479742
8.218087623594863
6.651789099101251
7.438237974493584
6.949873625202539
8.789951983727983
4.904648890699998
8.446677381898706
6.365314636202541
7.112327267506386
7.7833191483038195
8.107614742999985
8.257664797999986
8.062227006493575
9.606703539999977
9.046956117202548
8.540380938696147
6.6450478653038205
7.827596568303821
6.973009077506379
9.743983834858541
7.89659302830383
7.623548066696141
11.803870313999985
10.825035868999983
11.04828600199999
6.858832447797421
6.493600634799982
7.174837138405097
5.504282281499982
6.731726928699997
6.066006484999974
9.460856396519999
10.349280189646379
12.59218265199999
11.926936913999988
10.69805235699999
11.660911663999988
13.494590220999994
10.665158982999985
9.93453453514142
11.874449964999991
10.128168556135986
11.353080445999971
11.773495991999983
12.971715053999992
10.424826902999989
3.5184575850999997
5.687197651700007
4.328695254499998
4.823715281699997
8.470195033203977
6.304342633101254
9.852013339141418
7.555522151202546
9.318220376594882
9.657421691929263
12.472954204000008
9.514792648311987
10.779384157999983
9.396631719999986
9.70899985971709
12.676399590999988
12.576236233999998
6.272835703999979
6.658412167405097
7.928868693493587
8.513233032202553
8.979507459999994
9.735561505067992
10.756408198999987
9.534488087339994
9.806656632999989
6.794145835899988
7.3269653808999875
9.41597510686399
6.459547853099998
9.234550492898713
9.227582841506393
13.243156610000003
13.62623637500001
13.272055974999985
14.172040659999999
14.179316215999993
13.37955074499998
14.975047355999994
13.736387961999998
14.409944207999986
13.409135422999986
12.601164022999985
12.266403667999978
12.806012142999986
13.583279929999996
12.514958011999996
11.90650984499999
8.836125974999991
9.084708692898715
9.882665801999993
10.743719854999997
12.370477539000005
11.298472663999984
12.642496074999992
14.746817348999999
14.054400931999993
14.812169808999995
13.152179079999986
14.700496013999988
12.763121648999991
11.340162017999988
12.061719727999995
10.83284257399999
10.047919323787827
8.062205186499995
10.758677727991842
12.325084153999992
9.721650678999989
9.233447219797432
12.933993766999983
14.08543310399999
13.805704165999995
15.040740435999993
14.133523697000001
12.827511730999998
13.332426723999998
12.29596232599999
15.101952001999999
14.454290171999991
14.050641681999995
14.110269742000002
15.643295730999997
12.812247025999984
13.04182163699999
13.936667415999986
14.503854499999989
14.765685787999994
10.306183421212136
8.438881584135972
12.042354723999988
12.512999335999986
14.19146406899999
11.866680761999985
12.137053617999985
11.206049161999985
11.414150466999983
12.837169761999982
13.014496595999988
12.322385737999989
12.473944649999986
12.046509405999997
12.02755006299999
12.737896528999986
13.071285558999998
11.434225927999979
11.553212301999993
12.100637626999982
13.202843830999987
13.168938770999988
9.912933631898726
9.150041274999994
10.52814404398639
8.561238652000004
10.975865958999991
9.764977934203987
9.443756599271977
9.547714422727992
9.947262823152801
11.189391790999986
10.626320218002716
11.136741178999989
9.243577317797435
11.25795318799999
13.22754243299998
11.77109007999998
13.24155215499999
10.977809879999999
10.951558118999994
9.862672654795995
11.956659905999993
12.231228214999993
12.932850628999986
12.179512272999993
11.314399816999984
9.128535845931975
11.674872043999981
11.169671774
12.038674840999992
11.841379258999986
13.384653278999988
13.115977210999995
10.805916521999986
4.439848329199983
5.63866282959998
8.81337458650639
11.934286980999993
10.21840382827199
10.752959656999987
12.111856661999994
10.152098091067998
10.66020632799999
12.820791326999997
10.012995399152803
9.859000949101281
12.057423958999982
7.381249926797424
8.876250886659973
13.048241279999997
10.328685375999992
10.737768802999998
9.237944856203985
9.384249412493595
9.604085696271992
10.091785259999998
10.969618445999986
9.500538302727993
9.888597534135988
9.065459121696144
9.524414390727983
7.008354328898701
4.707516549699981
2.124793414299987
6.62729834440509
10.986305120999988
7.371153654506383
5.618406784101251
5.508658862303809
8.839094775271976
7.147619779999989
7.959533038303816
4.203051072699967
4.048273129299983
6.294668150299989
6.845626670797423
7.077971423303824
9.280956356863985
11.25821130999998
9.491676716727982
8.278824012797418
7.044647372405103
8.53048927459486
3.156312123099982
6.642653201299992
10.292471783282869
7.942759631303827
7.500473464999972
10.943057818999982
11.444351070999993
1.501640035999984
1.94948110049999
2.6469285552999873
3.561805776999975
4.523753185999988
5.021234042399981
5.107765837099979
3.501584078999978
4.05654088129998
2.0687459029999853
1.9921871093999826
2.316883920299982
4.10961575159997
4.084275917099982
4.295098074303806
5.730680699202525
5.676502745101241
7.239600321999986
6.592355079699985
3.2662348388999725
4.608470414699974
4.373513642899986
4.1002171020999905
5.619723408499987
7.1176321441999875
6.545357565299987
4.626924992399976
5.496732072399977
9.150914620999988
6.608795230101261
6.073440109299985
6.7002346832025355
7.740338417101258
6.003044738797413
5.659660980202527
5.388515930199984
2.963045257599989
3.0874762862999807
4.541435867299981
7.075078565999983
8.186192129493579
9.483760015931987
2.8629809081999666
4.6969063689999615
5.718232176199982
5.7165698974999835
6.098501417499982
5.428779083299984
7.0501605056961445
6.289417347696133
3.2089108260999923
4.14329732059998
4.914318525699996
6.815220457499997
6.591328684999977
8.531193249493585
9.015167398101266
8.523862135303826
6.013725492899985
4.682724923699977
1.8518308074999836
4.995651531999975
4.151717140199989
4.35420339199997
2.2775523513999736
3.438588005099982
6.273724795499981
4.272842251599993
4.404518891899984
3.6454802413999916
3.000201090999997
2.864065556299991
4.841366610699985
4.016472416699995
6.179837081899987
8.584429151898698
9.318757008271984
10.637131698999992
7.298482598898703
7.7533484588987
7.289887377898704
8.831314256303829
10.830394434999988
9.87871879279599
6.9591927673038265
8.676140513594868
7.9682328963999955
7.232057351699992
6.337292071499995
6.53338388369999
5.70267416839998
5.48783041229998
6.21358202510126
5.806178436299986
7.2626722672025465
5.13155201719997
7.152497903405098
9.94199632879599
9.176740139797426
10.169282478212146
10.31898308099999
7.931205654898697
9.49483208779599
9.109508587727982
10.216228889353587
9.15801887372798
8.369365864594863
8.328059080493585
7.679660482797426
6.536359526099999
9.014042204303829
9.391836254931983
11.546334241999995
5.083516912799983
6.830691435202545
7.920313073699995
6.485787531999989
12.678274396999992
6.567660894799983
9.800733534141418
9.184593861271987
10.330507680999993
9.255275070135983
10.119397213787824
9.40462561327199
10.52765342399999
10.876874103999988
11.521914225999993
10.770875438999996
8.969090864594865
8.461399212594879
9.029822494493589
9.075458923303836
10.791055013999992
10.694764055000004
11.405216001999998
12.781737747
9.235340612797433
8.69885555420255
7.366714860499984
6.9929729308999935
4.770925352499995
7.276072331200002
4.228302746599996
3.4766171111999964
4.882318719499998
4.005559016399998
8.646059793101275
9.792741519202558
10.248600528999992
10.145356304929262
9.93868116299999
8.848290336594863
7.447701673898698
6.19922803189999
6.385199800099985
7.120529534899987
9.123676931863978
4.243067504899974
6.009710201999979
6.5852662826999895
8.526085095202555
13.181807360999995
4.847198228499978
6.389613651999962
6.969572967500002
2.0880649550999912
5.978966873200002
8.37792801669615
9.723756036282857
10.017002661067991
10.243761341929266
9.276635475135972
8.03383401179743
9.107223956303827
9.298602612303842
10.929964744999994
12.074666816999997
5.232013996899973
4.1694516067999725
10.550291208999996
11.608464765999985
12.917705443999992
11.512870731999989
9.04464486527198
7.018584306303802
7.833350451696139
8.948266953999976
9.137069078101264
10.77744734599999
10.990964057999976
10.97585967099999
10.079642609994556
9.815607652203992
8.180023297099995
7.698438041696149
10.097744788997282
11.843442875999997
11.598213123999997
9.900323821999992
8.103898599202541
10.837289608999995
13.075120015999993
10.00143265828286
11.71089273799999
12.128624839999983
14.078173371999995
14.242911217999987
13.23902678699999
13.124695058999999
12.575908442999985
7.029353817696132
13.83981547099998
13.050778719999993
11.341843932999982
13.912895945999988
11.468348893999991
13.497627183999992
13.161805497999998
13.299614744999994
13.145769446999994
9.360688102795987
11.906768752999985
14.545331914999986
10.978620577999989
12.379701110999994
11.598230716000002
11.490103844999993
11.67337597799999
11.022023530999988
12.261399442999988
14.037964860999995
13.013515439999985
13.932004775999992
11.633794542999986
9.643604878135974
12.395428602999987
10.70235354899999
11.784360821999991
13.254349663999994
13.765138285999988
12.350259598999992
11.556119805999987
10.386773284999984
9.09992682040511
11.228132117999985
12.480829456999999
11.211425210999996
9.953766157659995
13.648335527
12.114061930999986
12.981034957999986
11.514887302999991
9.01951418910127
8.724022074898716
7.712825367699997
9.665784745938886
10.900444968994561
14.812076543999991
12.448041216999997
11.993287359999988
15.046988346999996
14.099781272999989
12.512923191999988
12.940078057999994
12.447677094999996
14.222755822999996
11.667083057999998
13.749147481999989
11.082723754999993
7.722144764699993
8.092601298493578
13.031788769999993
11.27827905899999
12.040733118999988
11.86117932699999
7.283706526199995
8.2698624741
7.493209429899996
9.883615960696165
11.644253129999987
12.00014964299999
12.271129358000001
12.95106591299999
11.769163729999994
13.759307067999984
14.79576289799999
11.867871279999996
11.747823363999993
12.388722014999999
10.775589586002715
10.007647502067986
10.933506736999995
10.755168775999996
10.57158051899728
8.829163673405107
9.834548226931998
12.78503468899999
10.654861950999987
11.992246094999995
12.700119910999991
10.513242605999993
9.264788362101276
5.329322213700003
9.765352110203985
12.690408507999992
12.756325748999988
13.089615877999995
7.9142850188987035
9.895398951795988
10.048353674212144
11.280059925999984
13.42228005499999
12.361663160999994
9.292982186931981
7.382774693303827
7.432050758399995
11.96000858199999
12.615938921000001
12.96576892399999
11.112179246999975
12.229194275999987
12.300904679999997
12.31777065099999
12.50071756899999
11.515881068
12.328185778999996
12.909744173999991
12.471068976999993
13.196318743999988
11.832625736999987
12.723935683999994
10.830620839999998
13.127915529999985
12.103167000999989
10.591504912
11.443637338000006
10.511736779999993
13.36291242399999
11.889869762999988
9.006982632405107
10.326717340067988
6.952580194101267
5.59822764129999
5.251293650799983
7.182178242506379
5.4342774947999875
6.542611239600008
11.192261722999985
10.851092701999999
6.7245397017999835
5.303870434594841
7.564846310405109
7.7201626143999915
7.93938564910127
7.4232214797974265
8.531363871797419
8.929522500594866
10.343748755989116
7.082672984299987
6.989563499506381
5.918738146999984
2.937099455299982
5.305335205099978
3.846503164699986
5.251402029399976
10.122069602999984
10.54093116599999
6.218754438797417
4.91255633999998
2.722820167499992
5.320673565699981
7.840728248594859
9.180393341067983
9.516326098727983
7.244557792696146
4.458282536299992
3.4142494109999917
2.331227308699991
2.083736952199997
3.3368870681999887
6.959740776101259
6.3921586014050975
5.455608184799978
5.147301600599979
2.609110055499975
5.6905204528986815
9.147370300203983
7.356383602898701
6.679589074699985
7.911866418506388
5.6899498031999896
5.355942747499983
5.867220922899991
5.953463716099993
5.664073152199991
6.416960832202538
6.759027429202543
7.9957561828987105
5.8299335189999875
4.101123976099982
2.38330130619998
4.20766098629997
7.891143893405091
6.733474258405095
11.139398501999974
5.754432554599993
4.328338207999982
3.4097433883999777
2.466899296599981
1.8407790709999932
1.6638694655999915
1.900436241099987
2.6877330855999855
3.3353352218999768
6.145883093303801
8.781310171659978
8.140361822493583
4.066544236799978
5.498080752599979
4.389143745399986
3.2890741363999836
4.887609809898682
5.567259817499989
6.134646327199981
7.36706749730382
7.560577668797423
7.332856047101259
6.484157043499986
5.1272150435999775
4.429604688999996
4.292942553700008
4.814943427999985
4.189333010899999
5.717699485799987
3.2984743438999784
5.776402790799978
6.100727047696139
3.3069875213999778
4.565072959899972
4.539314498898692
6.539547749299987
1.4710632818141245
4.572640765399978
10.370018904070704
9.477609307929264
10.167051161141428
3.6542561492999894
3.1348677016999758
7.322534983797413
7.0060592208987025
8.800887240727976
7.474843356303813
7.799236444101267
7.818700216699998
8.358991281101257
9.87973637085854
5.503374050899979
4.888155036899979
5.662755200199978
2.6399018371999765
3.030926725799995
2.5384102233999943
2.6977231536999935
2.9725474288999933
8.350039437898714
9.322713124101279
9.241524468999978
9.202206034931985
11.477884235999996
6.427476124599989
2.2622399520999745
3.129735607899981
4.027842996199969
3.8233305007999685
8.829683558795967
4.217546986399972
4.576860662799977
6.977962846405102
8.035287676999978
8.343758055101267
9.062763056931981
9.066386988797433
10.402059591999983
8.409538296493585
9.567672642493593
9.876326832717107
12.870845675999997
9.839895297141425
11.281497306999986
10.176443485999984
5.2759563186961245
5.919544100999982
6.380916720594852
9.551426242067976
7.582288362101265
10.963259369999989
12.355783306999985
6.365136070299986
5.37544103239999
4.020023774700006
9.135048994271983
5.107992819202526
2.4302593734999696
4.802119006303802
4.949801681499976
4.2067936522999805
4.308039306599978
6.889789569101264
7.525272795099993
7.830272175594861
7.030829159493579
6.178553614799992
11.321872705000002
12.208778677000002
8.82622958979743
9.546597022999993
9.533105563271988
10.983582848999985
11.927016645999991
11.961232673999989
11.19313337699999
13.864490398999992
11.94722854799999
9.077270126303826
10.300318928999982
10.598846110999984
13.598269626999988
9.571088865696154
6.165432302898699
10.326920548999976
10.489158166999985
9.503764259203983
11.373976580999988
12.59694042399999
9.794681968687993
13.027534771999996
12.037723162999992
9.33951590113599
10.680951265999985
11.369420879999996
8.404417088303823
8.041020149135973
6.661789962797411
5.698157771299972
6.682197856101259
7.753385964999974
9.104777766405114
7.6454720932
8.432624470500002
8.818387428303838
12.683973105
11.551087948999994
11.79448695999998
10.544357731717092
10.794686950999985
11.214154348999985
11.208339719999987
8.924385301202546
7.10161083069614
9.583621995646379
11.04445871999998
8.015555354299995
11.101317414999993
9.996255482353586
11.722495635999994
10.258042454659984
9.699617343067981
7.170978164696131
5.615986468499996
7.9875573654051095
12.22737550199999
12.838782902999995
11.763060412999982
13.915018056999989
14.344623662999993
14.447400792999998
12.224917244999986
11.498085644999986
12.83827100999998
14.572080414999984
13.105740604999985
12.472165709999995
9.011320664999984
7.8810466567974204
10.600000774999986
7.647861704999982
7.883053724696136
10.771081690999992
10.684081046999987
9.095883685303827
9.318322764727988
11.52729364199999
13.959804999999994
11.968682981999994
13.19468928699998
13.640724067999985
14.59301852099999
14.222390415999987
15.290222350999988
9.615425044203986
11.901018374999978
14.749569361999997
14.69634369199999
15.44088347599998
14.972018769999998
10.365150814999987
6.219146316499992
6.123914001499991
7.06914636229999
12.65728725599999
10.98731345099998
10.619697611999985
11.765482242
13.792770160999995
12.690081032999993
12.732749917999989
14.523125528999989
13.619593670999988
14.582440474999993
11.320115392999988
11.18930912299998
12.488245803999988
14.103933465999988
14.760703457999991
14.989646753999997
15.210221985999993
14.166828928999992
12.034724552999991
11.71613620600001
11.058177942
10.536925090000013
11.513119239999996
13.779441356999998
12.513526765000002
12.779504934999988
14.438307898
13.36081796599999
14.598520618999988
15.475726153999993
15.12627309
15.520023517999997
16.999910058999994
13.338527817999983
12.579480021999965
13.065582827999988
11.947530990999983
9.495038357659986
10.128075113002721
11.854816024999993
9.864298643339989
10.059482293795982
10.251756489717094
13.144024967999988
13.385706865999994
15.361828277999994
14.109178678999985
11.696751745999999
12.656595287999997
11.509139143000004
8.476505049100012
6.099594520599996
5.790919312999992
5.188064742999992
4.291163172899993
10.446002028999995
11.497988819999998
10.324265528999995
11.227169336999994
12.77102840999999
8.633897929271972
8.659544335898703
8.099054061898695
9.736360693282863
9.955780447282867
9.217786126795986
9.604626344303847
7.664172328202552
10.362382641717097
12.195500265999996
9.263751741000002
9.233834574898717
12.92827987199999
13.871343951000004
12.10678115499999
12.833588276999995
11.559970748999989
11.644753434999986
13.642058880999986
10.279568122929263
5.730192846699981
9.376631080727982
10.399949985999983
14.139884076999989
13.08422682999999
12.194910647999992
13.660652353999994
9.309484689203982
10.907917344999984
12.333495601999985
5.819611137399985
5.612927946499986
4.9304710479999905
6.395030096405096
5.05845698089999
5.855896021999992
5.174439927699984
6.772672941594859
6.538069807405101
4.736144851699999
6.519846890299993
9.913495747271998
7.660809350594863
5.42267305909999
7.4633786163038165
7.728307536303825
6.270769157405098
7.167530192594855
5.662859226999985
5.701185200493573
8.561665045202552
7.971528871202544
4.398198876999979
8.605864131202544
3.6721618575999666
4.17546958309998
2.0607997634999817
4.192081306499979
4.132283982799986
4.367750216699978
6.096470104999989
7.945301867696146
6.605565911898702
4.459367044101245
6.205992414899981
4.395853076199981
2.8420523742999926
2.8584415572999826
3.7029316344999774
2.693379753099983
2.9437404586999802
2.4720733062999862
2.7103637847999784
6.795109133898698
5.763176501506369
4.494173040799974
3.3212102965999812
2.9768610763999876
5.901946951299988
6.124594593797416
9.785205038339985
7.98095076450639
7.276413075303822
7.511455778499991
7.627877729797429
5.080085627699981
4.047909358199981
5.7571350081999855
3.7094742858999794
2.814167188999981
2.4768873275999823
3.4001316726999797
6.419096227999973
6.380638375898697
6.290331111101253
7.115858396898705
10.075403538659991
5.235819470199984
5.458480230696132
6.6660439757974235
7.760444723493579
6.743270635999981
8.35145682679742
3.2730427291999686
7.771767739898704
10.974426319999987
6.418627854898702
5.027941313199986
4.980806649799983
3.5626586425999855
3.9092837050999667
5.5704971862999875
6.2402188979999735
5.4574465758986905
6.153078118898688
6.062224153099984
6.306998586999982
7.816942034898709
6.019175938399991
5.557401667797424
5.029519200099997
6.241480563399994
4.128715472399987
2.6596311812999796
5.075360391202529
5.524927783199984
5.444273286399982
4.0908842467999955
2.9959399352999947
4.333234275799987
3.905322489899989
3.8035000380999784
4.153333207699972
5.144089152499989
5.223049014303812
8.122319439696144
8.022146470594857
6.5187282256961385
10.054610157858543
8.545874212594864
5.627863307199986
5.8267683745999825
6.3734727661012585
4.662185049399972
3.1868006606999715
4.0588886443999765
5.007646611000003
6.326896910099981
6.051055294797411
4.680486538696132
7.980503305101266
6.612149433899997
9.933910320999992
7.546324447594857
8.396760847506387
6.803455703699986
11.822944196999996
1.636254319799986
1.5770622573999744
1.3895008498999897
4.7025037169999795
5.1955141707999895
9.355935496493588
6.273920509299984
8.251461001594867
4.357258000199979
5.318541883899982
4.494574186699969
3.934027003499974
5.552336611899995
3.9433883864999975
5.406440728799999
3.8052709060999947
3.848090846299982
5.385938044699971
6.261809951799993
8.259463429303832
6.1258932098000045
4.283665975999992
9.00179743189871
8.816059330696152
7.884872784405109
8.192852171303828
9.164866921999986
10.636103963999998
7.53096453089999
7.167253579700002
5.2454212708
7.794253491199999
9.248713665797437
8.003289585898703
9.27233399033999
10.073028591929264
10.648303272999984
7.694766691594862
5.29483751679741
3.180278723099975
2.857344798299966
6.802883273303818
10.721868976999989
10.239866882212146
10.176096234070698
7.420848492405092
5.651270951797415
9.816470062203985
10.339368465999982
10.631855141999973
12.819525704999993
7.628222114594868
7.497587403898704
10.713733458999991
10.387476165999988
8.003178659101268
8.843337165797427
12.119050392
9.123097422797425
8.285968154898697
9.318267260696159
9.692061430271993
10.934145708999996
9.058121897931981
5.246597112999974
7.587333665506377
7.516111262493576
7.447690394594858
6.574333212299996
7.498978372199998
9.408766342202567
10.572234486000003
11.40111898799998
9.946413575795992
12.961561966999989
6.327141723594849
7.250475814797412
3.4175735473999813
4.566449252299981
2.9172515883999695
7.408000978101271
7.540761801101254
8.710222615101275
11.196664685000004
7.677764477493581
8.325555291696135
8.639836555506383
7.020006582594858
8.565456358303834
8.593180274999984
10.024898318353582
10.43952188899999
10.72304316299999
11.860078960999981
11.143532520999992
12.054309516999997
9.777220750282861
10.778996197999986
11.420082007999987
13.800733043999998
11.832775062999994
12.627274723999998
13.463827710999999
9.946953625353569
9.664200653067974
11.081134580999981
10.840375365999995
10.636564943999982
12.108958083999989
10.490127344005435
10.298716927999989
12.030511313999995
12.753184986999997
13.097091175999985
10.20712181228287
7.935652873202551
9.19635562440511
8.186079324303831
9.487055975303836
10.198868247999998
12.759341118999988
12.106609218999992
13.879421700999986
12.532804027999997
13.711379790000002
12.18744253499999
12.705878173999993
10.619008695999996
9.894860887067994
13.104940131999992
12.704632015999982
13.535306215999988
15.512490777999997
15.223925447000003
10.653608449999993
11.108048771999993
12.83527312899999
12.489172864999988
13.189983014999992
11.532454963999994
10.652034598999995
12.170093483999995
12.013422588999996
10.618188477997274
8.23061627350639
8.660468691999986
9.330562435931986
8.600138738999986
13.50519347099999
12.087239052999982
13.47192783199999
13.144400237999998
11.28528120299999
10.39533361999999
6.287680705299985
8.297295947299999
10.820749558999996
8.676241686999981
8.002280693101262
10.977568242999995
10.108087042141412
9.04169155120255
12.094152556999992
10.351893059999991
8.27679619749359
7.944533615099998
11.940123035999989
10.076863824353584
11.863478927999983
8.87184317169615
8.893602233898715
10.495956717999986
13.514158829999984
14.422186767999998
12.188466652999985
12.991168889000004
12.481408388999983
10.540884351999985
11.154708312999988
11.36625489999999
11.32546501499999
10.855262906999993
13.584195708999992
14.842644785
13.665102787999993
13.606393023999992
15.156248179999988
14.150144935999997
14.937014420999994
13.193502517999995
13.038108362999992
13.491098496999992
12.076663129999993
11.244838526999997
9.138717530797438
8.064990188599994
11.999994069999989
12.102083849999989
12.746578977999997
13.548202834999993
13.907997571999992
9.483496188271992
9.939170687931993
6.232329853800002
6.6369790802000015
11.230055275999975
12.444383487999989
15.071132905999992
12.80877076599998
13.132796242000001
11.660627776999991
11.652101371999995
12.98516944699999
13.352964109999991
13.631199665999999
13.022790593999991
13.980030683999995
12.777066523999993
14.087779979999995
6.665486659199985
8.34400923310127
11.003687047999998
9.897763491863982
12.87673074599998
11.70131463299998
10.965158486999972
12.36198331799999
9.14310048369616
7.9538625625999995
7.791105635099996
9.00189697269616
9.661943273931985
11.532981548999992
10.523261778212138
4.467322511299974
5.532944428999989
7.587014927699998
8.768024751303834
11.113303277999986
11.815534763
5.6484694733038125
9.984496997070705
11.018668775999988
10.657162589999983
11.122705355999985
11.182813475
5.823755879199988
4.576109258999984
6.744277372696142
7.284912725799989
5.897849121101254
8.604025634797429
6.903259815999988
6.558924165299986
10.578123472999986
12.009083776999988
9.27176819772799
7.061916273506377
3.0893569900999776
4.378430015599985
6.4075626511012445
8.585929489101272
9.122443765203984
6.255490293898676
8.019427069067966
7.172701812696124
9.624377709999973
12.573136132999986
11.938402399999983
11.168669034999978
11.827047808999987
11.438492254999984
11.04515049099998
10.590575239999986
11.569032938999992
6.0994785857999965
3.044057313499988
2.888806823699987
5.937678930699985
9.161679725727984
8.163153515594868
8.594043444797418
9.66770930321213
11.141017801999988
6.636171258493577
6.531173336797417
7.607095902999979
4.074197143599983
3.133630935699987
2.9153262145999723
3.2399996413999803
3.5358333068999808
2.5913036330999852
1.911344248999981
4.097495841999965
6.618817233299991
4.345547546399984
4.272614465299981
5.747868720999985
6.085215087898698
7.909211996506386
5.799825624101252
5.743981794696134
7.182358668493583
9.9881818480707
7.010945275898705
8.760685977202547
9.295311241101272
8.170453231797426
4.359603567499984
3.4788027480999815
3.4956228118999912
4.332588786299985
5.895315225202538
2.875618029799976
3.4451280837999887
1.937417001299997
3.9392232590000007
4.1218455596999855
3.675383850099984
4.063050770599975
2.7572449019999783
5.767645591696128
5.8907353927999875
4.093628692599983
2.704249891699985
4.012225491299976
4.458862287899985
4.743088897699986
3.2320674392999744
5.715079267899991
5.2239993560999824
4.432715776099992
3.8424668776999997
2.979875511199993
4.282508319099992
5.091312417599983
5.4007122619999794
3.6222440276999777
5.0702256667974135
4.449081875599983
4.541057585099982
4.306549079899983
4.280309333797411
4.953721913099974
7.0447742905063775
8.613821098303827
6.85951858669613
2.666438758899962
1.6513229094999735
3.87780628509997
3.776013246202525
6.958043313594851
8.569341218727967
8.021288452101254
3.3491163924999703
1.88519660949997
4.058345565799972
5.415662396199984
4.3057872909999775
5.180210493506371
6.223485977199987
5.502969247399985
6.563063880898702
7.107735406499988
5.946085412600012
2.6464009170999985
3.7040748778999886
5.237940048199992
6.515033523600006
8.295302618405104
7.798409023999992
6.694505921899998
9.773919479271994
10.18223730614143
11.982185027999993
8.375358737202546
8.231586854594863
5.8248357772999855
9.094517927727974
12.05705255399999
11.25179267899999
9.994073164282861
11.345544257999984
10.786460448
9.976819226070704
7.486434602405102
8.453381892405114
8.792228892493585
8.888922694405114
9.885817761135987
10.232094192646388
8.049708607506382
5.495103639202539
8.617665914898701
8.126522845506383
5.045103411899978
2.8490561599999844
5.037931449899986
1.1506859721135911
1.379331200214115
2.395241006499985
3.8724601943999883
4.726378309599987
5.839284086600001
7.464629110696149
5.71921811069999
4.807494496199993
5.750656956499991
9.3538996217171
11.686178199999986
10.542075911999982
11.934104127999982
11.941440893999989
11.126823079999992
10.067934318646389
8.817587052898709
9.75644229285854
7.42165898589869
6.391816126999967
10.864779116999989
6.157043591299993
6.8398157699999915
7.45475969999999
6.0136286605999905
7.082532359303813
9.781096014282852
5.9669852416961255
6.273316676299978
8.050047932405091
5.960262997399983
6.51134379430382
8.97782576599999
8.578011776696146
9.472822744858545
11.705014051999987
9.350489146405115
6.997735002101253
9.616424053999985
9.811584861863988
10.405965442999983
7.271479377699993
4.955815089399989
9.197143881135986
12.800935840999998
10.598785772999996
11.61762751799999
7.946651290931971
7.833507400493575
5.171990644799984
3.855042117299979
7.226236050405106
5.755965907299985
7.39678332819999
12.314610892999985
11.282889164999988
10.819166268999984
12.564086724999983
12.746256516999994
12.595544307999988
9.761131663646378
9.796531878787816
10.80881253999999
13.879382754999982
13.657488164999991
12.775170226999991
12.745402010999994
11.99678055099999
11.958538961999999
7.577395284999989
8.694476869202546
9.24082046199999
6.994116311599987
10.509757770999986
7.351573835799992
6.896308709696134
6.284233918800001
10.779466834999987
12.276762717999988
12.706219885000001
13.136678287999993
14.862393302999996
12.012551754999981
10.97024499999998
11.940510677999994
12.373461980999986
11.699659328999987
11.018455919999994
13.587724831999992
12.268916536000003
9.780011425863995
12.827521029999978
11.909568381999984
12.30034240599999
8.73798241420001
13.591703577999988
12.11351723599999
10.388150585999993
10.786133931999991
12.297831434999994
11.341452265999989
12.339429615999991
13.481884993000001
13.419660375999996
12.240961231999993
12.341028806999994
11.877895374999998
11.484117409999989
13.347512517999993
12.31708064899999
12.437919611000003
11.362868726999995
12.137709379999995
11.616408111999993
10.490802916999996
9.853239590339992
12.360152651999995
12.663622794999979
15.604262961999996
14.186914121999987
12.436519895999982
13.889470275999999
13.201613894999994
15.156994501999993
15.04230667299999
12.265136262999993
11.28185645099998
13.236400599999989
13.701632975999992
13.678761944999993
13.311314545999991
14.988015535999999
14.496794169999994
14.006712861999993
13.545427602999986
12.994618546999988
12.116558291999995
13.68028729999999
10.094241648931993
9.433860299795972
6.598461450199979
11.430477512999987
11.712143729999985
12.08229838099999
11.820097223000001
9.619553106787821
9.766831390282864
9.966370968727997
10.909601491
12.947700557999996
12.588714617999992
12.793854345999991
12.003352509000003
11.152849263000004
11.936772336999999
12.897820083999989
13.863546549999995
14.450959395000003
14.145942847
12.90494712099999
12.549811208999982
14.707688923999997
14.617744174
15.313496993999998
16.224522400999998
14.200323595999997
14.328137074000004
12.950683696000004
11.067282535999993
14.01800499399999
9.942706994727992
11.371248735000004
7.7220308273000065
10.776998978008159
13.671707378999987
7.903596865797425
10.013905804271996
7.444509927405107
6.975367544599994
9.077084289594872
5.377963287399981
5.239623849499983
5.859408616599982
6.852191818202545
7.492032743797427
6.3663918395948595
9.026515010101273
7.892662002599998
6.845725195299991
7.36301779479999
4.264103988600002
5.621416088899989
6.735850633199987
11.240268995999998
6.055416549699996
4.99937648319999
7.630439378399994
6.77609042509999
6.923946195999992
6.12384293369614
5.349834973099988
4.956085575899992
7.415260403405113
8.57171488799999
10.714890337999986
9.921319041271987
11.116365873999994
11.15070446299999
9.199366499303837
9.04008368230383
7.363668963599992
8.1814669815
9.92416453093199
7.6360855972025385
6.964807206699983
9.425252436797436
10.431426584002715
6.161465191699985
8.820634995999985
10.706413073999991
5.63796706240509
6.324899499493571
5.329376748699978
4.655000491299975
2.9034215285999756
2.7382752105999737
5.0352911941999805
4.0231280211999785
2.4614577743999764
4.8959676040999875
4.039088264499987
4.484708993499971
5.449692915299979
4.851939036599984
5.371982003799988
4.3473092269999825
3.923379681399984
6.129278674299985
4.513923812899983
2.4653755050999773
2.6176105742999787
2.1764994536999747
4.644727252202528
9.047696881067978
11.817047161999993
9.789801008727993
9.148133981203985
8.812506028696156
10.027058979863986
8.799923185696152
9.26277890320255
9.502012658696154
6.249157954399986
8.024588339202536
9.810407839999982
7.162152217101267
7.344383337405104
7.8971588394051135
5.752201141399978
5.217587847900002
6.098915803499991
4.8880104248
3.7553385651000046
3.595077949499984
4.33030594939998
7.7730969268987025
6.319706469699982
6.372232636999978
6.883037155202539
5.872844277999985
5.865413133199985
5.337753207399975
4.882817680399971
3.9741715897
4.500721131898691
5.486601681499973
5.03963636019997
4.676128286699991
2.1164063492000036
4.675194543499979
5.306411328099987
6.030770707699984
10.455568220999996
8.35457821349359
6.220503230299994
7.9394801558987105
4.585903988599986
6.203314256303814
6.474244181797412
7.942401168797426
10.69320156599999
9.581638059999985
9.883236375271991
5.434737039199995
8.077110649101257
7.530816990696141
6.032009657303819
6.453915005499983
6.305121922299988
5.018514399699986
3.9911502044999883
3.1236289992999806
5.277064588899983
8.948742375135982
9.970127166787822
9.873516276727987
10.792083237999991
2.3896628432999716
5.029313043199977
6.625898399399984
4.911168260199982
5.264682577499976
5.5183727157999805
6.778637557999988
6.791937707493584
5.9872760283999815
4.785488128696129
3.838542442299981
5.264622883599984
5.101240098599984
4.375879083299982
5.338226675405086
10.315137618999987
7.6894146072025436
4.835574664299983
1.3664731733211897
4.347999963399978
6.251666371202538
6.779957803303824
6.034505432101258
8.34535629730383
8.170365731797427
6.4564329558999916
7.879111675999982
1.4617669358211833
2.376587142899977
3.417904908800005
5.0857311034999935
5.637968920899992
5.00095119779999
5.891963888499992
6.841370217900003
6.713330076599996
6.917489585899993
7.343759033202549
5.058949909999976
4.859748153699981
5.148404025299975
8.701037251203976
6.814346255339943
2.014033143599977
2.4079750564999767
4.1233445357999665
4.829897170999982
6.037227545199999
7.159234027100001
7.605605526700005
9.303711700405113
8.313463217202552
6.242165954599986
6.301376055899989
8.617890609696147
3.51956322629998
3.862599546799986
4.450789491299987
7.503280833405108
6.147914921599983
11.401879186999986
10.799005990999987
11.649940854999999
11.72788497299999
6.488324691799983
6.909668270899989
11.015032770999985
13.068971192999992
13.300710205000001
10.332998055
11.267602756999992
12.069988587999994
10.875253966999987
11.94690394899999
9.979153605795993
12.470851400999992
9.521668818696162
10.177355946282871
12.548733559999995
13.083256231999993
14.317771801999992
14.513265026999989
13.035551519999983
11.735733204999987
5.946576737999977
7.553830883799992
7.0993524627999935
10.424785740787826
10.016145330864
11.114303195000002
9.415795931999984
10.783380208999986
13.69777597999999
11.467905025999988
13.980324747999992
9.958225262353583
10.339333283999991
7.082630375699995
9.429799941999992
12.866378444999986
10.642194993999984
10.386205921929259
11.332994367999985
12.216444700999993
10.743364219999986
13.717335268999983
13.66578741899999
11.542583881999992
13.251748105999999
10.697494143999982
8.703090403795969
8.175745338405104
10.665684696999996
11.205667554999994
12.007525971999982
10.83220774499999
9.860418586795987
6.614076847797406
7.874297885067964
11.07164873199999
7.259379579202543
5.121233070399973
7.062595074499989
9.153489393727991
10.586095537999977
4.947336288499999
4.244487785299994
6.255655969199992
5.329238502499983
10.514824471013599
11.610427383
11.190251520999974
11.362352213999985
11.306984794999984
13.653681475999985
13.11580891399999
12.209217420999991
9.86145462635358
12.974593645999994
11.227337215999988
12.027760283999992
10.596919176999993
11.73725080099999
11.616824624999985
12.200052276999996
12.903066768999997
14.014075647999997
12.946233523999997
11.871721886999994
10.91747374599999
11.65856713999999
14.918657206999997
14.146333542999987
14.676210669999994
8.525533033797426
6.795654125999976
8.552579588303827
12.468958364999983
11.802653696999986
13.481223377999994
13.99925808699999
11.97251498399999
11.262925342999983
11.233860714999992
12.776702526999987
11.708118967999999
10.824934514999988
12.289432267999997
9.367914912405123
9.066749484303832
11.215109408999991
10.988273739999993
7.101136184699986
11.91927253899999
11.825901020999993
11.560605277999988
13.713139269999985
12.971635285999984
14.02814677999999
14.78907979899999
14.22252983599999
14.572859563999994
12.968091117999984
12.901201304999992
12.886289525999988
9.871635984858548
11.501957230000002
12.136814102000002
14.781721317999994
14.707939586999995
14.866686173999996
15.344681412999991
14.009752025999994
14.06951965
14.897481180999977
15.443047333999997
12.417152965999996
14.544612202000005
14.587732616999997
11.53418773699999
11.253351975999994
10.06083154299999
8.629655355797427
14.085871889999986
11.407135813999998
11.364562243999986
12.07308009799999
10.043252035646388
11.908048793000003
10.768163086000007
9.674395997594882
10.920219266999995
9.21459296569616
11.384553741
9.991193074
7.750739857499992
9.398636268727989
10.800167240999986
11.38933705699999
11.968586568999992
13.265397663999993
13.940818014999984
11.320442603999993
12.779857015999987
12.109638035999978
13.742010358999988
13.074653357999985
13.65107030599999
10.46639538299999
7.311164692699992
9.721890298353589
10.988496868999999
12.423829683999989
11.736048638999987
12.57867247599999
9.780006297203993
12.44615960499999
12.065250905
13.50536383799999
13.951831859999995
13.203828657999987
13.756033376999989
8.1274842194051
6.2937133269999785
6.837785121202539
9.790738664202564
9.379145968600008
9.195502680999986
10.364616981999987
10.772379250999986
9.31885539699999
6.492908302299991
9.921609693929263
12.076702285999986
10.660089161999997
10.533498465986398
12.249505017
11.939099640999999
11.502552462999985
8.571942349135977
11.116147571999985
11.649838634999986
11.687163015999975
11.175701330999994
8.880147781405102
7.857128063999978
8.495132966594863
8.502884930271971
10.852159197999981
9.615944897353579
4.040974214199968
4.3390326186961214
8.847727735898705
11.367395084999988
10.680384369999988
10.74075119899183
10.929967296999989
10.278151128010878
8.903385226271967
10.312547886787812
11.69823484599999
9.61708922413599
7.6577563109999875
6.763958671594862
3.7053528457999922
2.7699903457999855
4.339273585499975
6.389659246799987
5.112239526399984
7.180146177696122
10.725599398858531
5.053799433898679
4.302603890999979
4.294989121999983
7.018734963999982
7.417877593999961
4.545999119599974
5.452461383099983
4.455809121699973
3.834323362699971
4.962825532499978
5.519690811199977
4.467566937299981
4.545962232999989
1.1482228528000005
1.913812708999992
2.8430469329999846
2.9628493453999756
5.629934402499982
5.723193185405095
6.757716352797414
7.750423083506371
8.335508940070666
8.766195985405112
10.333612939353584
10.845105054999985
6.2952071914999825
4.628588766499977
5.062056776399991
2.174641365099997
1.7540465636999996
1.4624719970999964
1.9209530105999986
2.6400713927999773
3.300197970599978
2.308488850399985
4.579762680099978
7.759449800101254
9.119787565727982
6.853348864699987
5.712675358594851
3.7910049590999852
4.311205726599964
2.5030492034999696
6.359497685199993
5.134463818399987
4.190312260399988
2.5118919281000034
2.5880409561000013
3.889832797199991
4.926681970199975
3.7685017287999747
5.387251650999983
4.6903404052999775
5.390700126599975
8.138175385999979
10.623077245999989
7.622970455898706
8.658887907405104
8.078661157202546
6.568941921999987
6.5706233673038135
8.968932762067977
7.722204914898702
1.476756944299985
1.8203737700999838
4.237509670999982
4.6476155913999815
2.3461589187999747
2.3755595824999967
2.475204432699996
3.537438305699978
5.089456758099983
1.2905778914999886
1.6725889190999945
2.013438760399999
2.8740381759999805
4.814762078899996
4.8110712371999815
5.3150645980999816
5.907456727594859
6.169454498303819
5.000889221199979
7.240772085594865
6.982081063799996
6.157791496299998
4.092744531199986
4.208970860299979
5.342350993303813
4.9522529586999795
6.479015658599995
6.359596523999989
6.786290016199996
8.493805189493592
7.963701980594864
3.0799584044999744
4.756259181199983
6.487052227799994
3.6578968383999926
4.530740136699995
4.128500152599975
5.04155677799998
4.90863782199998
4.188968075599978
9.951109765717103
9.787813803067989
10.393266628999987
10.355535132999991
9.788322215203989
9.84850445572799
6.20398107910125
10.258453308070694
11.013496383999982
10.551091459999984
9.723731724659988
9.50601045079599
9.99133699966
4.103161959800008
6.323309413101251
8.145080644202542
6.660835813898699
9.648293129000004
11.844620228999993
6.216862210099989
4.1094533126999995
6.348111036699992
10.382479594282865
6.42862506869999
4.615428318799994
3.0199479583999893
2.933037943999994
6.818307566799992
12.180346967999988
12.161323406999987
12.178560932999995
10.602407172999982
11.129739103999983
7.1653170318987005
3.6331478576999814
4.832550814799987
4.496846258499996
5.060732038899993
2.956532580599996
5.4767683959999935
9.174178889506392
9.765247035135987
10.966891567999992
12.357031426999992
11.77349617
9.393706834271985
12.737568795999996
5.778973371899974
6.334085610999965
7.015060842898703
4.550191528299989
6.593470115699998
9.789244941795994
9.032299365202547
5.280096212799982
6.312921594199993
3.425724491899997
3.4092841643999954
5.324606736799987
5.829866636699995
8.051900512696143
10.558422954000003
10.89315123599999
11.32513479499999
12.217624163999995
10.551526841999983
10.43441124099999
9.057167086797433
12.616644372999984
12.28388276199999
13.025125162999997
11.970365507999984
14.762519529999986
10.551346082013595
10.112544164999997
9.143599871800001
10.523157079999983
8.530396815506382
7.973986265599992
14.020023681999998
9.790214804067986
11.756467470999992
11.674559189999991
12.819976899999986
10.455550928999985
11.15673636199997
8.122102618405107
6.314280248999978
9.610464050091693
11.583836296000005
14.043660804999996
11.208706327999986
12.172179332999981
14.52874514199999
12.997590217999987
14.830903046999989
10.721010799999984
11.792183756999988
11.382010274999983
11.802924319
10.881778394999978
10.659791204999985
12.975622627000002
10.933910094999984
10.288122565999995
10.767486002999972
11.279365133999985
12.369139345999992
12.239524177999982
10.642907020999976
9.778562773067986
9.849675071795987
10.505242447999999
11.03426763599727
11.498762903999996
14.840782009999998
11.546306800999997
13.966549647999999
12.643332566999991
