9.053057832303839
9.460127014202563
10.127618376141426
11.105197737
13.31787149399999
13.555052269000006
13.01575548699999
12.545144973999994
9.194852569594868
12.381127035999997
11.831542339999991
12.927995837000001
13.573282679999986
9.582215600717106
7.651708949303822
10.642442602999985
10.255220891999995
10.43694295699999
9.32598115840512
11.02520728099999
11.318375487999981
11.38057958999999
10.683960070999987
13.172257367999991
12.928327535999996
12.626189463999998
12.875047591000001
13.692914136999986
14.346262342999985
12.104162156999987
14.488352578999999
14.654016530999998
15.525590503999991
14.222683492999993
13.661208570999994
9.02473072810127
8.677323863202554
12.399015151999997
11.257050015000006
11.099181840999996
13.060599785999994
11.405248885999997
10.915452204999985
8.848056953405106
10.44446540499999
11.792913714999981
10.789071224999983
11.94184475699999
13.493369628999991
13.695488349999994
11.712504596999993
6.774564169303811
5.688892872599982
9.780231578067989
12.61396115699999
10.180408949212147
7.693496974202543
9.057282089135978
11.922146952999995
12.69742744399999
10.660610930999987
11.58670189499999
10.87042428399999
11.909222614
11.395016446999996
12.473208095
14.381865391999996
11.641366396999995
13.528783251999998
13.18325225365279
13.261389322999982
13.214170830999993
13.554996107000001
10.635197081
11.971474039999991
12.204231291
11.531558049
7.8135048598987025
10.28036042499999
8.208427415499996
9.638089184594875
10.077177188030563
9.940852027931992
11.590853574000002
12.763213859999995
10.795694103999992
10.877316698999996
10.922563903999997
10.272303765999991
11.362521113999987
12.74163216399999
10.682913404999995
8.353396302797421
11.278283156999986
10.731340925999996
11.70471929499999
12.072495602000002
13.214990218999993
11.790946418999981
11.00910122799998
9.398310031070697
9.912840154999984
8.755276631202552
6.636477903696142
9.966953980999978
6.280287441999971
9.928952320931986
5.65840527949998
7.966012087999978
10.87880862599999
8.699150799594866
6.9240379806999925
7.269796873506386
6.903705767797427
8.242995764202549
9.111765150506395
8.095219551099998
9.051101805067978
8.195409738202548
9.598075921727991
9.562887222203987
6.576403869599985
6.771873689299997
7.372560137899991
7.9776487122025515
8.615072595207973
7.247963841202543
5.794246255499976
6.507101022299991
4.145985058599977
8.634645698493589
10.916293216999986
10.481832335999984
9.492356962727989
7.34183836979742
7.087118429594861
8.328852723696142
9.945358618141421
4.362176711999971
2.325273907499991
2.8457970397999817
4.38893571319998
4.0221315337999775
4.824524305699983
4.298024378999982
1.9611859557999867
3.6659896117999806
2.1730833114999815
4.141445524599974
5.474501951599988
4.473295977799996
4.588295976300009
6.030947048999989
3.799317187499975
5.7476160094999775
6.6957535567974205
5.711005331399978
3.171836526499973
3.4600686751999823
3.6637659118999806
3.3750776931999775
6.388538117999971
5.82572791289998
7.707307423405091
7.533885699506376
5.515178744493558
6.918132676696143
4.7838608901999855
2.436236154199987
5.907764427202529
6.804783814999983
8.150931507898697
5.6175680663999765
3.1593544967973974
3.6238528350999717
3.53465888669998
4.791819418299974
2.2320622634999783
1.91694138339998
3.073617195099959
4.323541920499977
4.192050968899982
6.796943734696141
3.5238345397999815
2.7539812438999767
4.531020272799971
6.7268913436961455
6.302866038493579
7.007306896999976
3.7931683913999796
3.3719734527999825
3.65240660859998
5.597270355199983
5.484085989399984
3.630343046599985
3.1746267821999825
2.3067122939999742
6.0706737319999835
4.192815313699981
4.512453469799984
6.722784583999979
7.595822131303824
8.955914614898711
6.626733065800011
4.697865522799979
6.227422416699987
6.4965008376961375
7.1726172545948605
7.525818708797412
8.756403433202543
6.335095846594851
10.434131809999988
8.44936014249358
5.428892889399986
7.8608817154051085
7.047448028594859
8.091585812405103
4.189606339999973
6.961409854101259
8.088511032101266
3.2155561187999786
2.6528233413999978
2.098554342699998
2.5310333725000036
4.801523770099972
4.8106896926999765
4.701462663299976
6.672829324299997
6.528748101799987
9.386469720339987
5.834178518699984
3.305595869399977
3.0369309966999687
4.515557784999973
3.468072598299972
3.6114034972999702
4.479404014599967
6.216933026101252
4.815494612099969
3.6276550613037926
1.487709710985824
1.7511430053999715
3.6247325714050778
5.129877996799981
7.257452729797421
3.2736347609999803
4.663969316099991
5.047681899999979
5.182585169999994
6.029726222199985
8.037033851594854
5.728900906399976
4.723121789599976
6.7660987732025415
8.178221054101268
6.6632892212025405
8.891467076101264
9.211813862727986
10.189061626008154
6.569435082999985
5.5286206588999836
6.359773098799988
5.262678643799984
5.19659235689998
3.1031439223999806
4.529909866299992
5.671228573599993
7.486421887202544
6.346416097999981
6.880991009499999
7.247611077898697
6.650533801303827
5.788363189696137
5.981251995797415
5.350684541303802
6.251403156999957
4.807719541898685
3.721329861499968
3.68964040679998
3.682143678299969
5.5188645339999685
4.3392003204050855
9.020972172493584
7.183270318599989
7.45204276430382
7.838438186594871
8.95255548710128
7.38565312350639
9.534450695858538
10.596197997999981
10.391529394646382
12.744739853999995
11.62356061399999
9.855197300795984
7.658100848405109
6.983288967899982
6.971566287202541
10.011908164999987
5.309035269199974
6.431088613899983
7.540057253999998
9.264627061339992
8.419778613303826
8.022776531999988
6.146918205299976
6.122891876202517
9.901583268787823
10.690646645999985
9.452391220067984
9.504092481999994
8.019554171797422
4.243681164599978
5.568329130599977
6.433307902493562
9.066196870271982
8.833649519203979
6.793630195594847
7.889984730493579
6.477108244299982
9.05116873479598
9.842743743931994
10.58427266699998
11.55602052899999
9.690522247203994
12.003088512999998
5.571476448099982
8.878293353303828
6.568893737797415
5.318029481499979
5.463987834199982
5.986886706499983
6.10355807499999
7.428576762405105
8.814751640203971
8.985401457135982
8.596041845696146
7.632942953506385
8.571780287202543
9.226335765101275
10.621776468999993
10.637268877999983
12.478043579347203
12.94826157799999
12.169005076999994
10.581528568013596
11.009244814999981
11.160681405999986
8.754605184931979
14.495641665999996
10.809247150999985
10.90315867499999
12.677653404000003
12.929946303000001
11.814241463999991
8.805547393797422
10.243890774646374
12.62102557516639
12.00446975699999
10.220036434929268
11.562093078999995
10.124399313271994
11.19005791
11.760702440999987
13.199400356999991
11.496763550999987
9.697125833067993
10.125624566795999
9.226430911303831
9.25655465240511
9.254517121898713
9.563062132203987
10.259365034353586
7.125306208797412
8.573394638101261
8.801151615898704
8.211578510999978
12.294144658999985
12.127737133999991
12.415804369006391
10.438731249479993
8.245177741999994
9.512367819200005
11.10744760999999
11.960925243999995
11.284175059999994
10.516887066900162
11.021265887000002
10.922474264999998
11.804320208999998
12.994925670999987
12.318761440999985
12.04130544099999
12.053571030999992
11.658080536999995
11.549668384999997
11.132170107999993
11.736696917999987
11.979828454999993
12.850904384000005
10.368121395999992
7.69009279020255
7.44169379430382
10.153425192212147
9.760331338646388
11.990842239000006
12.686151009999985
12.620928100999988
11.71359282199999
11.304909418999998
11.492318097999993
9.71964902499999
10.322920371999983
10.083091500929266
9.187199337797432
9.756845529141428
10.234445533858544
10.95959082299999
10.952863100999993
11.906128127999999
11.034569170000005
9.955491679271983
9.953814208999997
8.812550427202554
8.716014924594875
10.255444610877765
11.173100841999998
11.281263636999988
11.672965613999986
10.792303324999988
10.773142841999997
10.942258379
11.015097239999994
11.404709585999996
8.436086666898714
9.651052154659984
9.974774755929266
8.794614582797422
9.560214714067987
10.996074462999985
11.72928779799999
13.176531875999995
9.825797808938885
5.526021269199995
9.092457751506387
9.671483145068
10.036338278135993
8.860033947797435
10.035421136353586
12.337779842999987
8.879345477203977
10.05496543720399
8.739851234405117
7.488688597101268
6.210462173499997
7.530732063303829
8.763365222202546
10.496537394999992
8.682685499594875
9.141570866271989
7.4908949432000025
7.7474572281000045
7.919441517599996
8.794207163999992
8.205904571493583
8.196766239905104
8.764200685101274
10.289589846999991
8.841838621500003
9.200391883898714
9.898375030646381
10.369797194
11.849767605839988
6.353068478399987
3.518079585299969
10.413750110999985
12.650145055999992
10.896356109999978
10.004445841999988
7.559952542101266
4.342682226599989
6.265396552999986
8.106193582202545
5.267379595899978
4.936604487599985
3.7240769271999965
6.244075144999987
5.036839450099989
3.963983213799974
4.922291474899979
4.921267800899978
3.9382858581999853
3.4314976043999836
5.891486700399982
5.189018263199987
6.441961270099991
8.566529142797423
8.346183085594866
6.331655557299999
6.738720143099986
9.097700091727987
7.851851786797422
8.523297140493586
4.117948623699983
3.4141410994999775
6.234529721099992
6.299071223399983
6.8415720093038175
5.604576028399984
4.689297425799987
6.818467892499984
3.896933399999984
3.890157107499975
3.619613738999979
2.696121859699985
3.7910733657999915
3.295060974099995
3.844524452199985
4.221321948199981
5.645349200399986
7.716182585099991
5.620995732099984
2.3971143844999867
5.9887042235999814
1.3876033706999833
1.9008380767999893
1.5430397567999887
1.7512385817999852
1.2521714708212044
1.609052395599988
1.551234822099993
2.599848513799979
3.0075972594999816
6.0531295914050975
5.836928033399988
4.353952891499977
5.58595148469613
7.474946627797412
9.859470927282864
9.708972541863984
7.707442590299989
5.405409132399985
7.428880645797428
6.831789192199987
7.354838737506382
7.925111949202549
7.988576908898707
2.747372312899987
4.297063084399983
4.900250050399989
3.0947525100999878
0.8210202067282832
1.454025492899986
3.855540685999978
5.545536292999985
9.597446113727989
9.091685403405108
7.044007865899985
3.056813288899981
4.9487434295948365
9.76010097972799
6.441826847799986
8.187203214999982
5.841335380599988
1.5844214248999944
4.581705981399972
3.4075121566999824
2.8257794036999924
2.482777163699987
3.1560085616999847
3.5806872527999785
5.4129422454999805
4.645106843599979
2.077100350999979
4.129999513199975
1.0679597793716948
2.2526563796999763
2.824040748599975
1.9619592086999833
4.703895964099977
4.826993518099987
3.436295977799968
5.456669366506374
7.455636263999979
6.43623824010126
8.106594499202538
5.46712486879998
7.089622979696142
7.418141300999986
7.233897404499989
4.003598022506367
4.933127888499979
3.230264321899989
3.0422721862999964
2.661910618599999
7.8549091887974285
6.628371723898697
8.561370855696142
7.218226036101263
8.710868855303826
8.349416812067972
7.7861687468987
6.941155389399989
6.162929670699991
3.961696183799985
6.9709602783038225
8.405561318999988
5.350866989099977
3.8050080551012475
3.9850484588999757
4.251332578999994
4.313054032899984
5.600830474900004
5.793922459399979
6.676657902493577
7.651948666405095
7.267765077202541
7.3521481017974235
8.93792597050639
8.538944778405101
4.707518197599976
3.5633258422999745
4.118062828099998
1.8263330658000003
2.2449244262999937
4.079065803499995
3.138481619299998
2.7214738509999945
3.3457179489
5.632843728599985
6.351622714202543
6.917882246405099
7.865505219999982
5.423183543399976
7.036137499999975
4.982475666797389
5.421417224101235
3.888009713699964
1.3900101314646094
1.4868951303391529
3.7057351638999725
3.4141065719999637
4.8185398025948425
9.969793887212145
11.991073386
2.4295714751999937
2.986772938499973
6.544104115303817
7.376785469101258
6.627942097506374
6.70931867679741
7.310676141399996
6.8560266448999885
4.05798819729999
5.646535572799983
8.036235830702553
8.162530609101273
5.625182681299984
3.2256692321999707
5.855712533599986
5.885540718099981
3.1408084197999666
6.370898690797417
9.610649595727978
8.647926147499984
9.397901243594875
9.265766683999988
10.044324435282864
4.47400681459485
3.94439544219997
4.576907560699979
5.526778868099981
5.570848846405096
5.187821832299978
4.673715794405089
4.765998992905093
8.014943460094871
9.002591989101273
11.141009154999994
11.443420437999999
12.051281417999988
9.853144715929266
10.20340162364639
9.794283802863992
10.383985677999988
12.055107723999994
7.116445353696126
5.538778395101249
6.681652357506382
8.135471641493577
6.750920397898699
4.6860489943986945
7.53817922359486
6.309065196202544
5.0394610184050865
6.171096717797412
8.871514411938376
9.372144102339988
9.79118722069214
9.491407458353574
9.893468188347185
9.16176307830383
6.061404818699986
6.068507078594845
9.00422727359487
12.107106254999998
10.693208109999988
10.181793496787824
10.447560285999993
10.147182278282859
11.662054838999982
11.148678328999996
11.398893033999993
9.622342733863986
12.105366363999993
10.595149357999995
10.954233404999986
11.236928977999995
10.230942742966723
10.14099073186399
8.2533833099
8.957766250600008
11.763197403
9.210849453795984
10.724452135999988
10.508390894010878
8.163650308199998
8.42784869840511
9.913955056863992
8.740850456202544
10.160154209999998
10.12168208323071
9.594495790101274
8.568129122900007
8.1594336166
10.362108925993592
10.815478992999992
11.037707038999988
10.373951745999996
11.289974282999994
9.449362206999993
9.651617456227992
10.9215588318336
9.048496356202552
9.54400906679743
8.438241737405114
8.784498786898707
10.264392297
12.672715279999993
12.913169956999997
13.032986802999991
13.504686208999994
12.509309173999988
11.304701832999985
11.44342019299999
10.288844561999996
11.712284223999996
10.885644459839996
10.732235079833586
12.530311112833589
10.59290743099999
10.366287604991832
10.837902369999998
7.635546134899994
10.676309861999998
10.192034384141428
8.289722608898709
7.232544961493585
7.260677532999989
9.85018915406799
9.388576477070693
9.563520849727988
6.790403584303819
7.112977734405096
9.402387722863981
10.984728827999989
11.549502579999983
12.831286233999998
13.279318194999997
11.767922132999983
13.880722359999991
11.761012052999986
10.736336490002719
9.944297901969438
9.606919959999987
12.202901107999983
12.768209821999989
11.340594216999985
9.945900349271986
7.922227990696151
10.469907387005437
8.236598382599995
9.612170436101273
11.213794279
7.3671591751012695
8.620201374797427
10.187745199727992
7.758482673599991
9.713730676203985
8.911874232506392
10.434603249010873
11.48985527499999
10.612808208999986
9.427270292802385
11.018405880999989
9.555141348363986
8.518284625202542
8.254422654696155
9.406003031898717
10.583759328999994
10.871043975999997
7.911264575199998
6.424073695399995
9.715874173000003
9.051218727101272
9.06580669249359
12.11231249251999
12.417239612999985
9.366259593135988
10.243696982005437
10.846868468999993
10.921683034000003
10.403222263010887
11.887304485999993
9.170155166594872
7.121062943999981
9.41476855613599
9.051425802727984
7.352944570899989
8.731083413696155
9.736990818863992
6.629121652202536
5.523473338303815
4.176024825999974
7.1963057418999865
9.146245523101273
7.768661907999986
9.089791426067984
9.771785700999994
10.067057641866882
10.264168720999985
11.679819259833593
5.557905990599986
6.553005444299983
5.972205178799984
5.090875468399978
4.315003457599977
6.826928074594862
6.994847528101256
11.55670257899999
9.254898124795988
9.073512123101269
6.811759596303822
7.450376930202547
9.389385417135989
6.237064739999984
6.538669782999987
5.278120390299991
3.6619688491999938
4.972999237099984
4.6575773116999875
7.885383189405109
9.978487553271998
6.498779971299985
6.131164488199991
7.680919201699991
8.382032794202551
6.013481295799987
3.727270155299981
3.128642404199984
5.055798818999991
6.432231495699989
6.486422924799989
8.964798048405102
2.9910684218999775
2.047068981899993
2.3918480346999815
1.5881890029999877
2.8871258803999793
3.7515105178999812
3.1780762328999814
3.5289309707999825
4.5059591857999814
2.0875272475999744
1.716304124499988
2.1152068709999807
2.978469648699977
4.591898818999983
4.5885950118999865
3.543744667099973
3.8737279952999777
4.219686657699969
4.0335895324999775
2.4337804839999797
2.3591396178999764
2.827738624599986
3.3696708281999777
4.241431007399975
2.4164380004999573
0.9783373669716916
1.8450986220999825
3.645239656099979
6.846092771899987
2.759586653099976
4.006405351299984
2.8620587310999914
3.318809646599994
2.228344616699986
1.3489346099999877
3.4039006072999665
7.804000375405102
5.056542524699978
7.122475431799989
3.549385101299989
4.248350625599989
4.496654341099972
3.4357400481999765
3.7833045608999845
4.241735624699976
3.290247146599983
3.174940484599964
3.8154831878999818
2.139811109899986
5.632774049399991
7.2688622649999886
2.4480214538999774
3.26817120059998
2.119713043199985
4.780024354599975
8.376090344202543
7.592681117202544
8.54131929020254
8.434095410202545
5.65579921879998
8.090740602101258
7.608042605594863
6.170833016999979
7.959718836999979
6.614454592898696
9.826702278067987
4.589202008099971
2.749851008599973
4.78050407869999
5.071715026899994
7.687887225303816
4.8018999206999835
2.556733019999975
4.005037118499971
4.744934442099981
2.8455475158999843
3.517434443699977
2.767717268399978
3.997546104399984
4.737150796499978
2.4353071258999734
2.083571083099989
2.2155132918999727
2.4729677718999805
4.443699856599995
4.668849185199976
4.668732150299972
5.03276261439998
5.64683237609998
5.771931445299979
4.051730432099979
3.14809564209998
4.4808710769999625
5.3253185012999795
5.597233712797413
5.884113700898686
4.777980674699974
4.8590801635999705
6.218340214499983
8.439130303999983
4.867062005599974
2.034708422899979
3.659087782299973
6.878968736303822
10.05376081093199
9.283780648863987
8.701080596898702
9.793185809203987
9.230310775863984
7.822828832999993
10.447951613999992
7.4412241775948615
9.042035736067987
9.173245700067985
8.964101997405109
10.350607125999993
10.415703995999984
3.1916311049999844
5.77869288479741
7.668022045898703
8.76489505920255
9.455308041271987
10.57458783899999
8.834221485898714
9.532469854696153
11.063863904999995
5.3361682541012545
4.44201468199997
5.527113128699978
8.6457359894051
5.813536866799988
4.74900256649997
6.908205488594858
8.309618183931963
7.9138444152039655
6.248987615999973
7.256602816797422
7.090608027594854
7.816902978493587
8.190994485506385
12.883120942999987
6.438983776898694
3.791725683594839
4.3717398375999705
3.6563631270999726
5.951678822299988
7.115402320905102
6.425954090899992
5.051287623599994
8.802712678493595
8.073775308199995
5.366296064799995
7.048287586999994
6.342019578599983
7.338617832900005
8.309366352800007
9.350054026863992
8.40155351869615
10.752619655999991
7.881157179299991
6.251946417199983
5.92679866179742
4.074592399599971
7.616126931797416
10.855240957999994
7.615140849303827
8.567429815699999
8.716344726594867
8.828265112303843
12.37489847999999
11.97670542099999
11.886558516999989
7.9782801909999845
8.090455374101266
6.443510020399982
3.937051011699978
5.212854733303807
6.379831645202536
9.094167440863975
10.156931474212142
11.892756385999995
9.849812319929258
12.813218369999985
10.898543555999995
8.801620780898716
11.672967157000002
10.323545121999993
8.953459344506387
8.241257424898711
4.0634481460999945
3.593675131199993
9.19267333979743
7.621971539303825
9.041557571405113
11.775451097
12.242062375999998
11.292736596999998
10.556559969000002
12.113776887999995
14.495218935999995
12.770327013
13.155057084999994
10.639735146999985
12.818889827000003
14.751330091999991
13.586831548999989
14.294712751999992
14.264906931999988
13.331369161999987
15.566182247999992
14.015485659999989
14.163447962999994
7.712597808797416
8.139842997696142
10.925417507999999
8.98810758813597
9.214552931141414
8.246759947202543
8.155814303594864
9.050217591898711
8.926448275797425
9.767815411271991
11.956043844999995
12.455756240999992
10.471117261999995
9.642561962931994
13.165286571999992
12.036851308999992
9.47817238172799
7.427118130499995
8.52062627720001
9.353354893506399
10.736100379999991
11.001889357000001
9.138640136696152
9.796802569727996
9.155083462493595
10.434746183999996
12.951009177999985
13.030138115999987
12.965324204999986
13.501570778999996
12.603727797999992
13.684003162999996
12.837786381999987
10.003194297863997
10.050528065339996
7.694691570999985
11.763718552999979
14.01428064099999
12.231677006999988
10.470831487999993
7.950949279800003
7.663757336399999
10.406474177999995
9.882159896898722
13.209248369000003
13.818464950999992
11.998554979999984
10.78756679799999
14.187693316999985
14.376884748999995
14.06080396699999
10.819060127000004
9.61664418179745
11.051292867000003
12.515204049999996
9.78796593621213
14.418548934999986
12.827324201999996
14.579527213999999
13.277059830999988
13.120745067999986
10.810676215999987
11.579164068999994
11.716008114999998
11.00469430799999
11.278979373
12.158410254999989
11.685838572999982
13.604033577999994
9.864522859202559
12.924216025999987
12.71919803899999
12.593983186000003
12.183204953000006
10.718896288999991
12.140235727999992
13.878306709
14.544291202000002
14.702947211999998
15.551213825999993
12.322797335999985
9.105888639797435
7.266927134699995
4.7627441894999984
6.7030243972999966
7.749524189797434
12.145886997999991
12.287833111999987
14.199568464999984
12.840793198999984
12.034919036999995
10.536829118099847
11.282254964999991
11.965885929999997
13.532946592999998
10.3334816599864
11.401287232999985
12.517998426999998
9.117529153405107
7.324517524696142
7.875146054101267
9.03908323520255
9.987839392067988
9.686982527202556
7.3866125183000015
9.033416195795983
10.539418603999987
13.103323722999992
10.829851957999976
11.338908890999994
11.43009827999999
11.361067498999997
9.753090029931988
10.550908181999995
10.921210917999991
11.877013462999987
12.56314414699999
11.543373224999984
6.71343603210126
11.84306445799999
12.096799354999993
9.77292320872799
10.135569203141433
7.577966812099993
7.933697416696139
9.703839376797434
7.498446629299997
10.84810681
11.69529480299999
12.355364811999987
8.80900136406798
9.686969470141419
9.331763636863984
8.746911576863972
11.214880105999992
10.019921316659998
9.44090776379599
10.656652552999995
10.144396229727995
7.716834338405105
8.337825192303828
6.724775573696144
4.026068225099987
4.5112137145999816
6.73055261689999
9.345245182791992
9.15833610230383
8.495450865202548
6.923351438898706
9.188596787999995
3.7532888427999853
3.2295516173999887
2.6075356338999782
4.6867500976999885
2.913699542199978
3.894712480199981
3.7081142608999857
3.8883495025999832
5.4547679381999865
9.339555224727984
8.71566519010126
11.14653184399998
10.517967994999982
5.691524095199987
3.328416039999981
3.4030957381999873
5.5895621520999885
6.510565666202532
9.648808077999982
5.464706207299987
1.8711334609999881
4.3391854690999745
4.369945791599976
6.107229972797413
7.158773718303826
6.830577589405102
8.410339831493586
7.834734210202541
5.4098909636999934
5.304747836299984
5.7872040389999695
5.190902963299989
2.983322868299983
2.465565977499981
4.8569026107974045
7.129102871696141
2.15891454319999
2.3182237243999824
1.4519827230353375
0.8136976558795974
3.3115562148999707
2.528185746799983
4.414240687599974
5.960867306499985
6.562419709799986
6.277680200199984
4.765794670099987
8.264242309594868
8.876097647101274
3.572226614399982
4.714466946399974
4.644180514499976
5.434421813999979
6.054602026405087
5.935378486594855
8.058903745999988
7.893630470303823
2.402591073599979
2.1455811873999773
8.365742927594866
8.525704519696149
9.683373640271984
1.754727734399986
1.9526554717999787
1.7985719054999865
3.1942324035999814
2.5216881804999844
2.4536200179999854
2.7226642074999834
2.319458695999985
1.479329244999988
2.785377059899973
5.936026881399978
7.529361427303816
10.062552973931984
9.453603933795991
6.745755773899986
3.48634087069998
2.745722567699984
3.87151104279999
4.651012545799979
4.6802287063999835
4.062199865699975
7.756594456506377
8.717198547405108
4.940967257699983
1.6509154769999808
1.6832915496999856
3.429093653899974
4.323481143199987
6.192540136699988
7.655793003797424
7.819472035202545
10.260563513141424
9.130575828727984
6.1187325438999824
9.630907064863983
6.13300375819998
5.327830424506359
7.145339283797418
3.972841149899969
3.5191674575999805
7.848688467405101
6.82714777979742
7.787396206696152
7.017159161399992
6.361327970899988
6.277756094405099
5.024929185499977
5.55261109619998
7.482429522699996
8.91076035159487
6.342137206999989
7.291690290797428
3.893509933499983
6.302126966898705
4.856479429599979
6.831483970599998
8.598229538
8.52233064579743
9.105376588405115
10.881682062999989
8.369551333594861
9.35380162659487
7.922633534202546
8.279278687999987
8.964324977101265
8.84622134549359
9.236846958931986
7.911229876696147
8.52708610530383
9.875392274506398
8.541125317405108
8.324053939797427
11.278396332999996
7.507855960101268
6.155414323399979
7.7282273956
9.574353871141415
10.313452087282867
9.164950651727976
7.065279397594864
5.827920001202531
4.601231248506337
3.6579070968999736
8.621660040203963
10.12422258135358
10.64535308099999
12.103660991999996
10.458521126999992
7.857442042493572
6.299733097797417
9.058182089135974
8.364258935493595
8.73620173340511
9.19149194789872
9.913981869646381
8.814532382202545
9.501234901405113
10.234047606002717
9.222563691795985
10.985120324999992
9.095853068659983
8.913825793339972
5.758355308499987
7.6096860045948524
9.05701552285853
9.874487042135987
6.46387123410126
8.03601988220255
9.573997436646387
13.318985669999995
13.338594248999991
5.550721472199989
6.46445089420253
11.120663190999988
7.945995916696144
7.890334106405105
8.752796958898706
11.007880208999989
11.495299433999996
10.415171784999982
10.992510044999994
11.444160428999993
10.849703155999991
8.66665893399998
9.77967160189872
9.873973347353584
6.528317477399988
8.86884554599997
9.833178453070706
11.257599063000004
11.277745229999995
9.33999031213599
7.8212019088987015
9.262745288067979
6.736629829405096
7.93297656710126
5.705719454999978
7.733336297601257
8.398805392506377
5.34853094789998
6.627890057405093
8.587333193999992
7.27430071409999
8.035464767506394
9.462809727339991
9.743000561659992
8.534709555101275
7.401945365899997
11.580870064000004
12.332808071999994
9.699684133929265
9.916628308067986
12.018854610999991
11.308192975999999
11.955299837000002
10.89454904299999
11.965591561999995
10.913601670999997
11.56729974199999
11.568547542999992
13.998225896999994
13.121131452999991
13.757738308999993
12.897345602000001
12.883266832999992
13.591466723999993
12.211521216999994
11.028387441999985
12.458624486000001
11.889696465999993
12.494656118999997
10.312215951999997
10.875952897866892
11.299532100000004
12.547343889
11.351315832999992
11.816257758
14.313603826999994
13.584209662999992
12.694491039999988
10.968670456999991
12.938092956999999
11.747395694999993
13.353433707999992
13.391232427999995
12.161068046999993
11.655867396999989
12.182320324999992
12.472417722999994
12.1204948793472
13.626186045999992
13.065659908999988
10.64285668499999
9.020761846898713
8.383590614299994
11.40179763599999
12.465107538999986
10.708697309999996
12.271918887000009
11.34886919699999
12.975851485999987
12.761020388999999
10.669049768513595
9.359356735135986
12.766020295999992
11.891152688999991
11.798380391999991
14.660793555999994
13.580699933
11.81443447599999
12.983726566999993
11.426366500999983
11.383442460999987
9.999928591929265
11.224360294999988
12.808816752999995
11.409469619999992
11.17339001899999
10.30278214599999
8.354479748493588
7.961600851399994
8.805909103405112
8.031880159000004
10.353351018991836
11.689048831
12.78171166199999
12.01349324799999
12.382848617999992
10.718789947999985
12.204873385999994
10.348036696999992
11.276439519999991
11.632915513999995
11.698891167
12.572683617
12.837610733
13.301096505999988
11.048002549999977
12.627113668999986
11.99321408699999
11.563391800999998
13.100745998999995
10.291425219999995
8.149832957499996
8.5183097916
7.808629949999984
6.299257102999984
6.509878651399982
5.838750979599989
6.486023007199988
7.141361749303825
9.805567259302398
10.293606928999997
11.021368844646386
12.025400283839998
11.81554602399999
11.62721610734719
9.048873059100004
9.93088431550639
11.219108158652787
9.99008764799999
6.855651649499987
9.772792945938395
8.584677719101272
10.853963701999986
10.270713146999991
10.710416541013595
6.296715672303821
9.864849308863986
6.786270028696134
7.556876933299994
7.275028031899995
8.76773698879743
10.270435331999996
6.895635586493583
5.992331471299998
12.486643247999984
10.693979783999989
6.573164263899989
6.151285198999988
6.1433373153999895
5.403451866099983
4.552535674999985
4.997394378699982
5.372026765399983
8.584834556594867
7.033880784599991
4.489231988499989
4.862193849199981
6.494689163199987
7.5646674072025455
5.181247138999986
5.881223179599986
4.989256399499983
3.773259391799985
2.0550788222999876
1.9316655364999846
3.6430153060999904
4.2141460051999955
3.959179093899989
3.034376199299981
4.344186234999971
2.7554553878999726
3.3948685088999837
3.1586162551999744
4.793461645493571
5.049087295499976
7.6768106232025435
7.551047593696146
1.8298119918999838
2.9041661635999727
5.273229901099985
5.222983956899984
4.3693379531999845
2.2848048720999867
3.3953456878999764
3.5411864638999777
4.2417865891012445
1.4746320037999814
2.6008351012999835
3.760053869599987
3.3032317260999773
2.7045597365999727
6.548434399405101
2.766189125099986
2.314510044899989
4.21949371189997
5.47490303039998
4.733511259499985
5.087670005799985
7.168863166797417
7.813792520101265
4.810280064399975
3.5907522094999726
3.6905180312999835
3.128890431199987
2.379920519999974
3.176550019799979
1.55008369289999
1.9979211593999906
1.9865339492999836
1.5757740264999756
1.9689183684999743
3.540452642799973
6.5341625915999835
5.654666621399977
7.07439098359486
7.590199072303816
8.467716790863978
5.7522293854050925
2.5659264144999745
4.497208869899982
4.230990721099978
5.594710205099979
5.29344163669998
3.489819937099975
4.231288774099977
4.2163192809999845
3.2812744506999802
4.531589099099972
4.37795613249997
5.266501213099985
7.216401544202538
5.365828507999967
5.293774441499982
4.667263659699976
6.800977278101263
6.600423832699984
4.3477582335999845
3.3199010726999845
1.8456626586999925
1.5176687453999969
2.2048378112999987
3.057437289399968
3.4926238479999756
3.4766473189999756
2.4205321822999757
3.1463883712999667
2.90446372219996
3.8295363097999737
1.185306767835338
2.2191059997999703
3.4601621077999765
7.526748506202535
8.016680950898703
6.599945863299985
5.806555590797414
5.633688330099979
5.541894897499981
3.9386514022999757
4.1703954818999796
5.972234847999972
8.009855804399995
7.503845481898706
8.63769625550639
8.798280035405108
8.383521090696147
7.412034130898705
4.273175695799988
1.848175323499982
3.005530868499981
3.3974579192999856
5.0701817290999776
5.992455281099988
4.743226881399983
5.896434585599984
7.406460411101263
6.415352270493574
8.020741676303823
9.379682536203983
7.4224697509999835
4.515584675599983
7.8441331710999975
5.925249780300002
7.742874938999988
6.7744728911999905
8.710271563696145
9.310220588795987
3.6817140227999743
4.386824066202527
6.480671760594863
6.887125077799995
8.627584576405114
9.333316607795984
4.45502672729998
6.741905361898696
5.956112396199981
4.539891683999974
6.540149159199994
5.391729824799998
8.559798281898713
11.215267592999988
7.688177267506379
8.131594708303817
4.7390212417999775
4.124862263499973
6.324253866599987
7.3843115935948695
8.44103291930382
11.00059203499999
6.5376849013999845
8.16177078872797
8.72259104913598
8.972170680202545
9.695225340203994
6.932037635797426
8.700667327898708
7.523329440299991
7.594614256303828
6.724899681101253
8.013694506797428
7.650672775303823
7.70081760249999
6.793701074202524
8.678333224506389
6.672966342202539
5.321895153797408
6.906647039797416
4.96257643739998
3.7485241164999694
3.387613590999962
7.168616044594847
8.96546039720398
9.241867622271982
9.34654163372799
6.938415312202538
6.176671345493571
6.486163688699994
6.611452635199989
3.617510542299995
3.051070739699998
3.5770303924999953
4.4675920485999985
7.577814547699994
13.890484931999993
9.615517953339992
12.585092328000004
7.168307028199991
6.2637027404999905
5.216345973199974
4.793403102101245
4.800989385999976
8.425961468493576
7.272736657696138
8.241085366799997
7.967562715101267
8.442048574797427
8.035876409898698
4.647402821399971
5.816760754405092
9.139686349339978
9.503994056795992
10.10662927092926
6.775622180199985
4.512378135699977
5.844352609299981
10.435746114999986
7.755224395797415
4.4926125442999805
5.725379179405097
8.979434466717091
10.488909173999987
7.549649969506388
6.322120295699985
7.425320300303829
8.069833023099996
7.6995597275
7.3189106628
10.021161714135985
10.996167435993591
11.670762134999993
12.386397136999996
10.795020826999988
11.981983800000004
11.859480274999994
11.394507911999991
12.05005647999999
12.730445150999998
12.037695838999996
13.006480239999991
13.453254654000002
13.384156763999997
10.835917845000004
12.352558201999994
13.885291747999993
12.816466146999993
13.45599608599999
12.954000455999989
12.23519239299999
10.897092837999988
11.035634739652783
7.067864477499993
6.417541906699985
6.611867330899987
7.22817236939999
12.357960377999978
13.019371813999989
11.888516488999993
9.434919148303845
10.614095867999996
11.475448012999987
11.413813817999984
11.962768256999986
10.294132653999993
11.660459177999993
10.303723422066565
10.239347905000006
10.711385158999988
11.048221982999992
10.84230173
12.745247287000002
13.467640775999993
12.996650460999989
13.481225385999993
13.40181619599999
8.202071345493588
11.945502425999988
11.628019465999992
12.590076842999986
13.47161066999999
13.157659911999994
12.404191364999992
12.884133715999994
12.850615510999997
12.165833883999985
13.050192454999998
12.851465177999987
12.120611612999989
12.419926729000007
12.031097083999992
11.971139538999996
10.435822123999987
10.417278644991836
10.366659286
10.597333890000005
9.819748985212142
12.620404047999992
10.912478522999987
9.151263125727986
11.561671367999994
9.610453979339994
9.228351312203987
11.425979680000005
12.320764095999992
12.715973030000006
12.618424976999995
10.425697227000002
9.196632202101272
7.007662434399992
9.12367190089871
8.798523632803828
9.477639125101275
10.321117221000002
9.07545647130383
9.866418156271992
11.551629067999988
10.286483177141427
8.529996281271979
10.782480495999984
8.887002308696154
7.637177052299992
8.51521202999999
11.207076842999983
9.251417948931987
8.07368916020255
10.025121526997278
11.758121316999992
12.38612083699999
10.584321142999986
10.299835321000003
9.961060725122243
10.855340589999994
11.523985415999995
12.633375550999991
13.300878504999993
11.114592081994555
9.669924133203992
8.023557461493585
9.045729185506389
9.545676554931994
9.793724127135995
11.377640088999986
10.473826214999992
10.774120499994558
5.760555004899981
8.115043725594859
8.98211467120398
9.14850543979744
7.266254429594855
6.93001248319614
7.532450056506385
11.000794868513582
9.068267979271985
6.119501951599982
9.690937593103992
11.078980731
11.816249358999995
11.055633642999997
9.953405183122243
9.688432614101275
11.059904364
7.512727186599994
6.547009649699997
9.282164332594878
9.481756706135995
8.784222668506388
9.51394780720399
8.978855259696147
8.289561582898706
8.49470229030382
10.54984449299999
6.059959951799983
10.143123892141428
10.42835297699999
8.271174308797427
3.9359094619999824
7.2478976273038205
8.302282525600006
9.26760529320398
10.227301100141421
9.933049388030566
7.660585804699994
9.61182388306799
9.906368899659991
10.893360225999997
8.453944956999988
9.85052921765999
9.567544888363994
4.7363742812999865
5.406573959399995
4.057631188999997
6.449533177200008
6.481097210699991
7.0520073668999865
6.263629826399982
5.07805994869998
4.751155036899983
8.37566049799998
4.52930241699999
3.5036369307999826
6.721597619599987
8.67872671810126
10.864324068999979
10.91688881099999
10.843270136999989
6.828175427199986
7.815913192696146
7.892269467202552
7.3851710967974205
7.502666320799991
6.740359753405103
6.840347048999976
6.672936460898702
7.683626657101264
5.709980865499986
5.868751663199991
6.719095378101261
7.851793359405112
5.456205870099984
6.629081751999987
6.811223042303823
8.039689625493587
2.375377799999982
4.355026522799985
4.839859207199983
6.161136878999975
5.123127502399974
3.543961689799982
5.642897851599983
5.592264736899981
3.9446039199999863
4.987328366099981
2.7639402083999767
1.4411148452999987
1.4450177047999964
3.8282415526999802
2.205771984899983
3.1553582137999765
3.506597262599979
5.540999389599985
7.355010662799985
6.266002482599981
7.470863592493575
6.179401736499989
3.832422636399983
4.543795219399979
5.046985836799973
4.3118649215999865
3.1760506240999904
2.135527572600006
2.4238660476999945
5.699738009599986
5.452790748599983
2.158436947599985
2.69098159789997
4.097660328699985
5.2666712844999815
5.57704915619998
4.77369095309998
6.179938095101259
5.6341635238999865
5.36314813389999
4.381586152599972
6.39667534179742
4.015762821999967
3.4085894271999786
3.4482909026999775
3.9412856292999736
8.309308178696135
8.94474310299998
3.222807864399963
1.1224139695141224
3.725798464999975
5.315919668599982
7.985916284202544
8.16396206049359
6.002089924599982
7.77901625059487
5.173982588199988
2.8509404357999775
6.2171218215948505
6.835718398999981
7.407457769797421
4.032750715599972
3.8021441665999713
3.638888668799966
6.862502014202531
7.730977624493589
6.866653788799989
8.662231806898703
8.510773905898704
8.730328857405109
6.225759021
4.27510840759999
5.227738917500009
5.932798144499988
9.374521330303832
8.681541493202555
8.815852503999988
7.657722894303826
10.218007432717105
10.737739557999989
6.17845694729999
5.545470790099973
8.181637817405106
6.797299987799982
9.779548411717105
8.114793646202548
9.31306363830383
8.187488029499999
9.133768270931986
5.36191663209998
5.231001443499982
7.539900907898704
10.61211317299999
11.289166439999992
9.891525830067986
10.440086036999993
6.307428065499982
6.609065751599984
8.630651316797431
6.178635382099987
8.519485961898706
8.250339909405103
10.224392884863995
8.452810827594867
6.348766050699987
5.072751753199979
5.508099223299989
8.542865951493587
9.783980273271988
8.136311531101269
5.168926687599986
3.357006678799989
4.092519950899986
4.468053764299976
8.30258559569614
6.337217213399989
10.090149169931987
9.653390319863984
7.009068444797418
9.682709626858541
6.458061772199985
8.82313850859487
8.306423637405112
6.573103172299991
3.81881216889998
3.0614772872999887
4.772619670099993
6.000564097599991
5.282306385799995
5.737371073899994
9.560738371203994
7.559515173299994
6.059119497699981
4.229159052999978
7.1066243575948596
7.343521823101267
3.158623861699985
5.40597408289869
7.294925570696144
8.492054107696143
11.957688303999982
9.310585586659988
8.155471090696148
8.232524500999986
8.984062277202556
10.489777942999984
8.648659097303824
8.773258840898713
8.441102946500003
9.319830651898707
10.360768299999997
9.670044525103993
9.391521879727986
8.951343641696146
8.876850903203978
10.877832342999987
13.02535768999999
9.875202226203992
7.952958122303831
4.496365072599974
7.829886799594856
8.626698779303823
9.32579406893199
8.19520074010127
8.123802754202547
9.22633152010127
9.796387823339991
12.116572437999993
12.085571671999991
10.421921529994552
10.274570054999991
11.009993685999998
9.388327076696156
10.753007622999991
10.136990953070706
10.186735723999991
11.443388720999986
8.121666323899994
8.671391143797436
12.218226721000008
13.293354606999994
11.34878644099999
11.842134618999994
11.439467244999996
11.755579198000005
11.691060428999993
10.317903647989114
8.399064822405105
9.120496124303841
10.917568383999987
10.647381154999989
10.463949425999985
11.730759086999988
12.045853391999987
12.574731215993587
11.724836830159994
12.765504291000001
12.228283046999998
11.568701491000002
11.434292984513599
11.633783622999987
12.494049209999998
12.843408144999989
11.367565880999999
9.143457842999995
10.281499503000003
12.665754918
12.128479351999989
10.845941530999987
11.443941251999986
11.868301413999992
12.515551275999998
11.702497516000005
11.87414658699999
11.26491430999999
9.92977380686399
10.080158950863995
9.924424351659997
8.461518664594879
11.171198676999989
12.54621719999999
11.51267276199999
13.080225533999993
11.642138732999994
11.309450745999987
9.029591412405116
10.847832815999995
11.802533161999998
12.035288834999989
12.826137793999996
11.384521913000002
10.159709834203992
10.756709057999995
11.108912502000003
11.902591114999993
11.730447996999999
12.476124074999989
12.542249087999988
11.319013628999993
12.186882799999989
9.82835840465999
10.522521386999989
11.676904984000002
11.258350211999991
12.179147002999997
11.752562137999995
11.001466193999992
9.213978640696146
10.40965749099999
6.197753625499992
7.202957890299996
7.052723016399992
6.868321552999994
7.986344088700003
11.017910219991842
11.361682377999996
12.58749863099999
12.99678198099999
12.748671853999992
12.537665949999997
11.62772198199999
10.550897964000002
8.9145156204
8.163406967202553
10.378063718999991
11.815453496999988
10.262881275931989
7.789201795999997
7.386624925200002
10.015964556969445
8.725255581700004
11.73188606999999
12.245038707999992
14.061541443999996
12.813445962999989
10.747812696999997
10.435036292999985
9.692826852282867
10.380391570999995
9.143638729898719
6.720785270699996
5.142866452000009
3.4271588775999966
3.455939489699996
6.4342911621
7.411986193797426
6.077948367299994
6.774023812899991
8.69746359872798
11.923213530999988
11.561693239999988
8.635655490101263
4.380358148199984
5.25073155209998
7.746441569493586
5.888070136999983
6.78973721620254
4.349035169999979
4.564493820199979
7.324613084399996
7.188009510797425
6.514019337499981
6.698567983999992
9.354506281999997
10.276116701999992
9.312967269931987
8.595820170594866
7.588186149594867
8.074553605696153
8.358595294202551
9.533803272999991
6.747510671999988
8.35785407410127
8.852217448405106
6.0188286574999825
6.226560461399989
3.7008566604999884
3.626950726299986
4.3588225890999865
5.949445948799986
4.9897106673999785
8.050733575405111
5.303536683699984
6.99063971410126
9.735585203594873
7.763568418898706
5.51289513849998
3.111036659199988
4.760112759399988
4.845727651999983
4.5704784041999815
4.514329855299979
6.598536030594855
5.497371896399978
7.549763636797427
9.183364486696147
7.534149081405101
8.903316511493589
9.163607118202552
7.331737295493583
3.7752322707999912
2.8844196731999863
2.3705771422999855
4.304237339799979
4.004588514699988
4.17147075499998
5.375304406699988
8.40809083099998
7.121338056899992
3.9410120925999714
5.497918507399984
5.329610690299986
5.710701405303813
9.175604556303828
8.694591030898712
8.604665649405113
7.695640455594863
2.535997180199993
3.4054613952999775
1.9766573424999827
2.545128097499977
3.792588925199984
3.891165989699987
3.7345069854999937
5.091263597099988
7.000982000699991
5.903642378199987
4.9633459121999834
2.7843024718999763
3.7770299376999694
5.962133799699982
7.496217465202543
3.8880610763999846
5.573005989099984
5.5605868621999885
3.322605596899989
1.8222437331999901
1.7057524276999825
4.680913490299978
2.8007087783999833
2.8943339629999785
4.336155708299972
7.182284599303822
8.328163517797424
7.5032862838987056
9.546589979727989
9.271524871797428
4.685500318899975
6.579067980999972
5.737259722899986
5.647278466799983
6.758838421599986
6.859090924099987
5.439320069899985
6.115151965299993
6.486819926499986
8.593862574797432
7.514784471101258
7.138977615405098
8.669833720405107
8.365167727696148
7.862128732303822
5.7252065352999875
5.658331315599984
5.760843151899985
5.604355468799987
5.6688940490999835
6.967834400898699
4.9660811156999705
2.2789364898999773
3.4355238692999785
3.8474352401999825
7.2712593978986995
8.997067652931982
6.54649484859485
8.161822221405107
5.54678841859998
5.762125544696133
5.37294319310125
9.388903115797435
6.766856242399998
5.982653230299979
8.190192396659969
1.915162049899978
3.1650514037999726
8.404337457303823
7.204376908898701
4.537522331199975
7.68096807399998
8.756879569999986
9.019596820067983
10.695641372999997
2.441522668499982
6.674567272898692
8.347846649202545
8.544175814797434
9.134959892303833
8.327297898898712
9.368409945795987
9.75348563393199
7.341486215202541
8.70063328089871
10.21073207099999
9.71089843899999
12.234464131000001
12.133096544
9.405264057931987
9.788868777339996
10.893070797999988
10.498727057999984
9.365563475
4.860132092299988
7.02615803679742
9.07568869486398
9.974302593999983
9.09968199310127
6.046954936199984
5.496923225399982
7.512980702199997
9.961415191795988
4.606834483299981
4.407036904899976
3.886616680899981
5.183853973399982
6.890801992799988
6.064317999299984
8.861674217202546
5.5872438033999785
5.593904536399987
6.340177267500003
4.408085797099982
7.1482540008987
3.2547933959999753
3.7059241179999676
2.14850724489997
5.516176798999969
4.886557783499978
7.324534902999986
7.589085365303825
6.665275344797423
10.366551825
10.435086310999983
7.678963793898705
7.522647376999981
6.9214053298986915
7.403573767101265
4.794870931999985
6.213560841399985
6.972982929999993
9.141914031999994
5.519627200299972
3.861240200797386
6.155412034594833
6.77487757259485
8.223724192797421
7.7385991653038255
5.35449012149998
7.275511477696144
10.712337868999992
9.176732534863989
6.723725678999974
6.990527877797406
3.588476489303803
7.376119433594861
5.481904063399978
7.370526686101262
9.043402001999997
8.02426178279743
9.012977566493587
7.41563794249358
9.181926853931987
4.212754264797407
7.062046417202542
9.98778459921215
5.075897561594846
6.830319506797417
7.512780697594865
8.352893928500006
8.565326101700002
8.388968943799998
12.048573607999984
9.429417123271982
8.626071928405112
10.246691526858546
11.114891607999997
8.22815107569614
8.413703663594868
4.129291722101239
5.415824108899981
7.2811462066999875
8.718174818405114
6.771390756199988
10.113977270659992
11.744250226999984
11.90496334399999
14.16061993099999
12.723637081999987
10.982498762999992
8.713287582405107
8.88482810969615
9.651566909863988
12.562847996999988
8.191295556594852
8.264443186999973
7.3776726974051
8.54332257389871
8.644398950202548
8.32287870479744
13.803792587166393
10.737149537999983
7.8301477371012504
9.900989172271995
10.284781666717102
11.626961204999992
8.662701983727978
13.038408051999989
12.71211579899999
11.095340455999994
12.083839679
13.762847799999996
14.498787470999991
14.788153216999994
13.350625193999985
12.108170034999985
11.898806376999989
11.851717705999992
10.47026634099999
9.646913001999994
11.969793268
11.889406122999986
13.883805175999992
13.189179419999993
11.979846644999988
11.616590224999984
12.395288808
13.414203020999988
11.033259731999982
11.755904334999986
11.287427089999989
9.331765389999982
8.30496911159486
8.152246922303823
11.46026795499999
11.603286278
12.463550945999998
11.728657395999981
10.443556920999987
9.79292870321213
8.3144148848987
11.796500055999996
11.676515793999995
9.205711827067983
10.36641761599999
11.398298623999985
9.975539569067992
11.116716652999983
12.433301159999996
12.253523371999993
11.750018490999992
11.094259714999989
10.615012930212137
7.686197648599996
9.438083615101286
9.832704681271988
9.627183497727984
11.873340734999998
11.308181743000002
9.81175097365999
9.20152378393199
11.181491460999988
11.507996355999985
9.842819190999984
10.579372844002712
12.142287656999997
12.160132595999986
10.50864223499999
11.010186085999996
11.618168577999992
12.561178275999989
12.875604691
12.320434954999993
11.529485694999995
12.709502384999995
12.124124308999992
11.548373331999992
10.774513337999988
8.605818481405107
8.492671447797424
9.80766947320399
11.103276244000002
11.094323911999997
12.607969218000001
10.892346390999991
10.934655504999988
12.346190633999994
9.96570688908785
11.287200409000008
11.144401980999984
10.874066500999989
12.427681675999995
14.269849874999991
13.31143764299999
12.232288131999988
12.952000835999996
13.265296164999995
12.243995551000003
10.672556335513596
10.94244452699999
8.90196933440511
11.509417632999993
10.889414880336322
10.971672562999993
11.504746805999996
7.329633727999998
9.170559588594873
9.048622705067986
4.279754223599979
4.773298886099975
6.36370819849999
4.718391838100001
8.433983364898706
9.666490167135992
10.661538991999995
9.29858964086399
8.598452421594871
8.26695988459487
5.699632936099984
6.571452268999987
7.2850537064051
7.712001197797419
5.544887573199977
7.526487582405094
9.109921893303827
11.616556925999989
10.926855044999996
8.805070233202548
6.547324830594862
5.967463380399977
4.396189321899978
3.2879787337999775
6.120163188202539
5.510549282799988
5.936595408599981
6.778463807699986
7.3640622681012635
6.461677247599987
6.6315179992999855
7.877059529099993
8.937355789202552
8.868881333898708
9.286272474795988
8.744211315898713
7.730194566303827
4.980412127699985
9.076512313797428
5.627806596399984
6.723137156696132
7.467267726101263
5.687982911699981
8.05891039120255
4.847721127299986
4.4851605926999865
3.7444262008999925
2.504869805899975
4.353042941299988
7.836680465699995
7.279592970299988
9.563851957787822
7.16760429689999
4.436313471999989
4.343280837999994
2.56729812159999
3.7545249404999868
5.2486218169999885
4.012860075399998
4.03732775419999
4.563475727799971
5.791226277199986
4.953200933799982
4.880058521999973
5.477637031599984
4.104509046899982
2.957417793299989
3.769827503999977
6.089646319594852
8.652455512999985
8.046334945696154
7.062591702303821
7.656283277898698
5.900381625399986
4.16667759089998
3.407451045199985
2.270864228799986
4.565844833399985
4.280462022399986
4.445435667399982
4.551501184099984
5.138239533999991
3.362499235499997
2.5354868514999884
4.838018307499971
5.535610665899981
7.734212838699993
7.006435122699982
7.041753382898698
8.72846715865997
9.800193257067985
7.27717089230382
6.371385989405101
8.29385278930382
8.170351213101265
6.0616608443999835
7.226116616799987
7.153432771299992
5.013147714199978
7.344095303303826
5.865698069797419
9.03335153349359
9.771092944203989
10.515691643991836
2.4828724853999953
3.968424729899966
4.697755084199973
5.383029664599984
5.318753021199982
6.4035962783999825
7.689661413594858
8.228723571797419
7.1226109314051005
7.646277465797415
8.167314781135971
8.80528613593197
8.518236723303826
8.43010325620254
7.988697802699998
5.794393864399998
5.944485205099998
5.335965692099991
6.461204093899999
5.220068209800002
5.633335606399977
5.882547984303811
7.714308033797413
6.811884783898693
7.796220696999983
7.579491329999981
9.065594341999981
6.950734963999982
6.215767039499985
6.978702526898699
7.868867489594866
7.997709136999974
8.898332340999984
3.823932667499959
3.2559018599999683
5.455031703199991
7.321447973594862
6.748048983797418
9.559572309931982
8.156754643202543
4.869809190399973
8.536276382405108
9.949412223858548
9.97684124906799
9.814116566506398
9.063822466999984
10.325561797010884
6.185122775299992
5.608928147899987
6.234051663199988
8.657738108797428
8.348104751594873
8.91043302310127
8.738844413797437
8.147498046898713
7.833770013405106
7.055697825599992
8.332566393999993
8.103351036101277
10.313130800989121
10.339910540858543
7.118802362101255
6.878346191399988
5.19552710879998
6.596140470898694
8.178866392493589
9.177870916795987
6.313633717299987
7.571884017898705
7.06408454899999
9.545681336999984
4.30401444089998
5.434479316699988
7.708959374999983
4.2790619079999725
4.04756615299998
5.187021285999986
5.683009431499988
4.35039441219999
7.64027660979742
10.043059196353585
11.71688091599999
11.649677852999991
7.603106175202545
10.135542527858542
10.083911402929267
8.869349401898706
10.117792311070707
10.460140198991835
10.60290967099999
10.281103141999992
8.183961631799999
10.214436826999995
11.457307265999995
7.605374221797423
5.4235750702025385
7.656335464506383
9.132648374898709
8.881040937797435
9.025667785594873
8.263560865797427
7.679276534999976
6.991463125594859
9.967782220353582
8.565092900101265
10.605408379999991
11.587839121999998
11.954022799999997
13.025715135000004
12.065003206999991
11.308266833000001
10.569836316000002
11.944466019999998
14.315608298999996
13.70551314799999
11.74142429799999
11.84922800099999
12.758766222999991
11.747306836999995
11.628874328999999
9.828203163067984
8.883752310202553
8.405939031999994
11.744671360999988
11.429743473999999
12.036971987999985
12.702088061999989
12.449220403999991
9.631922437999984
9.766576591339987
9.991257679795996
8.74322253569615
6.061925158699986
5.623194934099982
9.429269326797437
9.735132229717097
7.853079910303823
8.96090420386397
9.917524150070712
10.540487772999994
11.223174584999988
11.785642005999994
12.433979363999994
11.572535039999993
12.553183239999994
11.492926267999984
10.502305066999991
11.619517859999997
12.773443075999996
6.420504641696127
7.40228987579742
10.875963817999992
12.44678402399999
12.872848621999998
13.346491686999997
13.254312073999994
12.949993674999991
13.290584325999992
12.286755596999988
11.802905851999993
10.52522275400272
11.364624375999991
12.94451175699999
9.814241511646387
12.708374270999988
12.244183338999992
12.445771167000002
13.849333498999998
12.591546110999992
14.079544873000005
12.881745450999986
13.311837667999988
12.473799473999991
13.877261165999993
13.18346488199999
13.300700099000002
11.64237434499999
11.36246008099998
11.630448699999988
11.247796738999996
10.645695968999993
10.900818102999999
10.542161384999996
12.70790713999999
11.862541622999993
10.285678957999993
11.330648545999995
13.284937456999996
12.322797411999993
11.362941314999983
9.849498364203988
10.005778321858546
11.122584520999983
9.735023030101281
10.753432542000004
12.538114025999999
12.350315006999999
14.621120951999995
13.35606695299999
12.223628374999988
13.288094986999992
13.353012092999991
13.362819913000001
11.36122258899998
10.50467782000543
9.956985601858554
9.961206828099835
10.22248146099999
9.979120030141427
9.76880193793199
12.318577112999986
14.234877796999992
14.725400806
14.74327629499999
13.694959714999987
13.24853334
14.29370059799999
14.339254429999993
15.001254165999995
15.358886652000002
14.86820811499998
8.249113211101262
12.609035871999978
10.418923873999981
11.550885277999994
8.262653700303831
10.253384243698545
11.342121647999996
9.758500595227993
9.178759297135986
10.981228694
6.194854737899985
6.895102821399986
9.916000541795986
11.163863994999993
11.124245862999995
11.720536923000003
11.863953702999993
12.31665787399999
13.27709515499999
13.41129223199999
13.508968465999988
13.81449621099999
11.608281411999993
10.110501751795992
6.764831480400003
7.429291181898714
7.004558680699998
6.2823284821000005
9.704931814594875
11.03245954000001
11.569231009999994
12.621939640999987
10.672936518999983
9.154864706405109
7.415250946000007
9.779366648932
8.874802403303836
5.226750979599998
9.727713391067986
11.511372103999994
9.918695416203992
11.200819710999996
10.891687948999994
10.847546662999997
10.978954992999993
11.357726081999996
11.104232520999991
11.19796861399999
12.565623206999994
12.235071515999996
12.118196749999987
12.199486597999988
8.991388760405107
7.389014515696152
7.27102482599998
6.148610203599982
7.579447788999978
8.293258706696154
9.29762882999999
10.118931262141428
8.589406079101266
6.616139901696125
6.9376452346961415
5.289795106499985
4.465116841099986
4.854969874599989
5.634576710499988
5.13242110749998
6.298588476599994
6.52377852019999
6.878090965299988
5.5863373703
7.458020033303828
8.208900323499995
4.469658125299986
2.7493398147999883
3.681788757299983
3.9015340224999804
4.607563771099981
3.4667744979999844
2.603273911999973
3.102305090299988
6.769980670202531
7.08656557769614
5.7126843764999835
7.79389488979743
3.759741805999988
5.362606310999986
7.396741085797421
4.425400814799982
7.212962112405108
9.82746974628287
8.468922041303827
4.632580046099982
4.511070797699987
3.8670018157999895
9.913710368212138
9.253824667271989
8.68335681299998
7.026540345797422
7.926614575202541
7.166979345696141
6.284776597594858
5.665391024797417
7.307968695101258
6.706728622405106
7.711445037799991
7.184525564594863
6.93631455379742
9.191087603863966
7.11365223240509
2.7359006026999695
2.352568589799963
6.7215153869999815
7.086307279999979
7.623136518898704
7.527182687405102
7.887964959696149
6.455425555399984
8.670129884303826
7.693709051493577
6.4789951233038074
4.252244502299972
6.312646899405098
4.813689996299984
4.126077833599976
3.90651855769997
8.690717159999988
4.566354351799976
4.23454848789997
3.5641541137999866
4.163298652599983
4.288001400799979
5.775225871299981
5.925477740499985
5.741285600303811
4.392825131199973
2.939501238999979
3.0490967605999773
2.809770037799982
1.9400003646999795
1.5040511138999815
1.2097358947863945
1.8853566863999858
1.1469918174787723
3.059200064099973
3.6579612655999743
4.488485716199987
5.211087551899976
9.768624792339988
8.08163971410126
6.165870321699979
7.3551527327974275
7.117327169799994
6.118318464699985
5.960738197299985
4.884631625399977
5.096750589
3.614537686199999
5.275725508099997
4.6905256850999715
4.978183285499975
7.57861395869614
7.880001785303833
4.970146523999974
6.221750935405094
8.128297225999981
6.9060010085999854
5.398583056599984
4.1459573974999815
5.8535965134000065
10.132967941212147
6.289904244999977
7.830583344999987
4.617446665999989
6.205861590599985
8.77385231779742
8.458433283999982
9.638152801659993
9.017313452101265
9.263354858271978
8.593675595101267
6.501403147899981
5.720206451399978
7.901497415202534
3.589668629499983
5.894487876898694
7.1675247925063825
10.56148313799999
5.309178532399986
2.995385990899983
2.8162359176999714
2.046203628499968
3.49354861449997
3.649662957799976
6.060960496493579
10.306888593999995
6.816510948202541
5.298442147797409
7.650379365493574
2.787596589699975
5.352627046202537
6.422352061506381
10.435017331999983
9.249920994727985
7.5478380797974145
10.595777024999988
9.010674229405115
7.475230340594869
8.853253817696142
6.95244238279742
4.904153678899976
6.7513058196961415
8.105949024999987
6.279540212999982
6.373234701499986
7.393822936999995
6.375011073299998
7.913969058202556
6.50598718869999
7.881342190599991
7.3849104980000035
8.907780703696156
10.118090111005438
7.030314292898696
7.816377262898697
7.957695281999983
8.814471536303826
7.758734249898697
5.502366610699982
5.061432484405089
10.787624030999982
10.643080073999991
6.109744026202527
3.9902908645999697
4.6236662856999855
4.967376090999991
9.920561987203989
10.105013831010876
10.27424863893199
7.3706600326999885
11.089814693
10.023456141787824
7.4004534804935815
7.765329354898711
9.118248359696155
7.96444542999999
11.310975115999984
12.429615305999993
12.308521665999994
8.092428491202538
6.629194692999991
9.392995202594868
7.994523095700007
8.122839659099997
6.9543605468999905
5.690961296101254
4.6204651275948505
9.128875749202546
8.181376924101274
11.718036319999994
8.696941755696148
5.771645964099976
6.510589648399994
11.917798058999988
9.448886692858542
10.131088806141422
10.610860801999987
13.874923752999988
13.787785964999987
13.189844886999996
11.434305733999997
12.841397448999999
13.415119150999983
13.26437210099999
11.393099835000001
10.538378157
11.280604079999991
12.642766723999989
13.699564267999989
13.647254296999996
11.612157512999993
9.95683660286398
12.510050220999995
9.463003211999979
11.48964191699999
12.67098748899999
11.033624791999992
9.647908229067989
9.760064938282861
11.840730149999981
14.095318358999986
13.26877255199999
13.554101117999997
14.245900458999996
13.211331387000001
13.681360302999991
12.50342371999999
13.17576672799999
14.295281972999996
13.077443668999996
13.47377857799999
12.866134218999996
13.17535402099999
13.18893081199999
12.734741581999996
12.530741431999989
