11.943981787
12.989844051000004
15.704647103999996
12.371180443999988
8.39208684540511
6.316657109099985
8.225860240202548
9.996589488135998
10.711688080999993
11.626359872
12.862903101999999
13.023995937999995
12.778413901999992
14.60390658
14.471049206999984
14.850144372999987
13.893779574999993
13.170552736999994
13.427149527000001
12.48811673999999
12.198906127999987
12.182278539999992
9.62192785933997
12.310596860999988
13.04496558799999
14.460944053999997
11.915498063999992
11.520387015999997
11.244440676999991
9.814812181101281
12.66876749999999
13.031981461999989
13.462775446999993
10.622734005999988
8.054829952999993
7.882844811999995
9.923694874727994
11.029738495999988
12.38924211099999
11.558184400999982
12.971049599999992
12.936718305999987
13.557325533999991
13.36613644399999
14.006915786999999
14.417913735999997
11.94212994399999
12.095632960999989
11.441796354999985
10.704890471999986
11.402549737999978
13.91040028199999
13.124429433999984
12.581722295999985
12.10260490899998
11.953401227999992
12.942453205999993
14.305611568999984
10.230268279999986
10.296080070353565
12.346157613999992
12.65937636699999
10.940984128999991
7.217819426
6.265232905599999
7.838398353594865
11.394428142000006
10.333185556000016
8.913343417405112
11.892830362999995
11.317594176
14.182347609999999
13.959620962999988
11.926805491999994
8.949614009101271
10.826987652999996
8.755185136405107
8.433346182303834
9.704187176659993
9.757685997000001
11.342663222999992
13.075147115999995
13.667240765000006
11.098060162000008
7.763389390600005
7.988032324199994
9.873824540908323
11.780911186000004
11.13588634299999
12.987112488999994
13.236882087999998
13.853480389
12.850712980999985
12.496815366999993
12.410622305000006
12.640863344000012
10.686690584991842
11.159880250999997
10.791505411000005
9.496875617999992
8.401261737101265
9.025569221506387
8.848272894303838
11.324204857
8.987655506898712
9.538165893594877
10.139984159929266
9.333110012863989
5.269420646699982
4.079745298799975
6.143864730797414
7.450033648696143
7.576662168898703
8.452507696659977
10.029960592787827
10.636374978999989
6.248698728899987
3.756647103899983
4.093162203999991
5.967882156405096
5.361654032899999
5.086721743800008
7.628975852999982
7.895929858405108
8.018376100202541
8.869196050999987
9.138384280271985
7.6048674239999805
2.301973675499982
3.6850722716999815
3.9043449141999838
4.2282669799999955
8.81605124359487
9.24562551279598
6.478873393199982
6.771134562696136
8.365939863594853
10.467222646999982
7.734186270101258
5.741881513999975
4.475515753199975
7.049384078999977
4.57646959229998
2.7000017623999826
1.7844647658999846
4.133553944399963
2.1523512450999824
2.5246827163999837
3.4439344436999875
4.125329626499989
7.487538041699997
4.175796990999981
4.7673796843999785
3.988229667699976
3.8694783416999803
5.847615873699983
4.800053593399994
6.525174705499985
5.97111739809998
5.257515765405092
7.115880386405099
2.3505680846999852
1.9975238753999687
2.7691396804999733
3.290174592599973
5.156298768594848
4.942958763099976
5.3313689879999755
3.2921591445999727
2.240832287599976
4.310655883799965
3.9461275741999695
5.436495873999978
4.843979098493576
4.299864315799984
5.374046893299981
6.475605447399983
0.8435016934271838
2.859164686599991
3.1598203734999784
5.268949888600005
5.126707759100004
6.1402831679999785
6.0597438094935745
6.743140014594848
5.616244409202526
7.174153973405096
6.102832467699991
4.8183519577
5.41805893859998
3.9238821410999805
2.3933051558999967
2.5926763457999966
2.0272436873999973
3.0842145476999825
4.7118115294999745
5.320998033099974
4.078588703898685
8.54069427193198
4.014574934399975
4.857079913299978
7.153733938594858
7.817974542202535
8.79221321879598
6.1742812514999805
4.717876843299978
6.54141605679742
5.6056716521999785
6.262528039599981
5.7649180297974185
6.00949698939998
5.314440463299982
4.540664222699985
3.317230721999996
2.3500001769999987
3.121770854200005
4.3780988906999765
3.7191499785999818
7.7977822495063815
8.73771938930382
6.571190658599986
4.305944859299997
3.93687893829999
4.7307225387999825
2.5085306441999746
3.6324472854999743
3.4549251235999683
3.255982052599994
3.134171157799974
3.0449872222999685
4.312055740399984
5.54738191679999
6.3471604506999855
4.638430593899973
5.2597226501012395
2.55932943269997
6.155735438493579
5.842278965797416
3.7316655425999734
2.9025596007999774
3.079265534999972
4.146680273399962
5.567901916493564
6.231751458696123
4.2062575072999735
5.615310421799979
1.2568513965716788
3.7949797606961244
4.787464016699975
6.125527783202537
7.5939174956961475
8.65723221130383
8.890991104101271
9.491244953931986
10.498324747999987
10.012140147271987
10.911897188999994
11.636740053999992
10.85232787299999
10.149802174282872
10.207936219863992
8.720403982493584
9.357106172135989
8.596151341202546
7.887757458506387
9.169456666594868
9.337268940795978
6.227923420696121
6.857142591898689
6.738636567699985
5.9128321563999835
8.85442403410126
8.696921983303822
10.14468102714142
5.142040005499985
7.206826385506378
11.569614344999989
9.48503615420255
10.557101647999989
9.454625399863982
11.734740478999989
11.731515548999987
9.908681884863984
9.66387599793199
7.496896624797428
7.095431559799984
6.323449386599988
10.023690438863998
10.621279343999989
10.870595804999981
10.672320949999978
9.937699592727984
10.657052865999992
8.726030874594873
6.714621598799987
6.158153742999979
9.794590365717104
8.185229040493581
7.5016614837974185
10.09263856671711
10.246294010929262
4.850230897499974
6.071480425999962
7.703117996202539
5.616566784699972
3.9243642180999787
4.962280908199986
5.1912318892999885
7.457884777799995
7.316131574999974
9.764084611659992
10.360286692858544
12.101459907999995
11.897404244999999
11.385064100999998
10.72570835099998
8.723442100493589
7.773571371506386
10.187003431999994
11.010195418999983
9.670100431863986
7.648310026594855
9.513107583717094
11.984587989999989
11.03318608199999
11.474366285999997
13.198759003999983
9.005684977795976
12.44304940499998
12.37810992099999
10.812672654999982
8.437368998696146
6.392980221594848
8.95556590120255
7.537623295594862
10.512226626999986
11.983153585999986
14.515577550999991
12.356009771999997
7.995228013594862
9.9566188460707
8.397714358493586
6.513141734299987
7.814394543506389
9.661608435067986
9.651213238659986
8.899719139101274
13.105739178
12.125105605999988
10.569490783999987
10.508661445999989
10.300971626212148
11.680370545999988
6.7599880005000035
8.439120979303826
9.899758167999995
8.212109887699997
7.951136285405111
9.249547685202552
12.793289222999988
12.577909427999986
14.665117032000008
13.722630762999993
12.480368406999995
11.353582192999996
13.176625392000004
13.958008457999991
13.968109432999999
12.837996909999996
12.654701610999988
10.977325827000001
5.256499801599988
7.316173202499989
8.404688893101268
11.951983544999985
11.401527047999979
14.01028365599999
13.405230674999983
13.719384224999983
14.796533820999986
13.292987230999993
13.821051638999988
12.654607221999987
14.080288315999994
10.762219980999989
12.626211277999976
11.664911870999983
12.202716038999986
12.794276896999998
13.747566608
12.658997020999992
12.881704212999999
12.229487693999998
10.636101003999993
9.940961862135996
12.751667070000003
9.558890963696157
11.580142814999984
8.570092385931982
9.795352163795993
9.554192512493598
11.516787929000003
12.571112320999989
13.669422272999995
13.759377997999989
14.031236922999998
14.47316401499999
14.501665686
12.789297072999993
12.054113183999991
9.508809342999976
7.976592239405102
7.576784626797425
9.598363160795998
10.49785335699999
10.247224412646384
11.349697820999987
11.319950977000008
9.575434556727993
12.333168616
10.946985579999986
10.352750872999982
10.473023920999982
10.851197961000002
12.397666520999994
13.372823454000004
12.786815248000005
12.974602469999997
12.38569955899999
12.969657206999996
10.110272595136001
5.295661119100004
7.731923112499995
7.231663919099994
11.104247277999997
10.553356673994559
10.813681652999987
12.008801026999992
11.313986136999999
11.674092312999997
11.205168619
11.431914438
11.378543552999995
12.785546595999993
13.489766289999999
12.403342586
12.566554912999996
13.147149643000006
13.184475658999997
12.856260373999994
13.258729221999992
12.153663987999998
13.100744361999999
12.80784781999999
14.143957979999994
12.828281890999996
11.808081421999995
10.208902683999991
11.822538091999997
11.550821976999986
12.210648516999994
13.27918139599999
9.717489457795992
8.080930239898711
8.984363212594866
7.461935340898704
8.006042240900008
6.912628846700004
12.752415377999991
11.053570452999983
12.792542701999988
12.887484017999997
10.954087181000002
8.565761180101267
6.422660542299984
5.4270464431999885
4.729182237199996
5.1583308532999945
4.161537541199989
6.533749986303817
7.043194538899999
8.89626387020255
8.53235665589871
7.846852938797433
8.976194543506393
9.458057357863995
7.422367260699994
7.242361840797426
7.465457229594861
9.729755329931988
8.405931738303826
6.593423327599986
5.515876362599985
7.470351399199986
9.835768803271995
6.178915028399988
5.354944723499985
5.489985275299988
5.242816010999997
5.497057110599992
5.832291754199991
6.30253782350638
7.827464826999992
4.501288995399977
2.7602965941999806
3.5002749801999786
3.4328003371999767
3.3861628463999818
2.2780676238999815
4.246443266299976
2.9261622588999914
1.9365320861999948
1.5775115203999959
3.548576940899995
3.9861845382999777
5.184708283999979
7.349483041405098
9.457536440999982
8.07215687410126
5.9701956099999665
4.913271859696122
2.747070451399974
3.459212992899962
8.314849273795973
7.551487242101259
6.952910960405087
8.195512560999973
7.7392652068987
7.256785700999983
4.287850093099973
5.100076097099992
4.296692913799987
4.209764831499993
3.54484217989999
5.660752549699988
4.220765522799978
4.165626768499972
6.649233033797418
7.137542564405098
7.753888374303824
6.679425932303815
2.4407975371999715
6.0210854186961384
6.879063732899986
6.109535803199981
5.058354713399981
3.5189970900999765
3.479667613199981
3.787754843099989
2.7776639983999942
2.268812431299995
1.3848335036999984
3.0894041900999825
3.1856229567999774
2.028708184799972
3.3508338363999677
4.835008206199976
4.077852613799971
2.297169920299974
3.5648511977999937
6.326696254
5.80264990229999
4.927600033599987
3.60801618349999
2.450402838099997
1.7696924682999964
1.2842674748989096
3.6307394546999743
3.7230178481999716
4.2309212600999695
5.283932432599981
5.340440785199975
5.679378822303813
6.194417452999976
6.706424298101254
8.535714462303831
6.4637814742999815
6.548826176499984
4.9510367217999764
3.88030566249999
3.9690938628999954
4.676033729599981
5.747213313299986
7.200689422599994
5.3065940566999785
3.5075412765999765
2.7925161300999743
7.838342735303827
9.091727653493594
8.384328465303819
8.695387501493586
8.97133452465998
10.779407085999983
7.678846104405095
7.966486550898696
8.121336215202538
6.928480705303818
7.3988273041012524
7.876445689405107
5.055013716101257
7.70683843689871
8.509521107506385
5.30488120119998
4.3640764922999695
4.210575250199979
8.20488310550638
9.704664071795989
10.1124231187171
5.0431836455999735
3.021875448599968
4.897572752405088
3.2083900603999687
3.1975657958999775
3.6852456786999834
6.4815176986961385
9.544653306727978
8.77931202699999
2.7089046020999796
3.157251396199979
7.533329403699988
6.428616340599981
7.339253085303821
6.1209095824935815
7.997944610594864
8.401790757797425
8.280744923400002
8.469270751999993
10.896844581999988
8.500493435795969
3.8246217055999807
3.454991854899965
6.357495474202529
8.991774911506386
10.12501284486399
10.38169905699999
9.033884779400006
10.793100770999978
9.366298989931982
6.360046374499982
6.680157072405097
9.350517561303832
9.416820121863983
5.1423651916961255
8.431158262594854
5.580021107499982
7.603993221999975
6.235089182999979
7.923293220499998
9.571300396795989
10.56741747699998
7.863567826797421
4.455730342101243
3.7919617278999698
6.169606661999969
10.704759452999992
10.725281978999984
4.829291287202521
8.196413078303818
9.795910826067985
12.802972625999985
13.35143808299999
11.521243491999995
7.73545546569615
7.451112055999986
11.934211072999997
13.139106813000003
11.462437942999996
11.528473301999988
11.698542296999985
9.9844342330707
10.50478760699998
10.38613257299999
10.206407559141427
12.776783631999988
11.508552399999981
12.146245159999985
14.023128875999994
12.795694921999996
11.40040352199999
8.95683537293198
8.918837885999999
6.153412123099997
4.584201847799998
7.677279200700001
8.125785234100004
6.636093595899999
6.190154261799995
6.940269190999992
8.011619032303832
9.171096687303839
9.924465510594882
9.228759500101274
10.614468688999986
9.629887875271983
9.025451817303836
10.963918847999974
10.21574094528286
8.662962197931968
12.40563032799999
11.960729809999986
12.575528693999994
8.903208547999979
10.957819417999987
10.74990114099999
11.288212964999984
12.366635242999989
13.889187496999988
7.9730748977974155
7.829597412101247
8.015211274696144
10.113908503787822
8.207417602493587
6.385714659099983
8.713745288101261
11.256138544999988
12.284520109999994
14.276629270999994
12.618914092999994
13.034613843999985
13.224527025999985
13.464615372999997
12.41057115199999
12.266907863999988
9.629539825271982
10.546300660999984
13.035774447999989
10.627786448999986
10.477753122999992
10.123443168727993
9.972010243141426
10.220376814212145
13.512996471999994
10.833982308999985
13.575667208999992
12.681354372999994
11.911223519999995
10.714573818999988
12.681749262999995
12.379241854999988
14.651710647999993
14.664927102999988
13.442438670000008
13.079226329000004
13.547860088999991
15.423902672999994
14.960730060999984
15.315336812999991
8.917757382135978
9.758141853203991
10.073819695999987
10.532613982999987
10.911178017999996
12.016878168999995
13.772462450999987
11.87748204999998
7.516694192493579
11.446553910999983
12.524559122
8.917349659696141
7.7645543793038145
10.722125127999982
11.965032952999987
12.315946918999993
12.980401320999999
13.32962432899999
10.971079497999973
13.268772263999995
12.951800200999989
11.916091125
12.329576639999987
13.117522263999989
13.826654009999988
13.381188285999984
13.252982580999994
14.721497429999985
13.96189213099998
12.933791910999988
11.823380498999983
11.510496981999978
13.72778898299999
11.329411368999983
12.626126851999995
10.618345595005442
7.859155602999995
9.018391545067983
13.260954459999986
9.426935368203988
9.518034521506397
9.88802865903329
11.541554886999993
12.876693111999993
13.321903878999988
14.126665732999985
13.434402051999998
13.065699582999994
12.760713910999987
10.844625414999996
11.495348060999994
13.340268999999997
11.22487551999999
12.756859160999989
11.653842684999987
11.727176033000001
11.569388808000003
12.446402213999994
13.717420730999994
13.347772284999989
13.701875414999995
10.487134380999999
9.339751907303837
9.848513644271996
8.280522177100005
5.893418872099992
7.8070744185948655
9.504196322594883
9.516042919898728
10.760158842166403
12.582934003999997
13.041422734000001
12.73135413999999
12.640527173999995
12.792637247999991
12.95031718399999
11.46965682399999
11.706465062999992
10.176638412353583
9.703986552271987
7.579592808493581
9.637406149212138
8.641108793583983
8.059015696696154
11.583364090999993
11.499522190999999
13.882079217999996
10.613741817999998
7.587503453100001
8.179748181199999
6.317344804399996
4.967662795999994
6.786122651699995
5.585666200299989
8.723425706506397
10.834966770999989
11.017228385999989
10.06913733820399
10.316137174999986
12.042139155999989
12.264831684999994
11.041895926999995
10.431901552999992
9.937651267999994
9.725484692405118
6.579725901799997
8.607163500999974
8.541233200101264
8.840884591696147
10.730405234999987
11.946964376999984
12.220201960999987
9.833625993212147
5.150157824699983
7.343532348594862
9.20640175630383
6.764832635506381
7.548074665797421
6.065663398699988
7.408100364696139
7.710856294303817
5.69456504819998
7.575922622696145
7.1115402924051025
5.169956095899979
5.5962967971999795
5.901841355899988
6.352274034099985
8.257635884101262
5.7790374724999785
5.961180505405095
5.471250811799976
6.597620851099988
4.409868231199988
5.52359857639998
7.061995608493578
9.502283628863987
7.55383960879742
8.195633207696128
9.48124324493199
8.239163949727974
6.835511528000001
3.6700626906999743
5.126859396399976
5.530005654899982
5.8132249099999775
5.431823710594859
4.7591860718
4.445001843299982
3.7498217864999934
5.550041537499992
4.832655770899998
5.879594169599984
8.489670272797424
7.601629209898697
7.897760996999976
5.968675443999977
7.1165019546961386
9.559729042067985
8.06121270599999
5.390179199199982
4.7363371062999855
4.943715467799982
3.9066117217999845
4.643832301299996
3.9231805160999924
3.3372470763999935
4.192043513499974
5.578917393499979
5.637191960099977
6.021195565797414
8.806871202067976
10.554029990999988
9.925278933787823
9.589210543863986
7.408231668101268
6.026234306303817
5.731451902797417
8.089798760999978
6.782422384594861
4.80004298399998
3.4804959731999796
4.809051013199982
5.244132965099978
7.670030612202535
6.708087434405098
4.239723544299973
3.9009787612999753
3.0346863463999836
6.226429170202535
5.073544007899987
3.240852938799974
6.444996841399991
6.752544276405098
8.598231607101267
7.822828866594862
7.514527078202539
6.972387625101257
7.428937652594858
6.982980322303817
7.2417734389999735
6.695367710898693
8.216021203594865
6.242359844999979
5.791462078899978
4.5330655898999925
6.3478790878
5.245695724499981
5.715032885699985
5.7813791122025355
7.012850990303819
6.670523376506385
6.919891192599987
5.016563456699981
5.3146703261999795
6.977381697101264
5.578599595599981
6.756092416399982
5.787166125499976
5.476355776999964
5.3462494994935685
6.713312779202531
7.826225863594866
4.744841754199976
6.1623587494051
8.977660398898708
7.217943612699993
8.527037376405112
9.27392594759488
8.677678710898713
7.231097921797421
8.949496383696149
9.471473603863984
8.723906590303832
9.234385003696154
9.64157539986399
8.807964031999994
7.995624264493589
7.311469145199995
6.255363877898701
7.479245019499994
7.924513484202538
8.164674653594869
10.602847490999988
6.345544229101256
10.564778097999989
8.170096487405102
9.28072682633998
10.724890563999985
8.623136813282844
9.277676473999984
9.951903323282865
10.506353975999993
9.528003263931987
8.476355567898713
6.358504238899993
5.078765200800012
6.594433200099986
6.4398371368000005
7.747845622303834
8.508119407696146
7.289399581898705
6.624482900999982
10.04236853493199
8.264888682594862
8.952675277696155
9.46013242193199
4.539609649699976
5.377722058101236
9.171505248999987
5.957456005898693
9.605254589863982
10.034514594999983
11.900346982999988
7.154745625299986
7.091088348405098
8.620369259594868
9.699125279202558
7.0716791763038245
7.503463021898704
7.493634640499995
6.875113343799988
5.802087402299992
8.915618760795978
8.806007772797425
11.48498625499999
11.422654020999985
8.77251138310126
7.102062037696123
6.560093800405088
4.830375237999971
4.714820838898685
5.112455552699978
8.270138948101263
7.5798844894050985
3.309944975299969
3.411090817299964
4.720423286405078
6.824742039506373
6.133429443399986
6.59998459779742
9.764170526070705
11.069585982999987
10.843313375999992
10.822835685999996
11.197147939999997
11.190864420999986
13.540372539999993
12.48154459099999
12.64028405899999
12.976822199999996
11.119136167999981
8.372902886999988
8.752285229506377
9.472629569999986
11.427867585999996
10.002517480353582
12.127669576999999
12.707994950999998
12.696072477999993
12.296528354999987
6.4360461914050875
7.654236692797412
6.957638709999985
8.761539469931975
12.383560642999985
13.189348147999995
4.409641262799977
10.641330767999987
11.662987909999988
11.118782703999994
11.979499856999995
12.178243686999988
14.19683385299999
14.451030040000003
14.459193355999997
13.093380952
10.837819992000002
11.415423415999992
10.090963291929267
11.52709739799999
10.210463110271991
10.581497831999993
7.8886822403038215
8.945095358203984
10.71230324699998
10.393889083999987
11.813880263999987
11.932308582999996
13.22392295499999
13.051740836999992
12.82458403299999
11.064889267999984
13.22012249799999
11.946170099999998
10.644562642989126
11.379844257999988
12.722389834999994
13.141289486999993
13.013421985999983
12.309256243999986
11.96454964599999
12.496251308999991
11.400208263999994
9.050579530303832
10.759472318999997
13.375207048000005
12.82383305099999
13.516470336999989
14.52554172099999
14.800355681999994
14.068438074999987
14.303132563999984
13.403309142999985
10.11129422299999
12.352459897999987
12.934708976999985
14.05336680099999
14.123473897999995
13.534980997999993
10.521616352999988
11.392738619999992
11.051414515999985
10.941340197999992
9.371499348271993
9.574322012303835
10.62559152199999
10.110275467989117
8.5016826904051
10.17375615221215
9.403055920271989
8.1910983459
10.361401679999993
9.533378198141426
9.707253793203996
9.662453999203995
8.749609715303832
8.72449404140511
9.406308708135994
11.278151392999991
12.32021296099999
12.895849493000004
11.19765493599998
12.803155617999996
13.430574587999997
13.166781203999985
12.432902321999986
11.763990999999988
11.30844822399999
8.809614977999981
10.067905662646378
12.510005024999987
12.982638012999987
13.74970439499999
9.371998179727989
13.33076690499999
13.328126679999997
13.092642400999999
13.102955796999998
13.374495429999998
12.582895568999996
12.096396197999981
10.117586802795993
7.949219049101273
4.627841087299994
5.6211992797999955
6.3044113738999945
4.244411416599997
4.254216940299995
8.565099293493587
8.344966780099995
10.539842928999997
9.851842790135994
9.153738240101276
5.68317212829999
6.883855871599993
8.226212875405112
11.110485140999993
11.409899097999991
11.670537917999999
8.450719288594861
11.66997318999999
9.43512492079599
6.825686547899983
7.060718791202541
5.011744457999978
6.186897149699982
6.927787380999978
8.004873983799998
7.4540360123038285
8.475653340101276
7.005908808900005
8.230811434898708
10.149538729931994
7.592150201405105
9.97430784133999
10.022836302135989
10.963696450999997
8.025605671696146
6.08981028139998
8.264111408999993
7.199600869799992
7.121313137799985
7.917212123101262
7.753036793499993
4.285827801499969
4.104356190499968
8.421269241203973
8.597724568135973
7.377066253696141
3.482705442799977
3.977685508699973
5.18480012659998
2.843931635999981
3.463308114599974
5.847661791999981
7.549735752898703
9.480334754931981
6.2708727524051
6.867615475506383
9.223586299067986
9.646252374203991
8.433770889303826
6.836046952799988
4.09457818299998
2.858587934899978
3.144322923299986
2.678133079499978
3.3797626327999732
3.289460118099982
3.2488554549999873
3.9266048660000035
3.0013893859999827
6.1411627349999875
5.758497511299977
4.415180613699972
2.450686936999979
2.94501194149998
4.087144763202517
5.999716709899984
4.153098347506367
8.11909702759486
3.9373653670999746
2.4266916961999847
2.449182142599994
2.8663432587000033
4.055122434999992
3.7862899566999833
3.6728931075999807
5.501025009202529
9.968218662999982
10.289748954999988
4.916311321999969
3.537320252999977
4.154681831399977
9.074489291271982
7.3629871077999915
7.084442694099992
5.333269329797412
5.0969906127999725
7.3796116943038195
5.287174984699983
3.6136273330999837
4.220268859899982
5.867387206999982
7.316786103797421
5.99534507749998
3.2015353957999735
4.4974572814999805
2.7067828063999793
2.494232823199978
2.2810446792999914
2.1395659316999796
3.6269105498999914
2.9206088012999802
3.167223602299973
3.8020730681999697
4.993304835499977
5.595745078999981
5.66182963409999
4.081710775799997
3.1678632918999985
3.5154606902999843
3.0786170746000003
3.894416644299998
5.3091525954999845
4.98776885529998
5.287641154499979
5.365175012199975
6.775873734999983
6.211393286101258
1.390146666614109
3.028963055399971
3.305119110099976
5.635933261099982
5.524876954699979
5.94995704499998
6.050864767506379
7.935351992797424
8.562586262493586
8.402609030202537
4.244733537303809
1.8111083831999737
1.6666184005999687
3.9471850295948427
3.227811753799973
6.390873164405089
6.166825558506373
8.38528681030382
7.4063504928987065
4.1850967696999835
3.2646721999999833
4.5285034591999755
5.392134835797406
5.121328276099974
2.92120926509997
3.3160910186999684
3.382640490699967
5.525586991898683
6.235998352101254
7.675426541101265
6.982412422202534
7.109595445300005
5.796909561199981
5.395697318999982
4.064155206299994
4.6604261199999995
5.909470977799984
5.534392347699974
4.626926536599974
5.351824874899984
2.810140283199988
3.7112603682999956
4.448527075200002
3.194394351200005
6.083106446800004
11.274132847999981
3.939525479099972
3.697551325999973
6.62441061250638
6.99079482419999
4.958202311700009
6.729334204101263
6.455341717493582
6.533477471898695
4.793039837599977
4.384059794599977
7.8657278106961455
6.808447155799985
4.923092678799977
4.152583125299971
5.364839944506372
7.330145640594855
3.8504920089999786
6.51916280669614
4.866296476699973
6.957652033999971
8.01348586879742
5.883197279405096
7.7543049454051065
11.022039075999988
9.92871851335359
9.269235328795984
9.671797485282855
8.635577142203974
8.665426592999953
6.32451385189869
7.369157293696141
5.2397371063038145
11.04328429899999
8.95876815950639
7.614282949797428
5.16292521819998
5.164688343799988
5.939661769100003
7.923397537202543
9.056204686000003
7.602486775199998
8.70685862579744
10.664266631999991
10.747547614999982
3.306628832999979
4.572067352299976
5.825350137299995
6.437572746299988
9.39819603269616
9.957102596999997
12.122562601999988
10.315481675787822
12.872957239999998
11.69047961399999
11.918882763999983
11.240585856999983
9.498065582203992
6.756404873699987
7.908280859405093
11.391116303999986
8.283071282999984
7.832939366101266
6.94538827669614
7.178985526999978
7.4236452544999905
8.7959301956
8.937601719795982
8.732808358797426
6.852190280202526
6.992676499898705
11.39411778599999
11.24015911299998
13.511403750999998
7.753704081696144
10.814954886999988
10.14084855192927
7.636545042405103
9.992982969787827
9.388052638141414
8.753583380101269
10.415216441203986
11.74703247999999
7.098016844202543
8.497998141506391
9.66097180320399
10.01624245906799
10.596318491997277
12.383207027
10.192576164141423
7.330465687594858
6.25160090789998
6.939238899202539
7.294905410799989
8.729435322594872
11.73875732599999
11.812166778999995
13.019283185999992
11.206913212999988
9.615028768931985
11.045824170000001
12.731447228999984
12.070564875999995
11.269096029999979
11.505579128999992
10.772321679999985
11.525208669999996
11.62088578
11.434808466999991
12.825599248
14.069729935999995
13.232540044000002
15.045706869999991
12.275788851999991
11.77615612
12.981921535999989
12.17498599999999
12.966113723999989
12.427064261999988
12.601618113999992
13.41322435199999
14.71335984599999
10.171103167787827
7.475528869594859
9.473593379135988
10.73036864199999
11.620507735000002
10.484289826999996
9.501980490067984
10.044672352717098
11.61754162399999
8.334506420900002
12.111241725000001
12.828170276
10.334731974858549
8.770040638795972
12.970607487000002
10.711318197999978
12.771085982
8.45571798859487
11.048124181999995
11.296362534999997
8.863719334405108
9.965296766795989
9.96660333872799
10.22000361321215
10.638797442999989
9.90967971799999
7.608026045202547
6.528143765299992
9.38879918520255
9.924596713311995
9.306509764101282
8.612143879696147
11.300150608999992
9.967133840929272
10.934566434999994
15.140800338999993
14.906723589999986
13.707672005999997
13.404590058999997
13.593273710999991
12.667191573
12.509488502999975
9.275822972067987
7.545043888898706
11.804269240999982
12.733559025999995
12.974310311999993
10.517779651002718
11.049019970999982
11.233060276999991
10.749149875999985
10.882096349999998
11.917036170999985
12.189841416999993
11.925320707999981
12.066964731999997
13.914320815999993
13.411197951999997
14.071635747999993
11.601450316999996
9.857863465929265
8.05073292999999
8.004842176799997
9.059250765999996
11.779295307999991
11.889798574999993
9.806739840795986
8.869721984931981
11.562510209999989
10.880568311999987
5.368684301799984
7.306754830898697
7.867948393202547
9.854833909727999
10.979200344999994
11.819125022999987
13.749936770999994
10.747698630999988
12.272658027999986
11.168584064999994
10.292743400717098
10.34985345914143
10.86750308999998
11.27988713699999
7.790216024797418
6.3383991576999845
8.413117147797433
9.960232514999992
7.629905842594872
8.030810168506381
9.890690972929267
8.842387387100006
7.884065304594865
11.51294375199999
11.83425805799998
12.145411036999988
11.522261831999991
10.162498981008158
11.480451255999986
10.06590526893199
9.032314108303833
8.103152596999996
4.614286059599995
3.4419056411999933
3.243026512099992
5.929981475799989
8.98965255727198
11.092851140999986
9.535282765135987
5.423861628699986
6.782159902999976
7.2363431579999835
7.349277740499992
6.195657606499984
6.652562284899985
5.070282728599976
7.383128723101265
7.871370941202539
7.362691987594866
6.787954638699985
8.754414692696143
8.268366415405103
7.108082333405105
7.008349230999989
7.323959532202535
8.109875794999985
7.256511743202529
9.74490568699999
8.940441220101272
5.628357301299981
5.139297798199973
4.321268637099975
3.750258344999979
4.280511341899969
4.683525067100005
4.9916530425999985
7.0044650542999864
6.500274357599989
5.422057757594852
6.8137768311012605
5.901538642899985
4.231339422599974
5.8894180252025325
9.941663645929255
11.715286135999984
5.3829491286999795
3.2382449584999855
2.4743601867999776
2.236113101199983
2.478158764599986
1.6347801497999848
2.024714601099978
4.252264112900007
3.574403327899982
5.222922636399983
2.2997447738999806
2.6736182692999777
2.510270207199978
4.745935847499975
3.5975759841999806
5.682954684399981
3.9866646499999727
1.9442726561999786
2.755641818199975
1.3781794158999852
3.865462553399978
5.169031353799982
4.069087010199979
4.895788462797407
6.270071066303814
6.071034863303812
5.547868017599976
2.5038250579999786
2.821746107499985
2.585780900599977
1.9174528594999796
2.6820117064999676
2.9859700347999785
3.249105493199976
5.206173026999971
4.644142448399969
2.7474230193999687
1.3909849998353307
3.5481360228999645
4.791909883099974
3.9762243056999735
5.628036895799976
5.116437690699982
6.237223992898695
8.057542999303811
8.644757954271974
8.568831924405108
6.088147141999979
7.274797351101261
6.963517120405104
6.057308264199995
6.351327087405095
9.929034551999985
1.3320699106141134
2.0187561553999736
3.923485366797397
7.594290702797428
8.258285943594856
11.091487678999988
9.467254334999984
6.180060160797422
6.495574333202543
6.9710291625948635
5.669129981999984
7.851565856898694
4.661586877399982
5.35281760099998
4.792364535499974
3.9151820556999697
5.885331022594852
7.475212647999981
7.611065385405101
3.1209229506999643
6.46571024779998
4.313362269599978
4.404724359099977
5.463545616099978
6.027849874898695
4.891351771499968
2.4080587523999655
2.5819063323999725
1.9819273009999767
1.55034007016461
3.0930525313999633
2.9274123687999687
1.2842914895070456
3.6594650543038005
2.4103923202999744
3.8892204574999907
3.9727860717999866
4.985017965699988
5.756007565300001
5.651891224699982
3.8598218688999784
5.045274769599984
9.340676921067981
11.431566669999992
6.3297795989999655
5.099121090696125
2.2617024337999734
2.782614369199972
3.1593590987999605
5.4875332259999645
5.1797339309999675
6.700754193099985
8.963938441339984
7.148417576594857
7.506450566101261
7.645872686797418
6.532534455899993
5.194711318999997
9.870402105795995
8.022458033797415
9.627712203999982
5.561429112202539
5.491540112299973
4.223806335405081
5.154667503399975
6.757049757405106
8.903556669594867
10.066010633929269
9.893006050067992
10.253374510141425
12.890052625999989
13.375882427999993
9.607013032646378
6.488867077599984
5.874639662199981
5.835548304699988
5.028523857099985
6.039817330898699
7.098910871898699
5.930742938199992
7.196076788303827
5.3691618117974125
4.883403854405084
7.09547244420253
5.019029261797415
5.790760635405097
7.8406611374051005
9.69809819793198
9.730192256135995
11.412493404999983
11.55948028599998
12.066600864999984
7.7046220032025445
10.920793676999988
11.332535232999982
11.767285979999972
12.401148819999989
11.79384108699998
7.885311750797428
7.332633799699994
4.264601754799986
4.366721331799989
4.834976637299989
6.367414479099989
8.413698059101266
8.081482064797433
11.250672355999985
10.583735444999975
10.967374941999989
7.972604707303817
6.620437892202526
7.706843757594847
9.079022898898703
9.06682937010128
9.619848359795986
11.051512665
11.38742286699999
12.972624784999988
14.458167861999986
14.431385683999999
12.992289861999996
11.46497274600001
13.047384929999977
12.226388329999986
12.294953562999996
12.274651984999995
11.926861658999997
11.770317313999998
11.528127372999995
13.05690250999999
14.857426444999998
15.634535469000005
15.040293912999987
13.202405909999989
12.586195978999985
13.983102567999996
12.346347124999992
8.100915306067975
7.883547376999976
9.011960845931977
10.415157412787822
12.784797117999982
13.67612838299999
6.871354717999973
9.201007034212127
9.117768649303839
6.541921456900004
7.090268148799991
10.255353592989119
10.758756086999986
11.739389676999993
15.099783249999986
15.38531703299999
13.625140705999994
13.199008433999992
12.294377793999999
12.483267607
12.31076503599999
13.546735896000005
12.478443626000002
14.374623039000001
14.831784882999992
11.484666553999986
12.96543161499999
12.160195674
12.852426935999992
14.79826537499999
13.405044929999992
10.138737762152804
9.329006404101275
11.613169152999994
13.093000052999992
14.311516535999985
13.96870949399999
12.632045890999988
13.283931594999995
13.718620805000002
15.103174424999995
13.786945641
13.617070820999999
12.330208163000005
16.044386693999993
13.854039318999993
14.559044297999986
13.360691604999989
12.925861539
12.842786104999995
13.895574962999994
14.284134490999989
13.863585879999995
14.412356502999986
12.795018725999991
14.447740780999997
13.446066032
12.667491073999997
13.799074676999982
13.014655639999985
12.590906254999974
15.409723913999988
13.535963927999985
12.695528632999983
13.161555594999989
11.853447544999991
12.483334977999991
10.400200877282863
9.840431970135992
11.214292423999984
10.03993506920398
10.96363047599997
13.235967421999982
13.710234386999987
14.315403480999981
14.825719381999992
14.599254743999985
14.854091746999986
12.527070863
12.503372812999986
12.306218423
12.430210846
14.422390777999984
15.338357670999994
15.715035405999991
15.223732398999992
13.921461541999987
12.891050925999986
12.349393339999985
12.25433118999998
12.562610399999988
8.212234876999988
7.233340570101264
7.914499749797424
6.048622260999992
6.72761153559999
12.328187002999991
13.90089827999999
11.081580387999983
8.085379637101266
12.300287790999976
13.104429201999986
10.400035033994556
8.365843620303831
9.856180633659992
10.162483860863999
10.923503040999996
8.67970696869615
10.908873748999993
11.362357477999984
11.207605625999989
10.994249526999996
11.164789043000003
12.726444721999993
11.125912252999992
11.953731423999987
8.639012994405103
6.9179816284051014
8.948911311303826
9.53965121606799
10.643564034999994
11.274153528
11.592710014
11.080686233999998
10.497887943
8.715987094100004
8.025868310493586
6.644862506099982
8.578389228797423
9.100481990067982
10.50338904299999
7.7810910399999855
10.575109033066571
9.776684225506399
11.810365784999982
11.595022635000003
10.556082146999993
10.005668510271999
9.921382699717093
11.64083230999996
8.098796963493589
7.1333242568999875
5.625230026202524
5.512631658898689
8.027522607405093
10.22109198299998
13.098893862999986
12.29906298099999
3.9889352858999767
3.528944818099976
5.431820263699984
4.424339742999984
3.6743510802999717
5.7990244185999815
5.4421835250999795
4.677580427599977
3.402587228399977
4.32884178619998
4.826208259594843
8.385285003795968
10.037558474787817
11.006670122999978
10.636797463999981
3.120191668699972
5.2571067336999775
6.126065049696139
9.779278254795983
9.289911822659985
8.713625613271983
7.543010684202533
6.124561889594854
8.807825022898701
12.149260291999981
12.377944410999982
11.49142417299998
8.399529302999971
10.97348873299998
7.319416764797425
3.8714192107999845
6.802457337999974
6.701574603303817
9.832565328999989
9.803897857795986
7.130001248202545
6.949241773999977
7.6044545409999875
4.915843360899981
5.527930403099997
6.121951977499987
5.232355183399973
4.639606547499976
4.243237492405084
6.995099497999968
7.615365386999979
7.3554848373038215
7.415881922898693
6.730297102405099
8.99572589106798
9.234579212999984
8.751958631900006
4.573008120699974
6.840665162699988
5.2300358092999835
5.444720107999972
6.894169697594862
7.838233160405103
6.861054920999983
5.37390765840509
7.791543231202543
5.62437579189869
6.516306095899981
6.11188642429998
5.78215877839998
4.369766905199972
2.236374209599973
5.994951600594858
5.4786082488986905
6.384449038696134
1.1489132396787716
3.0264990416999695
2.368039932299982
3.870830642699972
5.2310746428986885
7.652809655797422
8.92336123810127
0.8889915194659881
1.2371949203353396
2.154501333599983
2.2813520949999697
2.7743628081999696
3.6435557921999777
3.812723666399978
6.062734458898692
6.685833598299989
4.646494920299982
6.573877159099985
7.501870608493585
6.290147222898694
5.6617720032025325
4.858059298699971
5.804889790303816
6.732613357493581
2.9747251677999818
2.447967535400001
2.076091249100005
2.3395257781999885
3.5770718414000044
4.099698997499973
7.062805099506378
7.739841841101267
3.660922367899967
7.054584591696139
6.160101328999985
4.650012330599968
5.63453287810125
5.327542094399985
5.527137220799986
5.510488403299985
5.708329295299987
6.762345274405097
5.316020808399975
6.595094479405095
7.572911143506381
6.69162935939999
7.122303080699988
6.1475348342999885
5.687596842999984
7.496115510594859
8.959799352999983
10.594005219999982
10.390292320212147
11.13298292499999
9.193242866659986
9.265141891339983
8.364917469797428
6.430655612199985
5.987000875899992
5.362284498600013
6.583547541799999
5.767388171399981
7.1547441558987
10.905728966999993
2.195654304499961
3.907803572099969
4.130482215899984
4.225923344399991
3.0762993331999864
2.9790999251999892
5.224379179400006
6.0504644317999885
6.479193890399988
5.9444548385999845
6.624512989797421
7.2047450255948595
7.921832160898702
6.042497048999971
5.658916471898681
6.419529948405083
7.143027358999971
7.580747175594861
7.8445313843038145
12.904096004999992
5.935120178199978
4.358481918299976
5.814414717101258
7.638727442898704
6.584262510696131
10.321962341212144
10.44421472200815
9.947320143070703
10.466918610999985
11.912756196999995
8.604669085696148
6.512806475799992
9.18792614593199
11.389578907999994
9.426321171727983
7.4516200088987
9.763473342929268
9.109024636863984
10.93754097399999
6.410146330303812
3.9268923415999777
3.1834258574999814
8.089398419202535
7.442551122999995
9.578688140931979
8.298863326999982
7.4331485808987
10.419921064858531
8.619723797594876
7.246579676797428
7.5076078751012645
5.873859506199979
3.595729812599971
3.1296641509999708
6.105224337799989
7.431734078999985
5.257361970493576
9.06321486506798
10.444578827999996
6.981054321300002
11.992965079
8.35878056030383
6.728964120499984
7.053528298999973
4.452458622696115
3.1131027389999746
4.132358448799971
5.25808640899997
7.835845230101267
5.534224874898699
10.722146470999983
6.846984902999982
9.681009136999979
8.466851399202557
9.678020194999998
9.420297119067992
10.98585031
11.677333397999993
9.852527618271994
7.788679983493588
6.59528337249999
6.73934646909999
10.753633018353575
10.547734395999992
12.325366323999992
13.078911081
12.63915531900001
12.511620112999998
11.389638979999988
13.672847677999991
13.38045535299999
9.748517108135989
7.81934677120254
11.175317533999987
9.234308505202561
8.914596600311995
8.707650808696153
9.847729693717106
10.140626896787824
12.37147221948639
11.335454264999989
11.982101807000003
12.859616568000003
12.346322469999995
13.799401993999991
14.526458449
14.574399835000005
13.186556070999991
13.926509762999993
12.725695781999985
10.66186245899999
11.22496648299999
8.479204620405103
9.106871755999984
9.306315904202553
10.600546662999996
9.599109254339986
11.466835489999982
12.659102973999996
13.029513712999996
13.800051938999996
15.254525170999989
13.646317507999996
11.562018798999993
10.14185057821215
9.935847589067983
13.384195537999993
11.79707593099999
9.920025379895996
11.826503280999992
12.33852422499999
11.031964705999984
13.305638721999994
13.411556550999988
11.927494871999992
11.243194039999983
9.207632363898707
12.984816004999988
11.475696209999985
10.889961442999985
11.902322893999996
11.932208981
11.474530811999994
13.455269942000001
14.268999906999998
14.534109073999995
14.179048574999994
13.386920264999986
12.777352132999996
13.853831550999995
14.574175362999991
11.434068169999984
6.639365205405093
10.593390722999986
12.88961702399999
12.728898567000005
12.374411240000002
12.570330726999991
14.257353531999996
13.63363572099999
13.256434119999989
13.50855334499999
11.99605533599999
13.814663287
13.205275426999993
13.224324369999989
13.159741050999992
12.695701186999997
13.713402431999995
12.616053948999992
9.183084571863985
9.573898300202556
10.915272519999991
13.010518816
12.738976813999994
12.170294526999998
11.681302880999981
14.683833230999996
12.280998348999985
9.595467074727988
11.370939361999996
11.334131031999991
10.26202929100544
11.254323283000005
11.002837317000008
9.934049900938883
11.121589827000001
13.49585020099999
12.528903994999999
12.992971442999995
10.529608349999991
8.891348184202553
7.892609312405103
8.540029876696144
10.406335387000004
11.72259579299999
13.088161754999991
13.63191265699999
11.939428786999999
11.647840244999994
12.224005255000002
10.016038903858549
7.7594732574051
10.116549240068
10.629070939999988
11.179087206999991
10.670012071000002
11.571908983999982
9.644458317594875
11.02934847699999
6.904156805399984
7.103432839999975
5.649094541898696
6.99576318820254
7.354485514799997
10.732360357999994
10.642710705999992
10.961151275999995
8.951152241493592
6.528264408899985
6.499308047499993
8.696496591135979
5.61838962709999
9.357232238797433
8.737903526303828
8.911766360506387
8.848966493202555
6.304141557299981
5.234570948799978
6.425630538899979
9.504135240141421
9.508862812858544
9.693057147141424
9.413535729999992
6.121520327799997
5.104582403599993
7.9373470519999945
7.743545729099993
6.993271389797409
9.832736305135988
9.267072738594871
3.7207253921999808
4.252383430499974
4.34169474789998
4.584611743199973
5.268380181899978
5.481709498599975
5.033197445699979
4.296073945599987
3.6927080932999807
7.055517314101249
10.082742298929261
10.297151496929262
9.789225871203978
7.6866362823038346
7.14878051299997
7.78040693359487
4.1726800247
4.060114257799999
3.8438652724999907
5.278847404499996
5.225241130099977
5.3112685409999685
8.420524841303815
9.932763011135988
9.101425196797429
2.5030465911999817
4.788559138499977
1.6887866317999736
3.4821319076999657
3.6243196837999845
2.7672275420999832
3.660100982699981
4.291785893199991
5.919825549299982
4.715913682599981
6.704386001594856
6.973779579202536
8.00998689420254
9.100737252863976
8.966112747135975
8.760692665067971
7.38002576599999
6.793855863999984
4.187017588799976
3.382647688299977
3.5456703505999836
5.358580139199977
7.479026187101256
7.138604458594857
7.311707911696143
7.949811262493583
10.479546372999986
10.23507516179599
9.928957969787826
9.515701670863987
7.958109240696149
5.69808799289999
7.5281873154051
4.212783596799987
6.312149806199985
3.9477016768999724
4.814069815099975
4.265676655599971
4.726505975303809
7.116313371303816
6.387606809999972
5.899715115405091
3.252178073099969
7.193767564405098
7.127175399797418
7.530341908303817
6.190849343899981
5.770390368699988
4.999251872299983
3.8443501250999783
8.583275129696139
4.768922720299977
4.215295242299972
2.3297676742999704
3.867957386799968
3.492555821202525
2.8719981536999732
1.979564738499984
5.2327247421012535
7.4129534454050985
10.161728500282862
7.696678901696146
6.922256133999978
8.758841097999989
7.332900323499997
4.836947972099995
3.6500480972000027
6.1251051834051
8.253078523303817
6.5434555160999865
7.458811552405105
5.980830100999982
7.275859800696145
5.310195719899974
5.515675234999964
9.088229783594867
8.721470043931978
4.687840124499977
5.725055059797419
7.986049854999978
8.861496438727979
8.194744300797424
6.959940206898697
6.772196299696139
6.558829914898703
6.736564347799983
6.431729228199993
3.4005095626999875
3.5889517578000087
5.6926026030999894
6.629347523499986
8.342518350202546
7.97729410099999
6.483512527506375
6.0686436584050885
5.885894110101249
3.382077758799975
8.992289948999991
6.276285377500009
8.521654829405112
8.643409017898712
7.698133541898708
6.6830089507999855
6.280496664399988
10.144564872795987
9.083911224271983
9.190845851067985
8.653759667999985
10.016473492282866
10.790482833999983
9.579979571659981
9.451160403271993
10.078639914999995
8.397274671898709
8.567283254999992
8.758608343493593
6.258141572599982
4.544146234099977
6.220852526898697
9.218998609931988
6.786850071699985
10.032108081067987
9.352649604863988
9.894559266787823
10.984433196999976
12.091492853999993
11.818059539999993
13.005434484999984
8.939377802999983
9.11738503106798
7.663196531696132
8.171681939696137
6.926643629506383
4.342303361499975
5.4738845702999726
8.878642852797427
5.451619581599984
4.453134963999981
6.2288470077999865
8.8639577118
5.662868685899982
4.9446956725999955
6.745689511101266
5.826289887999991
7.522864456199996
10.094307058999995
11.018469362999983
11.859776909999997
9.232224922202548
11.283302636999991
9.766326324339985
7.422447578405109
7.311630749493575
6.18276792449998
9.143796459999983
8.028325401299996
7.0412052124051
8.99239105830383
9.471163494898713
6.401847035199988
8.663456898506386
5.23932246859998
10.645911326999988
8.999939007594886
8.265790383898713
11.777817071999989
12.235118490999982
12.308690551999996
10.430944124999984
12.67755411799999
8.980102642797425
7.76698830110126
7.355081185898706
10.72747103699999
6.6582731887999955
8.739834277303833
9.351530430594874
6.9889058227999845
11.16337773299999
8.615667896999987
10.228522223999999
5.45956698299998
5.4773218291999815
9.021187449594878
8.074154875202543
10.334080767999987
11.05908382399999
11.872900663999989
11.968271462999994
11.595533310999986
13.72092392999999
12.403345044999993
11.34006714299999
9.036573150594867
8.36056852259486
10.068792047070701
10.906547048999986
12.509310167999988
13.086654577999987
12.611608677999993
13.099905637
11.458952518999997
12.649881295999991
10.305835002070706
11.936880021999986
11.443260206999987
13.970223340000002
12.665943998999992
