293.5803089799655
293.360607626852
292.5633121275
290.2668646443175
289.47525781253455
285.00268551181745
287.619465265648
290.7422537418175
287.14850404974914
291.246038963468
291.95554975528546
292.917566931852
293.7237266775
294.60265143596797
294.4486720990666
292.6284544247145
290.6199728202509
287.68849281181747
286.58744518181743
288.3379310877509
285.89852721471453
290.6281289752509
291.34765151971453
293.6992940381826
294.75673521068256
294.1688727652509
293.65828551721455
292.550307594032
292.0902035099655
287.0951625725346
285.58847097224907
289.04513250096795
287.36518931906653
290.6769000350346
293.76739575564807
293.55039200314803
294.24194747593344
293.8930119897146
293.3028753484334
292.275283826532
289.37444395096804
289.4836710881826
289.86746903278544
289.7754579900345
290.62387115278545
291.852465693148
293.10833354500005
293.71698051318253
295.20631418971453
293.87080613750004
293.778958104352
292.611538926852
291.079457714352
285.5547463500345
287.693566539352
287.07147269064797
287.19748826156655
289.7899930806826
291.887000365
293.7348870406825
293.6502685568175
293.5803466875
293.77999363
290.031858801532
290.79705295564804
287.5283149272491
287.79912152003453
284.73057659499995
289.30732550003455
293.28551044025085
293.3337254093175
293.803550573148
293.33977966000003
294.0129149924655
294.09037755496547
292.18947196221455
290.8551295615666
287.624688713148
286.62819984749996
286.45566642814805
289.5783983399654
292.3643006872491
291.75313615999994
293.040400924032
293.8739643118174
293.9803976897491
293.53777816253455
292.39980196003455
291.34234703721455
289.47174054153203
286.59489151406655
290.3199303231826
288.189410638468
288.734594188148
292.0817958672145
293.678910205
294.05262854503457
292.0398684749655
292.44799760093343
292.124869755968
287.1883514943175
286.0302064622491
289.5365063397491
285.53953661749995
285.56900834028545
290.872509409352
293.656138613148
294.04116812181746
294.4186006900346
292.5935882452509
294.22497988500004
291.8973503556826
287.6641205225
286.22134379721456
283.080230894032
287.11884874746545
287.6127914109334
288.9385125197146
290.15521068814803
293.76240871971453
293.808855213468
293.60182310153203
292.1208141327509
291.3999323277509
287.5797699127854
290.04312579721454
286.0483513777854
287.2832774777509
286.292267458148
289.1634820690666
290.5980292925001
293.38097664974913
293.62282107
293.63854438435203
293.61046378346805
292.5162152325346
289.327445240968
286.6179271031826
283.713160933148
287.9501026797491
286.056209175
291.50447630906655
293.005791688148
293.44951648843346
294.625465525968
293.9038579275
293.8628935875
292.413561581852
291.3984143009335
288.11639604528546
286.64894838314797
286.92966452996546
290.41565634818255
290.29274898971454
292.6533210375345
294.38858306525094
293.680555565648
293.80372523025096
293.363213035
292.33181770500005
291.19122318525086
290.526338700648
283.30295634003454
285.7883851677509
288.17763008971457
291.37989073000006
291.05072107750004
293.988645151852
293.3572011972491
291.9105721218175
293.7644606859335
291.64265059278546
289.0500225747491
287.28739813749996
285.1655021322491
285.2374019643174
285.8082372875
290.57799518685204
291.9907162974655
293.77793346068256
293.2137599397146
293.58029916528545
291.4770133022146
291.4486758252509
291.20058480003456
287.58170175474913
285.09898167156655
286.74235124314794
288.59308739685207
292.330903946532
291.40776924681745
294.22902926818256
294.1669248749655
293.3024275775
293.4439196175
289.2577141025
287.4929819927854
287.7773307974654
288.04901455500004
286.369626566852
287.11721629156654
290.32920995003457
292.11560035778547
293.86786008906654
294.02256094003457
293.238215135
293.0478951822146
291.683013393468
290.64019101496547
285.1730659699654
284.69629262818256
288.5497250202509
287.79669538068254
290.742440348148
291.54445751593346
293.165245875968
294.0584078259335
293.25412550818254
292.5507904943174
291.04483717996544
288.874763391852
289.34822913471453
289.73114605503457
287.34289837778545
291.411645905968
292.19297869971456
292.9902971275
294.52040985996547
295.08130149681745
293.8849988874655
293.24746682435205
292.31516844749996
287.5679652468175
287.2545782925
288.5595011002855
288.86699563253455
287.9212543725
291.04213524096804
292.802774395
292.0112539322491
293.1381341406826
293.625832474352
293.4934779377854
290.021690019032
289.4310410852855
287.9933130365666
285.572593785648
283.8164641806825
290.20565510496544
288.743479235648
290.22928612
293.28688934685204
293.87258442
293.585319945968
293.20725232778545
292.23983448
288.97786021778546
289.27958617996546
283.0050036475345
288.83759162999996
286.681999984352
291.764237825
292.2197256502509
292.9831277656826
293.7189868815666
294.2282090072491
293.236567418468
292.008183216532
289.3434337575
286.38844083750007
288.343855731532
289.4186480675
289.722276143148
291.94557669778544
293.41150790818256
293.1065139297491
293.08709948818256
293.86585496246545
294.3068165106826
292.2663538552855
291.72144139814804
287.4258823509335
286.7249741140666
289.02351753528546
288.21113783343344
291.929800626852
291.5394158047145
294.1835901690665
294.5262582106825
293.31546412653205
293.621850539032
291.11260729721454
289.78010782096806
291.02085985314807
285.14536309221455
283.8514013097145
287.52881748156653
290.9906883247491
291.280529205
293.56482912156656
294.448622931532
292.7334183925
293.9163629752509
292.706975880968
285.856157040968
288.7144080331825
287.7462113174654
287.554199795
288.71526020314803
292.185093791852
292.06646942753457
294.16956097068254
293.93985301314797
293.52295377431744
293.055877676852
290.84017772343344
290.27454534000003
290.33908525935203
284.9448400709334
287.1844838784334
284.73009510431746
290.865235398148
293.75583336750003
294.5516322199654
294.59185093750006
294.37825535278546
295.00541037028546
292.12660050221456
285.43031414275094
290.25521135935196
288.92589749
287.0477393700346
286.69447267343344
293.23455814153203
291.94477875724914
295.1978650581826
295.3608519840665
294.7196050152509
294.088712806852
292.44713685246546
287.07063558289707
288.1429331549654
284.29650657185203
283.98855203753453
289.0436525925346
291.6842388800345
291.90113733
293.93905573318256
294.8457453697491
293.8069178399654
293.670362413148
291.45362761906654
288.113531914352
285.7058466474655
289.829397793468
287.85908060746544
285.92554181406655
291.76618508971455
292.55164250971455
293.07058395935206
292.85999988000003
293.98224358343344
293.83172605568257
291.9909024372146
290.9903089477855
285.79534718974907
286.6877323575345
287.62372147028543
287.02375494724913
291.42562270250005
294.93181407278547
294.3764810150345
294.6284528140666
295.1473648922491
294.4501875893174
290.377599170968
286.7616169568175
288.167533983468
284.724972375968
284.3594502377855
288.1782260225
289.1485019725
288.591274134032
293.108594668148
294.677333218148
293.6722291731826
292.64282808568254
292.7460216327509
287.96167509003453
288.28234869778544
287.8235514225
285.6796299352509
287.17360709253455
290.65899575721454
292.69417618096804
293.0901148077855
293.71109753318257
294.4648670197145
293.18618680568255
292.91544388003456
290.89138043685205
289.1850300906826
286.35846182028547
287.5657963625
288.47631214224907
292.1950122622491
293.50196793503454
294.6708784075
293.751703350968
294.189412335
292.72591553
291.0968519231825
290.3459323577855
289.547000370648
287.08626937471456
283.636564130968
288.292193295
291.780306168468
291.732428826852
294.39494088931747
293.94944520068253
293.79910247246545
293.448694496532
292.53857588843346
291.4207626375
289.55595890025086
287.22755370343344
287.269477185968
291.2249226075
292.720462984749
292.86692566028546
293.23117854471457
294.04289267564803
294.4269184377855
294.0341221575
293.5550587025
291.48078115435203
289.7875487759335
288.4847123052855
290.6269337625
290.68785478431744
291.566964963468
292.8851841618175
294.27517835003454
294.85050267525094
295.300749868468
293.252363724352
292.16627416250003
287.9437130109335
284.83136340246546
287.22252628343347
287.3332810052509
285.940360269032
290.09158099181747
290.83314408278545
293.853401565648
293.7206101618175
294.1927360368175
293.773928433148
291.2350350502509
291.00726595343343
288.9946735075
287.48461019181747
288.53550954721453
288.3462671847491
291.157408945968
292.6850264149655
294.6621707772491
294.11649490814807
293.61534872528546
293.2185065093174
293.039445214352
290.4135360881826
285.04263957525086
285.5681723747145
284.465587886852
289.31090509846797
292.684871899032
293.6071718499654
293.75820467181745
294.1866827881825
293.57017602564804
293.51883164906656
292.16893870471455
290.15337171343344
289.4286109622145
287.289408994032
284.47235050278545
286.92977712749996
290.81906149931746
293.1600529502855
293.75930237
